# ./result/hh_cnexp_0720.txt
# dt = 720 [usec]
# t [usec], V [mV]
0, -65.000000
720, -64.985324
1440, -64.973169
2160, -64.963648
2880, -64.956818
3600, -64.952557
4320, -64.950598
5040, -64.950580
5760, -64.952090
6480, -64.954702
7200, -64.958007
7920, -64.961636
8640, -64.965279
9360, -64.968691
10080, -64.971694
10800, -64.974177
11520, -64.976088
12240, -64.977423
12960, -64.978218
13680, -64.978536
14400, -64.978461
15120, -64.978081
15840, -64.977488
16560, -64.976768
17280, -64.975995
18000, -64.975233
18720, -64.974530
19440, -64.973921
20160, -64.973424
20880, -64.973050
21600, -64.972797
22320, -64.972655
23040, -64.972611
23760, -64.972646
24480, -64.972741
25200, -64.972877
25920, -64.973036
26640, -64.973203
27360, -64.973365
28080, -64.973512
28800, -64.973638
29520, -64.973739
30240, -64.973813
30960, -64.973863
31680, -64.973889
32400, -64.973895
33120, -64.973885
33840, -64.973863
34560, -64.973833
35280, -64.973800
36000, -64.973765
36720, -64.973732
37440, -64.973702
38160, -64.973677
38880, -64.973657
39600, -64.973642
40320, -64.973634
41040, -64.973629
41760, -64.973629
42480, -64.973632
43200, -64.973638
43920, -64.973644
44640, -64.973652
45360, -64.973659
46080, -64.973667
46800, -64.973673
47520, -64.973678
48240, -64.973682
48960, -64.973685
49680, -64.973687
50400, -49.582340
51120, -21.547450
51840, 32.526577
52560, 8.137634
53280, -26.769409
54000, -49.165881
54720, -67.744173
55440, -71.997954
56160, -71.186495
56880, -69.421959
57600, -67.263285
58320, -64.896937
59040, -62.472586
59760, -60.094558
60480, -57.772151
61200, -55.366124
61920, -52.514847
62640, -48.260652
63360, -39.441295
64080, -16.842663
64800, 3.004903
65520, -21.432638
66240, -45.010814
66960, -63.749180
67680, -70.863578
68400, -70.516803
69120, -68.780389
69840, -66.589394
70560, -64.210250
71280, -61.809358
72000, -59.482522
72720, -57.215458
73440, -54.860361
74160, -52.052725
74880, -47.855728
75600, -39.257737
76320, -18.002098
77040, 0.652975
77760, -22.346003
78480, -45.419578
79200, -63.894507
79920, -70.733888
80640, -70.347891
81360, -68.588900
82080, -66.382458
82800, -63.999166
83520, -61.605649
84240, -59.289883
84960, -57.032155
85680, -54.676972
86400, -51.834868
87120, -47.526298
87840, -38.570284
88560, -16.707190
89280, 0.084064
90000, -23.837284
90720, -46.431181
91440, -64.640314
92160, -70.767595
92880, -70.257014
93600, -68.463195
94320, -66.241570
95040, -63.854112
95760, -61.463647
96480, -59.153822
97200, -56.898367
97920, -54.528460
98640, -51.638561
99360, -47.182209
100080, -37.759851
100800, -15.054079
101520, -0.430632
102240, -25.406481
102960, -47.544085
103680, -65.437411
104400, -70.813523
105120, -70.172215
105840, -68.342329
106560, -66.105657
107280, -63.714315
108000, -61.326810
108720, -59.022338
109440, -56.768069
110160, -54.379787
110880, -51.437587
111600, -46.821859
112320, -36.881260
113040, -13.336591
113760, -1.110572
114480, -26.955576
115200, -48.669614
115920, -66.192622
116640, -70.852095
117360, -70.086590
118080, -68.221688
118800, -65.970530
119520, -63.575701
120240, -61.191461
120960, -58.892360
121680, -56.635225
122400, -54.227534
123120, -51.230729
123840, -46.449137
124560, -35.954538
125280, -11.641111
126000, -1.962096
126720, -28.454506
127440, -49.787007
128160, -66.881873
128880, -70.879564
129600, -69.998995
130320, -68.100708
131040, -65.835772
131760, -63.437676
132480, -61.057235
133200, -58.763722
133920, -56.502771
134640, -54.075224
135360, -51.023009
136080, -46.074034
136800, -35.034391
137520, -10.101021
138240, -2.934714
138960, -29.830653
139680, -50.835789
140400, -67.468887
141120, -70.894360
141840, -69.913298
142560, -67.984918
143280, -65.707615
144000, -63.306943
144720, -60.930459
145440, -58.641033
146160, -56.376616
146880, -53.930230
147600, -50.818580
148320, -45.679208
149040, -34.023538
149760, -8.518140
150480, -4.058838
151200, -31.214565
151920, -51.920710
152640, -68.016544
153360, -70.901422
154080, -69.823790
154800, -67.865763
155520, -65.576286
156240, -63.173547
156960, -60.801465
157680, -58.515072
158400, -56.247106
159120, -53.781204
159840, -50.600287
160560, -45.250459
161280, -32.927254
162000, -6.973717
162720, -5.355174
163440, -32.603624
164160, -53.037056
164880, -68.513116
165600, -70.897111
166320, -69.728227
167040, -67.741220
167760, -65.439881
168480, -63.035548
169200, -60.668397
169920, -58.385194
170640, -56.113459
171360, -53.627203
172080, -50.374054
172800, -44.805834
173520, -31.791008
174240, -5.561531
174960, -6.756968
175680, -33.935896
176400, -54.131933
177120, -68.934900
177840, -70.881469
178560, -69.630686
179280, -67.616716
180000, -65.304402
180720, -62.899058
181440, -60.536150
182160, -58.256628
182880, -55.981519
183600, -53.474201
184320, -50.149129
185040, -44.364867
185760, -30.661479
186480, -4.336957
187200, -8.182108
187920, -35.175483
188640, -55.170884
189360, -69.279772
190080, -70.856222
190800, -69.534179
191520, -67.495882
192240, -65.173746
192960, -62.767963
193680, -60.409075
194400, -58.133338
195120, -55.855125
195840, -53.320049
196560, -49.920533
197280, -43.905018
198000, -29.495227
198720, -3.250793
199440, -9.665808
200160, -36.378869
200880, -56.194986
201600, -69.570559
202320, -70.821768
203040, -69.435089
203760, -67.373938
204480, -65.042681
205200, -62.636984
205920, -60.282399
206640, -58.010574
207360, -55.729339
208080, -53.166436
208800, -49.692559
209520, -43.427167
210240, -28.264114
210960, -2.259082
211680, -11.203461
212400, -37.567343
213120, -57.220930
213840, -69.819482
214560, -70.780067
215280, -69.333740
216000, -67.250881
216720, -64.911119
217440, -62.505581
218160, -60.155789
218880, -57.888098
219600, -55.598757
220320, -53.006262
221040, -49.454214
221760, -42.927780
222480, -27.009912
223200, -1.447477
223920, -12.768929
224640, -38.720624
225360, -58.221930
226080, -70.023580
226800, -70.730160
227520, -69.229747
228240, -67.126506
228960, -64.778924
229680, -62.373836
230400, -60.029274
231120, -57.765967
231840, -55.468018
232560, -52.845700
233280, -49.198346
234000, -42.385889
234720, -25.640061
235440, -0.731315
236160, -14.407860
236880, -39.895846
237600, -59.246402
238320, -70.200846
239040, -70.673085
239760, -69.121073
240480, -66.997920
241200, -64.642918
241920, -62.238722
242640, -59.899757
243360, -57.638253
244080, -55.331218
244800, -52.677432
245520, -48.928456
246240, -41.805157
246960, -24.206404
247680, -0.185681
248400, -16.088769
249120, -41.071130
249840, -60.265801
250560, -73.619765
251280, -75.430962
252000, -75.411216
252720, -75.003039
253440, -74.435637
254160, -73.762875
254880, -73.012280
255600, -72.209382
256320, -71.380184
257040, -70.549665
257760, -69.739516
258480, -68.966923
259200, -68.244411
259920, -67.578974
260640, -66.975325
261360, -66.437020
262080, -65.962127
262800, -65.553664
263520, -65.207857
264240, -64.926806
264960, -64.709656
265680, -64.551944
266400, -64.451748
267120, -64.404954
267840, -64.405095
268560, -64.443695
269280, -64.510932
270000, -64.596520
270720, -64.690619
271440, -64.784627
272160, -64.871718
272880, -64.947092
273600, -65.007934
274320, -65.053029
275040, -65.082020
275760, -65.096762
276480, -65.099695
277200, -65.093478
277920, -65.080737
278640, -65.063890
279360, -65.045046
280080, -65.025937
280800, -65.007903
281520, -64.991897
282240, -64.978350
282960, -64.967463
283680, -64.959371
284400, -64.954004
285120, -64.951131
285840, -64.950404
286560, -64.951411
287280, -64.953710
288000, -64.956869
288720, -64.960491
289440, -64.964233
290160, -64.967818
290880, -64.971040
291600, -64.973761
292320, -64.975905
293040, -64.977454
293760, -64.978432
294480, -64.978896
295200, -64.978925
295920, -64.978610
296640, -64.978045
297360, -64.977321
298080, -64.976519
298800, -64.975709
299520, -64.974945
300240, -64.974268
