# ./result/hh_euler_0580.txt
# dt = 580 [usec]
# t [usec], V [mV]
0, -65.000000
580, -64.987372
1160, -64.972931
1740, -64.965387
2320, -64.955072
2900, -64.953218
3480, -64.946615
4060, -64.950009
4640, -64.945777
5220, -64.953468
5800, -64.949809
6380, -64.960828
6960, -64.955853
7540, -64.969591
8120, -64.961523
8700, -64.977965
9280, -64.965180
9860, -64.985013
10440, -64.965928
11020, -64.990569
11600, -64.963439
12180, -64.995033
12760, -64.957664
13340, -64.999109
13920, -64.948532
14500, -65.003549
15080, -64.935457
15660, -65.008950
16240, -64.917246
16820, -65.015467
17400, -64.891647
17980, -65.022462
18560, -64.854820
19140, -65.027967
19720, -64.800718
20300, -65.027910
20880, -64.720574
21460, -65.015285
22040, -64.603408
22620, -64.980136
23200, -64.438339
23780, -64.911812
24360, -64.222651
24940, -64.805753
25520, -63.978481
26100, -64.675766
26680, -63.762121
27260, -64.558366
27840, -63.658067
28420, -64.521091
29000, -63.683664
29580, -64.580211
30160, -63.774500
30740, -64.685866
31320, -63.835609
31900, -64.763288
32480, -63.802125
33060, -64.762894
33640, -63.682628
34220, -64.692605
34800, -63.559749
35380, -64.616067
35960, -63.518596
36540, -64.599009
37120, -63.566367
37700, -64.648189
38280, -63.638170
38860, -64.714158
39440, -63.662035
40020, -64.741828
40600, -63.615204
41180, -64.714357
41760, -63.539059
42340, -64.663421
42920, -63.498243
43500, -64.638065
44080, -63.517261
44660, -64.657285
45240, -63.564415
45820, -64.697271
46400, -63.590051
46980, -64.720328
47560, -63.571279
48140, -64.709273
48720, -63.528027
49300, -64.679289
49880, -63.500263
50460, -51.735119
51040, -9.858087
51620, 46.362478
52200, 256.333850
52780, 49.856540
53360, 50.006231
53940, 49.999817
54520, 50.000006
55100, 50.000000
55680, 50.000000
56260, 50.000000
56840, 50.000000
57420, 50.000000
58000, 50.000000
58580, 50.000000
59160, 50.000000
59740, 50.000000
60320, 50.000000
60900, 50.000000
61480, 50.000000
62060, 50.000000
62640, 50.000000
63220, 50.000000
63800, 50.000000
64380, 50.000000
64960, 50.000000
65540, 50.000000
66120, 50.000000
66700, 50.000000
67280, 50.000000
67860, 50.000000
68440, 50.000000
69020, 50.000000
69600, 50.000000
70180, 50.000000
70760, 50.000000
71340, 50.000000
71920, 50.000000
72500, 50.000000
73080, 50.000000
73660, 50.000000
74240, 50.000000
74820, 50.000000
75400, 50.000000
75980, 50.000000
76560, 50.000000
77140, 50.000000
77720, 50.000000
78300, 50.000000
78880, 50.000000
79460, 50.000000
80040, 50.000000
80620, 50.000000
81200, 50.000000
81780, 50.000000
82360, 50.000000
82940, 50.000000
83520, 50.000000
84100, 50.000000
84680, 50.000000
85260, 50.000000
85840, 50.000000
86420, 50.000000
87000, 50.000000
87580, 50.000000
88160, 50.000000
88740, 50.000000
89320, 50.000000
89900, 50.000000
90480, 50.000000
91060, 50.000000
91640, 50.000000
92220, 50.000000
92800, 50.000000
93380, 50.000000
93960, 50.000000
94540, 50.000000
95120, 50.000000
95700, 50.000000
96280, 50.000000
96860, 50.000000
97440, 50.000000
98020, 50.000000
98600, 50.000000
99180, 50.000000
99760, 50.000000
100340, 50.000000
100920, 50.000000
101500, 50.000000
102080, 50.000000
102660, 50.000000
103240, 50.000000
103820, 50.000000
104400, 50.000000
104980, 50.000000
105560, 50.000000
106140, 50.000000
106720, 50.000000
107300, 50.000000
107880, 50.000000
108460, 50.000000
109040, 50.000000
109620, 50.000000
110200, 50.000000
110780, 50.000000
111360, 50.000000
111940, 50.000000
112520, 50.000000
113100, 50.000000
113680, 50.000000
114260, 50.000000
114840, 50.000000
115420, 50.000000
116000, 50.000000
116580, 50.000000
117160, 50.000000
117740, 50.000000
118320, 50.000000
118900, 50.000000
119480, 50.000000
120060, 50.000000
120640, 50.000000
121220, 50.000000
121800, 50.000000
122380, 50.000000
122960, 50.000000
123540, 50.000000
124120, 50.000000
124700, 50.000000
125280, 50.000000
125860, 50.000000
126440, 50.000000
127020, 50.000000
127600, 50.000000
128180, 50.000000
128760, 50.000000
129340, 50.000000
129920, 50.000000
130500, 50.000000
131080, 50.000000
131660, 50.000000
132240, 50.000000
132820, 50.000000
133400, 50.000000
133980, 50.000000
134560, 50.000000
135140, 50.000000
135720, 50.000000
136300, 50.000000
136880, 50.000000
137460, 50.000000
138040, 50.000000
138620, 50.000000
139200, 50.000000
139780, 50.000000
140360, 50.000000
140940, 50.000000
141520, 50.000000
142100, 50.000000
142680, 50.000000
143260, 50.000000
143840, 50.000000
144420, 50.000000
145000, 50.000000
145580, 50.000000
146160, 50.000000
146740, 50.000000
147320, nan
147900, nan
148480, nan
149060, nan
149640, nan
150220, nan
150800, nan
151380, nan
151960, nan
152540, nan
153120, nan
153700, nan
154280, nan
154860, nan
155440, nan
156020, nan
156600, nan
157180, nan
157760, nan
158340, nan
158920, nan
159500, nan
160080, nan
160660, nan
161240, nan
161820, nan
162400, nan
162980, nan
163560, nan
164140, nan
164720, nan
165300, nan
165880, nan
166460, nan
167040, nan
167620, nan
168200, nan
168780, nan
169360, nan
169940, nan
170520, nan
171100, nan
171680, nan
172260, nan
172840, nan
173420, nan
174000, nan
174580, nan
175160, nan
175740, nan
176320, nan
176900, nan
177480, nan
178060, nan
178640, nan
179220, nan
179800, nan
180380, nan
180960, nan
181540, nan
182120, nan
182700, nan
183280, nan
183860, nan
184440, nan
185020, nan
185600, nan
186180, nan
186760, nan
187340, nan
187920, nan
188500, nan
189080, nan
189660, nan
190240, nan
190820, nan
191400, nan
191980, nan
192560, nan
193140, nan
193720, nan
194300, nan
194880, nan
195460, nan
196040, nan
196620, nan
197200, nan
197780, nan
198360, nan
198940, nan
199520, nan
200100, nan
200680, nan
201260, nan
201840, nan
202420, nan
203000, nan
203580, nan
204160, nan
204740, nan
205320, nan
205900, nan
206480, nan
207060, nan
207640, nan
208220, nan
208800, nan
209380, nan
209960, nan
210540, nan
211120, nan
211700, nan
212280, nan
212860, nan
213440, nan
214020, nan
214600, nan
215180, nan
215760, nan
216340, nan
216920, nan
217500, nan
218080, nan
218660, nan
219240, nan
219820, nan
220400, nan
220980, nan
221560, nan
222140, nan
222720, nan
223300, nan
223880, nan
224460, nan
225040, nan
225620, nan
226200, nan
226780, nan
227360, nan
227940, nan
228520, nan
229100, nan
229680, nan
230260, nan
230840, nan
231420, nan
232000, nan
232580, nan
233160, nan
233740, nan
234320, nan
234900, nan
235480, nan
236060, nan
236640, nan
237220, nan
237800, nan
238380, nan
238960, nan
239540, nan
240120, nan
240700, nan
241280, nan
241860, nan
242440, nan
243020, nan
243600, nan
244180, nan
244760, nan
245340, nan
245920, nan
246500, nan
247080, nan
247660, nan
248240, nan
248820, nan
249400, nan
249980, nan
250560, nan
251140, nan
251720, nan
252300, nan
252880, nan
253460, nan
254040, nan
254620, nan
255200, nan
255780, nan
256360, nan
256940, nan
257520, nan
258100, nan
258680, nan
259260, nan
259840, nan
260420, nan
261000, nan
261580, nan
262160, nan
262740, nan
263320, nan
263900, nan
264480, nan
265060, nan
265640, nan
266220, nan
266800, nan
267380, nan
267960, nan
268540, nan
269120, nan
269700, nan
270280, nan
270860, nan
271440, nan
272020, nan
272600, nan
273180, nan
273760, nan
274340, nan
274920, nan
275500, nan
276080, nan
276660, nan
277240, nan
277820, nan
278400, nan
278980, nan
279560, nan
280140, nan
280720, nan
281300, nan
281880, nan
282460, nan
283040, nan
283620, nan
284200, nan
284780, nan
285360, nan
285940, nan
286520, nan
287100, nan
287680, nan
288260, nan
288840, nan
289420, nan
290000, nan
290580, nan
291160, nan
291740, nan
292320, nan
292900, nan
293480, nan
294060, nan
294640, nan
295220, nan
295800, nan
296380, nan
296960, nan
297540, nan
298120, nan
298700, nan
299280, nan
299860, nan
300440, nan
