# ./result/hh_runge_0060.txt
# dt = 60 [usec]
# t [usec], V [mV]
0, -65.000000
60, -64.998252
120, -64.996562
180, -64.994923
240, -64.993327
300, -64.991769
360, -64.990246
420, -64.988756
480, -64.987295
540, -64.985864
600, -64.984460
660, -64.983084
720, -64.981734
780, -64.980411
840, -64.979114
900, -64.977844
960, -64.976600
1020, -64.975383
1080, -64.974192
1140, -64.973027
1200, -64.971889
1260, -64.970778
1320, -64.969693
1380, -64.968635
1440, -64.967604
1500, -64.966600
1560, -64.965623
1620, -64.964672
1680, -64.963749
1740, -64.962853
1800, -64.961983
1860, -64.961141
1920, -64.960325
1980, -64.959536
2040, -64.958773
2100, -64.958037
2160, -64.957327
2220, -64.956644
2280, -64.955987
2340, -64.955355
2400, -64.954750
2460, -64.954170
2520, -64.953616
2580, -64.953086
2640, -64.952582
2700, -64.952102
2760, -64.951647
2820, -64.951216
2880, -64.950810
2940, -64.950426
3000, -64.950067
3060, -64.949730
3120, -64.949417
3180, -64.949125
3240, -64.948857
3300, -64.948610
3360, -64.948384
3420, -64.948180
3480, -64.947997
3540, -64.947834
3600, -64.947692
3660, -64.947569
3720, -64.947466
3780, -64.947382
3840, -64.947317
3900, -64.947270
3960, -64.947241
4020, -64.947230
4080, -64.947236
4140, -64.947259
4200, -64.947298
4260, -64.947354
4320, -64.947425
4380, -64.947511
4440, -64.947613
4500, -64.947728
4560, -64.947858
4620, -64.948002
4680, -64.948159
4740, -64.948328
4800, -64.948511
4860, -64.948705
4920, -64.948911
4980, -64.949128
5040, -64.949357
5100, -64.949596
5160, -64.949845
5220, -64.950103
5280, -64.950372
5340, -64.950649
5400, -64.950934
5460, -64.951228
5520, -64.951530
5580, -64.951839
5640, -64.952156
5700, -64.952479
5760, -64.952809
5820, -64.953144
5880, -64.953486
5940, -64.953832
6000, -64.954184
6060, -64.954540
6120, -64.954901
6180, -64.955265
6240, -64.955634
6300, -64.956005
6360, -64.956380
6420, -64.956757
6480, -64.957137
6540, -64.957519
6600, -64.957903
6660, -64.958288
6720, -64.958674
6780, -64.959062
6840, -64.959450
6900, -64.959839
6960, -64.960227
7020, -64.960616
7080, -64.961004
7140, -64.961392
7200, -64.961779
7260, -64.962165
7320, -64.962549
7380, -64.962933
7440, -64.963314
7500, -64.963693
7560, -64.964071
7620, -64.964446
7680, -64.964818
7740, -64.965188
7800, -64.965555
7860, -64.965919
7920, -64.966279
7980, -64.966636
8040, -64.966990
8100, -64.967340
8160, -64.967686
8220, -64.968028
8280, -64.968367
8340, -64.968700
8400, -64.969030
8460, -64.969355
8520, -64.969676
8580, -64.969991
8640, -64.970302
8700, -64.970609
8760, -64.970910
8820, -64.971206
8880, -64.971497
8940, -64.971783
9000, -64.972064
9060, -64.972339
9120, -64.972609
9180, -64.972873
9240, -64.973132
9300, -64.973386
9360, -64.973633
9420, -64.973876
9480, -64.974112
9540, -64.974343
9600, -64.974569
9660, -64.974788
9720, -64.975002
9780, -64.975210
9840, -64.975413
9900, -64.975609
9960, -64.975800
10020, -64.975985
10080, -64.976165
10140, -64.976339
10200, -64.976507
10260, -64.976669
10320, -64.976826
10380, -64.976977
10440, -64.977123
10500, -64.977263
10560, -64.977398
10620, -64.977527
10680, -64.977650
10740, -64.977769
10800, -64.977882
10860, -64.977989
10920, -64.978091
10980, -64.978189
11040, -64.978281
11100, -64.978367
11160, -64.978449
11220, -64.978526
11280, -64.978598
11340, -64.978665
11400, -64.978728
11460, -64.978785
11520, -64.978838
11580, -64.978887
11640, -64.978931
11700, -64.978970
11760, -64.979005
11820, -64.979036
11880, -64.979063
11940, -64.979085
12000, -64.979104
12060, -64.979119
12120, -64.979129
12180, -64.979136
12240, -64.979139
12300, -64.979139
12360, -64.979135
12420, -64.979127
12480, -64.979116
12540, -64.979102
12600, -64.979085
12660, -64.979064
12720, -64.979041
12780, -64.979014
12840, -64.978984
12900, -64.978952
12960, -64.978917
13020, -64.978880
13080, -64.978839
13140, -64.978797
13200, -64.978752
13260, -64.978705
13320, -64.978655
13380, -64.978603
13440, -64.978550
13500, -64.978494
13560, -64.978436
13620, -64.978377
13680, -64.978316
13740, -64.978253
13800, -64.978189
13860, -64.978123
13920, -64.978056
13980, -64.977987
14040, -64.977917
14100, -64.977846
14160, -64.977774
14220, -64.977701
14280, -64.977627
14340, -64.977552
14400, -64.977476
14460, -64.977399
14520, -64.977321
14580, -64.977243
14640, -64.977165
14700, -64.977086
14760, -64.977006
14820, -64.976926
14880, -64.976846
14940, -64.976765
15000, -64.976684
15060, -64.976603
15120, -64.976522
15180, -64.976441
15240, -64.976360
15300, -64.976279
15360, -64.976198
15420, -64.976118
15480, -64.976037
15540, -64.975957
15600, -64.975877
15660, -64.975797
15720, -64.975718
15780, -64.975639
15840, -64.975561
15900, -64.975483
15960, -64.975406
16020, -64.975330
16080, -64.975254
16140, -64.975179
16200, -64.975104
16260, -64.975030
16320, -64.974957
16380, -64.974885
16440, -64.974813
16500, -64.974743
16560, -64.974673
16620, -64.974604
16680, -64.974536
16740, -64.974469
16800, -64.974403
16860, -64.974338
16920, -64.974274
16980, -64.974211
17040, -64.974150
17100, -64.974089
17160, -64.974029
17220, -64.973970
17280, -64.973913
17340, -64.973856
17400, -64.973801
17460, -64.973747
17520, -64.973694
17580, -64.973642
17640, -64.973592
17700, -64.973542
17760, -64.973494
17820, -64.973447
17880, -64.973401
17940, -64.973356
18000, -64.973313
18060, -64.973270
18120, -64.973229
18180, -64.973189
18240, -64.973151
18300, -64.973113
18360, -64.973077
18420, -64.973042
18480, -64.973008
18540, -64.972975
18600, -64.972943
18660, -64.972913
18720, -64.972883
18780, -64.972855
18840, -64.972828
18900, -64.972803
18960, -64.972778
19020, -64.972754
19080, -64.972732
19140, -64.972710
19200, -64.972690
19260, -64.972671
19320, -64.972653
19380, -64.972636
19440, -64.972620
19500, -64.972605
19560, -64.972591
19620, -64.972578
19680, -64.972566
19740, -64.972555
19800, -64.972544
19860, -64.972535
19920, -64.972527
19980, -64.972520
20040, -64.972513
20100, -64.972508
20160, -64.972503
20220, -64.972500
20280, -64.972497
20340, -64.972494
20400, -64.972493
20460, -64.972493
20520, -64.972493
20580, -64.972494
20640, -64.972495
20700, -64.972498
20760, -64.972501
20820, -64.972505
20880, -64.972509
20940, -64.972514
21000, -64.972520
21060, -64.972526
21120, -64.972533
21180, -64.972541
21240, -64.972549
21300, -64.972557
21360, -64.972566
21420, -64.972576
21480, -64.972586
21540, -64.972596
21600, -64.972607
21660, -64.972619
21720, -64.972631
21780, -64.972643
21840, -64.972656
21900, -64.972669
21960, -64.972682
22020, -64.972696
22080, -64.972709
22140, -64.972724
22200, -64.972738
22260, -64.972753
22320, -64.972768
22380, -64.972784
22440, -64.972799
22500, -64.972815
22560, -64.972831
22620, -64.972847
22680, -64.972863
22740, -64.972880
22800, -64.972896
22860, -64.972913
22920, -64.972930
22980, -64.972947
23040, -64.972964
23100, -64.972981
23160, -64.972998
23220, -64.973015
23280, -64.973032
23340, -64.973049
23400, -64.973067
23460, -64.973084
23520, -64.973101
23580, -64.973118
23640, -64.973135
23700, -64.973153
23760, -64.973170
23820, -64.973187
23880, -64.973203
23940, -64.973220
24000, -64.973237
24060, -64.973254
24120, -64.973270
24180, -64.973287
24240, -64.973303
24300, -64.973319
24360, -64.973335
24420, -64.973351
24480, -64.973367
24540, -64.973382
24600, -64.973398
24660, -64.973413
24720, -64.973428
24780, -64.973443
24840, -64.973457
24900, -64.973472
24960, -64.973486
25020, -64.973500
25080, -64.973514
25140, -64.973528
25200, -64.973541
25260, -64.973554
25320, -64.973567
25380, -64.973580
25440, -64.973593
25500, -64.973605
25560, -64.973617
25620, -64.973629
25680, -64.973640
25740, -64.973652
25800, -64.973663
25860, -64.973674
25920, -64.973684
25980, -64.973694
26040, -64.973705
26100, -64.973714
26160, -64.973724
26220, -64.973733
26280, -64.973742
26340, -64.973751
26400, -64.973760
26460, -64.973768
26520, -64.973776
26580, -64.973784
26640, -64.973792
26700, -64.973799
26760, -64.973806
26820, -64.973813
26880, -64.973819
26940, -64.973826
27000, -64.973832
27060, -64.973838
27120, -64.973843
27180, -64.973849
27240, -64.973854
27300, -64.973859
27360, -64.973863
27420, -64.973868
27480, -64.973872
27540, -64.973876
27600, -64.973880
27660, -64.973883
27720, -64.973886
27780, -64.973890
27840, -64.973892
27900, -64.973895
27960, -64.973898
28020, -64.973900
28080, -64.973902
28140, -64.973904
28200, -64.973906
28260, -64.973907
28320, -64.973908
28380, -64.973909
28440, -64.973910
28500, -64.973911
28560, -64.973912
28620, -64.973912
28680, -64.973912
28740, -64.973913
28800, -64.973912
28860, -64.973912
28920, -64.973912
28980, -64.973911
29040, -64.973911
29100, -64.973910
29160, -64.973909
29220, -64.973908
29280, -64.973907
29340, -64.973905
29400, -64.973904
29460, -64.973902
29520, -64.973901
29580, -64.973899
29640, -64.973897
29700, -64.973895
29760, -64.973893
29820, -64.973891
29880, -64.973888
29940, -64.973886
30000, -64.973884
30060, -64.973881
30120, -64.973878
30180, -64.973876
30240, -64.973873
30300, -64.973870
30360, -64.973867
30420, -64.973864
30480, -64.973861
30540, -64.973858
30600, -64.973855
30660, -64.973852
30720, -64.973849
30780, -64.973845
30840, -64.973842
30900, -64.973839
30960, -64.973835
31020, -64.973832
31080, -64.973829
31140, -64.973825
31200, -64.973822
31260, -64.973818
31320, -64.973815
31380, -64.973811
31440, -64.973808
31500, -64.973804
31560, -64.973801
31620, -64.973797
31680, -64.973794
31740, -64.973790
31800, -64.973786
31860, -64.973783
31920, -64.973779
31980, -64.973776
32040, -64.973772
32100, -64.973769
32160, -64.973765
32220, -64.973762
32280, -64.973759
32340, -64.973755
32400, -64.973752
32460, -64.973748
32520, -64.973745
32580, -64.973742
32640, -64.973739
32700, -64.973735
32760, -64.973732
32820, -64.973729
32880, -64.973726
32940, -64.973723
33000, -64.973720
33060, -64.973717
33120, -64.973714
33180, -64.973711
33240, -64.973708
33300, -64.973705
33360, -64.973702
33420, -64.973699
33480, -64.973697
33540, -64.973694
33600, -64.973691
33660, -64.973689
33720, -64.973686
33780, -64.973684
33840, -64.973681
33900, -64.973679
33960, -64.973677
34020, -64.973674
34080, -64.973672
34140, -64.973670
34200, -64.973668
34260, -64.973666
34320, -64.973664
34380, -64.973662
34440, -64.973660
34500, -64.973658
34560, -64.973656
34620, -64.973654
34680, -64.973653
34740, -64.973651
34800, -64.973649
34860, -64.973648
34920, -64.973646
34980, -64.973645
35040, -64.973644
35100, -64.973642
35160, -64.973641
35220, -64.973640
35280, -64.973638
35340, -64.973637
35400, -64.973636
35460, -64.973635
35520, -64.973634
35580, -64.973633
35640, -64.973632
35700, -64.973632
35760, -64.973631
35820, -64.973630
35880, -64.973629
35940, -64.973629
36000, -64.973628
36060, -64.973627
36120, -64.973627
36180, -64.973626
36240, -64.973626
36300, -64.973626
36360, -64.973625
36420, -64.973625
36480, -64.973625
36540, -64.973624
36600, -64.973624
36660, -64.973624
36720, -64.973624
36780, -64.973624
36840, -64.973624
36900, -64.973624
36960, -64.973624
37020, -64.973624
37080, -64.973624
37140, -64.973624
37200, -64.973624
37260, -64.973624
37320, -64.973624
37380, -64.973625
37440, -64.973625
37500, -64.973625
37560, -64.973626
37620, -64.973626
37680, -64.973626
37740, -64.973627
37800, -64.973627
37860, -64.973627
37920, -64.973628
37980, -64.973628
38040, -64.973629
38100, -64.973629
38160, -64.973630
38220, -64.973630
38280, -64.973631
38340, -64.973632
38400, -64.973632
38460, -64.973633
38520, -64.973633
38580, -64.973634
38640, -64.973635
38700, -64.973635
38760, -64.973636
38820, -64.973637
38880, -64.973637
38940, -64.973638
39000, -64.973639
39060, -64.973640
39120, -64.973640
39180, -64.973641
39240, -64.973642
39300, -64.973643
39360, -64.973643
39420, -64.973644
39480, -64.973645
39540, -64.973646
39600, -64.973646
39660, -64.973647
39720, -64.973648
39780, -64.973649
39840, -64.973649
39900, -64.973650
39960, -64.973651
40020, -64.973652
40080, -64.973652
40140, -64.973653
40200, -64.973654
40260, -64.973655
40320, -64.973656
40380, -64.973656
40440, -64.973657
40500, -64.973658
40560, -64.973659
40620, -64.973659
40680, -64.973660
40740, -64.973661
40800, -64.973661
40860, -64.973662
40920, -64.973663
40980, -64.973664
41040, -64.973664
41100, -64.973665
41160, -64.973666
41220, -64.973666
41280, -64.973667
41340, -64.973668
41400, -64.973668
41460, -64.973669
41520, -64.973669
41580, -64.973670
41640, -64.973671
41700, -64.973671
41760, -64.973672
41820, -64.973672
41880, -64.973673
41940, -64.973674
42000, -64.973674
42060, -64.973675
42120, -64.973675
42180, -64.973676
42240, -64.973676
42300, -64.973677
42360, -64.973677
42420, -64.973678
42480, -64.973678
42540, -64.973679
42600, -64.973679
42660, -64.973679
42720, -64.973680
42780, -64.973680
42840, -64.973681
42900, -64.973681
42960, -64.973681
43020, -64.973682
43080, -64.973682
43140, -64.973682
43200, -64.973683
43260, -64.973683
43320, -64.973683
43380, -64.973684
43440, -64.973684
43500, -64.973684
43560, -64.973684
43620, -64.973685
43680, -64.973685
43740, -64.973685
43800, -64.973685
43860, -64.973686
43920, -64.973686
43980, -64.973686
44040, -64.973686
44100, -64.973686
44160, -64.973686
44220, -64.973687
44280, -64.973687
44340, -64.973687
44400, -64.973687
44460, -64.973687
44520, -64.973687
44580, -64.973687
44640, -64.973687
44700, -64.973687
44760, -64.973688
44820, -64.973688
44880, -64.973688
44940, -64.973688
45000, -64.973688
45060, -64.973688
45120, -64.973688
45180, -64.973688
45240, -64.973688
45300, -64.973688
45360, -64.973688
45420, -64.973688
45480, -64.973688
45540, -64.973688
45600, -64.973688
45660, -64.973688
45720, -64.973688
45780, -64.973688
45840, -64.973687
45900, -64.973687
45960, -64.973687
46020, -64.973687
46080, -64.973687
46140, -64.973687
46200, -64.973687
46260, -64.973687
46320, -64.973687
46380, -64.973687
46440, -64.973687
46500, -64.973687
46560, -64.973686
46620, -64.973686
46680, -64.973686
46740, -64.973686
46800, -64.973686
46860, -64.973686
46920, -64.973686
46980, -64.973686
47040, -64.973685
47100, -64.973685
47160, -64.973685
47220, -64.973685
47280, -64.973685
47340, -64.973685
47400, -64.973685
47460, -64.973684
47520, -64.973684
47580, -64.973684
47640, -64.973684
47700, -64.973684
47760, -64.973684
47820, -64.973684
47880, -64.973683
47940, -64.973683
48000, -64.973683
48060, -64.973683
48120, -64.973683
48180, -64.973683
48240, -64.973683
48300, -64.973682
48360, -64.973682
48420, -64.973682
48480, -64.973682
48540, -64.973682
48600, -64.973682
48660, -64.973682
48720, -64.973681
48780, -64.973681
48840, -64.973681
48900, -64.973681
48960, -64.973681
49020, -64.973681
49080, -64.973680
49140, -64.973680
49200, -64.973680
49260, -64.973680
49320, -64.973680
49380, -64.973680
49440, -64.973680
49500, -64.973680
49560, -64.973679
49620, -64.973679
49680, -64.973679
49740, -64.973679
49800, -64.973679
49860, -64.973679
49920, -64.973679
49980, -64.973679
50040, -63.138604
50100, -61.366078
50160, -59.644611
50220, -57.960878
50280, -56.297664
50340, -54.631195
50400, -52.928509
50460, -51.143483
50520, -49.210131
50580, -47.032934
50640, -44.470754
50700, -41.307910
50760, -37.208918
50820, -31.647261
50880, -23.833329
50940, -12.801301
51000, 1.805964
51060, 17.858972
51120, 30.748797
51180, 37.955875
51240, 40.672044
51300, 40.920961
51360, 39.952911
51420, 38.333313
51480, 36.299925
51540, 33.964669
51600, 31.394942
51660, 28.641889
51720, 25.749080
51780, 22.754891
51840, 19.692954
51900, 16.592189
51960, 13.476883
52020, 10.366916
52080, 7.278105
52140, 4.222630
52200, 1.209492
52260, -1.755029
52320, -4.666936
52380, -7.524124
52440, -10.326033
52500, -13.073375
52560, -15.767932
52620, -18.413103
52680, -21.013367
52740, -23.574247
52800, -26.104361
52860, -28.613656
52920, -31.115966
52980, -33.627811
53040, -36.170252
53100, -38.767417
53160, -41.446695
53220, -44.236039
53280, -47.159724
53340, -50.230620
53400, -53.437553
53460, -56.729389
53520, -60.001651
53580, -63.097914
53640, -65.840144
53700, -68.088398
53760, -69.790645
53820, -70.987441
53880, -71.775432
53940, -72.262836
54000, -72.542654
54060, -72.684267
54120, -72.735509
54180, -72.727929
54240, -72.681858
54300, -72.610260
54360, -72.521375
54420, -72.420454
54480, -72.310851
54540, -72.194728
54600, -72.073485
54660, -71.948039
54720, -71.818995
54780, -71.686759
54840, -71.551605
54900, -71.413725
54960, -71.273254
55020, -71.130292
55080, -70.984916
55140, -70.837187
55200, -70.687155
55260, -70.534865
55320, -70.380358
55380, -70.223678
55440, -70.064866
55500, -69.903964
55560, -69.741014
55620, -69.576056
55680, -69.409137
55740, -69.240304
55800, -69.069610
55860, -68.897107
55920, -68.722847
55980, -68.546882
56040, -68.369268
56100, -68.190067
56160, -68.009343
56220, -67.827161
56280, -67.643579
56340, -67.458658
56400, -67.272466
56460, -67.085072
56520, -66.896552
56580, -66.706972
56640, -66.516391
56700, -66.324879
56760, -66.132508
56820, -65.939356
56880, -65.745493
56940, -65.550974
57000, -65.355860
57060, -65.160221
57120, -64.964133
57180, -64.767666
57240, -64.570859
57300, -64.373761
57360, -64.176434
57420, -63.978943
57480, -63.781354
57540, -63.583682
57600, -63.385956
57660, -63.188222
57720, -62.990531
57780, -62.792939
57840, -62.595426
57900, -62.397997
57960, -62.200671
58020, -62.003479
58080, -61.806464
58140, -61.609566
58200, -61.412751
58260, -61.216007
58320, -61.019340
58380, -60.822766
58440, -60.626186
58500, -60.429518
58560, -60.232707
58620, -60.035722
58680, -59.838551
58740, -59.641044
58800, -59.443053
58860, -59.244472
58920, -59.045219
58980, -58.845237
59040, -58.644305
59100, -58.442191
59160, -58.238709
59220, -58.033709
59280, -57.827066
59340, -57.618424
59400, -57.407432
59460, -57.193792
59520, -56.977240
59580, -56.757503
59640, -56.533981
59700, -56.306142
59760, -56.073503
59820, -55.835609
59880, -55.591679
59940, -55.340821
60000, -55.082186
60060, -54.814950
60120, -54.537832
60180, -54.249362
60240, -53.948081
60300, -53.632360
60360, -53.299767
60420, -52.947830
60480, -52.573800
60540, -52.173736
60600, -51.743488
60660, -51.277690
60720, -50.769853
60780, -50.212018
60840, -49.594192
60900, -48.903607
60960, -48.124496
61020, -47.236045
61080, -46.211087
61140, -45.014107
61200, -43.598151
61260, -41.899470
61320, -39.833357
61380, -37.286255
61440, -34.109984
61500, -30.121538
61560, -25.121916
61620, -18.959333
61680, -11.666111
61740, -3.653614
61800, 4.202857
61860, 10.830328
61920, 15.481555
61980, 18.015011
62040, 18.737928
62100, 18.104646
62160, 16.527656
62220, 14.320288
62280, 11.704445
62340, 8.834052
62400, 5.815900
62460, 2.724322
62520, -0.389021
62580, -3.488613
62640, -6.550598
62700, -9.559622
62760, -12.506566
62820, -15.386943
62880, -18.199790
62940, -20.946986
63000, -23.633055
63060, -26.265690
63120, -28.854868
63180, -31.413786
63240, -33.959396
63300, -36.511408
63360, -39.093246
63420, -41.729532
63480, -44.444799
63540, -47.258857
63600, -50.180515
63660, -53.197912
63720, -56.266922
63780, -59.302471
63840, -62.181238
63900, -64.764185
63960, -66.936017
64020, -68.642457
64080, -69.899280
64140, -70.772615
64200, -71.347296
64260, -71.703506
64320, -71.906033
64380, -72.002752
64440, -72.027259
64500, -72.002465
64560, -71.943770
64620, -71.861459
64680, -71.762399
64740, -71.651187
64800, -71.530913
64860, -71.403672
64920, -71.270891
64980, -71.133555
65040, -70.992347
65100, -70.847752
65160, -70.700113
65220, -70.549684
65280, -70.396652
65340, -70.241166
65400, -70.083340
65460, -69.923272
65520, -69.761043
65580, -69.596724
65640, -69.430382
65700, -69.262080
65760, -69.091882
65820, -68.919851
65880, -68.746045
65940, -68.570523
66000, -68.393346
66060, -68.214577
66120, -68.034284
66180, -67.852534
66240, -67.669389
66300, -67.484913
66360, -67.299174
66420, -67.112244
66480, -66.924199
66540, -66.735108
66600, -66.545036
66660, -66.354051
66720, -66.162227
66780, -65.969644
66840, -65.776377
66900, -65.582483
66960, -65.388026
67020, -65.193077
67080, -64.997713
67140, -64.802013
67200, -64.606017
67260, -64.409780
67320, -64.213363
67380, -64.016834
67440, -63.820266
67500, -63.623684
67560, -63.427121
67620, -63.230622
67680, -63.034242
67740, -62.838042
67800, -62.642023
67860, -62.446191
67920, -62.250568
67980, -62.055189
68040, -61.860096
68100, -61.665266
68160, -61.470669
68220, -61.276295
68280, -61.082150
68340, -60.888254
68400, -60.694563
68460, -60.500996
68520, -60.307502
68580, -60.114054
68640, -59.920640
68700, -59.727195
68760, -59.533578
68820, -59.339682
68880, -59.145434
68940, -58.950780
69000, -58.755634
69060, -58.559771
69120, -58.363011
69180, -58.165216
69240, -57.966272
69300, -57.766046
69360, -57.564198
69420, -57.360447
69480, -57.154555
69540, -56.946317
69600, -56.735466
69660, -56.521500
69720, -56.303980
69780, -56.082513
69840, -55.856737
69900, -55.626025
69960, -55.389626
70020, -55.146841
70080, -54.897004
70140, -54.639218
70200, -54.372250
70260, -54.094902
70320, -53.805984
70380, -53.503753
70440, -53.186181
70500, -52.851207
70560, -52.496226
70620, -52.117903
70680, -51.712744
70740, -51.276033
70800, -50.802282
70860, -50.284823
70920, -49.715212
70980, -49.083035
71040, -48.375403
71100, -47.575251
71160, -46.661084
71220, -45.605027
71280, -44.370423
71340, -42.908851
71400, -41.156236
71460, -39.027006
71520, -36.409069
71580, -33.159495
71640, -29.108764
71700, -24.085707
71760, -17.986147
71820, -10.903753
71880, -3.289181
71940, 4.021632
72000, 10.083065
72060, 14.274698
72120, 16.500408
72180, 17.041203
72240, 16.305296
72300, 14.669268
72360, 12.426256
72420, 9.788591
72480, 6.906103
72540, 3.883747
72600, 0.794777
72660, -2.310049
72720, -5.396098
72780, -8.440399
72840, -11.428462
72900, -14.352003
72960, -17.207368
73020, -19.994471
73080, -22.716201
73140, -25.378933
73200, -27.991478
73260, -30.565432
73320, -33.116754
73380, -35.663858
73440, -38.228850
73500, -40.835678
73560, -43.508852
73620, -46.269878
73680, -49.131879
73740, -52.091447
73800, -55.117845
73860, -58.143101
73920, -61.059900
73980, -63.735913
74040, -66.046423
74100, -67.914292
74160, -69.329423
74220, -70.339658
74280, -71.022852
74340, -71.460209
74400, -71.721185
74460, -71.859085
74520, -71.912244
74580, -71.907242
74640, -71.862152
74700, -71.789149
74760, -71.696414
74820, -71.589453
74880, -71.471983
74940, -71.346531
75000, -71.214825
75060, -71.078057
75120, -70.937061
75180, -70.792420
75240, -70.644555
75300, -70.493771
75360, -70.340294
75420, -70.184299
75480, -70.025923
75540, -69.865278
75600, -69.702455
75660, -69.537534
75720, -69.370589
75780, -69.201690
75840, -69.030904
75900, -68.858297
75960, -68.683929
76020, -68.507861
76080, -68.330158
76140, -68.150884
76200, -67.970108
76260, -67.787899
76320, -67.604318
76380, -67.419430
76440, -67.233306
76500, -67.046020
76560, -66.857649
76620, -66.668257
76680, -66.477910
76740, -66.286680
76800, -66.094644
76860, -65.901880
76920, -65.708456
76980, -65.514434
77040, -65.319879
77100, -65.124866
77160, -64.929472
77220, -64.733763
77280, -64.537786
77340, -64.341597
77400, -64.145261
77460, -63.948848
77520, -63.752417
77580, -63.555994
77640, -63.359617
77700, -63.163335
77760, -62.967204
77820, -62.771275
77880, -62.575542
77940, -62.380017
78000, -62.184728
78060, -61.989712
78120, -61.795010
78180, -61.600575
78240, -61.406386
78300, -61.212439
78360, -61.018749
78420, -60.825338
78480, -60.632124
78540, -60.439038
78600, -60.246041
78660, -60.053112
78720, -59.860246
78780, -59.667332
78840, -59.474244
78900, -59.280888
78960, -59.087200
79020, -58.893137
79080, -58.698555
79140, -58.503249
79200, -58.307056
79260, -58.109848
79320, -57.911525
79380, -57.711887
79440, -57.510619
79500, -57.307458
79560, -57.102181
79620, -56.894599
79680, -56.684369
79740, -56.471018
79800, -56.254131
79860, -56.033334
79920, -55.808283
79980, -55.578269
80040, -55.342577
80100, -55.100536
80160, -54.851506
80220, -54.594508
80280, -54.328352
80340, -54.051881
80400, -53.763936
80460, -53.462699
80520, -53.146197
80580, -52.812421
80640, -52.458704
80700, -52.081788
80760, -51.678252
80820, -51.243349
80880, -50.771700
80940, -50.256648
81000, -49.689908
81060, -49.061150
81120, -48.357716
81180, -47.562752
81240, -46.655086
81300, -45.607316
81360, -44.383455
81420, -42.936029
81480, -41.202358
81540, -39.098714
81600, -36.515632
81660, -33.313644
81720, -29.327009
81780, -24.387129
81840, -18.387246
81900, -11.407182
81960, -3.868653
82020, 3.424807
82080, 9.536629
82140, 13.824955
82200, 16.159522
82260, 16.796748
82320, 16.135502
82380, 14.552911
82440, 12.346173
82500, 9.732113
82560, 6.864278
82620, 3.850431
82680, 0.765852
82740, -2.337266
82800, -5.423288
82860, -8.468548
82920, -11.458077
82980, -14.383276
83040, -17.240282
83100, -20.028887
83160, -22.751897
83220, -25.415584
83280, -28.028824
83340, -30.603231
83400, -33.154727
83460, -35.701807
83520, -38.266506
83580, -40.872792
83640, -43.545071
83700, -46.304721
83760, -49.164630
83820, -52.121095
83880, -55.143113
83940, -58.162596
84000, -61.072424
84060, -63.740891
84120, -66.044239
84180, -67.906198
84240, -69.317109
84300, -70.324757
84360, -71.006610
84420, -71.443427
84480, -71.704299
84540, -71.842292
84600, -71.895601
84660, -71.890733
84720, -71.845729
84780, -71.772756
84840, -71.679998
84900, -71.572966
84960, -71.455385
85020, -71.329789
85080, -71.197915
85140, -71.060961
85200, -70.919764
85260, -70.774913
85320, -70.626829
85380, -70.475822
85440, -70.322121
85500, -70.165900
85560, -70.007300
85620, -69.846431
85680, -69.683388
85740, -69.518249
85800, -69.351092
85860, -69.181985
85920, -69.010996
85980, -68.838192
86040, -68.663633
86100, -68.487381
86160, -68.309499
86220, -68.130055
86280, -67.949116
86340, -67.766751
86400, -67.583022
86460, -67.397994
86520, -67.211739
86580, -67.024331
86640, -66.835846
86700, -66.646349
86760, -66.455905
86820, -66.264587
86880, -66.072472
86940, -65.879639
87000, -65.686154
87060, -65.492078
87120, -65.297479
87180, -65.102431
87240, -64.907013
87300, -64.711285
87360, -64.515297
87420, -64.319105
87480, -64.122775
87540, -63.926378
87600, -63.729968
87660, -63.533570
87720, -63.337225
87780, -63.140984
87840, -62.944903
87900, -62.749025
87960, -62.553346
88020, -62.357881
88080, -62.162657
88140, -61.967715
88200, -61.773083
88260, -61.578720
88320, -61.384604
88380, -61.190736
88440, -60.997130
88500, -60.803809
88560, -60.610678
88620, -60.417674
88680, -60.224758
88740, -60.031912
88800, -59.839134
88860, -59.646296
88920, -59.453275
88980, -59.259983
89040, -59.066359
89100, -58.872361
89160, -58.677825
89220, -58.482553
89280, -58.286386
89340, -58.089200
89400, -57.890897
89460, -57.691254
89520, -57.489961
89580, -57.286761
89640, -57.081437
89700, -56.873801
89760, -56.663482
89820, -56.450012
89880, -56.232985
89940, -56.012031
90000, -55.786810
90060, -55.556573
90120, -55.320613
90180, -55.078269
90240, -54.828903
90300, -54.571489
90360, -54.304846
90420, -54.027824
90480, -53.739270
90540, -53.437298
90600, -53.119947
90660, -52.785211
90720, -52.430340
90780, -52.052082
90840, -51.647015
90900, -51.210277
90960, -50.736486
91020, -50.218840
91080, -49.649032
91140, -49.016537
91200, -48.308649
91260, -47.508233
91320, -46.593792
91380, -45.537524
91440, -44.302945
91500, -42.841955
91560, -41.090801
91620, -38.964820
91680, -36.353106
91740, -33.114774
91800, -29.083400
91860, -24.091991
91920, -18.040568
91980, -11.023624
92040, -3.483753
92100, 3.760179
92160, 9.779837
92220, 13.959461
92280, 16.194198
92340, 16.752656
92400, 16.034622
92460, 14.413187
92520, 12.180796
92580, 9.550451
92640, 6.672893
92700, 3.653938
92760, 0.567499
92820, -2.535209
92880, -5.619258
92940, -8.661505
93000, -11.647378
93060, -14.568585
93120, -17.421518
93180, -20.206203
93240, -22.925673
93300, -25.585921
93360, -28.196397
93420, -30.769095
93480, -33.319710
93540, -35.867287
93600, -38.433736
93660, -41.043350
93720, -43.720345
93780, -46.485810
93840, -49.351733
93900, -52.312888
93960, -55.336168
94020, -58.351055
94080, -61.248386
94140, -63.895957
94200, -66.172415
94260, -68.005018
94320, -69.388497
94380, -70.373196
94440, -71.037406
94500, -71.461404
94560, -71.713284
94620, -71.845082
94680, -71.894148
94740, -71.886365
94800, -71.839341
94860, -71.764944
94920, -71.671161
94980, -71.563371
95040, -71.445213
95100, -71.319163
95160, -71.186917
95220, -71.049650
95280, -70.908180
95340, -70.763085
95400, -70.614778
95460, -70.463564
95520, -70.309666
95580, -70.153260
95640, -69.994480
95700, -69.833440
95760, -69.670230
95820, -69.504931
95880, -69.337617
95940, -69.168359
96000, -68.997224
96060, -68.824280
96120, -68.649584
96180, -68.473200
96240, -68.295192
96300, -68.115626
96360, -67.934572
96420, -67.752097
96480, -67.568261
96540, -67.383133
96600, -67.196784
96660, -67.009288
96720, -66.820722
96780, -66.631148
96840, -66.440633
96900, -66.249250
96960, -66.057076
97020, -65.864191
97080, -65.670658
97140, -65.476540
97200, -65.281904
97260, -65.086825
97320, -64.891382
97380, -64.695634
97440, -64.499629
97500, -64.303427
97560, -64.107092
97620, -63.910695
97680, -63.714287
97740, -63.517895
97800, -63.321560
97860, -63.125333
97920, -62.929272
97980, -62.733413
98040, -62.537754
98100, -62.342312
98160, -62.147115
98220, -61.952202
98280, -61.757597
98340, -61.563259
98400, -61.369170
98460, -61.175329
98520, -60.981753
98580, -60.788455
98640, -60.595342
98700, -60.402353
98760, -60.209453
98820, -60.016623
98880, -59.823863
98940, -59.631030
99000, -59.438007
99060, -59.244708
99120, -59.051073
99180, -58.857061
99240, -58.662495
99300, -58.467178
99360, -58.270957
99420, -58.073708
99480, -57.875337
99540, -57.675599
99600, -57.474191
99660, -57.270860
99720, -57.065390
99780, -56.857597
99840, -56.647082
99900, -56.433386
99960, -56.216103
100020, -55.994869
100080, -55.769335
100140, -55.538730
100200, -55.302353
100260, -55.059544
100320, -54.809669
100380, -54.551657
100440, -54.284332
100500, -54.006545
100560, -53.717143
100620, -53.414178
100680, -53.095690
100740, -52.759670
100800, -52.403283
100860, -52.023270
100920, -51.616199
100980, -51.177081
101040, -50.700511
101100, -50.179519
101160, -49.605751
101220, -48.968447
101280, -48.254682
101340, -47.447112
101400, -46.523804
101460, -45.456416
101520, -44.207784
101580, -42.728947
101640, -40.954693
101700, -38.798902
101760, -36.148525
101820, -32.860751
101880, -28.768046
101940, -23.705497
102000, -17.581998
102060, -10.511771
102120, -2.964959
102180, 4.221444
102240, 10.126970
102300, 14.169354
102360, 16.276571
102420, 16.733666
102480, 15.942125
102540, 14.270180
102600, 12.004379
102660, 9.352812
102720, 6.462574
102780, 3.436921
102840, 0.347962
102900, -2.754371
102960, -5.836081
103020, -8.874703
103080, -11.856170
103140, -14.772578
103200, -17.620636
103260, -20.400646
103320, -23.115908
103380, -25.772466
103440, -28.379831
103500, -30.950560
103560, -33.500170
103620, -36.048344
103680, -38.616962
103740, -41.230535
103800, -43.913149
103860, -46.685511
103920, -49.558650
103980, -52.525637
104040, -55.550974
104100, -58.561359
104160, -61.445281
104220, -64.069965
104280, -66.316586
104340, -68.116721
104400, -69.469789
104460, -70.429133
104520, -71.073860
104580, -71.483686
104640, -71.725600
104700, -71.850513
104760, -71.894851
104820, -71.883817
104880, -71.834535
104940, -71.758552
105000, -71.663632
105060, -71.555008
105120, -71.436223
105180, -71.309686
105240, -71.177051
105300, -71.039461
105360, -70.897715
105420, -70.752377
105480, -70.603853
105540, -70.452438
105600, -70.298354
105660, -70.141772
105720, -69.982825
105780, -69.821625
105840, -69.658260
105900, -69.492812
105960, -69.325355
106020, -69.155958
106080, -68.984690
106140, -68.811616
106200, -68.636795
106260, -68.460291
106320, -68.282167
106380, -68.102491
106440, -67.921332
106500, -67.738755
106560, -67.554823
106620, -67.369604
106680, -67.183169
106740, -66.995593
106800, -66.806952
106860, -66.617307
106920, -66.426727
106980, -66.235284
107040, -66.043056
107100, -65.850122
107160, -65.656545
107220, -65.462387
107280, -65.267717
107340, -65.072609
107400, -64.877143
107460, -64.681375
107520, -64.485354
107580, -64.289140
107640, -64.092798
107700, -63.896400
107760, -63.699992
107820, -63.503603
107880, -63.307275
107940, -63.111058
108000, -62.915012
108060, -62.719167
108120, -62.523523
108180, -62.328098
108240, -62.132921
108300, -61.938031
108360, -61.743446
108420, -61.549126
108480, -61.355055
108540, -61.161233
108600, -60.967678
108660, -60.774394
108720, -60.581291
108780, -60.388310
108840, -60.195415
108900, -60.002591
108960, -59.809838
109020, -59.617001
109080, -59.423965
109140, -59.230648
109200, -59.036990
109260, -58.842954
109320, -58.648346
109380, -58.452974
109440, -58.256687
109500, -58.059364
109560, -57.860913
109620, -57.661070
109680, -57.459536
109740, -57.256061
109800, -57.050434
109860, -56.842470
109920, -56.631748
109980, -56.417814
110040, -56.200264
110100, -55.978738
110160, -55.752857
110220, -55.521854
110280, -55.285033
110340, -55.041735
110400, -54.791328
110460, -54.532695
110520, -54.264665
110580, -53.986090
110640, -53.695781
110700, -53.391769
110760, -53.072092
110820, -52.734737
110880, -52.376782
110940, -51.994961
111000, -51.585810
111060, -51.144231
111120, -50.664792
111180, -50.140355
111240, -49.562512
111300, -48.920260
111360, -48.200388
111420, -47.385403
111480, -46.452919
111540, -45.374034
111600, -44.110874
111660, -42.613586
111720, -40.815443
111780, -38.628573
111840, -35.937951
111900, -32.598749
111960, -28.442432
112020, -23.306290
112080, -17.108622
112140, -9.983943
112200, -2.431102
112260, 4.692724
112320, 10.478986
112380, 14.380496
112440, 16.358409
112500, 16.713430
112560, 15.848138
112620, 14.125623
112680, 11.826449
112740, 9.153708
112800, 6.250923
112860, 3.218736
112920, 0.127428
112980, -2.974366
113040, -6.053582
113100, -9.088502
113160, -12.065571
113220, -14.977188
113280, -17.820249
113340, -20.595429
113400, -23.306336
113460, -25.959298
113520, -28.563528
113580, -31.132246
113640, -33.681218
113700, -36.230144
113760, -38.801313
113820, -41.419064
113880, -44.107497
113940, -46.886827
114000, -49.767311
114060, -52.740251
114120, -55.767666
114180, -58.773387
114240, -61.643522
114300, -64.244803
114360, -66.460825
114420, -68.228121
114480, -69.550692
114540, -70.484753
114600, -71.110125
114660, -71.505901
114720, -71.737945
114780, -71.856040
114840, -71.895695
114900, -71.881436
114960, -71.829916
115020, -71.752358
115080, -71.656309
115140, -71.546858
115200, -71.427450
115260, -71.300430
115320, -71.167408
115380, -71.029498
115440, -70.887479
115500, -70.741902
115560, -70.593163
115620, -70.441551
115680, -70.287284
115740, -70.130529
115800, -69.971419
115860, -69.810061
115920, -69.646546
115980, -69.480952
116040, -69.313354
116100, -69.143822
116160, -68.972423
116220, -68.799222
116280, -68.624280
116340, -68.447658
116400, -68.269422
116460, -68.089638
116520, -67.908375
116580, -67.725700
116640, -67.541674
116700, -67.356366
116760, -67.169848
116820, -66.982193
116880, -66.793478
116940, -66.603764
117000, -66.413120
117060, -66.221618
117120, -66.029337
117180, -65.836357
117240, -65.642737
117300, -65.448540
117360, -65.253836
117420, -65.058701
117480, -64.863212
117540, -64.667425
117600, -64.471388
117660, -64.275163
117720, -64.078815
117780, -63.882416
117840, -63.686008
117900, -63.489622
117960, -63.293300
118020, -63.097093
118080, -62.901061
118140, -62.705230
118200, -62.509601
118260, -62.314192
118320, -62.119033
118380, -61.924166
118440, -61.729600
118500, -61.535297
118560, -61.341242
118620, -61.147439
118680, -60.953903
118740, -60.760632
118800, -60.567538
118860, -60.374562
118920, -60.181672
118980, -59.988853
119040, -59.796095
119100, -59.603245
119160, -59.410191
119220, -59.216850
119280, -59.023166
119340, -58.829102
119400, -58.634450
119460, -58.439020
119520, -58.242666
119580, -58.045268
119640, -57.846735
119700, -57.646786
119760, -57.445125
119820, -57.241507
119880, -57.035722
119940, -56.827588
120000, -56.616659
120060, -56.402486
120120, -56.184670
120180, -55.962851
120240, -55.736623
120300, -55.505224
120360, -55.267959
120420, -55.024173
120480, -54.773234
120540, -54.513982
120600, -54.245249
120660, -53.965888
120720, -53.674655
120780, -53.369584
120840, -53.048710
120900, -52.710013
120960, -52.350484
121020, -51.966849
121080, -51.555536
121140, -51.111428
121200, -50.629060
121260, -50.101118
121320, -49.519140
121380, -48.871873
121440, -48.145817
121500, -47.323326
121560, -46.381556
121620, -45.291036
121680, -44.013176
121740, -42.497221
121800, -40.674911
121860, -38.456602
121920, -35.725283
121980, -32.334109
122040, -28.113535
122100, -22.903174
122160, -16.631563
122220, -9.455565
122280, -1.902615
122340, 5.154361
122400, 10.819456
122460, 14.581013
122520, 16.431982
122580, 16.687474
122640, 15.750554
122700, 13.979046
122760, 11.647612
122820, 8.954475
122880, 6.039670
122940, 3.001323
123000, -0.092074
123060, -3.193220
123120, -6.270010
123180, -9.301337
123240, -12.274097
123300, -15.181057
123360, -18.019379
123420, -20.789665
123480, -23.495999
123540, -26.145125
123600, -28.746455
123660, -31.313133
123720, -33.861511
123780, -36.411135
123840, -38.984796
123900, -41.606679
123960, -44.300916
124020, -47.087128
124080, -49.974676
124140, -52.953386
124200, -55.982690
124260, -58.983488
124320, -61.839524
124380, -64.417144
124440, -66.602506
124500, -68.337150
124560, -69.629608
124620, -70.538836
124680, -71.145270
124740, -71.527332
124800, -71.749755
124860, -71.861207
124920, -71.896300
124980, -71.878898
125040, -71.825194
125100, -71.746097
125160, -71.648944
125220, -71.538682
125280, -71.418662
125340, -71.291167
125400, -71.157764
125460, -71.019538
125520, -70.877250
125580, -70.731436
125640, -70.582484
125700, -70.430676
125760, -70.276227
125820, -70.119300
125880, -69.960027
125940, -69.798513
126000, -69.634847
126060, -69.469109
126120, -69.301371
126180, -69.131704
126240, -68.960175
126300, -68.786848
126360, -68.611784
126420, -68.435045
126480, -68.256697
126540, -68.076806
126600, -67.895441
126660, -67.712668
126720, -67.528549
126780, -67.343152
126840, -67.156550
126900, -66.968818
126960, -66.780030
127020, -66.590247
127080, -66.399539
127140, -66.207980
127200, -66.015646
127260, -65.822620
127320, -65.628957
127380, -65.434722
127440, -65.239986
127500, -65.044823
127560, -64.849313
127620, -64.653506
127680, -64.457455
127740, -64.261218
127800, -64.064864
127860, -63.868465
127920, -63.672058
127980, -63.475675
128040, -63.279359
128100, -63.083163
128160, -62.887145
128220, -62.691328
128280, -62.495714
128340, -62.300322
128400, -62.105182
128460, -61.910337
128520, -61.715790
128580, -61.521505
128640, -61.327468
128700, -61.133683
128760, -60.940167
128820, -60.746909
128880, -60.553823
128940, -60.360854
129000, -60.167968
129060, -59.975154
129120, -59.782390
129180, -59.589526
129240, -59.396452
129300, -59.203087
129360, -59.009376
129420, -58.815285
129480, -58.620588
129540, -58.425102
129600, -58.228680
129660, -58.031207
129720, -57.832593
129780, -57.632539
129840, -57.430753
129900, -57.226992
129960, -57.021049
130020, -56.812746
130080, -56.601611
130140, -56.387200
130200, -56.169119
130260, -55.947009
130320, -55.720435
130380, -55.488640
130440, -55.250934
130500, -55.006661
130560, -54.755192
130620, -54.495323
130680, -54.225888
130740, -53.945743
130800, -53.653589
130860, -53.347461
130920, -53.025392
130980, -52.685354
131040, -52.324254
131100, -51.938808
131160, -51.525336
131220, -51.078701
131280, -50.593407
131340, -50.061963
131400, -49.475852
131460, -48.823574
131520, -48.091334
131580, -47.261340
131640, -46.310286
131700, -45.208132
131760, -43.915576
131820, -42.380658
131880, -40.533912
131940, -38.283899
132000, -35.511613
132060, -32.068186
132120, -27.783113
132180, -22.499323
132240, -16.156385
132300, -8.932227
132360, -1.382503
132420, 5.603613
132480, 11.146014
132540, 14.769132
132600, 16.496324
132660, 16.655548
132720, 15.649665
132780, 13.831133
132840, 11.468795
132900, 8.756226
132960, 5.830017
133020, 2.785899
133080, -0.309375
133140, -3.409713
133200, -6.483888
133260, -9.511437
133320, -12.479737
133380, -15.381932
133440, -18.215489
133500, -20.981284
133560, -23.683138
133620, -26.328399
133680, -28.926893
133740, -31.491514
133800, -34.039261
133860, -36.589646
133920, -39.165812
133980, -41.791999
134040, -44.492094
134100, -47.285205
134160, -50.179515
134220, -53.163112
134280, -56.193060
134340, -59.187393
134400, -62.027934
134460, -64.581607
134520, -66.736910
134580, -68.440028
134640, -69.703695
134700, -70.589342
134760, -71.177875
134820, -71.547015
134880, -71.760389
134940, -71.865599
135000, -71.896404
135060, -71.876049
135120, -71.820291
135180, -71.739744
135240, -71.641548
135300, -71.530519
135360, -71.409918
135420, -71.281969
135480, -71.148201
135540, -71.009672
135600, -70.867123
135660, -70.721079
135720, -70.571919
135780, -70.419921
135840, -70.265294
135900, -70.108199
135960, -69.948765
136020, -69.787098
136080, -69.623284
136140, -69.457404
136200, -69.289529
136260, -69.119729
136320, -68.948071
136380, -68.774621
136440, -68.599437
136500, -68.422584
136560, -68.244125
136620, -68.064128
136680, -67.882663
136740, -67.699793
136800, -67.515582
136860, -67.330099
136920, -67.143415
136980, -66.955606
137040, -66.766746
137100, -66.576896
137160, -66.386125
137220, -66.194509
137280, -66.002124
137340, -65.809052
137400, -65.615348
137460, -65.421076
137520, -65.226308
137580, -65.031118
137640, -64.835586
137700, -64.639761
137760, -64.443695
137820, -64.247448
137880, -64.051089
137940, -63.854689
138000, -63.658283
138060, -63.461903
138120, -63.265594
138180, -63.069408
138240, -62.873405
138300, -62.677603
138360, -62.482003
138420, -62.286627
138480, -62.091507
138540, -61.896684
138600, -61.702156
138660, -61.507888
138720, -61.313867
138780, -61.120100
138840, -60.926603
138900, -60.733358
138960, -60.540281
139020, -60.347317
139080, -60.154437
139140, -59.961626
139200, -59.768856
139260, -59.575978
139320, -59.382883
139380, -59.189494
139440, -58.995757
139500, -58.801632
139560, -58.606888
139620, -58.411342
139680, -58.214851
139740, -58.017302
139800, -57.818606
139860, -57.618446
139920, -57.416534
139980, -57.212630
140040, -57.006531
140100, -56.798058
140160, -56.586718
140220, -56.372070
140280, -56.153724
140340, -55.931325
140400, -55.704406
140460, -55.472218
140520, -55.234071
140580, -54.989315
140640, -54.737293
140700, -54.476789
140760, -54.206640
140820, -53.925700
140880, -53.632617
140940, -53.325426
141000, -53.002155
141060, -52.660772
141120, -52.298096
141180, -51.910833
141240, -51.495197
141300, -51.046028
141360, -50.557800
141420, -50.022844
141480, -49.432588
141540, -48.775284
141600, -48.036843
141660, -47.199322
141720, -46.238953
141780, -45.125129
141840, -43.817828
141900, -42.263836
141960, -40.392537
142020, -38.110687
142080, -35.297297
142140, -31.801489
142200, -27.452293
142260, -22.095943
142320, -15.682692
142380, -8.413853
142440, -0.872823
142500, 6.039049
142560, 11.458521
142620, 14.945271
142680, 16.552015
142740, 16.618212
142800, 15.545960
142860, 13.682294
142920, 11.290373
142980, 8.559271
143040, 5.622264
143100, 2.572755
143160, -0.524144
143220, -3.623518
143280, -6.694988
143340, -9.718715
143400, -12.682544
143460, -15.579979
143520, -18.408790
143580, -21.170121
143640, -23.868000
143700, -26.509572
143760, -29.105272
143820, -31.668166
143880, -34.215393
143940, -36.766925
144000, -39.345744
144060, -41.976327
144120, -44.682330
144180, -47.482387
144240, -50.383505
144300, -53.371902
144360, -56.402169
144420, -59.389668
144480, -62.214324
144540, -64.743264
144600, -66.868350
144660, -68.540204
144720, -69.775572
144780, -70.638179
144840, -71.209294
144900, -71.565890
144960, -71.770492
145020, -71.869653
145080, -71.896304
145140, -71.873085
145200, -71.815333
145260, -71.733378
145320, -71.634168
145380, -71.522390
145440, -71.401223
145500, -71.272831
145560, -71.138705
145620, -70.999877
145680, -70.857072
145740, -70.710802
145800, -70.561438
145860, -70.409251
145920, -70.254448
145980, -70.097187
146040, -69.937595
146100, -69.775776
146160, -69.611817
146220, -69.445795
146280, -69.277784
146340, -69.107853
146400, -68.936069
146460, -68.762496
146520, -68.587194
146580, -68.410227
146640, -68.231659
146700, -68.051558
146760, -67.869993
146820, -67.687028
146880, -67.502726
146940, -67.317157
147000, -67.130393
147060, -66.942509
147120, -66.753577
147180, -66.563661
147240, -66.372829
147300, -66.181157
147360, -65.988722
147420, -65.795603
147480, -65.601857
147540, -65.407548
147600, -65.212748
147660, -65.017532
147720, -64.821980
147780, -64.626137
147840, -64.430057
147900, -64.233800
147960, -64.037436
148020, -63.841036
148080, -63.644631
148140, -63.448256
148200, -63.251953
148260, -63.055778
148320, -62.859791
148380, -62.664003
148440, -62.468418
148500, -62.273059
148560, -62.077958
148620, -61.883157
148680, -61.688648
148740, -61.494397
148800, -61.300394
148860, -61.106644
148920, -60.913167
148980, -60.719935
149040, -60.526866
149100, -60.333908
149160, -60.141032
149220, -59.948226
149280, -59.755449
149340, -59.562556
149400, -59.369442
149460, -59.176029
149520, -58.982265
149580, -58.788097
149640, -58.593298
149700, -58.397687
149760, -58.201124
149820, -58.003496
149880, -57.804716
149940, -57.604448
150000, -57.402410
150060, -57.198363
150120, -56.992107
150180, -56.783453
150240, -56.571898
150300, -56.357007
150360, -56.138392
150420, -55.915700
150480, -55.688434
150540, -55.455850
150600, -55.217262
150660, -54.972021
150720, -54.719431
150780, -54.458280
150840, -54.187407
150900, -53.905665
150960, -53.611645
151020, -53.303383
151080, -52.978905
151140, -52.636108
151200, -52.271796
151260, -51.882665
151320, -51.464814
151380, -51.013062
151440, -50.521846
151500, -49.983321
151560, -49.388793
151620, -48.726331
151680, -47.981543
151740, -47.136258
151800, -46.166317
151860, -45.040522
151920, -43.718118
151980, -42.144599
152040, -40.248177
152100, -37.933769
152160, -35.078301
152220, -31.528937
152280, -27.114413
152340, -21.684251
152400, -15.201674
152460, -7.890610
152520, -0.361981
152580, 6.470591
152640, 11.763460
152700, 15.113152
152760, 16.600250
152820, 16.574769
152880, 15.437410
152940, 13.529608
153000, 11.108841
153060, 8.359744
153120, 5.412330
153180, 2.357720
153240, -0.740588
153300, -3.838829
153360, -6.907462
153420, -9.927260
153480, -12.886527
153540, -15.779124
153600, -18.603119
153660, -21.359926
153720, -24.053837
153780, -26.691867
153840, -29.284816
153900, -31.846230
153960, -34.393045
154020, -36.945810
154080, -39.527378
154140, -42.162497
154200, -44.874538
154260, -47.681691
154320, -50.589760
154380, -53.583031
154440, -56.613534
154500, -59.593892
154560, -62.402133
154620, -64.905707
154680, -67.000016
154740, -68.640243
154800, -69.847160
154860, -70.686712
154920, -71.240453
154980, -71.584563
155040, -71.780439
155100, -71.873587
155160, -71.896106
155220, -71.870037
155280, -71.810300
155340, -71.726940
155400, -71.626718
155460, -71.514193
155520, -71.392458
155580, -71.263623
155640, -71.129138
155700, -70.990011
155760, -70.846948
155820, -70.700451
155880, -70.550881
155940, -70.398506
156000, -70.243526
156060, -70.086098
156120, -69.926347
156180, -69.764376
156240, -69.600269
156300, -69.434106
156360, -69.265959
156420, -69.095896
156480, -68.923985
156540, -68.750289
156600, -68.574869
156660, -68.397787
156720, -68.219109
156780, -68.038904
156840, -67.857239
156900, -67.674179
156960, -67.489786
157020, -67.304131
157080, -67.117286
157140, -66.929327
157200, -66.740324
157260, -66.550341
157320, -66.359448
157380, -66.167720
157440, -65.975234
157500, -65.782069
157560, -65.588281
157620, -65.393936
157680, -65.199103
157740, -65.003861
157800, -64.808289
157860, -64.612429
157920, -64.416335
157980, -64.220069
158040, -64.023700
158100, -63.827301
158160, -63.630898
158220, -63.434527
158280, -63.238232
158340, -63.042068
158400, -62.846096
158460, -62.650323
158520, -62.454754
158580, -62.259412
158640, -62.064330
158700, -61.869553
158760, -61.675063
158820, -61.480829
158880, -61.286844
158940, -61.093112
159000, -60.899655
159060, -60.706436
159120, -60.513376
159180, -60.320424
159240, -60.127553
159300, -59.934751
159360, -59.741968
159420, -59.549061
159480, -59.355927
159540, -59.162490
159600, -58.968699
159660, -58.774489
159720, -58.579634
159780, -58.383958
159840, -58.187322
159900, -57.989615
159960, -57.790737
160020, -57.590351
160080, -57.388177
160140, -57.183981
160200, -56.977563
160260, -56.768712
160320, -56.556930
160380, -56.341785
160440, -56.122892
160500, -55.899899
160560, -55.672279
160620, -55.439293
160680, -55.200257
160740, -54.954524
160800, -54.701358
160860, -54.439552
160920, -54.167945
160980, -53.885390
161040, -53.590421
161100, -53.281075
161160, -52.955373
161220, -52.611137
161280, -52.245163
161340, -51.854132
161400, -51.434032
161460, -50.979656
161520, -50.485337
161580, -49.943126
161640, -49.344118
161700, -48.676291
161760, -47.924931
161820, -47.071478
161880, -46.091535
161940, -44.953283
162000, -43.615018
162060, -42.021084
162120, -40.098465
162180, -37.750160
162240, -34.850797
162300, -31.245732
162360, -26.763291
162420, -21.257571
162480, -14.704669
162540, -7.353367
162600, 0.157346
162660, 6.904798
162720, 12.066832
162780, 15.277051
162840, 16.643527
162900, 16.526159
162960, 15.323765
163020, 13.371971
163080, 10.922520
163140, 8.155572
163200, 5.197922
163260, 2.138388
163320, -0.961151
163380, -4.058089
163440, -7.123779
163500, -10.139654
163560, -13.094435
163620, -15.982221
163680, -18.801212
163740, -21.553249
163800, -24.242954
163860, -26.877640
163920, -29.467808
163980, -32.027662
164040, -34.574079
164100, -37.128106
164160, -39.712718
164220, -42.352595
164280, -45.070910
164340, -47.885276
164400, -50.800449
164460, -53.798673
164520, -56.829296
164580, -59.802093
164640, -62.593190
164700, -65.070489
164760, -67.132990
164820, -68.740708
164880, -69.918750
164940, -70.735083
165000, -71.271410
165060, -71.603038
165120, -71.790207
165180, -71.877355
165240, -71.895753
165300, -71.866839
165360, -71.805118
165420, -71.720355
165480, -71.619119
165540, -71.505845
165600, -71.383540
165660, -71.254258
165720, -71.119412
165780, -70.979984
165840, -70.836661
165900, -70.689934
165960, -70.540157
166020, -70.387590
166080, -70.232431
166140, -70.074834
166200, -69.914922
166260, -69.752796
166320, -69.588541
166380, -69.422235
166440, -69.253949
166500, -69.083752
166560, -68.911713
166620, -68.737892
166680, -68.562352
166740, -68.385155
166800, -68.206366
166860, -68.026055
166920, -67.844290
166980, -67.661133
167040, -67.476648
167100, -67.290906
167160, -67.103980
167220, -66.915944
167280, -66.726869
167340, -66.536819
167400, -66.345864
167460, -66.154079
167520, -65.961543
167580, -65.768332
167640, -65.574502
167700, -65.380119
167760, -65.185255
167820, -64.989986
167880, -64.794392
167940, -64.598513
168000, -64.402405
168060, -64.206130
168120, -64.009756
168180, -63.813357
168240, -63.616957
168300, -63.420591
168360, -63.224304
168420, -63.028152
168480, -62.832197
168540, -62.636439
168600, -62.440886
168660, -62.245562
168720, -62.050501
168780, -61.855747
168840, -61.661277
168900, -61.467062
168960, -61.273094
169020, -61.079381
169080, -60.885945
169140, -60.692739
169200, -60.499688
169260, -60.306742
169320, -60.113876
169380, -59.921079
169440, -59.728289
169500, -59.535368
169560, -59.342213
169620, -59.148751
169680, -58.954934
169740, -58.760680
169800, -58.565769
169860, -58.370026
169920, -58.173315
169980, -57.975527
170040, -57.776544
170100, -57.576034
170160, -57.373719
170220, -57.169368
170280, -56.962783
170340, -56.753729
170400, -56.541715
170460, -56.326310
170520, -56.107133
170580, -55.883832
170640, -55.655851
170700, -55.422453
170760, -55.182960
170820, -54.936724
170880, -54.682971
170940, -54.420495
171000, -54.148138
171060, -53.864753
171120, -53.568815
171180, -53.258361
171240, -52.931410
171300, -52.585702
171360, -52.218029
171420, -51.825058
171480, -51.402658
171540, -50.945600
171600, -50.448060
171660, -49.902040
171720, -49.298412
171780, -48.625061
171840, -47.866941
171900, -47.005088
171960, -46.014861
172020, -44.863802
172080, -43.509075
172140, -41.894013
172200, -39.944013
172260, -37.560315
172320, -34.615260
172380, -30.952370
172440, -26.399646
172500, -20.816387
172560, -14.192658
172620, -6.803098
172680, 0.685193
172740, 7.341256
172800, 12.367331
172860, 15.435390
172920, 16.680561
172980, 16.471467
173040, 15.204429
173100, 13.209039
173160, 10.731246
173220, 7.946709
173280, 4.979065
173340, 1.914842
173400, -1.185752
173460, -4.281321
173520, -7.344030
173580, -10.355877
173640, -13.306033
173700, -16.188958
173760, -19.003123
173820, -21.750209
173880, -24.435416
173940, -27.066467
174000, -29.653810
174060, -32.211992
174120, -34.758360
174180, -37.313768
174240, -39.901608
174300, -42.546384
174360, -45.271144
174420, -48.092711
174480, -51.014759
174540, -54.017736
174600, -57.048117
174660, -60.012601
174720, -62.785693
174780, -65.235892
174840, -67.265730
174900, -68.840526
174960, -69.989582
175020, -70.782746
175080, -71.301766
175140, -71.621022
175200, -71.799570
175260, -71.880782
175320, -71.895101
175380, -71.863370
175440, -71.799684
175500, -71.713527
175560, -71.611284
175620, -71.497263
175680, -71.374390
175740, -71.244661
175800, -71.109452
175860, -70.969719
175920, -70.826135
175980, -70.679175
176040, -70.529187
176100, -70.376426
176160, -70.221085
176220, -70.063316
176280, -69.903241
176340, -69.740958
176400, -69.576551
176460, -69.410099
176520, -69.241672
176580, -69.071340
176640, -68.899169
176700, -68.725222
176760, -68.549559
176820, -68.372244
176880, -68.193343
176940, -68.012924
177000, -67.831056
177060, -67.647801
177120, -67.463223
177180, -67.277393
177240, -67.090383
177300, -66.902270
177360, -66.713122
177420, -66.523004
177480, -66.331986
177540, -66.140144
177600, -65.947557
177660, -65.754298
177720, -65.560425
177780, -65.366004
177840, -65.171108
177900, -64.975814
177960, -64.780196
178020, -64.584298
178080, -64.388175
178140, -64.191890
178200, -63.995513
178260, -63.799114
178320, -63.602716
178380, -63.406354
178440, -63.210076
178500, -63.013937
178560, -62.817998
178620, -62.622257
178680, -62.426721
178740, -62.231416
178800, -62.036376
178860, -61.841646
178920, -61.647197
178980, -61.453001
179040, -61.259052
179100, -61.065359
179160, -60.871944
179220, -60.678753
179280, -60.485711
179340, -60.292772
179400, -60.099910
179460, -59.907118
179520, -59.714322
179580, -59.521386
179640, -59.328210
179700, -59.134724
179760, -58.940878
179820, -58.746580
179880, -58.551611
179940, -58.355800
180000, -58.159012
180060, -57.961141
180120, -57.762052
180180, -57.561414
180240, -57.358955
180300, -57.154446
180360, -56.947689
180420, -56.738428
180480, -56.526176
180540, -56.310505
180600, -56.091036
180660, -55.867420
180720, -55.639069
180780, -55.405250
180840, -55.165288
180900, -54.918538
180960, -54.664182
181020, -54.401021
181080, -54.127896
181140, -53.843660
181200, -53.546729
181260, -53.235140
181320, -52.906907
181380, -52.559691
181440, -52.190276
181500, -51.795315
181560, -51.370557
181620, -50.910748
181680, -50.409903
181740, -49.859975
181800, -49.251607
181860, -48.572585
181920, -47.807524
181980, -46.937046
182040, -45.936009
182100, -44.771327
182160, -43.399246
182220, -41.762020
182280, -39.783308
182340, -37.362357
182400, -34.369346
182460, -30.645876
182520, -26.020343
182580, -20.356683
182640, -13.661468
182700, -6.236425
182760, 1.223355
182820, 7.781270
182880, 12.666257
182940, 15.589338
183000, 16.711979
183060, 16.410736
183120, 15.078959
183180, 13.040006
183240, 10.533960
183300, 7.731959
183360, 4.754418
183420, 1.685594
183480, -1.415922
183540, -4.509895
183600, -7.569336
183660, -10.576866
183720, -13.522125
183780, -16.399944
183840, -19.209105
183900, -21.951575
183960, -24.632258
184020, -27.259538
184080, -29.844298
184140, -32.400830
184200, -34.947145
184260, -37.503958
184320, -40.095132
184380, -42.745042
184440, -45.476512
184500, -48.305575
184560, -51.234409
184620, -54.241264
184680, -57.269871
184740, -60.224228
184800, -62.977363
184860, -65.399462
184920, -67.396264
184980, -68.938201
185040, -70.058574
185100, -70.828924
185160, -71.330988
185220, -71.638158
185280, -71.808299
185340, -71.883727
185400, -71.894071
185460, -71.859594
185520, -71.793990
185580, -71.706471
185640, -71.603241
185700, -71.488487
185760, -71.365053
185820, -71.234883
185880, -71.099314
185940, -70.959279
186000, -70.815433
186060, -70.668241
186120, -70.518041
186180, -70.365084
186240, -70.209561
186300, -70.051619
186360, -69.891378
186420, -69.728936
186480, -69.564376
186540, -69.397776
186600, -69.229207
186660, -69.058738
186720, -68.886434
186780, -68.712359
186840, -68.536572
186900, -68.359139
186960, -68.180123
187020, -67.999595
187080, -67.817623
187140, -67.634269
187200, -67.449597
187260, -67.263677
187320, -67.076583
187380, -66.888392
187440, -66.699170
187500, -66.508984
187560, -66.317902
187620, -66.126003
187680, -65.933363
187740, -65.740056
187800, -65.546140
187860, -65.351682
187920, -65.156754
187980, -64.961433
188040, -64.765792
188100, -64.569875
188160, -64.373737
188220, -64.177443
188280, -63.981061
188340, -63.784660
188400, -63.588262
188460, -63.391904
188520, -63.195633
188580, -62.999507
188640, -62.803585
188700, -62.607860
188760, -62.412342
188820, -62.217055
188880, -62.022037
188940, -61.827333
189000, -61.632905
189060, -61.438729
189120, -61.244799
189180, -61.051126
189240, -60.857732
189300, -60.664555
189360, -60.471522
189420, -60.278589
189480, -60.085733
189540, -59.892945
189600, -59.700142
189660, -59.507190
189720, -59.313993
189780, -59.120480
189840, -58.926605
189900, -58.732260
189960, -58.537231
190020, -58.341350
190080, -58.144483
190140, -57.946526
190200, -57.747326
190260, -57.546557
190320, -57.343949
190380, -57.139276
190440, -56.932343
190500, -56.722870
190560, -56.510372
190620, -56.294427
190680, -56.074659
190740, -55.850719
190800, -55.621987
190860, -55.387736
190920, -55.147292
190980, -54.900013
191040, -54.645039
191100, -54.381173
191160, -54.107259
191220, -53.822150
191280, -53.524198
191340, -53.211443
191400, -52.881893
191460, -52.533128
191520, -52.161924
191580, -51.764918
191640, -51.337737
191700, -50.875100
191760, -50.370858
191820, -49.816912
191880, -49.203669
191940, -48.518817
192000, -47.746616
192060, -46.867264
192120, -45.855083
192180, -44.676301
192240, -43.286287
192300, -41.626178
192360, -39.617837
192420, -37.158463
192480, -34.116033
192540, -30.330205
192600, -25.629852
192660, -19.885624
192720, -13.119681
192780, -5.662277
192840, 1.763161
192900, 8.216930
192960, 12.957190
193020, 15.734452
193080, 16.735185
193140, 16.342829
193200, 14.947282
193260, 12.865524
193320, 10.331789
193380, 7.512793
193440, 4.525736
193500, 1.452619
193560, -1.649567
193620, -4.741734
193680, -7.797728
193740, -10.800782
193800, -13.741002
193860, -16.613586
193920, -19.417628
193980, -22.155385
194040, -24.831907
194100, -27.455490
194160, -30.037655
194220, -32.592628
194280, -35.138946
194340, -37.697560
194400, -40.292320
194460, -42.947675
194520, -45.686126
194580, -48.522955
194640, -51.458801
194700, -54.469620
194760, -57.496275
194820, -60.439972
194880, -63.172296
194940, -65.564773
195000, -67.527525
195060, -69.036010
195120, -70.127391
195180, -70.874824
195240, -71.359926
195300, -71.655036
195360, -71.816798
195420, -71.886462
195480, -71.892846
195540, -71.855631
195600, -71.788111
195660, -71.699232
195720, -71.595014
195780, -71.479525
195840, -71.355529
195900, -71.224914
195960, -71.088983
196020, -70.948643
196080, -70.804532
196140, -70.657105
196200, -70.506691
196260, -70.353536
196320, -70.197827
196380, -70.039709
196440, -69.879300
196500, -69.716697
196560, -69.551982
196620, -69.385233
196680, -69.216519
196740, -69.045910
196800, -68.873472
196860, -68.699266
196920, -68.523354
196980, -68.345800
197040, -68.166669
197100, -67.986030
197160, -67.803952
197220, -67.620497
197280, -67.435729
197340, -67.249718
197400, -67.062540
197460, -66.874270
197520, -66.684974
197580, -66.494717
197640, -66.303572
197700, -66.111614
197760, -65.918923
197820, -65.725568
197880, -65.531609
197940, -65.337113
198000, -65.142153
198060, -64.946805
198120, -64.751141
198180, -64.555205
198240, -64.359053
198300, -64.162749
198360, -63.966364
198420, -63.769960
198480, -63.573563
198540, -63.377209
198600, -63.180947
198660, -62.984834
198720, -62.788925
198780, -62.593213
198840, -62.397710
198900, -62.202442
198960, -62.007445
199020, -61.812766
199080, -61.618360
199140, -61.424204
199200, -61.230294
199260, -61.036642
199320, -60.843271
199380, -60.650109
199440, -60.457087
199500, -60.264162
199560, -60.071311
199620, -59.878529
199680, -59.685719
199740, -59.492752
199800, -59.299533
199860, -59.105994
199920, -58.912090
199980, -58.717699
200040, -58.522609
200100, -58.326656
200160, -58.129710
200220, -57.931666
200280, -57.732354
200340, -57.531451
200400, -57.328693
200460, -57.123854
200520, -56.916741
200580, -56.707051
200640, -56.494304
200700, -56.278081
200760, -56.058008
200820, -55.833739
200880, -55.604619
200940, -55.369927
201000, -55.128993
201060, -54.881175
201120, -54.625571
201180, -54.360987
201240, -54.086270
201300, -53.800271
201360, -53.501280
201420, -53.187336
201480, -52.856445
201540, -52.506100
201600, -52.133071
201660, -51.733981
201720, -51.304328
201780, -50.838807
201840, -50.331099
201900, -49.773053
201960, -49.154834
202020, -48.464030
202080, -47.684541
202140, -46.796128
202200, -45.772565
202260, -44.579381
202320, -43.171048
202380, -41.487573
202440, -39.448983
202500, -36.950399
202560, -33.857559
202620, -30.008363
202680, -25.232029
202740, -19.406345
202800, -12.571755
202860, -5.087249
202920, 2.297898
202980, 8.642623
203040, 13.236227
203100, 15.868300
203160, 16.749175
203220, 16.267883
203280, 14.810365
203340, 12.687130
203400, 10.126675
203460, 7.291396
203520, 4.295337
203580, 1.218296
203640, -1.884292
203700, -4.974459
203760, -8.026859
203820, -11.025364
203880, -13.960506
203940, -16.827784
204000, -19.626634
204060, -22.359612
204120, -25.032061
204180, -27.652056
204240, -30.231654
204300, -32.785561
204360, -35.332087
204420, -37.892753
204480, -40.491259
204540, -43.152226
204600, -45.897728
204660, -48.742433
204720, -51.685387
204780, -54.700162
204840, -57.724656
204900, -60.657228
204960, -63.368076
205020, -65.730185
205080, -67.658365
205140, -69.133160
205200, -70.195489
205260, -70.920097
205320, -71.388366
205380, -71.671535
205440, -71.825009
205500, -71.888974
205560, -71.891440
205620, -71.851515
205680, -71.782098
205740, -71.691868
205800, -71.586669
205860, -71.470449
205920, -71.345892
205980, -71.214833
206040, -71.078540
206100, -70.937894
206160, -70.793518
206220, -70.645854
206280, -70.495225
206340, -70.341871
206400, -70.185975
206460, -70.027680
206520, -69.867102
206580, -69.704337
206640, -69.539466
206700, -69.372565
206760, -69.203706
206820, -69.032956
206880, -68.860383
206940, -68.686047
207000, -68.510008
207060, -68.332332
207120, -68.153085
207180, -67.972335
207240, -67.790151
207300, -67.606594
207360, -67.421729
207420, -67.235628
207480, -67.048365
207540, -66.860015
207600, -66.670644
207660, -66.480319
207720, -66.289110
207780, -66.097094
207840, -65.904350
207900, -65.710947
207960, -65.516945
208020, -65.322411
208080, -65.127419
208140, -64.932046
208200, -64.736359
208260, -64.540404
208320, -64.344238
208380, -64.147925
208440, -63.951536
208500, -63.755131
208560, -63.558735
208620, -63.362386
208680, -63.166133
208740, -62.970033
208800, -62.774137
208860, -62.578439
208920, -62.382952
208980, -62.187703
209040, -61.992728
209100, -61.798072
209160, -61.603686
209220, -61.409549
209280, -61.215658
209340, -61.022027
209400, -60.828679
209460, -60.635533
209520, -60.442521
209580, -60.249604
209640, -60.056760
209700, -59.863984
209760, -59.671169
209820, -59.478187
209880, -59.284947
209940, -59.091382
210000, -58.897450
210060, -58.703012
210120, -58.507862
210180, -58.311838
210240, -58.114812
210300, -57.916682
210360, -57.717257
210420, -57.516220
210480, -57.313310
210540, -57.108305
210600, -56.901012
210660, -56.691104
210720, -56.478106
210780, -56.261603
210840, -56.041223
210900, -55.816622
210960, -55.587112
211020, -55.351977
211080, -55.110548
211140, -54.862189
211200, -54.605949
211260, -54.340643
211320, -54.065116
211380, -53.778218
211440, -53.478179
211500, -53.163036
211560, -52.830793
211620, -52.478855
211680, -52.103984
211740, -51.702790
211800, -51.270642
211860, -50.802209
211920, -50.291002
211980, -49.728814
212040, -49.105570
212100, -48.408752
212160, -47.621899
212220, -46.724328
212280, -45.689261
212340, -44.481519
212400, -43.054670
212460, -41.347583
212520, -39.278436
212580, -36.740266
212640, -33.596477
212700, -29.683438
212760, -24.831629
212820, -18.925755
212880, -12.024380
212940, -4.515901
213000, 2.823626
213060, 9.055965
213120, 13.502949
213180, 15.992096
213240, 16.756059
213300, 16.188471
213360, 14.671010
213420, 12.507754
213480, 9.921594
213540, 7.070706
213600, 4.066125
213660, 0.985495
213720, -2.117281
213780, -5.205403
213840, -8.254350
213900, -11.248522
213960, -14.178844
214020, -17.041078
214080, -19.834698
214140, -22.562667
214200, -25.230775
214260, -27.847449
214320, -30.424444
214380, -32.977158
214440, -35.523759
214500, -38.086374
214560, -40.688676
214620, -43.355265
214680, -46.107801
214740, -48.960128
214800, -51.910028
214860, -54.928592
214920, -57.950691
214980, -60.871831
215040, -63.560909
215100, -65.892531
215160, -67.786293
215220, -69.227803
215280, -70.261611
215340, -70.963915
215400, -71.415787
215460, -71.687343
215520, -71.832764
215580, -71.891192
215640, -71.889850
215700, -71.847288
215760, -71.776024
215820, -71.684478
215880, -71.578321
215940, -71.461385
216000, -71.336278
216060, -71.204784
216120, -71.068134
216180, -70.927187
216240, -70.782548
216300, -70.634650
216360, -70.483808
216420, -70.330257
216480, -70.174176
216540, -70.015705
216600, -69.854960
216660, -69.692033
216720, -69.527007
216780, -69.359957
216840, -69.190954
216900, -69.020065
216960, -68.847357
217020, -68.672891
217080, -68.496727
217140, -68.318931
217200, -68.139569
217260, -67.958709
217320, -67.776419
217380, -67.592761
217440, -67.407801
217500, -67.221610
217560, -67.034262
217620, -66.845834
217680, -66.656390
217740, -66.465995
217800, -66.274723
217860, -66.082650
217920, -65.889855
217980, -65.696405
218040, -65.502360
218100, -65.307789
218160, -65.112766
218220, -64.917367
218280, -64.721658
218340, -64.525685
218400, -64.329505
218460, -64.133184
218520, -63.936793
218580, -63.740386
218640, -63.543992
218700, -63.347648
218760, -63.151404
218820, -62.955318
218880, -62.759435
218940, -62.563752
219000, -62.368281
219060, -62.173050
219120, -61.978099
219180, -61.783461
219240, -61.589093
219300, -61.394973
219360, -61.201101
219420, -61.007490
219480, -60.814165
219540, -60.621034
219600, -60.428034
219660, -60.235125
219720, -60.042288
219780, -59.849519
219840, -59.656699
219900, -59.463703
219960, -59.270443
220020, -59.076853
220080, -58.882893
220140, -58.688410
220200, -58.493202
220260, -58.297107
220320, -58.100002
220380, -57.901786
220440, -57.702250
220500, -57.501081
220560, -57.298021
220620, -57.092850
220680, -56.885379
220740, -56.675254
220800, -56.462007
220860, -56.245227
220920, -56.024542
220980, -55.799612
221040, -55.569714
221100, -55.334138
221160, -55.092219
221220, -54.843320
221280, -54.586449
221340, -54.320424
221400, -54.044091
221460, -53.756301
221520, -53.455219
221580, -53.138884
221640, -52.805294
221700, -52.451770
221760, -52.075067
221820, -51.671778
221880, -51.237146
221940, -50.765813
222000, -50.251119
222060, -49.684806
222120, -49.056554
222180, -48.353744
222240, -47.559551
222300, -46.652851
222360, -45.606314
222420, -44.384056
222480, -42.938748
222540, -41.207925
222600, -39.108146
222660, -36.530362
222720, -33.335652
222780, -29.358896
222840, -24.431954
222900, -18.447776
222960, -11.484196
223020, -3.958615
223080, 3.330678
223140, 9.448857
223200, 13.751092
223260, 16.101924
223320, 16.753908
223380, 16.104243
223440, 14.530021
223500, 12.329000
223560, 9.718683
223620, 6.853190
223680, 3.840725
223740, 0.756883
223800, -2.345914
223860, -5.431874
223920, -8.477221
223980, -11.466915
224040, -14.392306
224100, -17.249502
224160, -20.038276
224220, -22.761430
224280, -25.425206
224340, -28.038504
224400, -30.612954
224460, -33.164458
224520, -35.711540
224580, -38.276220
224640, -40.882476
224700, -43.554692
224760, -46.314221
224820, -49.173891
224880, -52.129920
224940, -55.151219
225000, -58.169632
225060, -61.078033
225120, -63.744810
225180, -66.046414
225240, -67.906790
225300, -69.316443
225360, -70.323196
225420, -71.004470
225480, -71.440939
225540, -71.701614
225600, -71.839499
225660, -71.892748
225720, -71.887845
225780, -71.842815
225840, -71.769819
225900, -71.677037
225960, -71.569977
226020, -71.452366
226080, -71.326737
226140, -71.194828
226200, -71.057836
226260, -70.916599
226320, -70.771707
226380, -70.623583
226440, -70.472534
226500, -70.318790
226560, -70.162528
226620, -70.003886
226680, -69.842976
226740, -69.679892
226800, -69.514714
226860, -69.347517
226920, -69.178372
226980, -69.007346
227040, -68.834506
227100, -68.659912
227160, -68.483626
227220, -68.305711
227280, -68.126236
227340, -67.945268
227400, -67.762874
227460, -67.579117
227520, -67.394064
227580, -67.207785
227640, -67.020354
227700, -66.831849
227760, -66.642332
227820, -66.451871
227880, -66.260537
227940, -66.068407
228000, -65.875562
228060, -65.682066
228120, -65.487980
228180, -65.293373
228240, -65.098319
228300, -64.902895
228360, -64.707165
228420, -64.511174
228480, -64.314982
228540, -64.118653
228600, -63.922259
228660, -63.725852
228720, -63.529459
228780, -63.333120
228840, -63.136886
228900, -62.940814
228960, -62.744945
229020, -62.549275
229080, -62.353821
229140, -62.158609
229200, -61.963680
229260, -61.769061
229320, -61.574710
229380, -61.380608
229440, -61.186754
229500, -60.993163
229560, -60.799856
229620, -60.606737
229680, -60.413746
229740, -60.220843
229800, -60.028012
229860, -59.835249
229920, -59.642423
229980, -59.449414
230040, -59.256133
230100, -59.062519
230160, -58.868532
230220, -58.674004
230280, -58.478737
230340, -58.282573
230400, -58.085390
230460, -57.887090
230520, -57.687444
230580, -57.486144
230640, -57.282936
230700, -57.077601
230760, -56.869954
230820, -56.659615
230880, -56.446122
230940, -56.229066
231000, -56.008080
231060, -55.782824
231120, -55.552542
231180, -55.316530
231240, -55.074125
231300, -54.824692
231360, -54.567196
231420, -54.300458
231480, -54.023328
231540, -53.734654
231600, -53.432539
231660, -53.115022
231720, -52.780098
231780, -52.425002
231840, -52.046482
231900, -51.641117
231960, -51.204022
232020, -50.729813
232080, -50.211662
232140, -49.641257
232200, -49.008036
232260, -48.299280
232320, -47.497803
232380, -46.582043
232440, -45.524121
232500, -44.287453
232560, -42.823821
232620, -41.069259
232680, -38.938923
232740, -36.321590
232800, -33.076132
232860, -29.035981
232920, -24.034450
232980, -17.972884
233040, -10.948814
233100, -3.408974
233160, 3.825229
233220, 9.827020
233280, 13.985665
233340, 16.201179
233400, 16.744484
233460, 16.015528
233520, 14.386622
233580, 12.149299
233640, 9.515826
233700, 6.636404
233760, 3.616473
233820, 0.529683
233880, -2.572939
233940, -5.656602
234000, -8.698265
234060, -11.683430
234120, -14.603865
234180, -17.456012
234240, -20.239940
234300, -22.958728
234360, -25.618315
234420, -28.228261
234480, -30.800633
234540, -33.351083
234600, -35.898760
234660, -38.465551
234720, -41.075812
234780, -43.753728
234840, -46.520320
234900, -49.387408
234960, -52.349474
235020, -55.373005
235080, -58.387014
235140, -61.281947
235200, -63.925510
235260, -66.196822
235320, -68.023823
235380, -69.402060
235440, -70.382397
235500, -71.043264
235560, -71.464836
235620, -71.715016
235680, -71.845642
235740, -71.893905
235800, -71.885571
235860, -71.838163
235920, -71.763497
235980, -71.669520
236040, -71.561586
236100, -71.443319
236160, -71.317183
236220, -71.184868
236280, -71.047542
236340, -70.906020
236400, -70.760879
236460, -70.612531
236520, -70.461277
236580, -70.307343
236640, -70.150902
236700, -69.992089
236760, -69.831017
236820, -69.667775
236880, -69.502446
236940, -69.335103
237000, -69.165817
237060, -68.994655
237120, -68.821684
237180, -68.646963
237240, -68.470555
237300, -68.292523
237360, -68.112935
237420, -67.931859
237480, -67.749363
237540, -67.565508
237600, -67.380362
237660, -67.193995
237720, -67.006483
237780, -66.817902
237840, -66.628313
237900, -66.437785
237960, -66.246390
238020, -66.054205
238080, -65.861310
238140, -65.667768
238200, -65.473642
238260, -65.278999
238320, -65.083915
238380, -64.888467
238440, -64.692716
238500, -64.496708
238560, -64.300503
238620, -64.104167
238680, -63.907771
238740, -63.711363
238800, -63.514972
238860, -63.318639
238920, -63.122415
238980, -62.926357
239040, -62.730502
239100, -62.534847
239160, -62.339409
239220, -62.144216
239280, -61.949309
239340, -61.754710
239400, -61.560376
239460, -61.366291
239520, -61.172456
239580, -60.978885
239640, -60.785591
239700, -60.592481
239760, -60.399496
239820, -60.206598
239880, -60.013771
239940, -59.821014
240000, -59.628182
240060, -59.435159
240120, -59.241858
240180, -59.048220
240240, -58.854206
240300, -58.659634
240360, -58.464309
240420, -58.268076
240480, -58.070816
240540, -57.872432
240600, -57.672676
240660, -57.471246
240720, -57.267890
240780, -57.062392
240840, -56.854569
240900, -56.644017
240960, -56.430278
241020, -56.212947
241080, -55.991660
241140, -55.766063
241200, -55.535385
241260, -55.298926
241320, -55.056027
241380, -54.806055
241440, -54.547928
241500, -54.280472
241560, -54.002539
241620, -53.712976
241680, -53.409823
241740, -53.091119
241800, -52.754854
241860, -52.398180
241920, -52.017834
241980, -51.610383
242040, -51.170813
242100, -50.693715
242160, -50.172088
242220, -49.597569
242280, -48.959352
242340, -48.244460
242400, -47.435521
242460, -46.510519
242520, -45.441010
242580, -44.189698
242640, -42.707459
242700, -40.928802
242760, -38.767287
242820, -36.109502
242880, -32.812267
242940, -28.707874
243000, -23.631819
243060, -17.494730
243120, -10.414547
243180, -2.866656
243240, 4.308203
243300, 10.191712
243360, 14.208044
243420, 16.291317
243480, 16.729499
243540, 15.924290
243600, 14.242973
243660, 11.970987
243720, 9.315495
243780, 6.422928
243840, 3.396060
243900, 0.306662
243960, -2.795575
244020, -5.876826
244080, -8.914753
244140, -11.895380
244200, -14.810877
244260, -17.658011
244320, -20.437136
244380, -23.151603
244440, -25.807505
244500, -28.414297
244560, -30.984659
244620, -33.534081
244680, -36.082369
244740, -38.651453
244800, -41.265799
244860, -43.949491
244920, -46.723167
244980, -49.597678
245040, -52.565773
245100, -55.591493
245160, -58.601010
245220, -61.482367
245280, -64.102692
245340, -66.343603
245400, -68.137597
245460, -69.484950
245520, -70.439548
245580, -71.080639
245640, -71.487824
245700, -71.727883
245760, -71.851514
245820, -71.894972
245880, -71.883332
245940, -71.833630
246000, -71.757351
246060, -71.662219
246120, -71.553440
246180, -71.434538
246240, -71.307910
246300, -71.175202
246360, -71.037551
246420, -70.895754
246480, -70.750371
246540, -70.601805
246600, -70.450353
246660, -70.296234
246720, -70.139619
246780, -69.980641
246840, -69.819411
246900, -69.656017
246960, -69.490542
247020, -69.323057
247080, -69.153635
247140, -68.982341
247200, -68.809243
247260, -68.634399
247320, -68.457872
247380, -68.279727
247440, -68.100030
247500, -67.918851
247560, -67.736256
247620, -67.552306
247680, -67.367070
247740, -67.180619
247800, -66.993027
247860, -66.804372
247920, -66.614714
247980, -66.424122
248040, -66.232667
248100, -66.040429
248160, -65.847487
248220, -65.653902
248280, -65.459736
248340, -65.265059
248400, -65.069946
248460, -64.874476
248520, -64.678704
248580, -64.482680
248640, -64.286464
248700, -64.090121
248760, -63.893723
248820, -63.697315
248880, -63.500927
248940, -63.304599
249000, -63.108385
249060, -62.912341
249120, -62.716499
249180, -62.520858
249240, -62.325436
249300, -62.130262
249360, -61.935377
249420, -61.740796
249480, -61.546480
249540, -61.352411
249600, -61.158594
249660, -60.965042
249720, -60.771761
249780, -60.578660
249840, -60.385680
249900, -60.192786
249960, -59.999963
250020, -59.807211
250080, -61.299513
250140, -62.607780
250200, -63.763784
250260, -64.790928
250320, -65.706144
250380, -66.522011
250440, -67.248474
250500, -67.893979
250560, -68.466083
250620, -68.971743
250680, -69.417505
250740, -69.809424
250800, -70.153135
250860, -70.453794
250920, -70.716073
250980, -70.944194
251040, -71.141939
251100, -71.312669
251160, -71.459369
251220, -71.584689
251280, -71.690974
251340, -71.780297
251400, -71.854486
251460, -71.915161
251520, -71.963750
251580, -72.001516
251640, -72.029576
251700, -72.048921
251760, -72.060428
251820, -72.064876
251880, -72.062960
251940, -72.055296
252000, -72.042438
252060, -72.024875
252120, -72.003049
252180, -71.977354
252240, -71.948144
252300, -71.915734
252360, -71.880412
252420, -71.842435
252480, -71.802036
252540, -71.759427
252600, -71.714800
252660, -71.668328
252720, -71.620169
252780, -71.570469
252840, -71.519360
252900, -71.466963
252960, -71.413388
253020, -71.358737
253080, -71.303105
253140, -71.246579
253200, -71.189237
253260, -71.131155
253320, -71.072400
253380, -71.013038
253440, -70.953127
253500, -70.892719
253560, -70.831864
253620, -70.770606
253680, -70.708991
253740, -70.647061
253800, -70.584853
253860, -70.522407
253920, -70.459757
253980, -70.396937
254040, -70.333979
254100, -70.270913
254160, -70.207769
254220, -70.144572
254280, -70.081350
254340, -70.018126
254400, -69.954925
254460, -69.891763
254520, -69.828658
254580, -69.765626
254640, -69.702684
254700, -69.639849
254760, -69.577137
254820, -69.514566
254880, -69.452151
254940, -69.389907
255000, -69.327851
255060, -69.265996
255120, -69.204357
255180, -69.142948
255240, -69.081781
255300, -69.020870
255360, -68.960226
255420, -68.899856
255480, -68.839762
255540, -68.779951
255600, -68.720429
255660, -68.661204
255720, -68.602283
255780, -68.543676
255840, -68.485389
255900, -68.427432
255960, -68.369814
256020, -68.312541
256080, -68.255623
256140, -68.199066
256200, -68.142880
256260, -68.087070
256320, -68.031645
256380, -67.976611
256440, -67.921970
256500, -67.867718
256560, -67.813854
256620, -67.760377
256680, -67.707290
256740, -67.654596
256800, -67.602298
256860, -67.550401
256920, -67.498909
256980, -67.447826
257040, -67.397158
257100, -67.346908
257160, -67.297082
257220, -67.247684
257280, -67.198718
257340, -67.150191
257400, -67.102104
257460, -67.054464
257520, -67.007273
257580, -66.960537
257640, -66.914246
257700, -66.868394
257760, -66.822977
257820, -66.777991
257880, -66.733436
257940, -66.689312
258000, -66.645621
258060, -66.602364
258120, -66.559545
258180, -66.517164
258240, -66.475225
258300, -66.433731
258360, -66.392685
258420, -66.352089
258480, -66.311947
258540, -66.272262
258600, -66.233036
258660, -66.194272
258720, -66.155973
258780, -66.118141
258840, -66.080780
258900, -66.043892
258960, -66.007478
259020, -65.971542
259080, -65.936074
259140, -65.901063
259200, -65.866504
259260, -65.832392
259320, -65.798724
259380, -65.765498
259440, -65.732716
259500, -65.700376
259560, -65.668479
259620, -65.637027
259680, -65.606022
259740, -65.575463
259800, -65.545355
259860, -65.515697
259920, -65.486491
259980, -65.457740
260040, -65.429446
260100, -65.401609
260160, -65.374231
260220, -65.347314
260280, -65.320859
260340, -65.294867
260400, -65.269341
260460, -65.244280
260520, -65.219686
260580, -65.195559
260640, -65.171902
260700, -65.148713
260760, -65.125994
260820, -65.103745
260880, -65.081967
260940, -65.060659
261000, -65.039822
261060, -65.019456
261120, -64.999560
261180, -64.980133
261240, -64.961166
261300, -64.942648
261360, -64.924573
261420, -64.906937
261480, -64.889736
261540, -64.872968
261600, -64.856628
261660, -64.840717
261720, -64.825233
261780, -64.810173
261840, -64.795538
261900, -64.781325
261960, -64.767534
262020, -64.754164
262080, -64.741213
262140, -64.728679
262200, -64.716563
262260, -64.704861
262320, -64.693573
262380, -64.682696
262440, -64.672229
262500, -64.662170
262560, -64.652517
262620, -64.643267
262680, -64.634417
262740, -64.625967
262800, -64.617911
262860, -64.610248
262920, -64.602975
262980, -64.596089
263040, -64.589586
263100, -64.583463
263160, -64.577716
263220, -64.572341
263280, -64.567335
263340, -64.562694
263400, -64.558414
263460, -64.554490
263520, -64.550918
263580, -64.547693
263640, -64.544811
263700, -64.542267
263760, -64.540057
263820, -64.538174
263880, -64.536615
263940, -64.535373
264000, -64.534444
264060, -64.533822
264120, -64.533502
264180, -64.533477
264240, -64.533743
264300, -64.534293
264360, -64.535121
264420, -64.536222
264480, -64.537590
264540, -64.539217
264600, -64.541099
264660, -64.543229
264720, -64.545600
264780, -64.548207
264840, -64.551042
264900, -64.554100
264960, -64.557374
265020, -64.560857
265080, -64.564543
265140, -64.568425
265200, -64.572496
265260, -64.576751
265320, -64.581182
265380, -64.585783
265440, -64.590547
265500, -64.595468
265560, -64.600538
265620, -64.605753
265680, -64.611104
265740, -64.616585
265800, -64.622190
265860, -64.627913
265920, -64.633747
265980, -64.639685
266040, -64.645722
266100, -64.651850
266160, -64.658065
266220, -64.664359
266280, -64.670726
266340, -64.677162
266400, -64.683658
266460, -64.690211
266520, -64.696813
266580, -64.703460
266640, -64.710146
266700, -64.716864
266760, -64.723610
266820, -64.730379
266880, -64.737165
266940, -64.743962
267000, -64.750767
267060, -64.757573
267120, -64.764377
267180, -64.771173
267240, -64.777957
267300, -64.784724
267360, -64.791470
267420, -64.798191
267480, -64.804882
267540, -64.811540
267600, -64.818160
267660, -64.824739
267720, -64.831273
267780, -64.837758
267840, -64.844192
267900, -64.850570
267960, -64.856890
268020, -64.863148
268080, -64.869341
268140, -64.875467
268200, -64.881523
268260, -64.887506
268320, -64.893413
268380, -64.899243
268440, -64.904993
268500, -64.910661
268560, -64.916244
268620, -64.921742
268680, -64.927151
268740, -64.932471
268800, -64.937699
268860, -64.942835
268920, -64.947877
268980, -64.952823
269040, -64.957672
269100, -64.962424
269160, -64.967076
269220, -64.971630
269280, -64.976082
269340, -64.980434
269400, -64.984684
269460, -64.988831
269520, -64.992876
269580, -64.996818
269640, -65.000656
269700, -65.004390
269760, -65.008019
269820, -65.011539
269880, -65.014951
269940, -65.018254
270000, -65.021448
270060, -65.024533
270120, -65.027509
270180, -65.030376
270240, -65.033135
270300, -65.035787
270360, -65.038333
270420, -65.040773
270480, -65.043109
270540, -65.045341
270600, -65.047471
270660, -65.049499
270720, -65.051428
270780, -65.053257
270840, -65.054990
270900, -65.056626
270960, -65.058167
271020, -65.059615
271080, -65.060971
271140, -65.062236
271200, -65.063413
271260, -65.064501
271320, -65.065504
271380, -65.066422
271440, -65.067258
271500, -65.068012
271560, -65.068686
271620, -65.069282
271680, -65.069801
271740, -65.070246
271800, -65.070617
271860, -65.070916
271920, -65.071146
271980, -65.071307
272040, -65.071401
272100, -65.071430
272160, -65.071396
272220, -65.071300
272280, -65.071144
272340, -65.070929
272400, -65.070658
272460, -65.070331
272520, -65.069951
272580, -65.069518
272640, -65.069035
272700, -65.068504
272760, -65.067925
272820, -65.067301
272880, -65.066633
272940, -65.065922
273000, -65.065170
273060, -65.064379
273120, -65.063550
273180, -65.062685
273240, -65.061785
273300, -65.060852
273360, -65.059887
273420, -65.058891
273480, -65.057866
273540, -65.056814
273600, -65.055735
273660, -65.054631
273720, -65.053504
273780, -65.052355
273840, -65.051185
273900, -65.049995
273960, -65.048787
274020, -65.047562
274080, -65.046321
274140, -65.045065
274200, -65.043796
274260, -65.042515
274320, -65.041223
274380, -65.039920
274440, -65.038609
274500, -65.037290
274560, -65.035964
274620, -65.034633
274680, -65.033296
274740, -65.031956
274800, -65.030614
274860, -65.029269
274920, -65.027923
274980, -65.026578
275040, -65.025233
275100, -65.023890
275160, -65.022550
275220, -65.021213
275280, -65.019880
275340, -65.018552
275400, -65.017230
275460, -65.015914
275520, -65.014605
275580, -65.013304
275640, -65.012011
275700, -65.010727
275760, -65.009453
275820, -65.008189
275880, -65.006936
275940, -65.005694
276000, -65.004465
276060, -65.003247
276120, -65.002042
276180, -65.000851
276240, -64.999673
276300, -64.998509
276360, -64.997360
276420, -64.996223
276480, -64.995101
276540, -64.993992
276600, -64.992897
276660, -64.991817
276720, -64.990751
276780, -64.989700
276840, -64.988663
276900, -64.987643
276960, -64.986637
277020, -64.985647
277080, -64.984674
277140, -64.983716
277200, -64.982775
277260, -64.981851
277320, -64.980943
277380, -64.980053
277440, -64.979180
277500, -64.978324
277560, -64.977486
277620, -64.976665
277680, -64.975862
277740, -64.975077
277800, -64.974311
277860, -64.973562
277920, -64.972831
277980, -64.972118
278040, -64.971424
278100, -64.970748
278160, -64.970090
278220, -64.969450
278280, -64.968829
278340, -64.968225
278400, -64.967640
278460, -64.967074
278520, -64.966525
278580, -64.965994
278640, -64.965481
278700, -64.964986
278760, -64.964509
278820, -64.964050
278880, -64.963608
278940, -64.963184
279000, -64.962777
279060, -64.962387
279120, -64.962014
279180, -64.961659
279240, -64.961320
279300, -64.960997
279360, -64.960691
279420, -64.960401
279480, -64.960127
279540, -64.959870
279600, -64.959627
279660, -64.959401
279720, -64.959189
279780, -64.958993
279840, -64.958811
279900, -64.958644
279960, -64.958491
280020, -64.958353
280080, -64.958228
280140, -64.958117
280200, -64.958020
280260, -64.957936
280320, -64.957864
280380, -64.957806
280440, -64.957760
280500, -64.957726
280560, -64.957703
280620, -64.957693
280680, -64.957694
280740, -64.957706
280800, -64.957729
280860, -64.957763
280920, -64.957807
280980, -64.957861
281040, -64.957925
281100, -64.957998
281160, -64.958081
281220, -64.958173
281280, -64.958273
281340, -64.958382
281400, -64.958499
281460, -64.958624
281520, -64.958757
281580, -64.958897
281640, -64.959045
281700, -64.959199
281760, -64.959360
281820, -64.959527
281880, -64.959701
281940, -64.959880
282000, -64.960065
282060, -64.960255
282120, -64.960450
282180, -64.960651
282240, -64.960855
282300, -64.961065
282360, -64.961278
282420, -64.961495
282480, -64.961716
282540, -64.961941
282600, -64.962168
282660, -64.962399
282720, -64.962632
282780, -64.962868
282840, -64.963106
282900, -64.963347
282960, -64.963589
283020, -64.963833
283080, -64.964078
283140, -64.964325
283200, -64.964573
283260, -64.964822
283320, -64.965072
283380, -64.965322
283440, -64.965572
283500, -64.965823
283560, -64.966074
283620, -64.966324
283680, -64.966575
283740, -64.966825
283800, -64.967074
283860, -64.967322
283920, -64.967570
283980, -64.967816
284040, -64.968062
284100, -64.968306
284160, -64.968548
284220, -64.968789
284280, -64.969028
284340, -64.969266
284400, -64.969501
284460, -64.969735
284520, -64.969966
284580, -64.970195
284640, -64.970421
284700, -64.970645
284760, -64.970867
284820, -64.971085
284880, -64.971301
284940, -64.971515
285000, -64.971725
285060, -64.971932
285120, -64.972137
285180, -64.972338
285240, -64.972536
285300, -64.972731
285360, -64.972922
285420, -64.973110
285480, -64.973295
285540, -64.973476
285600, -64.973654
285660, -64.973828
285720, -64.973999
285780, -64.974166
285840, -64.974329
285900, -64.974489
285960, -64.974645
286020, -64.974797
286080, -64.974946
286140, -64.975091
286200, -64.975232
286260, -64.975370
286320, -64.975503
286380, -64.975633
286440, -64.975759
286500, -64.975882
286560, -64.976000
286620, -64.976115
286680, -64.976226
286740, -64.976333
286800, -64.976437
286860, -64.976537
286920, -64.976633
286980, -64.976726
287040, -64.976814
287100, -64.976900
287160, -64.976981
287220, -64.977059
287280, -64.977133
287340, -64.977204
287400, -64.977272
287460, -64.977336
287520, -64.977396
287580, -64.977453
287640, -64.977507
287700, -64.977557
287760, -64.977604
287820, -64.977648
287880, -64.977689
287940, -64.977726
288000, -64.977760
288060, -64.977792
288120, -64.977820
288180, -64.977845
288240, -64.977868
288300, -64.977887
288360, -64.977904
288420, -64.977918
288480, -64.977929
288540, -64.977937
288600, -64.977943
288660, -64.977947
288720, -64.977947
288780, -64.977946
288840, -64.977942
288900, -64.977935
288960, -64.977926
289020, -64.977915
289080, -64.977902
289140, -64.977887
289200, -64.977870
289260, -64.977850
289320, -64.977829
289380, -64.977806
289440, -64.977781
289500, -64.977754
289560, -64.977725
289620, -64.977695
289680, -64.977663
289740, -64.977629
289800, -64.977594
289860, -64.977558
289920, -64.977520
289980, -64.977481
290040, -64.977440
290100, -64.977398
290160, -64.977355
290220, -64.977311
290280, -64.977266
290340, -64.977220
290400, -64.977173
290460, -64.977124
290520, -64.977075
290580, -64.977025
290640, -64.976975
290700, -64.976923
290760, -64.976871
290820, -64.976818
290880, -64.976765
290940, -64.976711
291000, -64.976657
291060, -64.976602
291120, -64.976547
291180, -64.976491
291240, -64.976435
291300, -64.976379
291360, -64.976322
291420, -64.976266
291480, -64.976209
291540, -64.976152
291600, -64.976095
291660, -64.976037
291720, -64.975980
291780, -64.975923
291840, -64.975866
291900, -64.975809
291960, -64.975752
292020, -64.975696
292080, -64.975639
292140, -64.975583
292200, -64.975527
292260, -64.975471
292320, -64.975415
292380, -64.975360
292440, -64.975305
292500, -64.975251
292560, -64.975197
292620, -64.975143
292680, -64.975090
292740, -64.975038
292800, -64.974986
292860, -64.974934
292920, -64.974883
292980, -64.974832
293040, -64.974783
293100, -64.974733
293160, -64.974685
293220, -64.974636
293280, -64.974589
293340, -64.974542
293400, -64.974496
293460, -64.974451
293520, -64.974406
293580, -64.974362
293640, -64.974319
293700, -64.974276
293760, -64.974235
293820, -64.974194
293880, -64.974153
293940, -64.974114
294000, -64.974075
294060, -64.974037
294120, -64.974000
294180, -64.973964
294240, -64.973928
294300, -64.973893
294360, -64.973859
294420, -64.973826
294480, -64.973794
294540, -64.973762
294600, -64.973732
294660, -64.973702
294720, -64.973673
294780, -64.973644
294840, -64.973617
294900, -64.973590
294960, -64.973565
295020, -64.973539
295080, -64.973515
295140, -64.973492
295200, -64.973469
295260, -64.973447
295320, -64.973426
295380, -64.973406
295440, -64.973386
295500, -64.973368
295560, -64.973350
295620, -64.973332
295680, -64.973316
295740, -64.973300
295800, -64.973285
295860, -64.973271
295920, -64.973257
295980, -64.973245
296040, -64.973232
296100, -64.973221
296160, -64.973210
296220, -64.973200
296280, -64.973191
296340, -64.973182
296400, -64.973174
296460, -64.973166
296520, -64.973159
296580, -64.973153
296640, -64.973147
296700, -64.973142
296760, -64.973138
296820, -64.973134
296880, -64.973131
296940, -64.973128
297000, -64.973126
297060, -64.973124
297120, -64.973123
297180, -64.973122
297240, -64.973122
297300, -64.973122
297360, -64.973123
297420, -64.973124
297480, -64.973125
297540, -64.973127
297600, -64.973130
297660, -64.973133
297720, -64.973136
297780, -64.973140
297840, -64.973144
297900, -64.973148
297960, -64.973153
298020, -64.973158
298080, -64.973163
298140, -64.973169
298200, -64.973175
298260, -64.973181
298320, -64.973188
298380, -64.973195
298440, -64.973202
298500, -64.973209
298560, -64.973217
298620, -64.973224
298680, -64.973232
298740, -64.973241
298800, -64.973249
298860, -64.973258
298920, -64.973266
298980, -64.973275
299040, -64.973284
299100, -64.973294
299160, -64.973303
299220, -64.973313
299280, -64.973322
299340, -64.973332
299400, -64.973342
299460, -64.973351
299520, -64.973361
299580, -64.973371
299640, -64.973382
299700, -64.973392
299760, -64.973402
299820, -64.973412
299880, -64.973422
299940, -64.973432
300000, -64.973443
300060, -64.973453
