# ./result/hh_cnexp_0890.txt
# dt = 890 [usec]
# t [usec], V [mV]
0, -65.000000
890, -64.997380
1780, -64.994885
2670, -64.992489
3560, -64.990176
4450, -64.987937
5340, -64.985766
6230, -64.983658
7120, -64.981612
8010, -64.979627
8900, -64.977701
9790, -64.975835
10680, -64.974029
11570, -64.972283
12460, -64.970598
13350, -64.968973
14240, -64.967408
15130, -64.965905
16020, -64.964463
16910, -64.963082
17800, -64.961761
18690, -64.960502
19580, -64.959302
20470, -64.958164
21360, -64.957085
22250, -64.956065
23140, -64.955104
24030, -64.954202
24920, -64.953357
25810, -64.952569
26700, -64.951838
27590, -64.951162
28480, -64.950540
29370, -64.949972
30260, -64.949457
31150, -64.948994
32040, -64.948581
32930, -64.948217
33820, -64.947902
34710, -64.947635
35600, -64.947413
36490, -64.947236
37380, -64.947103
38270, -64.947013
39160, -64.946963
40050, -64.946954
40940, -64.946983
41830, -64.947049
42720, -64.947151
43610, -64.947288
44500, -64.947457
45390, -64.947659
46280, -64.947891
47170, -64.948153
48060, -64.948442
48950, -64.948758
49840, -64.949099
50730, -64.949464
51620, -64.949851
52510, -64.950260
53400, -64.950688
54290, -64.951135
55180, -64.951600
56070, -64.952080
56960, -64.952576
57850, -64.953085
58740, -64.953607
59630, -64.954140
60520, -64.954683
61410, -64.955236
62300, -64.955796
63190, -64.956363
64080, -64.956936
64970, -64.957514
65860, -64.958096
66750, -64.958680
67640, -64.959267
68530, -64.959854
69420, -64.960442
70310, -64.961029
71200, -64.961614
72090, -64.962197
72980, -64.962777
73870, -64.963354
74760, -64.963925
75650, -64.964491
76540, -64.965052
77430, -64.965606
78320, -64.966153
79210, -64.966692
80100, -64.967224
80990, -64.967746
81880, -64.968260
82770, -64.968764
83660, -64.969258
84550, -64.969742
85440, -64.970215
86330, -64.970677
87220, -64.971128
88110, -64.971567
89000, -64.971995
89890, -64.972410
90780, -64.972813
91670, -64.973204
92560, -64.973583
93450, -64.973948
94340, -64.974301
95230, -64.974641
96120, -64.974968
97010, -64.975283
97900, -64.975584
98790, -64.975872
99680, -64.976147
100570, -64.976410
101460, -64.976660
102350, -64.976896
103240, -64.977121
104130, -64.977332
105020, -64.977531
105910, -64.977718
106800, -64.977893
107690, -64.978055
108580, -64.978206
109470, -64.978345
110360, -64.978473
111250, -64.978589
112140, -64.978694
113030, -64.978789
113920, -64.978872
114810, -64.978946
115700, -64.979009
116590, -64.979062
117480, -64.979106
118370, -64.979141
119260, -64.979166
120150, -64.979182
121040, -64.979190
121930, -64.979190
122820, -64.979181
123710, -64.979165
124600, -64.979142
125490, -64.979111
126380, -64.979074
127270, -64.979029
128160, -64.978979
129050, -64.978923
129940, -64.978860
130830, -64.978793
131720, -64.978720
132610, -64.978642
133500, -64.978560
134390, -64.978473
135280, -64.978383
136170, -64.978288
137060, -64.978190
137950, -64.978089
138840, -64.977985
139730, -64.977878
140620, -64.977768
141510, -64.977656
142400, -64.977542
143290, -64.977426
144180, -64.977309
145070, -64.977190
145960, -64.977071
146850, -64.976950
147740, -64.976829
148630, -64.976707
149520, -64.976584
150410, -64.976462
151300, -64.976339
152190, -64.976217
153080, -64.976096
153970, -64.975974
154860, -64.975854
155750, -64.975734
156640, -64.975615
157530, -64.975498
158420, -64.975381
159310, -64.975267
160200, -64.975153
161090, -64.975041
161980, -64.974931
162870, -64.974823
163760, -64.974717
164650, -64.974613
165540, -64.974511
166430, -64.974411
167320, -64.974313
168210, -64.974217
169100, -64.974124
169990, -64.974034
170880, -64.973946
171770, -64.973860
172660, -64.973777
173550, -64.973696
174440, -64.973619
175330, -64.973543
176220, -64.973471
177110, -64.973401
178000, -64.973334
178890, -64.973270
179780, -64.973208
180670, -64.973149
181560, -64.973092
182450, -64.973039
183340, -64.972988
184230, -64.972939
185120, -64.972894
186010, -64.972851
186900, -64.972810
187790, -64.972772
188680, -64.972737
189570, -64.972704
190460, -64.972674
191350, -64.972646
192240, -64.972620
193130, -64.972597
194020, -64.972576
194910, -64.972557
195800, -64.972541
196690, -64.972527
197580, -64.972514
198470, -64.972504
199360, -64.972496
200250, -64.972490
201140, -64.972486
202030, -64.972483
202920, -64.972482
203810, -64.972483
204700, -64.972486
205590, -64.972490
206480, -64.972496
207370, -64.972503
208260, -64.972512
209150, -64.972522
210040, -64.972533
210930, -64.972546
211820, -64.972559
212710, -64.972574
213600, -64.972590
214490, -64.972607
215380, -64.972625
216270, -64.972644
217160, -64.972663
218050, -64.972684
218940, -64.972705
219830, -64.972727
220720, -64.972749
221610, -64.972772
222500, -64.972796
223390, -64.972819
224280, -64.972844
225170, -64.972869
226060, -64.972894
226950, -64.972919
227840, -64.972944
228730, -64.972970
229620, -64.972996
230510, -64.973022
231400, -64.973048
232290, -64.973074
233180, -64.973100
234070, -64.973126
234960, -64.973151
235850, -64.973177
236740, -64.973203
237630, -64.973228
238520, -64.973253
239410, -64.973278
240300, -64.973302
241190, -64.973327
242080, -64.973351
242970, -64.973374
243860, -64.973398
244750, -64.973420
245640, -64.973443
246530, -64.973465
247420, -64.973486
248310, -64.973507
249200, -64.973528
250090, -64.973548
250980, -64.973568
251870, -64.973587
252760, -64.973605
253650, -64.973623
254540, -64.973641
255430, -64.973658
256320, -64.973674
257210, -64.973690
258100, -64.973705
258990, -64.973720
259880, -64.973734
260770, -64.973748
261660, -64.973761
262550, -64.973773
263440, -64.973785
264330, -64.973796
265220, -64.973807
266110, -64.973817
267000, -64.973827
267890, -64.973836
268780, -64.973844
269670, -64.973852
270560, -64.973860
271450, -64.973867
272340, -64.973873
273230, -64.973879
274120, -64.973885
275010, -64.973889
275900, -64.973894
276790, -64.973898
277680, -64.973901
278570, -64.973904
279460, -64.973907
280350, -64.973909
281240, -64.973911
282130, -64.973912
283020, -64.973913
283910, -64.973914
284800, -64.973914
285690, -64.973914
286580, -64.973913
287470, -64.973913
288360, -64.973911
289250, -64.973910
290140, -64.973908
291030, -64.973906
291920, -64.973904
292810, -64.973901
293700, -64.973898
294590, -64.973895
295480, -64.973892
296370, -64.973889
297260, -64.973885
298150, -64.973881
299040, -64.973877
299930, -64.973873
300820, -64.973869
301710, -64.973864
302600, -64.973860
303490, -64.973855
304380, -64.973850
305270, -64.973845
306160, -64.973840
307050, -64.973835
307940, -64.973830
308830, -64.973825
309720, -64.973819
310610, -64.973814
311500, -64.973809
312390, -64.973804
313280, -64.973798
314170, -64.973793
315060, -64.973788
315950, -64.973782
316840, -64.973777
317730, -64.973772
318620, -64.973766
319510, -64.973761
320400, -64.973756
321290, -64.973751
322180, -64.973746
323070, -64.973741
323960, -64.973736
324850, -64.973731
325740, -64.973727
326630, -64.973722
327520, -64.973717
328410, -64.973713
329300, -64.973708
330190, -64.973704
331080, -64.973700
331970, -64.973696
332860, -64.973692
333750, -64.973688
334640, -64.973684
335530, -64.973681
336420, -64.973677
337310, -64.973674
338200, -64.973670
339090, -64.973667
339980, -64.973664
340870, -64.973661
341760, -64.973658
342650, -64.973655
343540, -64.973653
344430, -64.973650
345320, -64.973648
346210, -64.973646
347100, -64.973644
347990, -64.973642
348880, -64.973640
349770, -64.973638
350660, -64.973636
351550, -64.973635
352440, -64.973633
353330, -64.973632
354220, -64.973631
355110, -64.973629
356000, -64.973628
356890, -64.973627
357780, -64.973627
358670, -64.973626
359560, -64.973625
360450, -64.973625
361340, -64.973624
362230, -64.973624
363120, -64.973624
364010, -64.973623
364900, -64.973623
365790, -64.973623
366680, -64.973623
367570, -64.973623
368460, -64.973624
369350, -64.973624
370240, -64.973624
371130, -64.973625
372020, -64.973625
372910, -64.973625
373800, -64.973626
374690, -64.973627
375580, -64.973627
376470, -64.973628
377360, -64.973629
378250, -64.973630
379140, -64.973630
380030, -64.973631
380920, -64.973632
381810, -64.973633
382700, -64.973634
383590, -64.973635
384480, -64.973636
385370, -64.973637
386260, -64.973638
387150, -64.973639
388040, -64.973640
388930, -64.973641
389820, -64.973643
390710, -64.973644
391600, -64.973645
392490, -64.973646
393380, -64.973647
394270, -64.973648
395160, -64.973650
396050, -64.973651
396940, -64.973652
397830, -64.973653
398720, -64.973654
399610, -64.973655
400500, -64.973656
401390, -64.973658
402280, -64.973659
403170, -64.973660
404060, -64.973661
404950, -64.973662
405840, -64.973663
406730, -64.973664
407620, -64.973665
408510, -64.973666
409400, -64.973667
410290, -64.973668
411180, -64.973669
412070, -64.973670
412960, -64.973671
413850, -64.973672
414740, -64.973673
415630, -64.973673
416520, -64.973674
417410, -64.973675
418300, -64.973676
419190, -64.973677
420080, -64.973677
420970, -64.973678
421860, -64.973679
422750, -64.973679
423640, -64.973680
424530, -64.973681
425420, -64.973681
426310, -64.973682
427200, -64.973682
428090, -64.973683
428980, -64.973683
429870, -64.973684
430760, -64.973684
431650, -64.973684
432540, -64.973685
433430, -64.973685
434320, -64.973685
435210, -64.973686
436100, -64.973686
436990, -64.973686
437880, -64.973686
438770, -64.973687
439660, -64.973687
440550, -64.973687
441440, -64.973687
442330, -64.973687
443220, -64.973687
444110, -64.973688
445000, -64.973688
445890, -64.973688
446780, -64.973688
447670, -64.973688
448560, -64.973688
449450, -64.973688
450340, -64.973688
451230, -64.973688
452120, -64.973688
453010, -64.973688
453900, -64.973688
454790, -64.973687
455680, -64.973687
456570, -64.973687
457460, -64.973687
458350, -64.973687
459240, -64.973687
460130, -64.973687
461020, -64.973687
461910, -64.973686
462800, -64.973686
463690, -64.973686
464580, -64.973686
465470, -64.973686
466360, -64.973685
467250, -64.973685
468140, -64.973685
469030, -64.973685
469920, -64.973685
470810, -64.973684
471700, -64.973684
472590, -64.973684
473480, -64.973684
474370, -64.973683
475260, -64.973683
476150, -64.973683
477040, -64.973683
477930, -64.973683
478820, -64.973682
479710, -64.973682
480600, -64.973682
481490, -64.973682
482380, -64.973681
483270, -64.973681
484160, -64.973681
485050, -64.973681
485940, -64.973681
486830, -64.973680
487720, -64.973680
488610, -64.973680
489500, -64.973680
490390, -64.973680
491280, -64.973679
492170, -64.973679
493060, -64.973679
493950, -64.973679
494840, -64.973679
495730, -64.973678
496620, -64.973678
497510, -64.973678
498400, -64.973678
499290, -64.973678
500180, -64.973678
501070, -60.847911
501960, -56.917697
502850, -53.093790
503740, -49.216583
504630, -44.952904
505520, -39.648095
506410, -31.957169
507300, -19.158520
508190, 3.061058
509080, 31.896368
509970, 44.340672
510860, 42.337703
511750, 40.255847
512640, 37.237775
513530, 33.719193
514420, 29.758868
515310, 25.507029
516200, 21.066931
517090, 16.536744
517980, 11.985322
518870, 7.470848
519760, 3.026817
520650, -1.318376
521540, -5.555767
522430, -9.675833
523320, -13.683552
524210, -17.581507
525100, -21.385996
525990, -25.112579
526880, -28.794872
527770, -32.474639
528660, -36.218975
529550, -40.106000
530440, -44.237070
531330, -48.697080
532220, -53.510153
533110, -58.509257
534000, -63.235293
534890, -67.020430
535780, -69.461428
536670, -70.709150
537560, -71.206108
538450, -71.311788
539340, -71.236004
540230, -71.073262
541120, -70.871434
542010, -70.645766
542900, -70.408693
543790, -70.160101
544680, -69.905772
545570, -69.642670
546460, -69.375269
547350, -69.099954
548240, -68.820945
549130, -68.534509
550020, -68.244812
550910, -67.948128
551800, -67.648642
552690, -67.342622
553580, -67.034270
554470, -66.719912
555360, -66.403739
556250, -66.082078
557140, -65.759181
558030, -65.431364
558920, -65.102853
559810, -64.770024
560700, -64.437074
561590, -64.100326
562480, -63.764034
563370, -63.424475
564260, -63.085809
565150, -62.744384
566040, -62.404270
566930, -62.061686
567820, -61.720799
568710, -61.377681
569600, -61.036322
570490, -60.692948
571380, -60.351311
572270, -60.007418
573160, -59.665253
574050, -59.320465
574940, -58.976761
575830, -58.630096
576720, -58.283704
577610, -57.933236
578500, -57.582204
579390, -57.225672
580280, -56.866859
581170, -56.500929
582060, -56.130355
582950, -55.750111
583840, -55.362253
584730, -54.960792
585620, -54.547713
586510, -54.115600
587400, -53.665269
588290, -53.188061
589180, -52.682696
590070, -52.138180
590960, -51.549986
591850, -50.902330
592740, -50.184765
593630, -49.372959
594520, -48.443097
595410, -47.353174
596300, -46.053082
597190, -44.461193
598080, -42.464548
598970, -39.885710
599860, -36.468771
600750, -31.832016
601640, -25.492044
602530, -17.028716
603420, -6.714329
604310, 3.531463
605200, 10.577245
606090, 12.998689
606980, 11.962839
607870, 9.079264
608760, 5.295706
609650, 1.098713
610540, -3.255261
611430, -7.615920
612320, -11.905622
613210, -16.078460
614100, -20.122565
614990, -24.036467
615880, -27.841746
616770, -31.569175
617660, -35.273606
618550, -39.017578
619440, -42.882603
620330, -46.938211
621220, -51.221600
622110, -55.658780
623000, -60.006523
623890, -63.837180
624780, -66.739545
625670, -68.582509
626560, -69.562540
627450, -69.977397
628340, -70.073738
629230, -69.996972
630120, -69.831922
631010, -69.616236
631900, -69.374726
632790, -69.114153
633680, -68.843879
634570, -68.562974
635460, -68.276951
636350, -67.982948
637240, -67.685496
638130, -67.381202
639020, -67.074324
639910, -66.761366
640800, -66.446495
641690, -66.126168
642580, -65.804571
643470, -65.478147
644360, -65.151048
645250, -64.819752
646140, -64.488406
647030, -64.153436
647920, -63.819016
648810, -63.481563
649700, -63.145164
650590, -62.806265
651480, -62.468921
652370, -62.129457
653260, -61.791961
654150, -61.452699
655040, -61.115591
655930, -60.776963
656820, -60.440633
657710, -60.102715
658600, -59.767117
659490, -59.429807
660380, -59.094421
661270, -58.757069
662160, -58.421180
663050, -58.082523
663940, -57.744720
664830, -57.403250
665720, -57.061300
666610, -56.714615
667500, -56.365922
668390, -56.010407
669280, -55.651174
670170, -55.282581
671060, -54.906993
671950, -54.518993
672840, -54.119776
673730, -53.703267
674620, -53.269764
675510, -52.811575
676400, -52.327801
677290, -51.808320
678180, -51.249512
679070, -50.637569
679960, -49.963368
680850, -49.206935
681740, -48.348791
682630, -47.353981
683520, -46.183370
684410, -44.772599
685300, -43.037699
686190, -40.847446
687080, -38.018279
687970, -34.278259
688860, -29.273435
689750, -22.618121
690640, -14.188647
691530, -4.727335
692420, 3.671205
693310, 8.694524
694200, 9.838370
695090, 8.244545
695980, 5.141509
696870, 1.291323
697760, -2.897279
698650, -7.191861
699540, -11.468574
700430, -15.654738
701320, -19.721466
702210, -23.657098
703100, -27.476939
703990, -31.206225
704880, -34.894883
705770, -38.602009
706660, -42.405506
707550, -46.371959
708440, -50.542844
709330, -54.864625
710220, -59.136684
711110, -62.979244
712000, -65.993661
712890, -67.997383
713780, -69.123300
714670, -69.641543
715560, -69.801450
716450, -69.760699
717340, -69.614689
718230, -69.408292
719120, -69.170500
720010, -68.910606
720900, -68.639261
721790, -68.356405
722680, -68.067915
723570, -67.771287
724460, -67.471099
725350, -67.164160
726240, -66.854706
727130, -66.539356
728020, -66.222220
728910, -65.899880
729800, -65.576433
730690, -65.248412
731580, -64.919913
732470, -64.587499
733360, -64.255204
734250, -63.919581
735140, -63.584705
736030, -63.247040
736920, -62.910629
737810, -62.571986
738700, -62.235020
739590, -61.896205
740480, -61.559493
741370, -61.221181
742260, -60.885174
743150, -60.547811
744040, -60.212762
744930, -59.876324
745820, -59.542207
746710, -59.206414
747600, -58.872609
748490, -58.536843
749380, -58.202406
750270, -57.865304
751160, -57.528870
752050, -57.188640
752940, -56.847891
753830, -56.502159
754720, -56.154118
755610, -55.799258
756500, -55.440055
757390, -55.071223
758280, -54.695272
759170, -54.306153
760060, -53.905340
760950, -53.486657
761840, -53.050006
762730, -52.588154
763620, -52.099108
764510, -51.573312
765400, -51.005890
766290, -50.383634
767180, -49.695865
768070, -48.921245
768960, -48.040106
769850, -47.016000
770740, -45.807099
771630, -44.344587
772520, -42.539170
773410, -40.252195
774300, -37.291511
775190, -33.376624
776080, -28.155522
776970, -21.281248
777860, -12.752985
778750, -3.521547
779640, 4.235593
780530, 8.493797
781420, 9.091498
782310, 7.209301
783200, 3.972570
784090, 0.068850
784980, -4.129766
785870, -8.410067
786760, -12.658926
787650, -16.810254
788540, -20.839885
789430, -24.740272
790320, -28.530586
791210, -32.240294
792100, -35.923313
792990, -39.641864
793880, -43.474184
794770, -47.480992
795660, -51.685713
796550, -55.999996
797440, -60.177409
798330, -63.814241
799220, -66.554293
800110, -68.301600
801000, -69.243923
801890, -69.651641
802780, -69.750743
803670, -69.677567
804560, -69.513925
805450, -69.297452
806340, -69.053325
807230, -68.789077
808120, -68.514350
809010, -68.228729
809900, -67.937783
810790, -67.638979
811680, -67.336750
812570, -67.027972
813460, -66.716785
814350, -66.399874
815240, -66.081273
816130, -65.757660
817020, -65.433019
817910, -65.103991
818800, -64.774596
819690, -64.441447
820580, -64.108513
821470, -63.772453
822360, -63.437194
823250, -63.099321
824140, -62.762808
825030, -62.424175
825920, -62.087282
826810, -61.748717
827700, -61.412234
828590, -61.074269
829480, -60.738671
830370, -60.401725
831260, -60.067079
832150, -59.731159
833040, -59.397407
833930, -59.061995
834820, -58.728559
835710, -58.393005
836600, -58.058643
837490, -57.721639
838380, -57.384950
839270, -57.044330
840160, -56.703060
841050, -56.356400
841940, -56.007095
842830, -55.650832
843720, -55.289534
844610, -54.918189
845500, -54.539012
846390, -54.145873
847280, -53.740323
848170, -53.315564
849060, -52.871616
849950, -52.400736
850840, -51.900670
851730, -51.361412
852620, -50.777320
853510, -50.133722
854400, -49.419663
855290, -48.611343
856180, -47.685953
857070, -46.603446
857960, -45.316224
858850, -43.747920
859740, -41.797135
860630, -39.307283
861520, -36.061133
862410, -31.750801
863300, -26.013579
864190, -18.568420
865080, -9.666499
865970, -0.695169
866860, 6.000016
867750, 8.932664
868640, 8.548398
869530, 6.113422
870420, 2.599539
871310, -1.430281
872200, -5.671058
873090, -9.946391
873980, -14.164156
874870, -18.272352
875760, -22.255701
876650, -26.113256
877540, -29.869839
878430, -33.561598
879320, -37.248979
880210, -40.997681
881100, -44.884775
881990, -48.960777
882880, -53.219773
883770, -57.518572
884660, -61.547866
885550, -64.891873
886440, -67.271391
887330, -68.701806
888220, -69.425002
889110, -69.702125
890000, -69.728977
890890, -69.616786
891780, -69.431736
892670, -69.203057
893560, -68.951433
894450, -68.682233
895340, -68.403868
896230, -68.115422
897120, -67.822074
898010, -67.521209
898900, -67.217094
899790, -66.906652
900680, -66.593902
901570, -66.275608
902460, -65.955717
903350, -65.630986
904240, -65.305303
905130, -64.975406
906020, -64.645229
906910, -64.311447
907800, -63.977962
908690, -63.641519
909580, -63.305922
910470, -62.967865
911360, -62.631234
912250, -62.292585
913140, -61.955726
914030, -61.617312
914920, -61.280961
915810, -60.943233
916700, -60.607859
917590, -60.271155
918480, -59.936735
919370, -59.601055
920260, -59.267417
921150, -58.932142
922040, -58.598703
922930, -58.263032
923820, -57.928430
924710, -57.591043
925600, -57.253676
926490, -56.912267
927380, -56.569830
928270, -56.221680
929160, -55.870582
930050, -55.511937
930940, -55.147709
931830, -54.773072
932720, -54.389612
933610, -53.991449
934500, -53.580105
935390, -53.148144
936280, -52.695650
937170, -52.214026
938060, -51.701051
938950, -51.145524
939840, -50.541696
940730, -49.873091
941620, -49.127435
942510, -48.279167
943400, -47.301654
944290, -46.150111
945180, -44.770330
946070, -43.075352
946960, -40.948462
947850, -38.210779
948740, -34.615438
949630, -29.825910
950520, -23.483867
951410, -15.434074
952300, -6.283357
953190, 2.119984
954080, 7.496343
954970, 9.081874
955860, 7.804323
956750, 4.888348
957640, 1.137837
958530, -2.994369
959420, -7.262428
960310, -11.523563
961200, -15.705296
962090, -19.767377
962980, -23.703112
963870, -27.519090
964760, -31.247036
965650, -34.928927
966540, -38.630318
967430, -42.421135
968320, -46.374169
969210, -50.522590
970100, -54.820421
970990, -59.063038
971880, -62.886035
972770, -65.889894
973660, -67.899821
974550, -69.034635
975440, -69.565384
976330, -69.731303
977220, -69.697273
978110, -69.552127
979000, -69.348784
979890, -69.109495
980780, -68.851215
981670, -68.577525
982560, -68.295798
983450, -68.004712
984340, -67.709101
985230, -67.406287
986120, -67.100387
987010, -66.788371
987900, -66.474142
988790, -66.154543
989680, -65.833442
990570, -65.507653
991460, -65.180994
992350, -64.850295
993240, -64.519374
994130, -64.185008
995020, -63.851027
995910, -63.514212
996800, -63.178308
997690, -62.840105
998580, -62.503341
999470, -62.164685
1000360, -61.827881
1001250, -61.489575
1002140, -61.153343
1003030, -60.815854
1003920, -60.480633
1004810, -60.144134
1005700, -59.809921
1006590, -59.474377
1007480, -59.140788
1008370, -58.805607
1009260, -58.472019
1010150, -58.136131
1011040, -57.801219
1011930, -57.463255
1012820, -57.125074
1013710, -56.782766
1014600, -56.438941
1015490, -56.089125
1016380, -55.736088
1017270, -55.374893
1018160, -55.007569
1019050, -54.629469
1019940, -54.241533
1020830, -53.838122
1021720, -53.420032
1022610, -52.980073
1023500, -52.518208
1024390, -52.025012
1025280, -51.498247
1026170, -50.925408
1027060, -50.300123
1027950, -49.604581
1028840, -48.824007
1029730, -47.930817
1030620, -46.895179
1031510, -45.666657
1032400, -44.181953
1033290, -42.342573
1034180, -40.013144
1035070, -36.989981
1035960, -32.994717
1036850, -27.667290
1037740, -20.685289
1038630, -12.094868
1039520, -2.946444
1040410, 4.553465
1041300, 8.493615
1042190, 8.862516
1043080, 6.852155
1043970, 3.556116
1044860, -0.375653
1045750, -4.579408
1046640, -8.857543
1047530, -13.094348
1048420, -17.234329
1049310, -21.248680
1050200, -25.138303
1051090, -28.916259
1051980, -32.620896
1052870, -36.301673
1053760, -40.028470
1054650, -43.871685
1055540, -47.897171
1056430, -52.113664
1057320, -56.425341
1058210, -60.559623
1059100, -64.116622
1059990, -66.752838
1060880, -68.410585
1061770, -69.287283
1062660, -69.658686
1063550, -69.735030
1064440, -69.652358
1065330, -69.480766
1066220, -69.262520
1067110, -69.014395
1068000, -68.750406
1068890, -68.472748
1069780, -68.187968
1070670, -67.894433
1071560, -67.596684
1072450, -67.292017
1073340, -66.984415
1074230, -66.670898
1075120, -66.355257
1076010, -66.034420
1076900, -65.712171
1077790, -65.385385
1078680, -65.057809
1079570, -64.726366
1080460, -64.394756
1081350, -64.059858
1082240, -63.725433
1083130, -63.388293
1084020, -63.052127
1084910, -62.713822
1085800, -62.376963
1086690, -62.038335
1087580, -61.701619
1088470, -61.363449
1089360, -61.027360
1090250, -60.690131
1091140, -60.355078
1092030, -60.018793
1092920, -59.684795
1093810, -59.349387
1094700, -59.015845
1095590, -58.680751
1096480, -58.347003
1097370, -58.010879
1098260, -57.675636
1099150, -57.337069
1100040, -56.998040
1100930, -56.654792
1101820, -56.309530
1102710, -55.957994
1103600, -55.602822
1104490, -55.238915
1105380, -54.868356
1106270, -54.486128
1107160, -54.093215
1108050, -53.684156
1108940, -53.258946
1109830, -52.810618
1110720, -52.338168
1111610, -51.832350
1112500, -51.289787
1113390, -50.697810
1114280, -50.048184
1115170, -49.322838
1116060, -48.504076
1116950, -47.560942
1117840, -46.458964
1118730, -45.141537
1119620, -43.536608
1120510, -41.530493
1121400, -38.966989
1122290, -35.613548
1123180, -31.159799
1124070, -25.235350
1124960, -17.600409
1125850, -8.601485
1126740, 0.217189
1127630, 6.509823
1128520, 9.001339
1129410, 8.318554
1130300, 5.718441
1131190, 2.125487
1132080, -1.941377
1132970, -6.190420
1133860, -10.463582
1134750, -14.668559
1135640, -18.763704
1136530, -22.729554
1137420, -26.574823
1138310, -30.319898
1139200, -34.009382
1140090, -37.697750
1140980, -41.460451
1141870, -45.366092
1142760, -49.466920
1143650, -53.737887
1144540, -58.024270
1145430, -61.991275
1146320, -65.230552
1147210, -67.486646
1148100, -68.818496
1148990, -69.473573
1149880, -69.713759
1150770, -69.717661
1151660, -69.595735
1152550, -69.402609
1153440, -69.171999
1154330, -68.916354
1155220, -68.647347
1156110, -68.366100
1157000, -68.078482
1157890, -67.782629
1158780, -67.482825
1159670, -67.176368
1160560, -66.867115
1161450, -66.552127
1162340, -66.235112
1163230, -65.913076
1164120, -65.589707
1165010, -65.261959
1165900, -64.933511
1166790, -64.601350
1167680, -64.269091
1168570, -63.933707
1169460, -63.598860
1170350, -63.261431
1171240, -62.925047
1172130, -62.586645
1173020, -62.249717
1173910, -61.911153
1174800, -61.574500
1175690, -61.236469
1176580, -60.900548
1177470, -60.563508
1178360, -60.228601
1179250, -59.892537
1180140, -59.558632
1181030, -59.223300
1181920, -58.889787
1182810, -58.554591
1183700, -58.220579
1184590, -57.884169
1185480, -57.548323
1186370, -57.208982
1187260, -56.869007
1188150, -56.524408
1189040, -56.177437
1189930, -55.823997
1190820, -55.466239
1191710, -55.099285
1192600, -54.725233
1193490, -54.338593
1194380, -53.940424
1195270, -53.525150
1196160, -53.092274
1197050, -52.635021
1197940, -52.151328
1198830, -51.632124
1199720, -51.072630
1200610, -50.460210
1201500, -49.784595
1202390, -49.025873
1203280, -48.165115
1204170, -47.167458
1205060, -45.993254
1205950, -44.579073
1206840, -42.840251
1207730, -40.647802
1208620, -37.821440
1209510, -34.097772
1210400, -29.138286
1211290, -22.585578
1212180, -14.348829
1213070, -5.166714
1213960, 2.970804
1214850, 7.880150
1215740, 9.043946
1216630, 7.508041
1217520, 4.453994
1218410, 0.639452
1219300, -3.521285
1220190, -7.792808
1221080, -12.048333
1221970, -16.214515
1222860, -20.262439
1223750, -24.181020
1224640, -27.985513
1225530, -31.702666
1226420, -35.384917
1227310, -39.092222
1228200, -42.900955
1229090, -46.875904
1229980, -51.049815
1230870, -55.354739
1231760, -59.568978
1232650, -63.307288
1233540, -66.192223
1234430, -68.080725
1235320, -69.127311
1236210, -69.599989
1237100, -69.735692
1237990, -69.682615
1238880, -69.529747
1239770, -69.319432
1240660, -69.078729
1241550, -68.816767
1242440, -68.543397
1243330, -68.258932
1244220, -67.968702
1245110, -67.670675
1246000, -67.368922
1246890, -67.060757
1247780, -66.749923
1248670, -66.433527
1249560, -66.115197
1250450, -65.792018
1251340, -65.467577
1252230, -65.138919
1253120, -64.809652
1254010, -64.476809
1254900, -64.143946
1255790, -63.808126
1256680, -63.472883
1257570, -63.135201
1258460, -62.798645
1259350, -62.460162
1260240, -62.123195
1261130, -61.784734
1262020, -61.448154
1262910, -61.110286
1263800, -60.774564
1264690, -60.437717
1265580, -60.102970
1266470, -59.767148
1267360, -59.433332
1268250, -59.098080
1269140, -58.764609
1270030, -58.429293
1270920, -58.095008
1271810, -57.758311
1272700, -57.421830
1273590, -57.081695
1274480, -56.740759
1275370, -56.394787
1276260, -56.046084
1277150, -55.690715
1278040, -55.330334
1278930, -54.960289
1279820, -54.582539
1280710, -54.191312
1281600, -53.787731
1282490, -53.365635
1283380, -52.924603
1284270, -52.457590
1285160, -51.961921
1286050, -51.428403
1286940, -50.851030
1287830, -50.216150
1288720, -49.512561
1289610, -48.717858
1290500, -47.810046
1291390, -46.751104
1292280, -45.495269
1293170, -43.969703
1294060, -42.078512
1294950, -39.672741
1295840, -36.545156
1296730, -32.400250
1297620, -26.879671
1298510, -19.674765
1299400, -10.928710
1300290, -1.849314
1301180, 5.272211
1302070, 8.721310
1302960, 8.713827
1303850, 6.490744
1304740, 3.084080
1305630, -0.896329
1306520, -5.119757
1307410, -9.396092
1308300, -13.624941
1309190, -17.748819
1310080, -21.748533
1310970, -25.621244
1311860, -29.389440
1312750, -33.086806
1313640, -36.770387
1314530, -40.506260
1315420, -44.371174
1316310, -48.420046
1317200, -52.657920
1318090, -56.963666
1318980, -61.050920
1319870, -64.505410
1320760, -67.015488
1321650, -68.558488
1322540, -69.358024
1323430, -69.680510
1324320, -69.732281
1325210, -69.633741
1326100, -69.456029
1326990, -69.231696
1327880, -68.982551
1328770, -68.715145
1329660, -68.437890
1330550, -68.150479
1331440, -67.857800
1332330, -67.557698
1333220, -67.254072
1334110, -66.944258
1335000, -66.631891
1335890, -66.314134
1336780, -65.994537
1337670, -65.670263
1338560, -65.344798
1339450, -65.015276
1340340, -64.685240
1341230, -64.351762
1342120, -64.018342
1343010, -63.682131
1343900, -63.346538
1344790, -63.008647
1345680, -62.671963
1346570, -62.333436
1347460, -61.996470
1348350, -61.658145
1349240, -61.321669
1350130, -60.983990
1351020, -60.648481
1351910, -60.311838
1352800, -59.977266
1353690, -59.641670
1354580, -59.307932
1355470, -58.972756
1356360, -58.639282
1357250, -58.303811
1358140, -57.969230
1359030, -57.632160
1359920, -57.294979
1360810, -56.953995
1361700, -56.611932
1362590, -56.264458
1363480, -55.913919
1364370, -55.556243
1365260, -55.192951
1366150, -54.819587
1367040, -54.437520
1367930, -54.041216
1368820, -53.631812
1369710, -53.202475
1370600, -52.752854
1371490, -52.275064
1372380, -51.766458
1373270, -51.216665
1374160, -50.619561
1375050, -49.959711
1375940, -49.225198
1376830, -48.391108
1377720, -47.431759
1378610, -46.304475
1379500, -44.956958
1380390, -43.307213
1381280, -41.242545
1382170, -38.592638
1383060, -35.120892
1383950, -30.500588
1384840, -24.369524
1385730, -16.522911
1386620, -7.435761
1387510, 1.194039
1388400, 7.033644
1389290, 9.063917
1390180, 8.071381
1391070, 5.306822
1391960, 1.630238
1392850, -2.470797
1393740, -6.731439
1394630, -10.998251
1395520, -15.191972
1396410, -19.269687
1397300, -23.221218
1398190, -27.050756
1399080, -30.787000
1399970, -34.471375
1400860, -38.167118
1401750, -41.942598
1402640, -45.872596
1403530, -49.997257
1404420, -54.285050
1405310, -58.551439
1406200, -62.448885
1407090, -65.569671
1407980, -67.701488
1408870, -68.931321
1409760, -69.522743
1410650, -69.723577
1411540, -69.708452
1412430, -69.573716
1413320, -69.376014
1414210, -69.140181
1415100, -68.883913
1415990, -68.611763
1416880, -68.331013
1417770, -68.040882
1418660, -67.745899
1419550, -67.443819
1420440, -67.138392
1421330, -66.826989
1422220, -66.513133
1423110, -66.194059
1424000, -65.873244
1424890, -65.547899
1425780, -65.221450
1426670, -64.891112
1427560, -64.560325
1428450, -64.226249
1429340, -63.892321
1430230, -63.555728
1431120, -63.219817
1432010, -62.881763
1432900, -62.544936
1433790, -62.206384
1434680, -61.869456
1435570, -61.531218
1436460, -61.194844
1437350, -60.857381
1438240, -60.522008
1439130, -60.185548
1440020, -59.851167
1440910, -59.515687
1441800, -59.181984
1442690, -58.846882
1443580, -58.513247
1444470, -58.177542
1445360, -57.842638
1446250, -57.504978
1447140, -57.166974
1448030, -56.825077
1448920, -56.481620
1449810, -56.132472
1450700, -55.779987
1451590, -55.419755
1452480, -55.053368
1453370, -54.676536
1454260, -54.289998
1455150, -53.888450
1456040, -53.472515
1456930, -53.035338
1457820, -52.576575
1458710, -52.087403
1459600, -51.565188
1460490, -50.998279
1461380, -50.380426
1462270, -49.694282
1463160, -48.925549
1464050, -48.048096
1464940, -47.032737
1465830, -45.831561
1466720, -44.383841
1467610, -42.595140
1468500, -40.336462
1469390, -37.412965
1470280, -33.556926
1471170, -28.415867
1472060, -21.650320
1472950, -13.229503
1473840, -4.047537
1474730, 3.790374
1475620, 8.216609
1476510, 8.974358
1477400, 7.191718
1478290, 4.012199
1479180, 0.135533
1480070, -4.047628
1480960, -8.324073
1481850, -12.570357
1482740, -16.724939
1483630, -20.755452
1484520, -24.660141
1485410, -28.450643
1486300, -32.162552
1487190, -35.842482
1488080, -39.559401
1488970, -43.384168
1489860, -47.384666
1490750, -51.579096
1491640, -55.889109
1492530, -60.066441
1493420, -63.718950
1494310, -66.479787
1495200, -68.252160
1496090, -69.210919
1496980, -69.632032
1497870, -69.736282
1498760, -69.668586
1499650, -69.505315
1500540, -69.291626
1501430, -69.046389
1502320, -68.784115
1503210, -68.507836
1504100, -68.223945
1504990, -67.931312
1505880, -67.634162
1506770, -67.330206
1507660, -67.023063
1508550, -66.710144
1509440, -66.394866
1510330, -66.074538
1511220, -65.752564
1512110, -65.426206
1513000, -65.098829
1513890, -64.767729
1514780, -64.436242
1515670, -64.101618
1516560, -63.767233
1517450, -63.430298
1518340, -63.094113
1519230, -62.755939
1520120, -62.419006
1521010, -62.080465
1521900, -61.743614
1522790, -61.405497
1523680, -61.069256
1524570, -60.732038
1525460, -60.396826
1526350, -60.060569
1527240, -59.726396
1528130, -59.391043
1529020, -59.057384
1529910, -58.722361
1530800, -58.388566
1531690, -58.052623
1532580, -57.717391
1533470, -57.379128
1534360, -57.040283
1535250, -56.697456
1536140, -56.352579
1537030, -56.001724
1537920, -55.647262
1538810, -55.284428
1539700, -54.914896
1540590, -54.534196
1541480, -54.142881
1542370, -53.735843
1543260, -53.312944
1544150, -52.867549
1545040, -52.398578
1545930, -51.897130
1546820, -51.359864
1547710, -50.774503
1548600, -50.133050
1549490, -49.417928
1550380, -48.612037
1551270, -47.685974
1552160, -46.606445
1553050, -45.319350
1553940, -43.755197
1554830, -41.806317
1555720, -39.323342
1556610, -36.083223
1557500, -31.785878
1558390, -26.062931
1559280, -18.639525
1560170, -9.753668
1561060, -0.786553
1561950, 5.930014
1562840, 8.890624
1563730, 8.531930
1564620, 6.109745
1565510, 2.605348
1566400, -1.422087
1567290, -5.659287
1568180, -9.935547
1569070, -14.151579
1569960, -18.261624
1570850, -22.243628
1571740, -26.103119
1572630, -29.858190
1573520, -33.551577
1574410, -37.236958
1575300, -40.986582
1576190, -44.870915
1577080, -48.947131
1577970, -53.202991
1578860, -57.502660
1579750, -61.530913
1580640, -64.878926
1581530, -67.260170
1582420, -68.695463
1583310, -69.419373
1584200, -69.699630
1585090, -69.725693
1585980, -69.615623
1586870, -69.429180
1587760, -69.202280
1588650, -68.949074
1589540, -68.681547
1590430, -68.401542
1591320, -68.114737
1592210, -67.819733
1593100, -67.520498
1593990, -67.214724
1594880, -66.905910
1595770, -66.591502
1596660, -66.274836
1597550, -65.953290
1598440, -65.630189
1599330, -65.302854
1600220, -64.974590
1601110, -64.642765
1602000, -64.310618
1602890, -63.975489
1603780, -63.640685
1604670, -63.303448
1605560, -62.967032
1606450, -62.628765
1607340, -62.291759
1608230, -61.953268
1609120, -61.616500
1610010, -61.278521
1610900, -60.942441
1611790, -60.605441
1612680, -60.270386
1613570, -59.934344
1614460, -59.600314
1615350, -59.265056
1616240, -58.931432
1617130, -58.596374
1618020, -58.262353
1618910, -57.926135
1619800, -57.590397
1620690, -57.251415
1621580, -56.911655
1622470, -56.567603
1623360, -56.221100
1624250, -55.868389
1625140, -55.511390
1626030, -55.145547
1626920, -54.772556
1627810, -54.387482
1628700, -53.990962
1629590, -53.578001
1630480, -53.147679
1631370, -52.693570
1632260, -52.213585
1633150, -51.698995
1634040, -51.145104
1634930, -50.539662
1635820, -49.872694
1636710, -49.125422
1637600, -48.278794
1638490, -47.299677
1639380, -46.149789
1640270, -44.768433
1641160, -43.075155
1642050, -40.946777
1642940, -38.210951
1643830, -34.614405
1644720, -29.827241
1645610, -23.484835
1646500, -15.438570
1647390, -6.288490
1648280, 2.111669
1649170, 7.489707
1650060, 9.074710
1650950, 7.799888
1651840, 4.883047
1652730, 1.134624
1653620, -2.998890
1654510, -7.265116
1655400, -11.527713
1656290, -15.707699
1657180, -19.771279
1658070, -23.705290
1658960, -27.522789
1659850, -31.249046
1660740, -34.932505
1661630, -38.632252
1662520, -42.424681
1663410, -46.376107
1664300, -50.526105
1665190, -54.822170
1666080, -59.066043
1666970, -62.886819
1667860, -65.891575
1668750, -67.899268
1669640, -69.035273
1670530, -69.564176
1671420, -69.731585
1672310, -69.695885
1673200, -69.552316
1674090, -69.347345
1674980, -69.109650
1675870, -68.849749
1676760, -68.577654
1677650, -68.294309
1678540, -68.004819
1679430, -67.707592
1680320, -67.406373
1681210, -67.098858
1682100, -66.788440
1682990, -66.472597
1683880, -66.154596
1684770, -65.831884
1685660, -65.507693
1686550, -65.179425
1687440, -64.850325
1688330, -64.517798
1689220, -64.185031
1690110, -63.849445
1691000, -63.514231
1691890, -63.176724
1692780, -62.840123
1693670, -62.501758
1694560, -62.164703
1695450, -61.826301
1696340, -61.489597
1697230, -61.151768
1698120, -60.815881
1699010, -60.479065
1699900, -60.144167
1700790, -59.808360
1701680, -59.474416
1702570, -59.139235
1703460, -58.805653
1704350, -58.470472
1705240, -58.136182
1706130, -57.799677
1707020, -57.463310
1707910, -57.123535
1708800, -56.782821
1709690, -56.437401
1710580, -56.089175
1711470, -55.734542
1712360, -55.374933
1713250, -55.006010
1714140, -54.629492
1715030, -54.239952
1715920, -53.838116
1716810, -53.418414
1717700, -52.980019
1718590, -52.516529
1719480, -52.024880
1720370, -51.496478
1721260, -50.925165
1722150, -50.298211
1723040, -49.604158
1723930, -48.821867
1724820, -47.930097
1725710, -46.892647
1726600, -45.665412
1727490, -44.178720
1728380, -42.340383
1729270, -40.008616
1730160, -36.985995
1731050, -32.987705
1731940, -27.660003
1732830, -20.674377
1733720, -12.084221
1734610, -2.935142
1735500, 4.559129
1736390, 8.495719
1737280, 8.859179
1738170, 6.848225
1739060, 3.549521
1739950, -0.381151
1740840, -4.586642
1741730, -8.863165
1742620, -13.101411
1743510, -17.239645
1744400, -21.255388
1745290, -25.143257
1746180, -28.922656
1747070, -32.625612
1747960, -36.307961
1748850, -40.033289
1749740, -43.878287
1750630, -47.902469
1751520, -52.120765
1752410, -56.430788
1753300, -60.566054
1754190, -64.120298
1755080, -66.756592
1755970, -68.411442
1756860, -69.288790
1757750, -69.658067
1758640, -69.735678
1759530, -69.651270
1760420, -69.481159
1761310, -69.261290
1762200, -69.014704
1763090, -68.749123
1763980, -68.473020
1764870, -68.186658
1765760, -67.894682
1766650, -67.595353
1767540, -67.292247
1768430, -66.983069
1769320, -66.671113
1770210, -66.353898
1771100, -66.034621
1771990, -65.710801
1772880, -65.385576
1773770, -65.056431
1774660, -64.726549
1775550, -64.393371
1776440, -64.060036
1777330, -63.724044
1778220, -63.388467
1779110, -63.050736
1780000, -62.713995
1780890, -62.375573
1781780, -62.038508
1782670, -61.700230
1783560, -61.363623
1784450, -61.025974
1785340, -60.690307
1786230, -60.353695
1787120, -60.018972
1788010, -59.683416
1788900, -59.349569
1789790, -59.014468
1790680, -58.680933
1791570, -58.345627
1792460, -58.011061
1793350, -57.674260
1794240, -57.337248
1795130, -56.996658
1796020, -56.654962
1796910, -56.308138
1797800, -55.958150
1798690, -55.601412
1799580, -55.239047
1800470, -54.866919
1801360, -54.486228
1802250, -54.091739
1803140, -53.684209
1804030, -53.257415
1804920, -52.810603
1805810, -52.336554
1806700, -51.832233
1807590, -51.288047
1808480, -50.697537
1809370, -50.046251
1810260, -49.322324
1811150, -48.501842
1812040, -47.560036
1812930, -46.456214
1813820, -45.139941
1814710, -43.532929
1815600, -41.527616
1816490, -38.961514
1817380, -35.608137
1818270, -31.150802
1819160, -25.225294
1820050, -17.586118
1820940, -8.587514
1821830, 0.230438
1822720, 6.515840
1823610, 9.002938
1824500, 8.314592
1825390, 5.713852
1826280, 2.118280
1827170, -1.947503
1828060, -6.198215
1828950, -10.469786
1829840, -14.676150
1830730, -18.769544
1831620, -22.736716
1832510, -26.580250
1833400, -30.326734
1834290, -34.014636
1835180, -37.704619
1836070, -41.465957
1836960, -45.373422
1837850, -49.473030
1838740, -53.745724
1839630, -58.030372
1840520, -61.998012
1841410, -65.234284
1842300, -67.490271
1843190, -68.819250
1844080, -69.474988
1844970, -69.713131
1845860, -69.718290
1846750, -69.594679
1847640, -69.403004
1848530, -69.170811
1849420, -68.916671
1850310, -68.646109
1851200, -68.366380
1852090, -68.077217
1852980, -67.782887
1853870, -67.481542
1854760, -67.176609
1855650, -66.865817
1856540, -66.552354
1857430, -66.233802
1858320, -65.913290
1859210, -65.588387
1860100, -65.262164
1860990, -64.932183
1861880, -64.601548
1862770, -64.267758
1863660, -63.933900
1864550, -63.597523
1865440, -63.261620
1866330, -62.923708
1867220, -62.586832
1868110, -62.248378
1869000, -61.911340
1869890, -61.573162
1870780, -61.236657
1871670, -60.899212
1872560, -60.563698
1873450, -60.227267
1874340, -59.892728
1875230, -59.557300
1876120, -59.223492
1877010, -58.888456
1877900, -58.554782
1878790, -58.219247
1879680, -57.884358
1880570, -57.546987
1881460, -57.209165
1882350, -56.867664
1883240, -56.524580
1884130, -56.176082
1885020, -55.824153
1885910, -55.464863
1886800, -55.099416
1887690, -54.723829
1888580, -54.338688
1889470, -53.938978
1890360, -53.525192
1891250, -53.090763
1892140, -52.634986
1893030, -52.149725
1893920, -51.631977
1894810, -51.070890
1895700, -50.459894
1896590, -49.782646
1897480, -49.025285
1898370, -48.162822
1899260, -47.166431
1900150, -45.990385
1901040, -44.577261
1901930, -42.836300
1902820, -40.644482
1903710, -37.815366
1904600, -34.091468
1905490, -29.128114
1906380, -22.574056
1907270, -14.333311
1908160, -5.152471
1909050, 2.982805
1909940, 7.884281
1910830, 9.044008
1911720, 7.503180
1912610, 4.448857
1913500, 0.631951
1914390, -3.527628
1915280, -7.800715
1916170, -12.054628
1917060, -16.222150
1917950, -20.268364
1918840, -24.188248
1919730, -27.991071
1920620, -31.709595
1921510, -35.390315
1922400, -39.099230
1923290, -42.906690
1924180, -46.883466
1925070, -51.056200
1925960, -55.362683
1926850, -59.574961
1927740, -63.313629
1928630, -66.195424
1929520, -68.083831
1930410, -69.127734
1931300, -69.601180
1932190, -69.734969
1933080, -69.683168
1933970, -69.528679
1934860, -69.319796
1935750, -69.077553
1936640, -68.817063
1937530, -68.542177
1938420, -68.259196
1939310, -67.967457
1940200, -67.670918
1941090, -67.367660
1941980, -67.060983
1942870, -66.748647
1943760, -66.433740
1944650, -66.113909
1945540, -65.792220
1946430, -65.466280
1947320, -65.139112
1948210, -64.808348
1949100, -64.476995
1949990, -64.142637
1950880, -63.808307
1951770, -63.471570
1952660, -63.135380
1953550, -62.797331
1954440, -62.460338
1955330, -62.121881
1956220, -61.784911
1957110, -61.446841
1958000, -61.110463
1958890, -60.773253
1959780, -60.437896
1960670, -60.101662
1961560, -59.767329
1962450, -59.432025
1963340, -59.098261
1964230, -58.763303
1965120, -58.429473
1966010, -58.093701
1966900, -57.758489
1967790, -57.420519
1968680, -57.081865
1969570, -56.739440
1970460, -56.394947
1971350, -56.044751
1972240, -55.690858
1973130, -55.328981
1974020, -54.960406
1974910, -54.581154
1975800, -54.191387
1976690, -53.786299
1977580, -53.365653
1978470, -52.923102
1979360, -52.457523
1980250, -51.960317
1981140, -51.428208
1982030, -50.849268
1982920, -50.215759
1983810, -49.510557
1984700, -48.717162
1985590, -47.807647
1986480, -46.749887
1987370, -45.492176
1988260, -43.967550
1989150, -42.074130
1990040, -39.668797
1990930, -36.538261
1991820, -32.392781
1992710, -26.868032
1993600, -19.661641
1994490, -10.912144
1995380, -1.835526
1996270, 5.282142
1997160, 8.723173
1998050, 8.712302
1998940, 6.485000
1999830, 3.078424
2000720, -0.904088
2001610, -5.126260
2002500, -9.404064
2003390, -13.631303
2004280, -17.756445
2005170, -21.754460
2006060, -25.628430
2006950, -29.395000
2007840, -33.093769
2008730, -36.775929
2009620, -40.513422
2010510, -44.377143
2011400, -48.427824
2012290, -52.664490
2013180, -56.971637
2014070, -61.056748
2014960, -64.511279
2015850, -67.018169
2016740, -68.561135
2017630, -69.358177
2018520, -69.681518
2019410, -69.731486
2020300, -69.634227
2021190, -69.454951
2022080, -69.232025
2022970, -68.981381
2023860, -68.715416
2024750, -68.436681
2025640, -68.150720
2026530, -67.856568
2027420, -67.557920
2028310, -67.252824
2029200, -66.944464
2030090, -66.630629
2030980, -66.314326
2031870, -65.993263
2032760, -65.670444
2033650, -65.343515
2034540, -65.015449
2035430, -64.683950
2036320, -64.351928
2037210, -64.017048
2038100, -63.682293
2038990, -63.345241
2039880, -63.008807
2040770, -62.670665
2041660, -62.333595
2042550, -61.995172
2043440, -61.658304
2044330, -61.320372
2045220, -60.984150
2046110, -60.647186
2047000, -60.311998
2047890, -59.975973
2048780, -59.641831
2049670, -59.306639
2050560, -58.972917
2051450, -58.637989
2052340, -58.303969
2053230, -57.967935
2054120, -57.632314
2055010, -57.293678
2055900, -56.954141
2056790, -56.610621
2057680, -56.264590
2058570, -55.912592
2059460, -55.556354
2060350, -55.191600
2061240, -54.819669
2062130, -54.436134
2063020, -54.041255
2063910, -53.630376
2064800, -53.202454
2065690, -52.751346
2066580, -52.274953
2067470, -51.764841
2068360, -51.216419
2069250, -50.617778
2070140, -49.959258
2071030, -49.223150
2071920, -48.390317
2072810, -47.429280
2073700, -46.303119
2074590, -44.953727
2075480, -43.304824
2076370, -41.237884
2077260, -38.588255
2078150, -35.113423
2079040, -30.492305
2079930, -24.356971
2080820, -16.508996
2081710, -7.419379
2082600, 1.206149
2083490, 7.040965
2084380, 9.063652
2085270, 8.068566
2086160, 5.300438
2087050, 1.624250
2087940, -2.478674
2088830, -6.737992
2089720, -11.006164
2090610, -15.198289
2091500, -19.277237
2092390, -23.227119
2093280, -27.057913
2094170, -30.792606
2095060, -34.478359
2095950, -38.172736
2096840, -41.949854
2097730, -45.878725
2098620, -50.005165
2099510, -54.291679
2100400, -58.559191
2101290, -62.454212
2102180, -65.574845
2103070, -67.703549
2103960, -68.933493
2104850, -69.522632
2105740, -69.724406
2106630, -69.707583
2107520, -69.574133
2108410, -69.374919
2109300, -69.140469
2110190, -68.882742
2111080, -68.612002
2111970, -68.329808
2112860, -68.041094
2113750, -67.744672
2114640, -67.444011
2115530, -67.137148
2116420, -66.827165
2117310, -66.511876
2118200, -66.194223
2119090, -65.871976
2119980, -65.548052
2120870, -65.220173
2121760, -64.891256
2122650, -64.559042
2123540, -64.226388
2124430, -63.891034
2125320, -63.555863
2126210, -63.218526
2127100, -62.881895
2127990, -62.543644
2128880, -62.206515
2129770, -61.868165
2130660, -61.531350
2131550, -61.193554
2132440, -60.857514
2133330, -60.520721
2134220, -60.185682
2135110, -59.849882
2136000, -59.515822
2136890, -59.180700
2137780, -58.847017
2138670, -58.511963
2139560, -58.177675
2140450, -57.841351
2141340, -57.505107
2142230, -57.165681
2143120, -56.825198
2144010, -56.480318
2144900, -56.132578
2145790, -55.778668
2146680, -55.419840
2147570, -55.052024
2148460, -54.676590
2149350, -54.288617
2150240, -53.888459
2151130, -53.471080
2152020, -53.035279
2152910, -52.575060
2153800, -52.087249
2154690, -51.563557
2155580, -50.997981
2156470, -50.378614
2157360, -49.693754
2158250, -48.923448
2159140, -48.047192
2160030, -47.030151
2160920, -45.830031
2161810, -44.380410
2162700, -42.592444
2163590, -40.331410
2164480, -37.407991
2165370, -33.548677
2166260, -28.406528
2167150, -21.636620
2168040, -13.214825
2168930, -4.031638
2169820, 3.800545
2170710, 8.221561
2171600, 8.972416
2172490, 7.187925
2173380, 4.005322
2174270, 0.129267
2175160, -4.055607
2176050, -8.330695
2176940, -12.578272
2177830, -16.731254
2178720, -20.762942
2179610, -24.666008
2180500, -28.457738
2181390, -32.168151
2182280, -35.849501
2183170, -39.565135
2184060, -43.391553
2184950, -47.390988
2185840, -51.587120
2186730, -55.895776
2187620, -60.074000
2188510, -63.723827
2189400, -66.484360
2190290, -68.253730
2191180, -69.212728
2192070, -69.631733
2192960, -69.736984
2193850, -69.667675
2194740, -69.505684
2195630, -69.290532
2196520, -69.046651
2197410, -68.782956
2198300, -68.508055
2199190, -68.222754
2200080, -67.931505
2200970, -67.632951
2201860, -67.330382
2202750, -67.021836
2203640, -66.710304
2204530, -66.393626
2205420, -66.074686
2206310, -65.751314
2207200, -65.426344
2208090, -65.097570
2208980, -64.767860
2209870, -64.434978
2210760, -64.101742
2211650, -63.765965
2212540, -63.430419
2213430, -63.092842
2214320, -62.756058
2215210, -62.417734
2216100, -62.080584
2216990, -61.742344
2217880, -61.405616
2218770, -61.067987
2219660, -60.732159
2220550, -60.395559
2221440, -60.060691
2222330, -59.725132
2223220, -59.391166
2224110, -59.056121
2225000, -58.722484
2225890, -58.387303
2226780, -58.052744
2227670, -57.716125
2228560, -57.379245
2229450, -57.039011
2230340, -56.697564
2231230, -56.351297
2232120, -56.001817
2233010, -55.645962
2233900, -55.284500
2234790, -54.913570
2235680, -54.534233
2236570, -54.141514
2237460, -53.735832
2238350, -53.311519
2239240, -52.867466
2240130, -52.397066
2241020, -51.896940
2241910, -51.358221
2242800, -50.774151
2243690, -50.131207
2244580, -49.417327
2245470, -48.609881
2246360, -47.684965
2247250, -46.603754
2248140, -45.317626
2249030, -43.751542
2249920, -41.803264
2250810, -39.317820
2251700, -36.077543
2252590, -31.776696
2253480, -26.052386
2254370, -18.624609
2255260, -9.738415
2256150, -0.771751
2257040, 5.937711
2257930, 8.893177
2258820, 8.528499
2259710, 6.105132
2260600, 2.598088
2261490, -1.428554
2262380, -5.667312
2263270, -9.942161
2264160, -14.159401
2265050, -18.267882
2265940, -22.251048
2266830, -26.108979
2267720, -29.865287
2268610, -33.557220
2269500, -37.244009
2270390, -40.992439
2271280, -44.878429
2272170, -48.953630
2273060, -53.211123
2273950, -57.509262
2274840, -61.538062
2275730, -64.883216
2276620, -67.264097
2277510, -68.696561
2278400, -69.420855
2279290, -69.699169
2280180, -69.726279
2281070, -69.614673
2281960, -69.429500
2282850, -69.201180
2283740, -68.949305
2284630, -68.680393
2285520, -68.401735
2286410, -68.113554
2287300, -67.819902
2288190, -67.519296
2289080, -67.214875
2289970, -66.904692
2290860, -66.591639
2291750, -66.273605
2292640, -65.953414
2293530, -65.628948
2294420, -65.302969
2295310, -64.973341
2296200, -64.642873
2297090, -64.309364
2297980, -63.975591
2298870, -63.639426
2299760, -63.303547
2300650, -62.965771
2301540, -62.628862
2302430, -62.290498
2303320, -61.953365
2304210, -61.615240
2305100, -61.278618
2305990, -60.941182
2306880, -60.605539
2307770, -60.269129
2308660, -59.934443
2309550, -59.599059
2310440, -59.265156
2311330, -58.930178
2312220, -58.596473
2313110, -58.261097
2314000, -57.926232
2314890, -57.589138
2315780, -57.251505
2316670, -56.910388
2317560, -56.567682
2318450, -56.219820
2319340, -55.868451
2320230, -55.510090
2321120, -55.145584
2322010, -54.771227
2322900, -54.387482
2323790, -53.989589
2324680, -53.577946
2325570, -53.146239
2326460, -52.693437
2327350, -52.212051
2328240, -51.698747
2329130, -51.143430
2330020, -50.539242
2330910, -49.870807
2331800, -49.124726
2332690, -48.276556
2333580, -47.298532
2334470, -46.146964
2335360, -44.766506
2336250, -43.071258
2337140, -40.943363
2338030, -38.204964
2338920, -34.608041
2339810, -29.817191
2340700, -23.473263
2341590, -15.422968
2342480, -6.273579
2343370, 2.124576
2344260, 7.494832
2345150, 9.075236
2346040, 7.795337
2346930, 4.877865
2347820, 1.127145
2348710, -3.005420
2349600, -7.273078
2350490, -11.534249
2351380, -15.715391
2352270, -19.777406
2353160, -23.712530
2354050, -27.528501
2354940, -31.255979
2355830, -34.938088
2356720, -38.639252
2357610, -42.430560
2358500, -46.383643
2359390, -50.532629
2360280, -54.830163
2361170, -59.072359
2362060, -62.893367
2362950, -65.895170
2363840, -67.902546
2364730, -69.035950
2365620, -69.565383
2366510, -69.730999
2367400, -69.696384
2368290, -69.551346
2369180, -69.347631
2370070, -69.108559
2370960, -68.849963
2371850, -68.576517
2372740, -68.294489
2373630, -68.003656
2374520, -67.707750
2375410, -67.405192
2376300, -67.098999
2377190, -66.787244
2378080, -66.472725
2378970, -66.153388
2379860, -65.832000
2380750, -65.506475
2381640, -65.179532
2382530, -64.849100
2383420, -64.517897
2384310, -64.183800
2385200, -63.849540
2386090, -63.512997
2386980, -63.176816
2387870, -62.838887
2388760, -62.501848
2389650, -62.163468
2390540, -61.826391
2391430, -61.488362
2392320, -61.151859
2393210, -60.814649
2394100, -60.479158
2394990, -60.142937
2395880, -59.808454
2396770, -59.473188
2397660, -59.139329
2398550, -58.804425
2399440, -58.470566
2400330, -58.134953
2401220, -57.799768
2402110, -57.462077
2403000, -57.123619
2403890, -56.781580
2404780, -56.437474
2405670, -56.087921
2406560, -55.734599
2407450, -55.373659
2408340, -55.006040
2409230, -54.628188
2410120, -54.239945
2411010, -53.836768
2411900, -53.418352
2412790, -52.978603
2413680, -52.516384
2414570, -52.023362
2415460, -51.496212
2416350, -50.923502
2417240, -50.297760
2418130, -49.602262
2419020, -48.821122
2419910, -47.927819
2420800, -46.891397
2421690, -45.662463
2422580, -44.176565
2423470, -42.336206
2424360, -40.004763
2425250, -36.979439
2426140, -32.980515
2427030, -27.648929
2427920, -20.661666
2428810, -12.068012
2429700, -2.920877
2430590, 4.569830
2431480, 8.498485
2432370, 8.858094
2433260, 6.842845
2434150, 3.543926
2435040, -0.388765
2435930, -4.593209
2436820, -8.871047
2437710, -13.107847
2438600, -17.247208
2439490, -21.261434
2440380, -25.150413
2441270, -28.928355
2442160, -32.632508
2443050, -36.313555
2443940, -40.040330
2444830, -43.884284
2445720, -47.910113
2446610, -52.127407
2447500, -56.438695
2448390, -60.572025
2449280, -64.126251
2450170, -66.759531
2451060, -68.414152
2451950, -69.289117
2452840, -69.659046
2453730, -69.734992
2454620, -69.651691
2455510, -69.480170
2456400, -69.261542
2457290, -69.013618
2458180, -68.749314
2459070, -68.471893
2459960, -68.186818
2460850, -67.893531
2461740, -67.595493
2462630, -67.291079
2463520, -66.983193
2464410, -66.669931
2465300, -66.354008
2466190, -66.033428
2467080, -65.710901
2467970, -65.384374
2468860, -65.056522
2469750, -64.725340
2470640, -64.393456
2471530, -64.058822
2472420, -63.724124
2473310, -63.387250
2474200, -63.050813
2475090, -62.712776
2475980, -62.375649
2476870, -62.037289
2477760, -61.700307
2478650, -61.362406
2479540, -61.026051
2480430, -60.689092
2481320, -60.353774
2482210, -60.017759
2483100, -59.683497
2483990, -59.348358
2484880, -59.014550
2485770, -58.679723
2486660, -58.345708
2487550, -58.009850
2488440, -57.674338
2489330, -57.336032
2490220, -56.996729
2491110, -56.653737
2492000, -56.308194
2492890, -55.956909
2493780, -55.601448
2494670, -55.237781
2495560, -54.866926
2496450, -54.484927
2497340, -54.091702
2498230, -53.682858
2499120, -53.257318
2500010, -52.809180
2500900, -56.114883
2501790, -58.799064
2502680, -61.131218
2503570, -63.204079
2504460, -65.038422
2505350, -66.618819
2506240, -67.950092
2507130, -69.041057
2508020, -69.924971
2508910, -70.627207
2509800, -71.185079
2510690, -71.619777
2511580, -71.960715
2512470, -72.220428
2513360, -72.420367
2514250, -72.566291
2515140, -72.674127
2516030, -72.745211
2516920, -72.791957
2517810, -72.812931
2518700, -72.818362
2519590, -72.805101
2520480, -72.782011
2521370, -72.744871
2522260, -72.701688
2523150, -72.647560
2524040, -72.589947
2524930, -72.523510
2525820, -72.455352
2526710, -72.379852
2527600, -72.303876
2528490, -72.221617
2529380, -72.139782
2530270, -72.052438
2531160, -71.966184
2532050, -71.874999
2532940, -71.785398
2533830, -71.691304
2534720, -71.599182
2535610, -71.502916
2536500, -71.408934
2537390, -71.311093
2538280, -71.215792
2539170, -71.116866
2540060, -71.020694
2540950, -70.921096
2541840, -70.824421
2542730, -70.724470
2543620, -70.627584
2544510, -70.527563
2545400, -70.430739
2546290, -70.330910
2547180, -70.234398
2548070, -70.134999
2548960, -70.039025
2549850, -69.940271
2550740, -69.845026
2551630, -69.747068
2552520, -69.652684
2553410, -69.555658
2554300, -69.462277
2555190, -69.366331
2556080, -69.274102
2556970, -69.179378
2557860, -69.088438
2558750, -68.995072
2559640, -68.905549
2560530, -68.813631
2561420, -68.725567
2562310, -68.635137
2563200, -68.548597
2564090, -68.459733
2564980, -68.374800
2565870, -68.287589
2566760, -68.204351
2567650, -68.118880
2568540, -68.037421
2569430, -67.953771
2570320, -67.874149
2571210, -67.792323
2572100, -67.714513
2572990, -67.634505
2573880, -67.558526
2574770, -67.480371
2575660, -67.406267
2576550, -67.330015
2577440, -67.257840
2578330, -67.183545
2579220, -67.113352
2580110, -67.041065
2581000, -66.972902
2581890, -66.902654
2582780, -66.836496
2583670, -66.768215
2584560, -66.704006
2585450, -66.637672
2586340, -66.575415
2587230, -66.511045
2588120, -66.450765
2589010, -66.388390
2589900, -66.330120
2590790, -66.269774
2591680, -66.213549
2592570, -66.155267
2593460, -66.101119
2594350, -66.044932
2595240, -65.992893
2596130, -65.938821
2597020, -65.888860
2597910, -65.836810
2598800, -65.788836
2599690, -65.738758
2600580, -65.692749
2601470, -65.644639
2602360, -65.600603
2603250, -65.554475
2604140, -65.512428
2605030, -65.468302
2605920, -65.428265
2606810, -65.386159
2607700, -65.348151
2608590, -65.308084
2609480, -65.272120
2610370, -65.234105
2611260, -65.200197
2612150, -65.164245
2613040, -65.132402
2613930, -65.098519
2614820, -65.068744
2615710, -65.036929
2616600, -65.009221
2617490, -64.979472
2618380, -64.953801
2619270, -64.926038
2620160, -64.902307
2621050, -64.876456
2621940, -64.854614
2622830, -64.830638
2623720, -64.810659
2624610, -64.788537
2625500, -64.770401
2626390, -64.750115
2627280, -64.733804
2628170, -64.715335
2629060, -64.700827
2629950, -64.684150
2630840, -64.671420
2631730, -64.656506
2632620, -64.645523
2633510, -64.632340
2634400, -64.623066
2635290, -64.611574
2636180, -64.603969
2637070, -64.594124
2637960, -64.588139
2638850, -64.579891
2639740, -64.575476
2640630, -64.568770
2641520, -64.565865
2642410, -64.560642
2643300, -64.559186
2644190, -64.555381
2645080, -64.555308
2645970, -64.552852
2646860, -64.554091
2647750, -64.552912
2648640, -64.555389
2649530, -64.555411
2650420, -64.559049
2651310, -64.560192
2652200, -64.564911
2653090, -64.567096
2653980, -64.572812
2654870, -64.575955
2655760, -64.582586
2656650, -64.586602
2657540, -64.594063
2658430, -64.598868
2659320, -64.607073
2660210, -64.612581
2661100, -64.621445
2661990, -64.627571
2662880, -64.637010
2663770, -64.643670
2664660, -64.653601
2665550, -64.660713
2666440, -64.671053
2667330, -64.678536
2668220, -64.689206
2669110, -64.696982
2670000, -64.707905
2670890, -64.715899
2671780, -64.727002
2672670, -64.735141
2673560, -64.746354
2674450, -64.754570
2675340, -64.765825
2676230, -64.774053
2677120, -64.785289
2678010, -64.793468
2678900, -64.804625
2679790, -64.812700
2680680, -64.823724
2681570, -64.831642
2682460, -64.842484
2683350, -64.850198
2684240, -64.860812
2685130, -64.868279
2686020, -64.878625
2686910, -64.885807
2687800, -64.895849
2688690, -64.902711
2689580, -64.912417
2690470, -64.918931
2691360, -64.928274
2692250, -64.934414
2693140, -64.943371
2694030, -64.949117
2694920, -64.957668
2695810, -64.963003
2696700, -64.971135
2697590, -64.976045
2698480, -64.983746
2699370, -64.988222
2700260, -64.995484
2701150, -64.999520
2702040, -65.006339
2702930, -65.009926
2703820, -65.016283
2704710, -65.019405
2705600, -65.025295
2706490, -65.027951
2707380, -65.033377
2708270, -65.035574
2709160, -65.040543
2710050, -65.042292
2710940, -65.046819
2711830, -65.048134
2712720, -65.052232
2713610, -65.053128
2714500, -65.056816
2715390, -65.057310
2716280, -65.060604
2717170, -65.060715
2718060, -65.063634
2718950, -65.063382
2719840, -65.065946
2720730, -65.065350
2721620, -65.067579
2722510, -65.066661
2723400, -65.068576
2724290, -65.067355
2725180, -65.068977
2726070, -65.067475
2726960, -65.068825
2727850, -65.067064
2728740, -65.068163
2729630, -65.066163
2730520, -65.067032
2731410, -65.064813
2732300, -65.065473
2733190, -65.063057
2734080, -65.063528
2734970, -65.060934
2735860, -65.061236
2736750, -65.058484
2737640, -65.058636
2738530, -65.055745
2739420, -65.055765
2740310, -65.052753
2741200, -65.052661
2742090, -65.049546
2742980, -65.049357
2743870, -65.046156
2744760, -65.045888
2745650, -65.042617
2746540, -65.042286
2747430, -65.038960
2748320, -65.038580
2749210, -65.035214
2750100, -65.034799
2750990, -65.031407
2751880, -65.030971
2752770, -65.027565
2753660, -65.027120
2754550, -65.023712
2755440, -65.023269
2756330, -65.019871
2757220, -65.019442
2758110, -65.016063
2759000, -65.015656
2759890, -65.012306
2760780, -65.011932
2761670, -65.008619
2762560, -65.008285
2763450, -65.005017
2764340, -65.004730
2765230, -65.001514
2766120, -65.001281
2767010, -64.998123
2767900, -64.997947
2768790, -64.994849
2769680, -64.994731
2770570, -64.991693
2771460, -64.991634
2772350, -64.988659
2773240, -64.988663
2774130, -64.985754
2775020, -64.985824
2775910, -64.982984
2776800, -64.983124
2777690, -64.980356
2778580, -64.980567
2779470, -64.977873
2780360, -64.978159
2781250, -64.975541
2782140, -64.975902
2783030, -64.973361
2783920, -64.973799
2784810, -64.971337
2785700, -64.971851
2786590, -64.969467
2787480, -64.970059
2788370, -64.967754
2789260, -64.968422
2790150, -64.966194
2791040, -64.966939
2791930, -64.964788
2792820, -64.965608
2793710, -64.963533
2794600, -64.964426
2795490, -64.962425
2796380, -64.963389
2797270, -64.961460
2798160, -64.962495
2799050, -64.960635
2799940, -64.961737
2800830, -64.959945
2801720, -64.961112
2802610, -64.959385
2803500, -64.960613
2804390, -64.958948
2805280, -64.960236
2806170, -64.958629
2807060, -64.959973
2807950, -64.958423
2808840, -64.959819
2809730, -64.958322
2810620, -64.959768
2811510, -64.958320
2812400, -64.959812
2813290, -64.958410
2814180, -64.959945
2815070, -64.958585
2815960, -64.960160
2816850, -64.958839
2817740, -64.960450
2818630, -64.959165
2819520, -64.960809
2820410, -64.959557
2821300, -64.961230
2822190, -64.960006
2823080, -64.961705
2823970, -64.960508
2824860, -64.962230
2825750, -64.961055
2826640, -64.962796
2827530, -64.961641
2828420, -64.963399
2829310, -64.962260
2830200, -64.964032
2831090, -64.962907
2831980, -64.964689
2832870, -64.963575
2833760, -64.965365
2834650, -64.964259
2835540, -64.966055
2836430, -64.964955
2837320, -64.966754
2838210, -64.965657
2839100, -64.967457
2839990, -64.966361
2840880, -64.968159
2841770, -64.967062
2842660, -64.968857
2843550, -64.967757
2844440, -64.969547
2845330, -64.968442
2846220, -64.970224
2847110, -64.969113
2848000, -64.970887
2848890, -64.969768
2849780, -64.971532
2850670, -64.970404
2851560, -64.972157
2852450, -64.971018
2853340, -64.972758
2854230, -64.971608
2855120, -64.973335
2856010, -64.972172
2856900, -64.973886
2857790, -64.972709
2858680, -64.974408
2859570, -64.973218
2860460, -64.974901
2861350, -64.973696
2862240, -64.975363
2863130, -64.974144
2864020, -64.975795
2864910, -64.974561
2865800, -64.976195
2866690, -64.974946
2867580, -64.976564
2868470, -64.975299
2869360, -64.976900
2870250, -64.975620
2871140, -64.977205
2872030, -64.975910
2872920, -64.977478
2873810, -64.976168
2874700, -64.977720
2875590, -64.976396
2876480, -64.977932
2877370, -64.976593
2878260, -64.978114
2879150, -64.976761
2880040, -64.978267
2880930, -64.976901
2881820, -64.978392
2882710, -64.977013
2883600, -64.978490
2884490, -64.977098
2885380, -64.978562
2886270, -64.977159
2887160, -64.978610
2888050, -64.977196
2888940, -64.978634
2889830, -64.977210
2890720, -64.978637
2891610, -64.977202
2892500, -64.978619
2893390, -64.977175
2894280, -64.978581
2895170, -64.977129
2896060, -64.978526
2896950, -64.977066
2897840, -64.978455
2898730, -64.976988
2899620, -64.978368
2900510, -64.976895
2901400, -64.978268
2902290, -64.976789
2903180, -64.978155
2904070, -64.976672
2904960, -64.978032
2905850, -64.976544
2906740, -64.977900
2907630, -64.976408
2908520, -64.977759
2909410, -64.976264
2910300, -64.977611
2911190, -64.976114
2912080, -64.977457
2912970, -64.975959
2913860, -64.977300
2914750, -64.975800
2915640, -64.977138
2916530, -64.975638
2917420, -64.976975
2918310, -64.975474
2919200, -64.976810
2920090, -64.975310
2920980, -64.976645
2921870, -64.975146
2922760, -64.976480
2923650, -64.974982
2924540, -64.976317
2925430, -64.974821
2926320, -64.976156
2927210, -64.974662
2928100, -64.975998
2928990, -64.974506
2929880, -64.975843
2930770, -64.974354
2931660, -64.975693
2932550, -64.974207
2933440, -64.975547
2934330, -64.974065
2935220, -64.975407
2936110, -64.973927
2937000, -64.975272
2937890, -64.973796
2938780, -64.975143
2939670, -64.973671
2940560, -64.975020
2941450, -64.973552
2942340, -64.974904
2943230, -64.973439
2944120, -64.974794
2945010, -64.973333
2945900, -64.974691
2946790, -64.973235
2947680, -64.974595
2948570, -64.973142
2949460, -64.974505
2950350, -64.973057
2951240, -64.974423
2952130, -64.972979
2953020, -64.974347
2953910, -64.972908
2954800, -64.974279
2955690, -64.972843
2956580, -64.974217
2957470, -64.972785
2958360, -64.974162
2959250, -64.972734
2960140, -64.974113
2961030, -64.972689
2961920, -64.974070
2962810, -64.972650
2963700, -64.974034
2964590, -64.972617
2965480, -64.974003
2966370, -64.972590
2967260, -64.973978
2968150, -64.972568
2969040, -64.973958
2969930, -64.972551
2970820, -64.973943
2971710, -64.972540
2972600, -64.973933
2973490, -64.972533
2974380, -64.973928
2975270, -64.972530
2976160, -64.973926
2977050, -64.972531
2977940, -64.973929
2978830, -64.972536
2979720, -64.973935
2980610, -64.972545
2981500, -64.973944
2982390, -64.972556
2983280, -64.973957
2984170, -64.972571
2985060, -64.973972
2985950, -64.972588
2986840, -64.973990
2987730, -64.972607
2988620, -64.974009
2989510, -64.972628
2990400, -64.974031
2991290, -64.972651
2992180, -64.974054
2993070, -64.972676
2993960, -64.974078
2994850, -64.972701
2995740, -64.974104
2996630, -64.972728
2997520, -64.974130
2998410, -64.972755
2999300, -64.974157
3000190, -64.972783
