# ./result/hh_cnexp_0800.txt
# dt = 800 [usec]
# t [usec], V [mV]
0, -65.000000
800, -64.997638
1600, -64.995379
2400, -64.993204
3200, -64.991100
4000, -64.989058
4800, -64.987073
5600, -64.985140
6400, -64.983259
7200, -64.981427
8000, -64.979644
8800, -64.977910
9600, -64.976224
10400, -64.974586
11200, -64.972997
12000, -64.971456
12800, -64.969965
13600, -64.968522
14400, -64.967129
15200, -64.965784
16000, -64.964489
16800, -64.963244
17600, -64.962047
18400, -64.960900
19200, -64.959802
20000, -64.958752
20800, -64.957751
21600, -64.956799
22400, -64.955894
23200, -64.955037
24000, -64.954227
24800, -64.953463
25600, -64.952746
26400, -64.952074
27200, -64.951447
28000, -64.950865
28800, -64.950326
29600, -64.949830
30400, -64.949377
31200, -64.948966
32000, -64.948595
32800, -64.948264
33600, -64.947973
34400, -64.947720
35200, -64.947504
36000, -64.947326
36800, -64.947183
37600, -64.947075
38400, -64.947001
39200, -64.946960
40000, -64.946952
40800, -64.946974
41600, -64.947027
42400, -64.947109
43200, -64.947220
44000, -64.947358
44800, -64.947522
45600, -64.947711
46400, -64.947925
47200, -64.948163
48000, -64.948422
48800, -64.948704
49600, -64.949006
50400, -64.949327
51200, -64.949667
52000, -64.950025
52800, -64.950399
53600, -64.950789
54400, -64.951194
55200, -64.951613
56000, -64.952044
56800, -64.952488
57600, -64.952944
58400, -64.953409
59200, -64.953884
60000, -64.954368
60800, -64.954859
61600, -64.955358
62400, -64.955863
63200, -64.956373
64000, -64.956888
64800, -64.957407
65600, -64.957930
66400, -64.958454
67200, -64.958981
68000, -64.959509
68800, -64.960037
69600, -64.960565
70400, -64.961093
71200, -64.961619
72000, -64.962143
72800, -64.962665
73600, -64.963184
74400, -64.963699
75200, -64.964210
76000, -64.964717
76800, -64.965219
77600, -64.965716
78400, -64.966207
79200, -64.966691
80000, -64.967169
80800, -64.967640
81600, -64.968104
82400, -64.968560
83200, -64.969008
84000, -64.969449
84800, -64.969880
85600, -64.970303
86400, -64.970717
87200, -64.971122
88000, -64.971518
88800, -64.971904
89600, -64.972280
90400, -64.972647
91200, -64.973003
92000, -64.973350
92800, -64.973686
93600, -64.974012
94400, -64.974328
95200, -64.974633
96000, -64.974928
96800, -64.975213
97600, -64.975487
98400, -64.975750
99200, -64.976004
100000, -64.976246
100800, -64.976478
101600, -64.976700
102400, -64.976912
103200, -64.977113
104000, -64.977304
104800, -64.977485
105600, -64.977656
106400, -64.977818
107200, -64.977969
108000, -64.978111
108800, -64.978243
109600, -64.978366
110400, -64.978480
111200, -64.978584
112000, -64.978680
112800, -64.978766
113600, -64.978844
114400, -64.978914
115200, -64.978975
116000, -64.979029
116800, -64.979074
117600, -64.979112
118400, -64.979142
119200, -64.979165
120000, -64.979180
120800, -64.979189
121600, -64.979191
122400, -64.979186
123200, -64.979175
124000, -64.979158
124800, -64.979135
125600, -64.979106
126400, -64.979072
127200, -64.979032
128000, -64.978988
128800, -64.978938
129600, -64.978884
130400, -64.978825
131200, -64.978762
132000, -64.978695
132800, -64.978624
133600, -64.978549
134400, -64.978471
135200, -64.978390
136000, -64.978305
136800, -64.978218
137600, -64.978127
138400, -64.978035
139200, -64.977940
140000, -64.977843
140800, -64.977744
141600, -64.977643
142400, -64.977540
143200, -64.977436
144000, -64.977331
144800, -64.977225
145600, -64.977117
146400, -64.977009
147200, -64.976900
148000, -64.976791
148800, -64.976681
149600, -64.976571
150400, -64.976461
151200, -64.976351
152000, -64.976241
152800, -64.976132
153600, -64.976023
154400, -64.975914
155200, -64.975806
156000, -64.975699
156800, -64.975592
157600, -64.975487
158400, -64.975382
159200, -64.975279
160000, -64.975177
160800, -64.975076
161600, -64.974976
162400, -64.974878
163200, -64.974782
164000, -64.974687
164800, -64.974594
165600, -64.974502
166400, -64.974412
167200, -64.974324
168000, -64.974238
168800, -64.974154
169600, -64.974072
170400, -64.973991
171200, -64.973913
172000, -64.973837
172800, -64.973763
173600, -64.973691
174400, -64.973621
175200, -64.973553
176000, -64.973487
176800, -64.973424
177600, -64.973363
178400, -64.973303
179200, -64.973247
180000, -64.973192
180800, -64.973139
181600, -64.973089
182400, -64.973041
183200, -64.972995
184000, -64.972951
184800, -64.972909
185600, -64.972870
186400, -64.972832
187200, -64.972797
188000, -64.972763
188800, -64.972732
189600, -64.972703
190400, -64.972675
191200, -64.972650
192000, -64.972627
192800, -64.972605
193600, -64.972585
194400, -64.972568
195200, -64.972552
196000, -64.972537
196800, -64.972525
197600, -64.972514
198400, -64.972505
199200, -64.972497
200000, -64.972491
200800, -64.972487
201600, -64.972484
202400, -64.972483
203200, -64.972483
204000, -64.972484
204800, -64.972486
205600, -64.972490
206400, -64.972496
207200, -64.972502
208000, -64.972509
208800, -64.972518
209600, -64.972528
210400, -64.972538
211200, -64.972550
212000, -64.972563
212800, -64.972576
213600, -64.972591
214400, -64.972606
215200, -64.972622
216000, -64.972639
216800, -64.972656
217600, -64.972674
218400, -64.972693
219200, -64.972712
220000, -64.972732
220800, -64.972752
221600, -64.972772
222400, -64.972794
223200, -64.972815
224000, -64.972837
224800, -64.972859
225600, -64.972881
226400, -64.972904
227200, -64.972927
228000, -64.972950
228800, -64.972973
229600, -64.972996
230400, -64.973019
231200, -64.973043
232000, -64.973066
232800, -64.973089
233600, -64.973113
234400, -64.973136
235200, -64.973159
236000, -64.973182
236800, -64.973205
237600, -64.973228
238400, -64.973250
239200, -64.973273
240000, -64.973295
240800, -64.973317
241600, -64.973338
242400, -64.973360
243200, -64.973381
244000, -64.973402
244800, -64.973422
245600, -64.973442
246400, -64.973462
247200, -64.973482
248000, -64.973501
248800, -64.973519
249600, -64.973538
250400, -64.973556
251200, -64.973573
252000, -64.973590
252800, -64.973607
253600, -64.973623
254400, -64.973639
255200, -64.973654
256000, -64.973669
256800, -64.973683
257600, -64.973697
258400, -64.973711
259200, -64.973724
260000, -64.973736
260800, -64.973749
261600, -64.973760
262400, -64.973771
263200, -64.973782
264000, -64.973793
264800, -64.973802
265600, -64.973812
266400, -64.973821
267200, -64.973829
268000, -64.973837
268800, -64.973845
269600, -64.973852
270400, -64.973859
271200, -64.973865
272000, -64.973871
272800, -64.973876
273600, -64.973882
274400, -64.973886
275200, -64.973890
276000, -64.973894
276800, -64.973898
277600, -64.973901
278400, -64.973904
279200, -64.973906
280000, -64.973908
280800, -64.973910
281600, -64.973911
282400, -64.973913
283200, -64.973913
284000, -64.973914
284800, -64.973914
285600, -64.973914
286400, -64.973913
287200, -64.973913
288000, -64.973912
288800, -64.973911
289600, -64.973909
290400, -64.973907
291200, -64.973906
292000, -64.973903
292800, -64.973901
293600, -64.973899
294400, -64.973896
295200, -64.973893
296000, -64.973890
296800, -64.973887
297600, -64.973883
298400, -64.973880
299200, -64.973876
300000, -64.973872
300800, -64.973869
301600, -64.973865
302400, -64.973860
303200, -64.973856
304000, -64.973852
304800, -64.973848
305600, -64.973843
306400, -64.973839
307200, -64.973834
308000, -64.973829
308800, -64.973825
309600, -64.973820
310400, -64.973815
311200, -64.973810
312000, -64.973806
312800, -64.973801
313600, -64.973796
314400, -64.973791
315200, -64.973787
316000, -64.973782
316800, -64.973777
317600, -64.973772
318400, -64.973768
319200, -64.973763
320000, -64.973758
320800, -64.973754
321600, -64.973749
322400, -64.973745
323200, -64.973740
324000, -64.973736
324800, -64.973731
325600, -64.973727
326400, -64.973723
327200, -64.973719
328000, -64.973715
328800, -64.973711
329600, -64.973707
330400, -64.973703
331200, -64.973699
332000, -64.973696
332800, -64.973692
333600, -64.973688
334400, -64.973685
335200, -64.973682
336000, -64.973679
336800, -64.973675
337600, -64.973672
338400, -64.973669
339200, -64.973667
340000, -64.973664
340800, -64.973661
341600, -64.973659
342400, -64.973656
343200, -64.973654
344000, -64.973651
344800, -64.973649
345600, -64.973647
346400, -64.973645
347200, -64.973643
348000, -64.973641
348800, -64.973640
349600, -64.973638
350400, -64.973637
351200, -64.973635
352000, -64.973634
352800, -64.973633
353600, -64.973631
354400, -64.973630
355200, -64.973629
356000, -64.973628
356800, -64.973628
357600, -64.973627
358400, -64.973626
359200, -64.973625
360000, -64.973625
360800, -64.973625
361600, -64.973624
362400, -64.973624
363200, -64.973624
364000, -64.973623
364800, -64.973623
365600, -64.973623
366400, -64.973623
367200, -64.973623
368000, -64.973624
368800, -64.973624
369600, -64.973624
370400, -64.973624
371200, -64.973625
372000, -64.973625
372800, -64.973625
373600, -64.973626
374400, -64.973626
375200, -64.973627
376000, -64.973628
376800, -64.973628
377600, -64.973629
378400, -64.973630
379200, -64.973630
380000, -64.973631
380800, -64.973632
381600, -64.973633
382400, -64.973634
383200, -64.973635
384000, -64.973636
384800, -64.973637
385600, -64.973637
386400, -64.973638
387200, -64.973639
388000, -64.973640
388800, -64.973641
389600, -64.973642
390400, -64.973643
391200, -64.973644
392000, -64.973645
392800, -64.973647
393600, -64.973648
394400, -64.973649
395200, -64.973650
396000, -64.973651
396800, -64.973652
397600, -64.973653
398400, -64.973654
399200, -64.973655
400000, -64.973656
400800, -64.973657
401600, -64.973658
402400, -64.973659
403200, -64.973660
404000, -64.973661
404800, -64.973662
405600, -64.973663
406400, -64.973664
407200, -64.973665
408000, -64.973666
408800, -64.973666
409600, -64.973667
410400, -64.973668
411200, -64.973669
412000, -64.973670
412800, -64.973671
413600, -64.973672
414400, -64.973672
415200, -64.973673
416000, -64.973674
416800, -64.973675
417600, -64.973675
418400, -64.973676
419200, -64.973677
420000, -64.973677
420800, -64.973678
421600, -64.973678
422400, -64.973679
423200, -64.973680
424000, -64.973680
424800, -64.973681
425600, -64.973681
426400, -64.973682
427200, -64.973682
428000, -64.973683
428800, -64.973683
429600, -64.973683
430400, -64.973684
431200, -64.973684
432000, -64.973685
432800, -64.973685
433600, -64.973685
434400, -64.973685
435200, -64.973686
436000, -64.973686
436800, -64.973686
437600, -64.973686
438400, -64.973687
439200, -64.973687
440000, -64.973687
440800, -64.973687
441600, -64.973687
442400, -64.973687
443200, -64.973687
444000, -64.973688
444800, -64.973688
445600, -64.973688
446400, -64.973688
447200, -64.973688
448000, -64.973688
448800, -64.973688
449600, -64.973688
450400, -64.973688
451200, -64.973688
452000, -64.973688
452800, -64.973688
453600, -64.973688
454400, -64.973687
455200, -64.973687
456000, -64.973687
456800, -64.973687
457600, -64.973687
458400, -64.973687
459200, -64.973687
460000, -64.973687
460800, -64.973687
461600, -64.973686
462400, -64.973686
463200, -64.973686
464000, -64.973686
464800, -64.973686
465600, -64.973686
466400, -64.973685
467200, -64.973685
468000, -64.973685
468800, -64.973685
469600, -64.973685
470400, -64.973684
471200, -64.973684
472000, -64.973684
472800, -64.973684
473600, -64.973684
474400, -64.973683
475200, -64.973683
476000, -64.973683
476800, -64.973683
477600, -64.973683
478400, -64.973682
479200, -64.973682
480000, -64.973682
480800, -64.973682
481600, -64.973682
482400, -64.973681
483200, -64.973681
484000, -64.973681
484800, -64.973681
485600, -64.973681
486400, -64.973680
487200, -64.973680
488000, -64.973680
488800, -64.973680
489600, -64.973680
490400, -64.973680
491200, -64.973679
492000, -64.973679
492800, -64.973679
493600, -64.973679
494400, -64.973679
495200, -64.973679
496000, -64.973678
496800, -64.973678
497600, -64.973678
498400, -64.973678
499200, -64.973678
500000, -64.973678
500800, -61.253990
501600, -57.697847
502400, -54.244233
503200, -50.797445
504000, -47.166770
504800, -43.006707
505600, -37.656111
506400, -29.857335
507200, -17.235480
508000, 3.473319
508800, 29.542655
509600, 43.250061
510400, 43.014583
511200, 41.192418
512000, 38.812366
512800, 35.899494
513600, 32.583898
514400, 28.953681
515200, 25.103573
516000, 21.108985
516800, 17.040938
517600, 12.949357
518400, 8.879657
519200, 4.858139
520000, 0.909638
520800, -2.956673
521600, -6.729818
522400, -10.411910
523200, -14.000509
524000, -17.504103
524800, -20.929196
525600, -24.292178
526400, -27.610833
527200, -30.918188
528000, -34.250326
528800, -37.666046
529600, -41.227198
530400, -45.009460
531200, -49.068236
532000, -53.410840
532800, -57.907392
533600, -62.238389
534400, -65.917409
535200, -68.565220
536000, -70.149278
536800, -70.940578
537600, -71.248918
538400, -71.301708
539200, -71.221970
540000, -71.078337
540800, -70.898266
541600, -70.700750
542400, -70.489081
543200, -70.270764
544000, -70.043648
544800, -69.812634
545600, -69.574308
546400, -69.332949
547200, -69.084850
548000, -68.834147
548800, -68.577058
549600, -68.317680
550400, -68.052236
551200, -67.784836
552000, -67.511700
552800, -67.236938
553600, -66.956803
554400, -66.675429
555200, -66.389055
556000, -66.101819
556800, -65.810010
557600, -65.517752
558400, -65.221311
559200, -64.924843
560000, -64.624638
560800, -64.324791
561600, -64.021585
562400, -63.719180
563200, -63.413777
564000, -63.109470
564800, -62.802543
565600, -62.497031
566400, -62.189112
567200, -61.882857
568000, -61.574448
568800, -61.267791
569600, -60.959046
570400, -60.652212
571200, -60.343223
572000, -60.035954
572800, -59.726531
573600, -59.418587
574400, -59.108016
575200, -58.798646
576000, -58.486213
576800, -58.174217
577600, -57.858494
578400, -57.542497
579200, -57.221623
580000, -56.899273
580800, -56.570918
581600, -56.239365
582400, -55.899863
583200, -55.555304
584000, -55.200148
584800, -54.836910
585600, -54.459859
586400, -54.070427
587200, -53.662486
588000, -53.236293
588800, -52.784175
589600, -52.305221
590400, -51.789408
591200, -51.233205
592000, -50.623026
592800, -49.950136
593600, -49.194964
594400, -48.339249
595200, -47.349610
596000, -46.189720
596800, -44.799711
597600, -43.103536
598400, -40.982557
599200, -38.274761
600000, -34.739144
600800, -30.059741
601600, -23.862037
602400, -15.907172
603200, -6.538040
604000, 2.719375
604800, 9.548500
605600, 12.657323
606400, 12.617045
607200, 10.641134
608000, 7.624447
608800, 4.064483
609600, 0.244915
610400, -3.674375
611200, -7.591296
612000, -11.452038
612800, -15.221112
613600, -18.888037
614400, -22.447399
615200, -25.912762
616000, -29.298717
616800, -32.640147
617600, -35.974247
618400, -39.355674
619200, -42.838522
620000, -46.479277
620800, -50.301105
621600, -54.273212
622400, -58.248477
623200, -61.958129
624000, -65.065765
624800, -67.346990
625600, -68.797184
626400, -69.597230
627200, -69.961088
628000, -70.065578
628800, -70.018657
629600, -69.889345
630400, -69.709936
631200, -69.503919
632000, -69.278134
632800, -69.042280
633600, -68.795812
634400, -68.544450
635200, -68.285507
636000, -68.023546
636800, -67.755246
637600, -67.484799
638400, -67.208682
639200, -66.930993
640000, -66.648155
640800, -66.364213
641600, -66.075575
642400, -65.786306
643200, -65.492794
644000, -65.199076
644800, -64.901574
645600, -64.604333
646400, -64.303726
647200, -64.003794
648000, -63.700967
648800, -63.399204
649600, -63.094883
650400, -62.792036
651200, -62.486986
652000, -62.183668
652800, -61.878449
653600, -61.575254
654400, -61.270309
655200, -60.967520
656000, -60.663197
656800, -60.361044
657600, -60.057256
658400, -59.755702
659200, -59.452396
660000, -59.150993
660800, -58.847648
661600, -58.545951
662400, -58.241763
663200, -57.938676
664000, -57.632677
664800, -57.326954
665600, -57.017301
666400, -56.707227
667200, -56.392043
668000, -56.074826
668800, -55.751244
669600, -55.423932
670400, -55.087953
671200, -54.746143
672000, -54.393012
672800, -54.030550
673600, -53.653384
674400, -53.262390
675200, -52.851002
676000, -52.419654
676800, -51.959966
677600, -51.470995
678400, -50.941728
679200, -50.368249
680000, -49.735606
680800, -49.034085
681600, -48.242512
682400, -47.340296
683200, -46.291530
684000, -45.056221
684800, -43.570231
685600, -41.751245
686400, -39.475177
687200, -36.576714
688000, -32.823336
688800, -27.936921
689600, -21.649284
690400, -13.937987
691200, -5.417783
692000, 2.373227
692800, 7.662449
693600, 9.749863
694400, 9.232538
695200, 7.070190
696000, 3.991191
696800, 0.429231
697600, -3.356699
698400, -7.218648
699200, -11.062838
700000, -14.841252
700800, -18.523668
701600, -22.104374
702400, -25.582544
703200, -28.978110
704000, -32.313252
704800, -35.631089
705600, -38.975821
706400, -42.405215
707200, -45.967055
708000, -49.695094
708800, -53.561363
709600, -57.451506
710400, -61.125338
711200, -64.279672
712000, -66.670629
712800, -68.257876
713600, -69.174813
714400, -69.627284
715200, -69.786416
716000, -69.775737
716800, -69.664283
717600, -69.497425
718400, -69.294672
719200, -69.072643
720000, -68.834817
720800, -68.589003
721600, -68.333863
722400, -68.074563
723200, -67.808304
724000, -67.539417
724800, -67.264631
725600, -66.988024
726400, -66.706190
727200, -66.423096
728000, -66.135279
728800, -65.846709
729600, -65.553904
730400, -65.260796
731200, -64.963916
732000, -64.667219
732800, -64.367185
733600, -64.067745
734400, -63.765438
735200, -63.464141
736000, -63.160336
736800, -62.857943
737600, -62.553427
738400, -62.250608
739200, -61.945954
740000, -61.643329
740800, -61.339055
741600, -61.036923
742400, -60.733378
743200, -60.432046
744000, -60.129220
744800, -59.828650
745600, -59.526551
746400, -59.226449
747200, -58.924593
748000, -58.624578
748800, -58.322348
749600, -58.021371
750400, -57.717849
751200, -57.414887
752000, -57.108365
752800, -56.801675
753600, -56.490477
754400, -56.177707
755200, -55.859124
756000, -55.537584
756800, -55.208224
757600, -54.873770
758400, -54.529319
759200, -54.176742
760000, -53.810809
760800, -53.433034
761600, -53.037009
762400, -52.623868
763200, -52.185716
764000, -51.721974
764800, -51.223277
765600, -50.686437
766400, -50.098907
767200, -49.453530
768000, -48.731605
768800, -47.918003
769600, -46.984130
770400, -45.899590
771200, -44.613630
772000, -43.064585
772800, -41.158477
773600, -38.771067
774400, -35.721787
775200, -31.780123
776000, -26.668259
776800, -20.169993
777600, -12.366918
778400, -4.054151
779200, 3.164552
780000, 7.707777
780800, 9.183845
781600, 8.286443
782400, 5.924119
783200, 2.744174
784000, -0.857048
784800, -4.651556
785600, -8.498080
786400, -12.318674
787200, -16.063458
788000, -19.712881
788800, -23.257480
789600, -26.707166
790400, -30.076836
791200, -33.399887
792000, -36.714829
792800, -40.075299
793600, -43.531700
794400, -47.134055
795200, -50.895315
796000, -54.770391
796800, -58.601805
797600, -62.128195
798400, -65.047642
799200, -67.178895
800000, -68.537365
800800, -69.293780
801600, -69.642125
802400, -69.743032
803200, -69.696166
804000, -69.566765
804800, -69.386272
805600, -69.177890
806400, -68.948926
807200, -68.709150
808000, -68.458470
808800, -68.202587
809600, -67.939174
810400, -67.672675
811200, -67.400041
812000, -67.125312
812800, -66.845227
813600, -66.563686
814400, -66.277340
815200, -65.990054
816000, -65.698479
816800, -65.406433
817600, -65.110544
818400, -64.814668
819200, -64.515414
820000, -64.216594
820800, -63.914842
821600, -63.613980
822400, -63.310572
823200, -63.008420
824000, -62.704157
824800, -62.401474
825600, -62.096925
826400, -61.794294
827200, -61.490060
828000, -61.187877
828800, -60.884274
829600, -60.582900
830400, -60.280102
831200, -59.979495
832000, -59.677552
832800, -59.377632
833600, -59.076048
834400, -58.776367
835200, -58.474715
836000, -58.174390
836800, -57.871652
837600, -57.569772
838400, -57.264640
839200, -56.959476
840000, -56.650374
840800, -56.340047
841600, -56.024283
842400, -55.706177
843200, -55.380935
844000, -55.051089
844800, -54.712214
845600, -54.366163
846400, -54.007721
847200, -53.639005
848000, -53.253638
848800, -52.852617
849600, -52.429260
850400, -51.982846
851200, -51.505543
852000, -50.994156
852800, -50.438275
853600, -49.831062
854400, -49.157009
855200, -48.403610
856000, -47.545776
856800, -46.558768
857600, -45.400599
858400, -44.021905
859200, -42.346048
860000, -40.272453
860800, -37.653015
861600, -34.293567
862400, -29.938091
863200, -24.321688
864000, -17.302572
864800, -9.195630
865600, -1.125604
866400, 5.169144
867200, 8.490048
868000, 8.941529
868800, 7.391326
869600, 4.658418
870400, 1.286516
871200, -2.407360
872000, -6.229976
872800, -10.071688
873600, -13.862722
874400, -17.570718
875200, -21.176356
876000, -24.681482
876800, -28.094316
877600, -31.441048
878400, -34.753712
879200, -38.080690
880000, -41.471117
880800, -44.981513
881600, -48.645938
882400, -52.461974
883200, -56.339099
884000, -60.080053
884800, -63.388952
885600, -65.998348
886400, -67.801257
887200, -68.892831
888000, -69.461269
888800, -69.695364
889600, -69.726158
890400, -69.641628
891200, -69.487507
892000, -69.295078
892800, -69.076314
893600, -68.843401
894400, -68.597740
895200, -68.345694
896000, -68.085467
896800, -67.821647
897600, -67.551430
898400, -67.278827
899200, -67.000724
900000, -66.720958
900800, -66.436289
901600, -66.150482
902400, -65.860292
903200, -65.569462
904000, -65.274709
904800, -64.979779
905600, -64.681419
906400, -64.383320
907200, -64.082205
908000, -63.781817
908800, -63.478838
909600, -63.176949
910400, -62.872871
911200, -62.570273
912000, -62.265780
912800, -61.963050
913600, -61.658767
914400, -61.356440
915200, -61.052671
916000, -60.751089
916800, -60.448155
917600, -60.147337
918400, -59.845207
919200, -59.545174
920000, -59.243586
920800, -58.943863
921600, -58.642452
922400, -58.342461
923200, -58.040189
924000, -57.738998
924800, -57.434874
925600, -57.130850
926400, -56.823154
927200, -56.514658
928000, -56.201131
928800, -55.885484
929600, -55.563495
930400, -55.237443
931200, -54.902903
932000, -54.562229
932800, -54.210143
933600, -53.848567
934400, -53.472039
935200, -53.081302
936000, -52.670382
936800, -52.238793
937600, -51.778869
938400, -51.288758
939200, -50.758245
940000, -50.182488
940800, -49.547425
941600, -48.842406
942400, -48.046329
943200, -47.138927
944000, -46.084206
944800, -44.841798
945600, -43.347267
946400, -41.518814
947200, -39.233790
948000, -36.330061
948800, -32.582403
949600, -27.726814
950400, -21.520193
951200, -13.969096
952000, -5.694775
952800, 1.827979
953600, 6.933947
954400, 8.960166
955200, 8.452240
956000, 6.318082
956800, 3.266357
957600, -0.271626
958400, -4.035956
959200, -7.877350
960000, -11.702068
960800, -15.461731
961600, -19.126063
962400, -22.688795
963200, -26.151393
964000, -29.533256
964800, -32.859671
965600, -36.172943
966400, -39.519033
967200, -42.955483
968000, -46.527433
968800, -50.261233
969600, -54.118592
970400, -57.969719
971200, -61.563052
972000, -64.599129
972800, -66.862533
973600, -68.342333
974400, -69.184626
975200, -69.591339
976000, -69.724514
976800, -69.699223
977600, -69.579544
978400, -69.407558
979200, -69.201505
980000, -68.976884
980800, -68.737080
981600, -68.489387
982400, -68.232679
983200, -67.971768
984000, -67.704141
984800, -67.433807
985600, -67.157807
986400, -66.879912
987200, -66.597016
988000, -66.312787
988800, -66.024078
989600, -65.734555
990400, -65.441030
991200, -65.147136
992000, -64.849723
992800, -64.552411
993600, -64.252008
994400, -63.952142
995200, -63.649652
996000, -63.348091
996800, -63.044265
997600, -62.741794
998400, -62.437401
999200, -62.134619
1000000, -61.830242
1000800, -61.527757
1001600, -61.223825
1002400, -60.921950
1003200, -60.618831
1004000, -60.317781
1004800, -60.015430
1005600, -59.715244
1006400, -59.413621
1007200, -59.113830
1008000, -58.812464
1008800, -58.512664
1009600, -58.210747
1010400, -57.909921
1011200, -57.606559
1012000, -57.303487
1012800, -56.996951
1013600, -56.690075
1014400, -56.378593
1015200, -56.065226
1016000, -55.746106
1016800, -55.423502
1017600, -55.092971
1018400, -54.757009
1019200, -54.410674
1020000, -54.055658
1020800, -53.687119
1021600, -53.305819
1022400, -52.905786
1023200, -52.487513
1024000, -52.043327
1024800, -51.572425
1025600, -51.064979
1026400, -50.517574
1027200, -49.916970
1028000, -49.255216
1028800, -48.513088
1029600, -47.673482
1030400, -46.706068
1031200, -45.577511
1032000, -44.233872
1032800, -42.608549
1033600, -40.599705
1034400, -38.073014
1035200, -34.836106
1036000, -30.647252
1036800, -25.232532
1037600, -18.422508
1038400, -10.433626
1039200, -2.265924
1040000, 4.387064
1040800, 8.165288
1041600, 8.994732
1042400, 7.682079
1043200, 5.086070
1044000, 1.784010
1044800, -1.874255
1045600, -5.686969
1046400, -9.528805
1047200, -13.331232
1048000, -17.050959
1048800, -20.672429
1049600, -24.189985
1050400, -27.616039
1051200, -30.969103
1052000, -34.284875
1052800, -37.604924
1053600, -40.984324
1054400, -44.472937
1055200, -48.114945
1056000, -51.910339
1056800, -55.789547
1057600, -59.564472
1058400, -62.953764
1059200, -65.672377
1060000, -67.589433
1060800, -68.770049
1061600, -69.402401
1062400, -69.673374
1063200, -69.728597
1064000, -69.655502
1064800, -69.510749
1065600, -69.321196
1066400, -69.107004
1067200, -68.874278
1068000, -68.631664
1068800, -68.378924
1069600, -68.121216
1070400, -67.856375
1071200, -67.588463
1072000, -67.314692
1072800, -67.038779
1073600, -66.757752
1074400, -66.475194
1075200, -66.188058
1076000, -65.899909
1076800, -65.607687
1077600, -65.314916
1078400, -65.018530
1079200, -64.722087
1080000, -64.422476
1080800, -64.123219
1081600, -63.821256
1082400, -63.520081
1083200, -63.216572
1084000, -62.914241
1084800, -62.609984
1085600, -62.307206
1086400, -62.002772
1087200, -61.700174
1088000, -61.396130
1088800, -61.094017
1089600, -60.790680
1090400, -60.489392
1091200, -60.186834
1092000, -59.886341
1092800, -59.584594
1093600, -59.284692
1094400, -58.983275
1095200, -58.683608
1096000, -58.382013
1096800, -58.081537
1097600, -57.778771
1098400, -57.476532
1099200, -57.171071
1100000, -56.865354
1100800, -56.555584
1101600, -56.244252
1102400, -55.927494
1103200, -55.607945
1104000, -55.281101
1104800, -54.949259
1105600, -54.608166
1106400, -54.259251
1107200, -53.897669
1108000, -53.524889
1108800, -53.134882
1109600, -52.728393
1110400, -52.298478
1111200, -51.844182
1112000, -51.357265
1112800, -50.834248
1113600, -50.264045
1114400, -49.639394
1115200, -48.943642
1116000, -48.163260
1116800, -47.271620
1117600, -46.240913
1118400, -45.025904
1119200, -43.572266
1120000, -41.794925
1120800, -39.583681
1121600, -36.776595
1122400, -33.163279
1123200, -28.476983
1124000, -22.469275
1124800, -15.086238
1125600, -6.845474
1126400, 0.890514
1127200, 6.402143
1128000, 8.845245
1128800, 8.633280
1129600, 6.678091
1130400, 3.721662
1131200, 0.234579
1132000, -3.510398
1132800, -7.346184
1133600, -11.178423
1134400, -14.947450
1135200, -18.626746
1136000, -22.202314
1136800, -25.679378
1137600, -29.069749
1138400, -32.402656
1139200, -35.713720
1140000, -39.053663
1140800, -42.472833
1141600, -46.024967
1142400, -49.735587
1143200, -53.582644
1144000, -57.444894
1144800, -61.092162
1145600, -64.220366
1146400, -66.597982
1147200, -68.178380
1148000, -69.098509
1148800, -69.553112
1149600, -69.717774
1150400, -69.708162
1151200, -69.600173
1152000, -69.432429
1152800, -69.231634
1153600, -69.007666
1154400, -68.771102
1155200, -68.522910
1156000, -68.268767
1156800, -68.006948
1157600, -67.741625
1158400, -67.470209
1159200, -67.196384
1160000, -66.917306
1160800, -66.636501
1161600, -66.351017
1162400, -66.064326
1163200, -65.773478
1164000, -65.481905
1164800, -65.186626
1165600, -64.891098
1166400, -64.592343
1167200, -64.293769
1168000, -63.992398
1168800, -63.691682
1169600, -63.388569
1170400, -63.086458
1171200, -62.782372
1172000, -62.479647
1172800, -62.175218
1173600, -61.872463
1174400, -61.568303
1175200, -61.265981
1176000, -60.962403
1176800, -60.660888
1177600, -60.358149
1178400, -60.057392
1179200, -59.755494
1180000, -59.455480
1180800, -59.154024
1181600, -58.854282
1182400, -58.552877
1183200, -58.252675
1184000, -57.950298
1184800, -57.648755
1185600, -57.344275
1186400, -57.039653
1187200, -56.731439
1188000, -56.422020
1188800, -56.107522
1189600, -55.790617
1190400, -55.467130
1191200, -55.139135
1192000, -54.802550
1192800, -54.459131
1193600, -54.103977
1194400, -53.738774
1195200, -53.357931
1196000, -52.961986
1196800, -52.545119
1197600, -52.106170
1198400, -51.637798
1199200, -51.137092
1200000, -50.594117
1200800, -50.002683
1201600, -49.348867
1202400, -48.620153
1203200, -47.793871
1204000, -46.847413
1204800, -45.742479
1205600, -44.433742
1206400, -42.850882
1207200, -40.903638
1208000, -38.457319
1208800, -35.333313
1209600, -31.290772
1210400, -26.061409
1211200, -19.442373
1212000, -11.579352
1212800, -3.343722
1213600, 3.618817
1214400, 7.829600
1215200, 9.025813
1216000, 7.954168
1216800, 5.492984
1217600, 2.264872
1218400, -1.360185
1219200, -5.158892
1220000, -9.003055
1220800, -12.812012
1221600, -16.545882
1222400, -20.180437
1223200, -23.713314
1224000, -27.149656
1224800, -30.512156
1225600, -33.829779
1226400, -37.147686
1227200, -40.514091
1228000, -43.986123
1228800, -47.604540
1229600, -51.382128
1230400, -55.255868
1231200, -59.061342
1232000, -62.521244
1232800, -65.345612
1233600, -67.371455
1234400, -68.645136
1235200, -69.339552
1236000, -69.651979
1236800, -69.729122
1237600, -69.671254
1238400, -69.532804
1239200, -69.349584
1240000, -69.136721
1240800, -68.907546
1241600, -68.664689
1242400, -68.414594
1243200, -68.156106
1244000, -67.893574
1244800, -67.624667
1245600, -67.353054
1246400, -67.076031
1247200, -66.797067
1248000, -66.513322
1248800, -66.228177
1249600, -65.938772
1250400, -65.648476
1251200, -65.354387
1252000, -65.059861
1252800, -64.762032
1253600, -64.464218
1254400, -64.163519
1255200, -63.863289
1256000, -63.560620
1256800, -63.258797
1257600, -62.954916
1258400, -62.652299
1259200, -62.347937
1260000, -62.045097
1260800, -61.740861
1261600, -61.438379
1262400, -61.134616
1263200, -60.832809
1264000, -60.529868
1264800, -60.228855
1265600, -59.926702
1266400, -59.626523
1267200, -59.325010
1268000, -59.025179
1268800, -58.723922
1269600, -58.423976
1270400, -58.121983
1271200, -57.820905
1272000, -57.517248
1272800, -57.213615
1273600, -56.906576
1274400, -56.598794
1275200, -56.286355
1276000, -55.971744
1276800, -55.651332
1277600, -55.326946
1278400, -54.994494
1279200, -54.656224
1280000, -54.307163
1280800, -53.948807
1281600, -53.576449
1282400, -53.190383
1283200, -52.784985
1284000, -52.359933
1284800, -51.907896
1285600, -51.427324
1286400, -50.908393
1287200, -50.346833
1288000, -49.729109
1288800, -49.045616
1289600, -48.277022
1290400, -47.403730
1291200, -46.392978
1292000, -45.207635
1292800, -43.789357
1293600, -42.063796
1294400, -39.919480
1295200, -37.207744
1296000, -33.719470
1296800, -29.199574
1297600, -23.383807
1298400, -16.178948
1299200, -7.993615
1300000, -0.082553
1300800, 5.819308
1301600, 8.683468
1302400, 8.786898
1303200, 7.020198
1304000, 4.170212
1304800, 0.735328
1305600, -2.984446
1306400, -6.815854
1307200, -10.651325
1308000, -14.432929
1308800, -18.124758
1309600, -21.715914
1310400, -25.204659
1311200, -28.606893
1312000, -31.944798
1312800, -35.257196
1313600, -38.588534
1314400, -41.995056
1315200, -45.525190
1316000, -49.214782
1316800, -53.046045
1317600, -56.919658
1318400, -60.613622
1319200, -63.831510
1320000, -66.318529
1320800, -68.005060
1321600, -69.003297
1322400, -69.511998
1323200, -69.706921
1324000, -69.717421
1324800, -69.618581
1325600, -69.458687
1326400, -69.260139
1327200, -69.040167
1328000, -68.803688
1328800, -68.558263
1329600, -68.303491
1330400, -68.044004
1331200, -67.777778
1332000, -67.508512
1332800, -67.233653
1333600, -66.956620
1334400, -66.674698
1335200, -66.391183
1336000, -66.103304
1336800, -65.814352
1337600, -65.521526
1338400, -65.228082
1339200, -64.931235
1340000, -64.634254
1340800, -64.334305
1341600, -64.034642
1342400, -63.732487
1343200, -63.431026
1344000, -63.127427
1344800, -62.824934
1345600, -62.520678
1346400, -62.217809
1347200, -61.913477
1348000, -61.610849
1348800, -61.306938
1349600, -61.004862
1350400, -60.701748
1351200, -60.400519
1352000, -60.098157
1352800, -59.797744
1353600, -59.496142
1354400, -59.196215
1355200, -58.894902
1356000, -58.595085
1356800, -58.293403
1357600, -57.992666
1358400, -57.689747
1359200, -57.387047
1360000, -57.081145
1360800, -56.774775
1361600, -56.464221
1362400, -56.151774
1363200, -55.833890
1364000, -55.512699
1364800, -55.184048
1365600, -54.850017
1366400, -54.506322
1367200, -54.154204
1368000, -53.789143
1368800, -53.411925
1369600, -53.016872
1370400, -52.604493
1371200, -52.167522
1372000, -51.704784
1372800, -51.207569
1373600, -50.672120
1374400, -50.086589
1375200, -49.443290
1376000, -48.724299
1376800, -47.913993
1377600, -46.984730
1378400, -45.905861
1379200, -44.627921
1380000, -43.089479
1380800, -41.198539
1381600, -38.832286
1382400, -35.813949
1383200, -31.916226
1384000, -26.865558
1384800, -20.444287
1385600, -12.721396
1386400, -4.453697
1387200, 2.792681
1388000, 7.430911
1388800, 9.014796
1389600, 8.199803
1390400, 5.888984
1391200, 2.739356
1392000, -0.844993
1392800, -4.630143
1393600, -8.472307
1394400, -12.290922
1395200, -16.035549
1396000, -19.685178
1396800, -23.230624
1397600, -26.680626
1398400, -30.050601
1399200, -33.372904
1400000, -36.686631
1400800, -40.044571
1401600, -43.497595
1402400, -47.095087
1403200, -50.851100
1404000, -54.720583
1404800, -58.548644
1405600, -62.075397
1406400, -65.000490
1407200, -67.140237
1408000, -68.507817
1408800, -69.271322
1409600, -69.624923
1410400, -69.728922
1411200, -69.684195
1412000, -69.555775
1412800, -69.376085
1413600, -69.167867
1414400, -68.939215
1415200, -68.699308
1416000, -68.448765
1416800, -68.192650
1417600, -67.929316
1418400, -67.662553
1419200, -67.389982
1420000, -67.114984
1420800, -66.834966
1421600, -66.553164
1422400, -66.266894
1423200, -65.979361
1424000, -65.687877
1424800, -65.395597
1425600, -65.099816
1426400, -64.803726
1427200, -64.504597
1428000, -64.205580
1428800, -63.903972
1429600, -63.602930
1430400, -63.299681
1431200, -62.997369
1432000, -62.693284
1432800, -62.390456
1433600, -62.086100
1434400, -61.783342
1435200, -61.479313
1436000, -61.177013
1436800, -60.873631
1437600, -60.572147
1438400, -60.269575
1439200, -59.968870
1440000, -59.667156
1440800, -59.367138
1441600, -59.065789
1442400, -58.766024
1443200, -58.464610
1444000, -58.164194
1444800, -57.861698
1445600, -57.559721
1446400, -57.254816
1447200, -56.949554
1448000, -56.640665
1448800, -56.330216
1449600, -56.014658
1450400, -55.696436
1451200, -55.371387
1452000, -55.041399
1452800, -54.702708
1453600, -54.356487
1454400, -53.998188
1455200, -53.629280
1456000, -53.244016
1456800, -52.842750
1457600, -52.419423
1458400, -51.972678
1459200, -51.495301
1460000, -50.983464
1460800, -50.427363
1461600, -49.819528
1462400, -49.145051
1463200, -48.390791
1464000, -47.532242
1464800, -46.543943
1465600, -45.384483
1466400, -44.003758
1467200, -42.325683
1468000, -40.248816
1468800, -37.625522
1469600, -34.260835
1470400, -29.899564
1471200, -24.277283
1472000, -17.255364
1472800, -9.152841
1473600, -1.099114
1474400, 5.171198
1475200, 8.468767
1476000, 8.905058
1476800, 7.346414
1477600, 4.609713
1478400, 1.236021
1479200, -2.457963
1480000, -6.280252
1480800, -10.120866
1481600, -13.910886
1482400, -17.617272
1483200, -21.221666
1484000, -24.725418
1484800, -28.137281
1485600, -31.483168
1486400, -34.795673
1487200, -38.122625
1488000, -41.513987
1488800, -45.025428
1489600, -48.691288
1490400, -52.507837
1491200, -56.383901
1492000, -60.120281
1492800, -63.421382
1493600, -66.020728
1494400, -67.814398
1495200, -68.898656
1496000, -69.462564
1496800, -69.693686
1497600, -69.723027
1498400, -69.637413
1499200, -69.482910
1500000, -69.289982
1500800, -69.071154
1501600, -68.837914
1502400, -68.592283
1503200, -68.339965
1504000, -68.079801
1504800, -67.815731
1505600, -67.545593
1506400, -67.272752
1507200, -66.994738
1508000, -66.714745
1508800, -66.430174
1509600, -66.144149
1510400, -65.854069
1511200, -65.563031
1512000, -65.268397
1512800, -64.973269
1513600, -64.675038
1514400, -64.376750
1515200, -64.075774
1516000, -63.775209
1516800, -63.472379
1517600, -63.170321
1518400, -62.866400
1519200, -62.563642
1520000, -62.259313
1520800, -61.956430
1521600, -61.652316
1522400, -61.349840
1523200, -61.046246
1524000, -60.744524
1524800, -60.441768
1525600, -60.140810
1526400, -59.838861
1527200, -59.538686
1528000, -59.237274
1528800, -58.937408
1529600, -58.636167
1530400, -58.336022
1531200, -58.033914
1532000, -57.732570
1532800, -57.428600
1533600, -57.124405
1534400, -56.816854
1535200, -56.508168
1536000, -56.194758
1536800, -55.878903
1537600, -55.557001
1538400, -55.230701
1539200, -54.896220
1540000, -54.555253
1540800, -54.203168
1541600, -53.841252
1542400, -53.464655
1543200, -53.073491
1544000, -52.662425
1544800, -52.230299
1545600, -51.770088
1546400, -51.279262
1547200, -50.748243
1548000, -50.171495
1548800, -49.535588
1549600, -48.829150
1550400, -48.031614
1551200, -47.122046
1552000, -46.064919
1552800, -44.819021
1553600, -43.320142
1554400, -41.485494
1555200, -39.192428
1556000, -36.277436
1556800, -32.515090
1557600, -27.640519
1558400, -21.413198
1559200, -13.845482
1560000, -5.572417
1560800, 1.922422
1561600, 6.981236
1562400, 8.962354
1563200, 8.422898
1564000, 6.270605
1564800, 3.208899
1565600, -0.333763
1566400, -4.100189
1567200, -7.941634
1568000, -11.765539
1568800, -15.523537
1569600, -19.186337
1570400, -22.747309
1571200, -26.208457
1572000, -29.589080
1572800, -32.915015
1573600, -36.228114
1574400, -39.575357
1575200, -43.013481
1576000, -46.588058
1576800, -50.324153
1577600, -54.182665
1578400, -58.031271
1579200, -61.617728
1580000, -64.642110
1580800, -66.892268
1581600, -68.359998
1582400, -69.193719
1583200, -69.594661
1584000, -69.724638
1584800, -69.697247
1585600, -69.576601
1586400, -69.403792
1587200, -69.197486
1588000, -68.972442
1588800, -68.732607
1589600, -68.484616
1590400, -68.227953
1591200, -67.966790
1592000, -67.699236
1592800, -67.428671
1593600, -67.152759
1594400, -66.874645
1595200, -66.591848
1596000, -66.307410
1596800, -66.018809
1597600, -65.729086
1598400, -65.435677
1599200, -65.141592
1600000, -64.844304
1600800, -64.546810
1601600, -64.246539
1602400, -63.946499
1603200, -63.644149
1604000, -63.342420
1604800, -63.038742
1605600, -62.736112
1606400, -62.431873
1607200, -62.128938
1608000, -61.824721
1608800, -61.522085
1609600, -61.218316
1610400, -60.916295
1611200, -60.613339
1612000, -60.312142
1612800, -60.009956
1613600, -59.709627
1614400, -59.408166
1615200, -59.108226
1616000, -58.807021
1616800, -58.507065
1617600, -58.205297
1618400, -57.904309
1619200, -57.601083
1620000, -57.297830
1620800, -56.991417
1621600, -56.684340
1622400, -56.372955
1623200, -56.059367
1624000, -55.740330
1624800, -55.417477
1625600, -55.086988
1626400, -54.750746
1627200, -54.404406
1628000, -54.049047
1628800, -53.680451
1629600, -53.298733
1630400, -52.898547
1631200, -52.479734
1632000, -52.035247
1632800, -51.563665
1633600, -51.055725
1634400, -50.507398
1635200, -49.905992
1636000, -49.242865
1636800, -48.499394
1637600, -47.657731
1638400, -46.688012
1639200, -45.556090
1640000, -44.208374
1640800, -42.577294
1641600, -40.560990
1642400, -38.023749
1643200, -34.772924
1644000, -30.565310
1644800, -25.127891
1645600, -18.293997
1646400, -10.291243
1647200, -2.134289
1648000, 4.477604
1648800, 8.201860
1649600, 8.986240
1650400, 7.645063
1651200, 5.032710
1652000, 1.722300
1652800, -1.940182
1653600, -5.754050
1654400, -9.595779
1655200, -13.396909
1656000, -17.115216
1656800, -20.734866
1657600, -24.250765
1658400, -27.675274
1659200, -31.027444
1660000, -34.342720
1660800, -37.663493
1661600, -41.044202
1662400, -44.535298
1663200, -48.179963
1664000, -51.977666
1664800, -55.857021
1665600, -59.628170
1666400, -63.007833
1667200, -65.713127
1668000, -67.616022
1668800, -68.785354
1669600, -69.409668
1670400, -69.675889
1671200, -69.728072
1672000, -69.653460
1672800, -69.507582
1673600, -69.317599
1674400, -69.102890
1675200, -68.870075
1676000, -68.627135
1676800, -68.374417
1677600, -68.116451
1678400, -67.851672
1679200, -67.583529
1680000, -67.309838
1680800, -67.033708
1681600, -66.752775
1682400, -66.470010
1683200, -66.182976
1684000, -65.894630
1684800, -65.602518
1685600, -65.309558
1686400, -65.013291
1687200, -64.716668
1688000, -64.417184
1688800, -64.117754
1689600, -63.815926
1690400, -63.514586
1691200, -63.211219
1692000, -62.908730
1692800, -62.604620
1693600, -62.301688
1694400, -61.997407
1695200, -61.694663
1696000, -61.390774
1696800, -61.088517
1697600, -60.785341
1698400, -60.483910
1699200, -60.181510
1700000, -59.880876
1700800, -59.579284
1701600, -59.279234
1702400, -58.977970
1703200, -58.678148
1704000, -58.376695
1704800, -58.076057
1705600, -57.773430
1706400, -57.471018
1707200, -57.165678
1708000, -56.859777
1708800, -56.550107
1709600, -56.238562
1710400, -55.921884
1711200, -55.602092
1712000, -55.275287
1712800, -54.943169
1713600, -54.602068
1714400, -54.252816
1715200, -53.891174
1716000, -53.517984
1716800, -53.127823
1717600, -52.720838
1718400, -52.290650
1719200, -51.835705
1720000, -51.348322
1720800, -50.824421
1721600, -50.253453
1722400, -49.627549
1723200, -48.930564
1724000, -48.148260
1724800, -47.254566
1725600, -46.220890
1726400, -45.002359
1727200, -43.543747
1728000, -41.760004
1728800, -39.539630
1729600, -36.720434
1730400, -33.090420
1731200, -28.382792
1732000, -22.349989
1732800, -14.945063
1733600, -6.698738
1734400, 1.011488
1735200, 6.472220
1736000, 8.861583
1736800, 8.610828
1737600, 6.632160
1738400, 3.663084
1739200, 0.169328
1740000, -3.578269
1740800, -7.414797
1741600, -11.246211
1742400, -15.014023
1743200, -18.691316
1744000, -22.265129
1744800, -25.740453
1745600, -29.129597
1746400, -32.461749
1747200, -35.773037
1748000, -39.113739
1748800, -42.535002
1749600, -46.089686
1750400, -49.803141
1751200, -53.651795
1752000, -57.512784
1752800, -61.153335
1753600, -64.269715
1754400, -66.632666
1755200, -68.199899
1756000, -69.109890
1756800, -69.558116
1757600, -69.718694
1758400, -69.706941
1759200, -69.597481
1760000, -69.429108
1760800, -69.227692
1761600, -69.003568
1762400, -68.766648
1763200, -68.518452
1764000, -68.264042
1764800, -68.002272
1765600, -67.736716
1766400, -67.465373
1767200, -67.191331
1768000, -66.912338
1768800, -66.631328
1769600, -66.345938
1770400, -66.059052
1771200, -65.768307
1772000, -65.476547
1772800, -65.181380
1773600, -64.885674
1774400, -64.587039
1775200, -64.288294
1776000, -63.987050
1776800, -63.686171
1777600, -63.383192
1778400, -63.080925
1779200, -62.776981
1780000, -62.474107
1780800, -62.169824
1781600, -61.866926
1782400, -61.562917
1783200, -61.260452
1784000, -60.957029
1784800, -60.655373
1785600, -60.352787
1786400, -60.051890
1787200, -59.750148
1788000, -59.449992
1788800, -59.148685
1789600, -58.848800
1790400, -58.547537
1791200, -58.247180
1792000, -57.944938
1792800, -57.643225
1793600, -57.338862
1794400, -57.034058
1795200, -56.725953
1796000, -56.416333
1796800, -56.101916
1797600, -55.784791
1798400, -55.461352
1799200, -55.133094
1800000, -54.796524
1800800, -54.452793
1801600, -54.097590
1802400, -53.732020
1803200, -53.351051
1804000, -52.954641
1804800, -52.537524
1805600, -52.097961
1806400, -51.629192
1807200, -51.127676
1808000, -50.584058
1808800, -49.991499
1809600, -49.336597
1810400, -48.606216
1811200, -47.778145
1812000, -46.829039
1812800, -45.720980
1813600, -44.407789
1814400, -42.819362
1815200, -40.864204
1816000, -38.407407
1816800, -35.268828
1817600, -31.207205
1818400, -25.953582
1819200, -19.308965
1820000, -11.428185
1820800, -3.199521
1821600, 3.723855
1822400, 7.877642
1823200, 9.024221
1824000, 7.919635
1824800, 5.439781
1825600, 2.201495
1826400, -1.428264
1827200, -5.228940
1828000, -9.072990
1828800, -12.881092
1829600, -16.613050
1830400, -20.245825
1831200, -23.776806
1832000, -27.211617
1832800, -30.572960
1833600, -33.890288
1834400, -37.208374
1835200, -40.576379
1836000, -44.050638
1836800, -47.672081
1837600, -51.452166
1838400, -55.326613
1839200, -59.128235
1840000, -62.578895
1840800, -65.389457
1841600, -67.400805
1842400, -68.662104
1843200, -69.348088
1844000, -69.654987
1844800, -69.729088
1845600, -69.669233
1846400, -69.529856
1847200, -69.345855
1848000, -69.132740
1848800, -68.903160
1849600, -68.660264
1850400, -68.409887
1851200, -68.151431
1852000, -67.888663
1852800, -67.619816
1853600, -67.347987
1854400, -67.071041
1855200, -66.791873
1856000, -66.508215
1856800, -66.222875
1857600, -65.933566
1858400, -65.643085
1859200, -65.349100
1860000, -65.054397
1860800, -64.756681
1861600, -64.458699
1862400, -64.158121
1863200, -63.857731
1864000, -63.555190
1864800, -63.253212
1865600, -62.949466
1866400, -62.646702
1867200, -62.342480
1868000, -62.039498
1868800, -61.735410
1869600, -61.432789
1870400, -61.129175
1871200, -60.827235
1872000, -60.524444
1872800, -60.223295
1873600, -59.921293
1874400, -59.620975
1875200, -59.319606
1876000, -59.019634
1876800, -58.718522
1877600, -58.418427
1878400, -58.116568
1879200, -57.815335
1880000, -57.511797
1880800, -57.207991
1881600, -56.901058
1882400, -56.593081
1883200, -56.280719
1884000, -55.965892
1884800, -55.645525
1885600, -55.320882
1886400, -54.988441
1887200, -54.649865
1888000, -54.300754
1888800, -53.942038
1889600, -53.569554
1890400, -53.183034
1891200, -52.777422
1892000, -52.351793
1892800, -51.899386
1893600, -51.418041
1894400, -50.898498
1895200, -50.335860
1896000, -49.717147
1896800, -49.032096
1897600, -48.261914
1898400, -47.386292
1899200, -46.372857
1900000, -45.183683
1900800, -43.760686
1901600, -42.028378
1902400, -39.875315
1903200, -37.151209
1904000, -33.646541
1904800, -29.104945
1905600, -23.263513
1906400, -16.034290
1907200, -7.839469
1908000, 0.049763
1908800, 5.900558
1909600, 8.707951
1910400, 8.768153
1911200, 6.975268
1912000, 4.110570
1912800, 0.668333
1913600, -3.054976
1914400, -6.887169
1915200, -10.722125
1916000, -14.502137
1916800, -18.192316
1917600, -21.781538
1918400, -25.268556
1919200, -28.669306
1920000, -32.006449
1920800, -35.318497
1921600, -38.650878
1922400, -42.059135
1923200, -45.592103
1924000, -49.284558
1924800, -53.117855
1925600, -56.990075
1926400, -60.678373
1927200, -63.884644
1928000, -66.357057
1928800, -68.029225
1929600, -69.016632
1930400, -69.517911
1931200, -69.708545
1932000, -69.716321
1932800, -69.616129
1933600, -69.455221
1934400, -69.256284
1935200, -69.035836
1936000, -68.799269
1936800, -68.553540
1937600, -68.298779
1938400, -68.039049
1939200, -67.772872
1940000, -67.503387
1940800, -67.228596
1941600, -66.951358
1942400, -66.669515
1943200, -66.385805
1944000, -66.098015
1944800, -65.808878
1945600, -65.516150
1946400, -65.222529
1947200, -64.925789
1948000, -64.628639
1948800, -64.328805
1949600, -64.028982
1950400, -63.726950
1951200, -63.425337
1952000, -63.121867
1952800, -62.819230
1953600, -62.515110
1954400, -62.212101
1955200, -61.907910
1956000, -61.605148
1956800, -61.301379
1957600, -60.999171
1958400, -60.696206
1959200, -60.394846
1960000, -60.092631
1960800, -59.792089
1961600, -59.490630
1962400, -59.190568
1963200, -58.889396
1964000, -58.589435
1964800, -58.287882
1965600, -57.986994
1966400, -57.684189
1967200, -57.381320
1968000, -57.075520
1968800, -56.768972
1969600, -56.458501
1970400, -56.145848
1971200, -55.828026
1972000, -55.506596
1972800, -55.177964
1973600, -54.843660
1974400, -54.499932
1975200, -54.147476
1976000, -53.782327
1976800, -53.404693
1977600, -53.009451
1978400, -52.596562
1979200, -52.159274
1980000, -51.695863
1980800, -51.198123
1981600, -50.661746
1982400, -50.075366
1983200, -49.430740
1984000, -48.710392
1984800, -47.898035
1985600, -46.966425
1986400, -45.884167
1987200, -44.602079
1988000, -43.057815
1988800, -41.159450
1989600, -38.782794
1990400, -35.750523
1991200, -31.833818
1992000, -26.759536
1992800, -20.312165
1993600, -12.569604
1994400, -4.304550
1995200, 2.906000
1996000, 7.487795
1996800, 9.019119
1997600, 8.168724
1998400, 5.837160
1999200, 2.676531
2000000, -0.913462
2000800, -4.700581
2001600, -8.543036
2002400, -12.360545
2003200, -16.103759
2004000, -19.751508
2004800, -23.295128
2005600, -26.743402
2006400, -30.112221
2007200, -33.433967
2008000, -36.748179
2008800, -40.107231
2009600, -43.562662
2010400, -47.162956
2011200, -50.921727
2012000, -54.792252
2012800, -58.617742
2013600, -62.135946
2014400, -65.047598
2015200, -67.172071
2016000, -68.526798
2016800, -69.280904
2017600, -69.628761
2018400, -69.729128
2019200, -69.682513
2020000, -69.552783
2020800, -69.372533
2021600, -69.163751
2022400, -68.934955
2023200, -68.694718
2024000, -68.444165
2024800, -68.187799
2025600, -67.924504
2026400, -67.657521
2027200, -67.385010
2028000, -67.109809
2028800, -66.829863
2029600, -66.547869
2030400, -66.261682
2031200, -65.973965
2032000, -65.682572
2032800, -65.390118
2033600, -65.094437
2034400, -64.798181
2035200, -64.499161
2036000, -64.199986
2036800, -63.898494
2037600, -63.597302
2038400, -63.294176
2039200, -62.991721
2040000, -62.687764
2040800, -62.384798
2041600, -62.080578
2042400, -61.777689
2043200, -61.473800
2044000, -61.171371
2044800, -60.868132
2045600, -60.566521
2046400, -60.264089
2047200, -59.963258
2048000, -59.661681
2048800, -59.361531
2049600, -59.060318
2050400, -58.760420
2051200, -58.459135
2052000, -58.158576
2052800, -57.856202
2053600, -57.554067
2054400, -57.249265
2055200, -56.943833
2056000, -56.635024
2056800, -56.324377
2057600, -56.008879
2058400, -55.690441
2059200, -55.365421
2060000, -55.035175
2060800, -54.696479
2061600, -54.349949
2062400, -53.991578
2063200, -53.622279
2064000, -53.236843
2064800, -52.835094
2065600, -52.411473
2066400, -51.964090
2067200, -51.486224
2068000, -50.973509
2068800, -50.416619
2069600, -49.807536
2070400, -49.131797
2071200, -48.375700
2072000, -47.515130
2072800, -46.523917
2073600, -45.360958
2074400, -43.975316
2075200, -42.290898
2076000, -40.205163
2076800, -37.570115
2077600, -34.189126
2078400, -29.806671
2079200, -24.158681
2080000, -17.111411
2080800, -8.995857
2081600, -0.958545
2082400, 5.263419
2083200, 8.501793
2084000, 8.891605
2084800, 7.303749
2085600, 4.550935
2086400, 1.168601
2087200, -2.529151
2088000, -6.352789
2088800, -10.192901
2089600, -13.981797
2090400, -17.686111
2091200, -21.288628
2092000, -24.790498
2092800, -28.200898
2093600, -31.545810
2094400, -34.858265
2095200, -38.185742
2096000, -41.579043
2096800, -45.093047
2097600, -48.761999
2098400, -52.580789
2099200, -56.456626
2100000, -60.187520
2100800, -63.477476
2101600, -66.061763
2102400, -67.840773
2103200, -68.913290
2104000, -69.469499
2104800, -69.695678
2105600, -69.722331
2106400, -69.634955
2107200, -69.479632
2108000, -69.286000
2108800, -69.066942
2109600, -68.833329
2110400, -68.587655
2111200, -68.335071
2112000, -68.074930
2112800, -67.810636
2113600, -67.540547
2114400, -67.267501
2115200, -66.989551
2116000, -66.709365
2116800, -66.424869
2117600, -66.138661
2118400, -65.848666
2119200, -65.557453
2120000, -65.262912
2120800, -64.967619
2121600, -64.669489
2122400, -64.371044
2123200, -64.070177
2124000, -63.769465
2124800, -63.466751
2125600, -63.164553
2126400, -62.860757
2127200, -62.557864
2128000, -62.253664
2128800, -61.950653
2129600, -61.646672
2130400, -61.344069
2131200, -61.040613
2132000, -60.738769
2132800, -60.436152
2133600, -60.135071
2134400, -59.833262
2135200, -59.532962
2136000, -59.231683
2136800, -58.931688
2137600, -58.630572
2138400, -58.330286
2139200, -58.028296
2140000, -57.726808
2140800, -57.422943
2141600, -57.118586
2142400, -56.811127
2143200, -56.502255
2144000, -56.188909
2144800, -55.872846
2145600, -55.550973
2146400, -55.224422
2147200, -54.889934
2148000, -54.548665
2148800, -54.196507
2149600, -53.834232
2150400, -53.457484
2151200, -53.065861
2152000, -52.654549
2152800, -52.221835
2153600, -51.761215
2154400, -51.269591
2155200, -50.737905
2156000, -50.160036
2156800, -49.523063
2157600, -48.814994
2158400, -48.015664
2159200, -47.103575
2160000, -46.043514
2160800, -44.793501
2161600, -43.289349
2162400, -41.447318
2163200, -39.144486
2164000, -36.215898
2164800, -32.435554
2165600, -27.537644
2166400, -21.284296
2167200, -13.694934
2168000, -5.421148
2168800, 2.042004
2169600, 7.045032
2170400, 8.971927
2171200, 8.394440
2172000, 6.220008
2172800, 3.146104
2173600, -0.402464
2174400, -4.171534
2175200, -8.013270
2176000, -11.836346
2176800, -15.592559
2177600, -19.253599
2178400, -22.812642
2179200, -26.272123
2180000, -29.651421
2180800, -32.976804
2181600, -36.289816
2182400, -39.638392
2183200, -43.078560
2184000, -46.656109
2184800, -50.394985
2185600, -54.254939
2186400, -58.100956
2187200, -61.679514
2188000, -64.690857
2188800, -66.926158
2189600, -68.380422
2190400, -69.204482
2191200, -69.598987
2192000, -69.725314
2192800, -69.695602
2193600, -69.573813
2194400, -69.400127
2195200, -69.193490
2196000, -68.968020
2196800, -68.728107
2197600, -68.479837
2198400, -68.223181
2199200, -67.961790
2200000, -67.694277
2200800, -67.423507
2201600, -67.147653
2202400, -66.869348
2203200, -66.586619
2204000, -66.301999
2204800, -66.013477
2205600, -65.723582
2206400, -65.430260
2207200, -65.136012
2208000, -64.838820
2208800, -64.541170
2209600, -64.241002
2210400, -63.940816
2211200, -63.638577
2212000, -63.336708
2212800, -63.033148
2213600, -62.730387
2214400, -62.426273
2215200, -62.123211
2216000, -61.819126
2216800, -61.516367
2217600, -61.212730
2218400, -60.910591
2219200, -60.607768
2220000, -60.306450
2220800, -60.004399
2221600, -59.703952
2222400, -59.402624
2223200, -59.102561
2224000, -58.801485
2224800, -58.501397
2225600, -58.199747
2226400, -57.898620
2227200, -57.595497
2228000, -57.292085
2228800, -56.985763
2229600, -56.678505
2230400, -56.367182
2231200, -56.053392
2232000, -55.734400
2232800, -55.411315
2233600, -55.080829
2234400, -54.744322
2235200, -54.397934
2236000, -54.042243
2236800, -53.673542
2237600, -53.291411
2238400, -52.891016
2239200, -52.471661
2240000, -52.026808
2240800, -51.554529
2241600, -51.046016
2242400, -50.496732
2243200, -49.894419
2244000, -49.229851
2244800, -48.484888
2245600, -47.641045
2246400, -46.668797
2247200, -45.533279
2248000, -44.181117
2248800, -42.543855
2249600, -40.519441
2250400, -37.970821
2251200, -34.704825
2252000, -30.476846
2252800, -25.014652
2253600, -18.154715
2254400, -10.136622
2255200, -1.991151
2256000, 4.576331
2256800, 8.242240
2257600, 8.978030
2258400, 7.606035
2259200, 4.976069
2260000, 1.656553
2260800, -2.010446
2261600, -5.825629
2262400, -9.667205
2263200, -13.466979
2264000, -17.183721
2264800, -20.801456
2265600, -24.315543
2266400, -27.738440
2267200, -31.089624
2268000, -34.404601
2268800, -37.726155
2269600, -41.108328
2270400, -44.602081
2271200, -48.249672
2272000, -52.049855
2272800, -55.929019
2273600, -59.695994
2274400, -63.065385
2275200, -65.756191
2276000, -67.644071
2276800, -68.801454
2277600, -69.417346
2278400, -69.678539
2279200, -69.727564
2280000, -69.651322
2280800, -69.504299
2281600, -69.313828
2282400, -69.098612
2283200, -68.865667
2284000, -68.622423
2284800, -68.369691
2285600, -68.111489
2286400, -67.846740
2287200, -67.578390
2288000, -67.304749
2288800, -67.028428
2289600, -66.747556
2290400, -66.464611
2291200, -66.177648
2292000, -65.889131
2292800, -65.597100
2293600, -65.303976
2294400, -65.007799
2295200, -64.711023
2296000, -64.411637
2296800, -64.112061
2297600, -63.810340
2298400, -63.508861
2299200, -63.205607
2300000, -62.902988
2300800, -62.598996
2301600, -62.295939
2302400, -61.991783
2303200, -61.688916
2304000, -61.385155
2304800, -61.082781
2305600, -60.779737
2306400, -60.478190
2307200, -60.175922
2308000, -59.875173
2308800, -59.573708
2309600, -59.273538
2310400, -58.972399
2311200, -58.672449
2312000, -58.371108
2312800, -58.070335
2313600, -57.767818
2314400, -57.465259
2315200, -57.160010
2316000, -56.853948
2316800, -56.544347
2317600, -56.232613
2318400, -55.915982
2319200, -55.595967
2320000, -55.269166
2320800, -54.936791
2321600, -54.595643
2322400, -54.246069
2323200, -53.884325
2324000, -53.510735
2324800, -53.120372
2325600, -52.712896
2326400, -52.282378
2327200, -51.826781
2328000, -51.338864
2328800, -50.814057
2329600, -50.242237
2330400, -49.615035
2331200, -48.916698
2332000, -48.132384
2332800, -47.236464
2333600, -46.199659
2334400, -44.977337
2335200, -43.513325
2336000, -41.722600
2336800, -39.492406
2337600, -36.660107
2338400, -33.012128
2339200, -28.281458
2340000, -22.221630
2340800, -14.793073
2341600, -6.541822
2342400, 1.140384
2343200, 6.545917
2344000, 8.878176
2344800, 8.586431
2345600, 6.583084
2346400, 3.600686
2347200, 0.099971
2348000, -3.650385
2348800, -7.487625
2349600, -11.318173
2350400, -15.084637
2351200, -18.760048
2352000, -22.331925
2352800, -25.805381
2353600, -29.193138
2354400, -32.524495
2355200, -35.835970
2356000, -39.177509
2356800, -42.600969
2357600, -46.158414
2358400, -49.874867
2359200, -53.725259
2360000, -57.584856
2360800, -61.218261
2361600, -64.321995
2362400, -66.669388
2363200, -68.222625
2364000, -69.121928
2364800, -69.563378
2365600, -69.719679
2366400, -69.705631
2367200, -69.594654
2368000, -69.425580
2368800, -69.223542
2369600, -68.999218
2370400, -68.761958
2371200, -68.513721
2372000, -68.259065
2372800, -67.997311
2373600, -67.731544
2374400, -67.460241
2375200, -67.186007
2376000, -66.907069
2376800, -66.625877
2377600, -66.340552
2378400, -66.053494
2379200, -65.762824
2380000, -65.470902
2380800, -65.175818
2381600, -64.879959
2382400, -64.581414
2383200, -64.282524
2384000, -63.981380
2384800, -63.680364
2385600, -63.377491
2386400, -63.075095
2387200, -62.771266
2388000, -62.468269
2388800, -62.164107
2389600, -61.861092
2390400, -61.557206
2391200, -61.254627
2392000, -60.951332
2392800, -60.649562
2393600, -60.347102
2394400, -60.046093
2395200, -59.744480
2396000, -59.444209
2396800, -59.143026
2397600, -58.843024
2398400, -58.541876
2399200, -58.241389
2400000, -57.939255
2400800, -57.637399
2401600, -57.333124
2402400, -57.028163
2403200, -56.720137
2404000, -56.410340
2404800, -56.095973
2405600, -55.778650
2406400, -55.455227
2407200, -55.126726
2408000, -54.790136
2408800, -54.446110
2409600, -54.090820
2410400, -53.724897
2411200, -53.343758
2412000, -52.946892
2412800, -52.529475
2413600, -52.089296
2414400, -51.620073
2415200, -51.117735
2416000, -50.573400
2416800, -49.979683
2417600, -49.323580
2418400, -48.591456
2419200, -47.761442
2420000, -46.809555
2420800, -45.698135
2421600, -44.380243
2422400, -42.785861
2423200, -40.822325
2424000, -38.354351
2424800, -35.200319
2425600, -31.118387
2426400, -25.839040
2427200, -19.167809
2428000, -11.268615
2428800, -3.047648
2429600, 3.833982
2430400, 7.927551
2431200, 9.021877
2432000, 7.882763
2432800, 5.383310
2433600, 2.134406
2434400, -1.500298
2435200, -5.302984
2436000, -9.146924
2436800, -12.954072
2437600, -16.684033
2438400, -20.314885
2439200, -23.843891
2440000, -27.277051
2440800, -30.637209
2441600, -33.954201
2442400, -37.272527
2443200, -40.642213
2444000, -44.118891
2444800, -47.743496
2445600, -51.526268
2446400, -55.401427
2447200, -59.198980
2448000, -62.639774
2448800, -65.435722
2449600, -67.431701
2450400, -68.679973
2451200, -69.357045
2452000, -69.658162
2452800, -69.729031
2453600, -69.667121
2454400, -69.526736
2455200, -69.341947
2456000, -69.128531
2456800, -68.898560
2457600, -68.655588
2458400, -68.404948
2459200, -68.146492
2460000, -67.883508
2460800, -67.614693
2461600, -67.342670
2462400, -67.065770
2463200, -66.786422
2464000, -66.502821
2464800, -66.217311
2465600, -65.928069
2466400, -65.637426
2467200, -65.343518
2468000, -65.048662
2468800, -64.751032
2469600, -64.452906
2470400, -64.152422
2471200, -63.851896
2472000, -63.549457
2472800, -63.247351
2473600, -62.943714
2474400, -62.640827
2475200, -62.336719
2476000, -62.033621
2476800, -61.729655
2477600, -61.426923
2478400, -61.123432
2479200, -60.821385
2480000, -60.518718
2480800, -60.217460
2481600, -59.915582
2482400, -59.615152
2483200, -59.313902
2484000, -59.013814
2484800, -58.712821
2485600, -58.412605
2486400, -58.110851
2487200, -57.809490
2488000, -57.506044
2488800, -57.202089
2489600, -56.895233
2490400, -56.587085
2491200, -56.274771
2492000, -55.959750
2492800, -55.639396
2493600, -55.314516
2494400, -54.982053
2495200, -54.643188
2496000, -54.293990
2496800, -53.934929
2497600, -53.562279
2498400, -53.175314
2499200, -52.769442
2500000, -52.343238
2500800, -55.322985
2501600, -57.778976
2502400, -59.936277
2503200, -61.892229
2504000, -63.672617
2504800, -65.266849
2505600, -66.664391
2506400, -67.860316
2507200, -68.865861
2508000, -69.697221
2508800, -70.378695
2509600, -70.931182
2510400, -71.377741
2511200, -71.734818
2512000, -72.019904
2512800, -72.243942
2513600, -72.419424
2514400, -72.553024
2515200, -72.653704
2516000, -72.725240
2516800, -72.774236
2517600, -72.802566
2518400, -72.815297
2519200, -72.813060
2520000, -72.799920
2520800, -72.775696
2521600, -72.743792
2522400, -72.703492
2523200, -72.657759
2524000, -72.605522
2524800, -72.549448
2525600, -72.488221
2526400, -72.424308
2527200, -72.356230
2528000, -72.286311
2528800, -72.212958
2529600, -72.138400
2530400, -72.060962
2531200, -71.982803
2532000, -71.902190
2532800, -71.821227
2533600, -71.738139
2534400, -71.654996
2535200, -71.569996
2536000, -71.485184
2536800, -71.398738
2537600, -71.312680
2538400, -71.225174
2539200, -71.138227
2540000, -71.049988
2540800, -70.962455
2541600, -70.873762
2542400, -70.785886
2543200, -70.696957
2544000, -70.608948
2544800, -70.519986
2545600, -70.432040
2546400, -70.343235
2547200, -70.255535
2548000, -70.167060
2548800, -70.079771
2549600, -69.991784
2550400, -69.905055
2551200, -69.817684
2552000, -69.731611
2552800, -69.644946
2553600, -69.559633
2554400, -69.473780
2555200, -69.389333
2556000, -69.304400
2556800, -69.220924
2557600, -69.137013
2558400, -69.054606
2559200, -68.971812
2560000, -68.890559
2560800, -68.808937
2561600, -68.728866
2562400, -68.648447
2563200, -68.569604
2564000, -68.490443
2564800, -68.412890
2565600, -68.335050
2566400, -68.258850
2567200, -68.182395
2568000, -68.107609
2568800, -68.032599
2569600, -67.959287
2570400, -67.885763
2571200, -67.813926
2572000, -67.741866
2572800, -67.671494
2573600, -67.600909
2574400, -67.532024
2575200, -67.462943
2576000, -67.395580
2576800, -67.328041
2577600, -67.262238
2578400, -67.196280
2579200, -67.132076
2580000, -67.067735
2580800, -67.005167
2581600, -66.942479
2582400, -66.881550
2583200, -66.820466
2584000, -66.761119
2584800, -66.701608
2585600, -66.643833
2586400, -66.585900
2587200, -66.529709
2588000, -66.473371
2588800, -66.418786
2589600, -66.364067
2590400, -66.311114
2591200, -66.258040
2592000, -66.206743
2592800, -66.155337
2593600, -66.105720
2594400, -66.056006
2595200, -66.008092
2596000, -65.960090
2596800, -65.913869
2597600, -65.867518
2598400, -65.822914
2599200, -65.778163
2600000, -65.735151
2600800, -65.691989
2601600, -65.650566
2602400, -65.608997
2603200, -65.569174
2604000, -65.529212
2604800, -65.491002
2605600, -65.452661
2606400, -65.416079
2607200, -65.379373
2608000, -65.344431
2608800, -65.309373
2609600, -65.276083
2610400, -65.242683
2611200, -65.211054
2612000, -65.179319
2612800, -65.149358
2613600, -65.119292
2614400, -65.091001
2615200, -65.062607
2616000, -65.035988
2616800, -65.009264
2617600, -64.984312
2618400, -64.959238
2619200, -64.935897
2620000, -64.912400
2620800, -64.890610
2621600, -64.868647
2622400, -64.848378
2623200, -64.827927
2624000, -64.809161
2624800, -64.790206
2625600, -64.772930
2626400, -64.755458
2627200, -64.739658
2628000, -64.723655
2628800, -64.709315
2629600, -64.694764
2630400, -64.681867
2631200, -64.668750
2632000, -64.657274
2632800, -64.645566
2633600, -64.635487
2634400, -64.625163
2635200, -64.616452
2636000, -64.607481
2636800, -64.600107
2637600, -64.592456
2638400, -64.586384
2639200, -64.580016
2640000, -64.575206
2640800, -64.570081
2641600, -64.566492
2642400, -64.562567
2643200, -64.560154
2644000, -64.557381
2644800, -64.556097
2645600, -64.554428
2646400, -64.554221
2647200, -64.553605
2648000, -64.554423
2648800, -64.554803
2649600, -64.556591
2650400, -64.557913
2651200, -64.560613
2652000, -64.562820
2652800, -64.566373
2653600, -64.569404
2654400, -64.573751
2655200, -64.577546
2656000, -64.582626
2656800, -64.587123
2657600, -64.592874
2658400, -64.598012
2659200, -64.604372
2660000, -64.610089
2660800, -64.616996
2661600, -64.623230
2662400, -64.630624
2663200, -64.637313
2664000, -64.645132
2664800, -64.652216
2665600, -64.660400
2666400, -64.667821
2667200, -64.676311
2668000, -64.684010
2668800, -64.692750
2669600, -64.700671
2670400, -64.709605
2671200, -64.717694
2672000, -64.726769
2672800, -64.734974
2673600, -64.744138
2674400, -64.752409
2675200, -64.761615
2676000, -64.769904
2676800, -64.779105
2677600, -64.787368
2678400, -64.796522
2679200, -64.804716
2680000, -64.813781
2680800, -64.821869
2681600, -64.830808
2682400, -64.838752
2683200, -64.847530
2684000, -64.855297
2684800, -64.863883
2685600, -64.871444
2686400, -64.879808
2687200, -64.887135
2688000, -64.895252
2688800, -64.902321
2689600, -64.910168
2690400, -64.916957
2691200, -64.924514
2692000, -64.931004
2692800, -64.938255
2693600, -64.944431
2694400, -64.951359
2695200, -64.957207
2696000, -64.963802
2696800, -64.969312
2697600, -64.975564
2698400, -64.980728
2699200, -64.986630
2700000, -64.991441
2700800, -64.996988
2701600, -65.001443
2702400, -65.006631
2703200, -65.010721
2704000, -65.015536
2704800, -65.019251
2705600, -65.023689
2706400, -65.027027
2707200, -65.031089
2708000, -65.034055
2708800, -65.037748
2709600, -65.040349
2710400, -65.043681
2711200, -65.045927
2712000, -65.048908
2712800, -65.050808
2713600, -65.053450
2714400, -65.055018
2715200, -65.057333
2716000, -65.058580
2716800, -65.060581
2717600, -65.061523
2718400, -65.063224
2719200, -65.063873
2720000, -65.065288
2720800, -65.065660
2721600, -65.066804
2722400, -65.066913
2723200, -65.067802
2724000, -65.067663
2724800, -65.068311
2725600, -65.067939
2726400, -65.068362
2727200, -65.067773
2728000, -65.067987
2728800, -65.067196
2729600, -65.067214
2730400, -65.066237
2731200, -65.066075
2732000, -65.064926
2732800, -65.064600
2733600, -65.063294
2734400, -65.062818
2735200, -65.061370
2736000, -65.060758
2736800, -65.059182
2737600, -65.058448
2738400, -65.056757
2739200, -65.055916
2740000, -65.054123
2740800, -65.053187
2741600, -65.051307
2742400, -65.050288
2743200, -65.048333
2744000, -65.047244
2744800, -65.045225
2745600, -65.044078
2746400, -65.042006
2747200, -65.040812
2748000, -65.038700
2748800, -65.037470
2749600, -65.035326
2750400, -65.034070
2751200, -65.031906
2752000, -65.030632
2752800, -65.028456
2753600, -65.027175
2754400, -65.024997
2755200, -65.023716
2756000, -65.021543
2756800, -65.020271
2757600, -65.018110
2758400, -65.016855
2759200, -65.014714
2760000, -65.013481
2760800, -65.011366
2761600, -65.010162
2762400, -65.008079
2763200, -65.006909
2764000, -65.004865
2764800, -65.003734
2765600, -65.001732
2766400, -65.000646
2767200, -64.998691
2768000, -64.997652
2768800, -64.995744
2769600, -64.994752
2770400, -64.992891
2771200, -64.991947
2772000, -64.990137
2772800, -64.989243
2773600, -64.987484
2774400, -64.986644
2775200, -64.984939
2776000, -64.984153
2776800, -64.982505
2777600, -64.981777
2778400, -64.980187
2779200, -64.979518
2780000, -64.977988
2780800, -64.977379
2781600, -64.975911
2782400, -64.975363
2783200, -64.973957
2784000, -64.973471
2784800, -64.972128
2785600, -64.971704
2786400, -64.970424
2787200, -64.970063
2788000, -64.968846
2788800, -64.968547
2789600, -64.967393
2790400, -64.967156
2791200, -64.966064
2792000, -64.965889
2792800, -64.964858
2793600, -64.964743
2794400, -64.963772
2795200, -64.963716
2796000, -64.962805
2796800, -64.962807
2797600, -64.961953
2798400, -64.962011
2799200, -64.961213
2800000, -64.961326
2800800, -64.960583
2801600, -64.960749
2802400, -64.960057
2803200, -64.960274
2804000, -64.959633
2804800, -64.959899
2805600, -64.959306
2806400, -64.959618
2807200, -64.959071
2808000, -64.959427
2808800, -64.958924
2809600, -64.959323
2810400, -64.958860
2811200, -64.959299
2812000, -64.958875
2812800, -64.959351
2813600, -64.958964
2814400, -64.959474
2815200, -64.959121
2816000, -64.959664
2816800, -64.959342
2817600, -64.959914
2818400, -64.959622
2819200, -64.960222
2820000, -64.959956
2820800, -64.960580
2821600, -64.960339
2822400, -64.960985
2823200, -64.960766
2824000, -64.961433
2824800, -64.961232
2825600, -64.961917
2826400, -64.961734
2827200, -64.962434
2828000, -64.962266
2828800, -64.962979
2829600, -64.962823
2830400, -64.963548
2831200, -64.963403
2832000, -64.964137
2832800, -64.964001
2833600, -64.964742
2834400, -64.964612
2835200, -64.965358
2836000, -64.965233
2836800, -64.965983
2837600, -64.965861
2838400, -64.966613
2839200, -64.966492
2840000, -64.967244
2840800, -64.967123
2841600, -64.967873
2842400, -64.967751
2843200, -64.968498
2844000, -64.968373
2844800, -64.969116
2845600, -64.968986
2846400, -64.969724
2847200, -64.969589
2848000, -64.970320
2848800, -64.970178
2849600, -64.970902
2850400, -64.970752
2851200, -64.971468
2852000, -64.971310
2852800, -64.972016
2853600, -64.971848
2854400, -64.972544
2855200, -64.972367
2856000, -64.973052
2856800, -64.972864
2857600, -64.973538
2858400, -64.973339
2859200, -64.974001
2860000, -64.973790
2860800, -64.974440
2861600, -64.974217
2862400, -64.974855
2863200, -64.974620
2864000, -64.975244
2864800, -64.974997
2865600, -64.975609
2866400, -64.975349
2867200, -64.975948
2868000, -64.975675
2868800, -64.976261
2869600, -64.975976
2870400, -64.976548
2871200, -64.976250
2872000, -64.976810
2872800, -64.976500
2873600, -64.977046
2874400, -64.976724
2875200, -64.977258
2876000, -64.976923
2876800, -64.977445
2877600, -64.977099
2878400, -64.977608
2879200, -64.977250
2880000, -64.977747
2880800, -64.977378
2881600, -64.977864
2882400, -64.977485
2883200, -64.977960
2884000, -64.977569
2884800, -64.978033
2885600, -64.977633
2886400, -64.978087
2887200, -64.977677
2888000, -64.978121
2888800, -64.977703
2889600, -64.978137
2890400, -64.977710
2891200, -64.978136
2892000, -64.977700
2892800, -64.978118
2893600, -64.977674
2894400, -64.978084
2895200, -64.977634
2896000, -64.978036
2896800, -64.977579
2897600, -64.977975
2898400, -64.977512
2899200, -64.977901
2900000, -64.977433
2900800, -64.977816
2901600, -64.977342
2902400, -64.977721
2903200, -64.977242
2904000, -64.977616
2904800, -64.977134
2905600, -64.977503
2906400, -64.977017
2907200, -64.977382
2908000, -64.976893
2908800, -64.977255
2909600, -64.976764
2910400, -64.977123
2911200, -64.976629
2912000, -64.976986
2912800, -64.976490
2913600, -64.976845
2914400, -64.976348
2915200, -64.976701
2916000, -64.976203
2916800, -64.976555
2917600, -64.976057
2918400, -64.976408
2919200, -64.975909
2920000, -64.976260
2920800, -64.975761
2921600, -64.976112
2922400, -64.975613
2923200, -64.975964
2924000, -64.975467
2924800, -64.975818
2925600, -64.975322
2926400, -64.975674
2927200, -64.975178
2928000, -64.975531
2928800, -64.975038
2929600, -64.975392
2930400, -64.974900
2931200, -64.975256
2932000, -64.974766
2932800, -64.975124
2933600, -64.974636
2934400, -64.974995
2935200, -64.974510
2936000, -64.974871
2936800, -64.974388
2937600, -64.974751
2938400, -64.974271
2939200, -64.974636
2940000, -64.974159
2940800, -64.974527
2941600, -64.974052
2942400, -64.974422
2943200, -64.973950
2944000, -64.974323
2944800, -64.973854
2945600, -64.974229
2946400, -64.973763
2947200, -64.974141
2948000, -64.973678
2948800, -64.974058
2949600, -64.973598
2950400, -64.973981
2951200, -64.973524
2952000, -64.973909
2952800, -64.973456
2953600, -64.973843
2954400, -64.973393
2955200, -64.973783
2956000, -64.973335
2956800, -64.973728
2957600, -64.973283
2958400, -64.973678
2959200, -64.973236
2960000, -64.973634
2960800, -64.973194
2961600, -64.973594
2962400, -64.973157
2963200, -64.973560
2964000, -64.973126
2964800, -64.973530
2965600, -64.973098
2966400, -64.973505
2967200, -64.973076
2968000, -64.973484
2968800, -64.973057
2969600, -64.973468
2970400, -64.973043
2971200, -64.973455
2972000, -64.973033
2972800, -64.973446
2973600, -64.973026
2974400, -64.973441
2975200, -64.973023
2976000, -64.973440
2976800, -64.973023
2977600, -64.973441
2978400, -64.973027
2979200, -64.973446
2980000, -64.973033
2980800, -64.973453
2981600, -64.973042
2982400, -64.973463
2983200, -64.973053
2984000, -64.973475
2984800, -64.973066
2985600, -64.973489
2986400, -64.973082
2987200, -64.973506
2988000, -64.973099
2988800, -64.973523
2989600, -64.973118
2990400, -64.973543
2991200, -64.973138
2992000, -64.973563
2992800, -64.973159
2993600, -64.973585
2994400, -64.973182
2995200, -64.973608
2996000, -64.973205
2996800, -64.973631
2997600, -64.973229
2998400, -64.973655
2999200, -64.973254
3000000, -64.973680
