# ./result/hh_euler_0690.txt
# dt = 690 [usec]
# t [usec], V [mV]
0, -65.000000
690, -64.997955
1380, -64.995988
2070, -64.994082
2760, -64.992229
3450, -64.990423
4140, -64.988659
4830, -64.986935
5520, -64.985248
6210, -64.983599
6900, -64.981986
7590, -64.980409
8280, -64.978869
8970, -64.977365
9660, -64.975897
10350, -64.974466
11040, -64.973071
11730, -64.971714
12420, -64.970394
13110, -64.969111
13800, -64.967865
14490, -64.966657
15180, -64.965487
15870, -64.964355
16560, -64.963260
17250, -64.962202
17940, -64.961183
18630, -64.960200
19320, -64.959256
20010, -64.958348
20700, -64.957478
21390, -64.956644
22080, -64.955847
22770, -64.955087
23460, -64.954363
24150, -64.953674
24840, -64.953021
25530, -64.952403
26220, -64.951820
26910, -64.951272
27600, -64.950757
28290, -64.950276
28980, -64.949828
29670, -64.949413
30360, -64.949030
31050, -64.948679
31740, -64.948359
32430, -64.948070
33120, -64.947810
33810, -64.947580
34500, -64.947380
35190, -64.947207
35880, -64.947063
36570, -64.946946
37260, -64.946855
37950, -64.946790
38640, -64.946751
39330, -64.946737
40020, -64.946747
40710, -64.946780
41400, -64.946836
42090, -64.946915
42780, -64.947015
43470, -64.947136
44160, -64.947277
44850, -64.947438
45540, -64.947617
46230, -64.947816
46920, -64.948031
47610, -64.948264
48300, -64.948513
48990, -64.948778
49680, -64.949058
50370, -64.949353
51060, -64.949661
51750, -64.949983
52440, -64.950317
53130, -64.950662
53820, -64.951020
54510, -64.951387
55200, -64.951765
55890, -64.952153
56580, -64.952549
57270, -64.952954
57960, -64.953366
58650, -64.953785
59340, -64.954211
60030, -64.954643
60720, -64.955081
61410, -64.955524
62100, -64.955971
62790, -64.956421
63480, -64.956876
64170, -64.957333
64860, -64.957793
65550, -64.958254
66240, -64.958718
66930, -64.959182
67620, -64.959647
68310, -64.960112
69000, -64.960577
69690, -64.961041
70380, -64.961504
71070, -64.961965
71760, -64.962425
72450, -64.962883
73140, -64.963338
73830, -64.963791
74520, -64.964240
75210, -64.964686
75900, -64.965127
76590, -64.965565
77280, -64.965999
77970, -64.966427
78660, -64.966851
79350, -64.967270
80040, -64.967683
80730, -64.968091
81420, -64.968493
82110, -64.968889
82800, -64.969278
83490, -64.969661
84180, -64.970038
84870, -64.970408
85560, -64.970771
86250, -64.971127
86940, -64.971475
87630, -64.971817
88320, -64.972151
89010, -64.972477
89700, -64.972796
90390, -64.973107
91080, -64.973411
91770, -64.973706
92460, -64.973994
93150, -64.974274
93840, -64.974546
94530, -64.974810
95220, -64.975066
95910, -64.975313
96600, -64.975553
97290, -64.975785
97980, -64.976008
98670, -64.976224
99360, -64.976432
100050, -64.976631
100740, -64.976823
101430, -64.977007
102120, -64.977183
102810, -64.977351
103500, -64.977511
104190, -64.977664
104880, -64.977809
105570, -64.977946
106260, -64.978076
106950, -64.978199
107640, -64.978314
108330, -64.978422
109020, -64.978523
109710, -64.978617
110400, -64.978704
111090, -64.978784
111780, -64.978858
112470, -64.978925
113160, -64.978985
113850, -64.979039
114540, -64.979087
115230, -64.979129
115920, -64.979164
116610, -64.979194
117300, -64.979218
117990, -64.979237
118680, -64.979250
119370, -64.979258
120060, -64.979260
120750, -64.979257
121440, -64.979250
122130, -64.979237
122820, -64.979220
123510, -64.979199
124200, -64.979173
124890, -64.979143
125580, -64.979108
126270, -64.979070
126960, -64.979028
127650, -64.978982
128340, -64.978933
129030, -64.978880
129720, -64.978824
130410, -64.978765
131100, -64.978703
131790, -64.978638
132480, -64.978570
133170, -64.978500
133860, -64.978427
134550, -64.978352
135240, -64.978274
135930, -64.978195
136620, -64.978113
137310, -64.978030
138000, -64.977945
138690, -64.977858
139380, -64.977770
140070, -64.977681
140760, -64.977590
141450, -64.977499
142140, -64.977406
142830, -64.977312
143520, -64.977217
144210, -64.977122
144900, -64.977026
145590, -64.976930
146280, -64.976833
146970, -64.976737
147660, -64.976639
148350, -64.976542
149040, -64.976445
149730, -64.976348
150420, -64.976250
151110, -64.976154
151800, -64.976057
152490, -64.975961
153180, -64.975865
153870, -64.975770
154560, -64.975676
155250, -64.975582
155940, -64.975489
156630, -64.975396
157320, -64.975305
158010, -64.975214
158700, -64.975125
159390, -64.975036
160080, -64.974949
160770, -64.974863
161460, -64.974778
162150, -64.974694
162840, -64.974611
163530, -64.974530
164220, -64.974450
164910, -64.974372
165600, -64.974295
166290, -64.974219
166980, -64.974145
167670, -64.974072
168360, -64.974001
169050, -64.973931
169740, -64.973863
170430, -64.973797
171120, -64.973732
171810, -64.973669
172500, -64.973608
173190, -64.973548
173880, -64.973489
174570, -64.973433
175260, -64.973378
175950, -64.973325
176640, -64.973273
177330, -64.973224
178020, -64.973176
178710, -64.973129
179400, -64.973084
180090, -64.973041
180780, -64.973000
181470, -64.972960
182160, -64.972922
182850, -64.972886
183540, -64.972851
184230, -64.972818
184920, -64.972786
185610, -64.972756
186300, -64.972728
186990, -64.972701
187680, -64.972676
188370, -64.972652
189060, -64.972630
189750, -64.972609
190440, -64.972590
191130, -64.972572
191820, -64.972556
192510, -64.972541
193200, -64.972527
193890, -64.972515
194580, -64.972504
195270, -64.972494
195960, -64.972486
196650, -64.972479
197340, -64.972473
198030, -64.972469
198720, -64.972465
199410, -64.972463
200100, -64.972462
200790, -64.972462
201480, -64.972463
202170, -64.972465
202860, -64.972468
203550, -64.972472
204240, -64.972477
204930, -64.972483
205620, -64.972489
206310, -64.972497
207000, -64.972505
207690, -64.972515
208380, -64.972525
209070, -64.972535
209760, -64.972547
210450, -64.972559
211140, -64.972572
211830, -64.972585
212520, -64.972599
213210, -64.972614
213900, -64.972629
214590, -64.972645
215280, -64.972661
215970, -64.972678
216660, -64.972695
217350, -64.972712
218040, -64.972730
218730, -64.972748
219420, -64.972767
220110, -64.972786
220800, -64.972805
221490, -64.972824
222180, -64.972844
222870, -64.972864
223560, -64.972884
224250, -64.972904
224940, -64.972924
225630, -64.972945
226320, -64.972965
227010, -64.972986
227700, -64.973006
228390, -64.973027
229080, -64.973048
229770, -64.973069
230460, -64.973089
231150, -64.973110
231840, -64.973131
232530, -64.973151
233220, -64.973172
233910, -64.973192
234600, -64.973212
235290, -64.973233
235980, -64.973253
236670, -64.973272
237360, -64.973292
238050, -64.973311
238740, -64.973331
239430, -64.973350
240120, -64.973369
240810, -64.973387
241500, -64.973406
242190, -64.973424
242880, -64.973441
243570, -64.973459
244260, -64.973476
244950, -64.973493
245640, -64.973510
246330, -64.973526
247020, -64.973543
247710, -64.973558
248400, -64.973574
249090, -64.973589
249780, -64.973604
250470, -64.973618
251160, -64.973632
251850, -64.973646
252540, -64.973660
253230, -64.973673
253920, -64.973686
254610, -64.973698
255300, -64.973710
255990, -64.973722
256680, -64.973733
257370, -64.973744
258060, -64.973755
258750, -64.973765
259440, -64.973775
260130, -64.973784
260820, -64.973794
261510, -64.973802
262200, -64.973811
262890, -64.973819
263580, -64.973827
264270, -64.973834
264960, -64.973841
265650, -64.973848
266340, -64.973855
267030, -64.973861
267720, -64.973866
268410, -64.973872
269100, -64.973877
269790, -64.973882
270480, -64.973886
271170, -64.973890
271860, -64.973894
272550, -64.973898
273240, -64.973901
273930, -64.973904
274620, -64.973907
275310, -64.973909
276000, -64.973911
276690, -64.973913
277380, -64.973915
278070, -64.973916
278760, -64.973917
279450, -64.973918
280140, -64.973918
280830, -64.973919
281520, -64.973919
282210, -64.973919
282900, -64.973919
283590, -64.973918
284280, -64.973917
284970, -64.973916
285660, -64.973915
286350, -64.973914
287040, -64.973912
287730, -64.973911
288420, -64.973909
289110, -64.973907
289800, -64.973905
290490, -64.973902
291180, -64.973900
291870, -64.973897
292560, -64.973895
293250, -64.973892
293940, -64.973889
294630, -64.973886
295320, -64.973882
296010, -64.973879
296700, -64.973876
297390, -64.973872
298080, -64.973869
298770, -64.973865
299460, -64.973861
300150, -64.973857
300840, -64.973854
301530, -64.973850
302220, -64.973846
302910, -64.973842
303600, -64.973837
304290, -64.973833
304980, -64.973829
305670, -64.973825
306360, -64.973821
307050, -64.973817
307740, -64.973812
308430, -64.973808
309120, -64.973804
309810, -64.973800
310500, -64.973795
311190, -64.973791
311880, -64.973787
312570, -64.973782
313260, -64.973778
313950, -64.973774
314640, -64.973770
315330, -64.973766
316020, -64.973761
316710, -64.973757
317400, -64.973753
318090, -64.973749
318780, -64.973745
319470, -64.973741
320160, -64.973737
320850, -64.973733
321540, -64.973730
322230, -64.973726
322920, -64.973722
323610, -64.973718
324300, -64.973715
324990, -64.973711
325680, -64.973708
326370, -64.973704
327060, -64.973701
327750, -64.973698
328440, -64.973694
329130, -64.973691
329820, -64.973688
330510, -64.973685
331200, -64.973682
331890, -64.973679
332580, -64.973676
333270, -64.973674
333960, -64.973671
334650, -64.973668
335340, -64.973666
336030, -64.973663
336720, -64.973661
337410, -64.973659
338100, -64.973656
338790, -64.973654
339480, -64.973652
340170, -64.973650
340860, -64.973648
341550, -64.973646
342240, -64.973645
342930, -64.973643
343620, -64.973641
344310, -64.973640
345000, -64.973638
345690, -64.973637
346380, -64.973635
347070, -64.973634
347760, -64.973633
348450, -64.973632
349140, -64.973631
349830, -64.973630
350520, -64.973629
351210, -64.973628
351900, -64.973627
352590, -64.973626
353280, -64.973625
353970, -64.973625
354660, -64.973624
355350, -64.973624
356040, -64.973623
356730, -64.973623
357420, -64.973623
358110, -64.973622
358800, -64.973622
359490, -64.973622
360180, -64.973622
360870, -64.973622
361560, -64.973622
362250, -64.973622
362940, -64.973622
363630, -64.973622
364320, -64.973622
365010, -64.973622
365700, -64.973623
366390, -64.973623
367080, -64.973623
367770, -64.973624
368460, -64.973624
369150, -64.973624
369840, -64.973625
370530, -64.973625
371220, -64.973626
371910, -64.973627
372600, -64.973627
373290, -64.973628
373980, -64.973628
374670, -64.973629
375360, -64.973630
376050, -64.973630
376740, -64.973631
377430, -64.973632
378120, -64.973633
378810, -64.973634
379500, -64.973634
380190, -64.973635
380880, -64.973636
381570, -64.973637
382260, -64.973638
382950, -64.973639
383640, -64.973640
384330, -64.973640
385020, -64.973641
385710, -64.973642
386400, -64.973643
387090, -64.973644
387780, -64.973645
388470, -64.973646
389160, -64.973647
389850, -64.973648
390540, -64.973649
391230, -64.973650
391920, -64.973651
392610, -64.973652
393300, -64.973652
393990, -64.973653
394680, -64.973654
395370, -64.973655
396060, -64.973656
396750, -64.973657
397440, -64.973658
398130, -64.973659
398820, -64.973660
399510, -64.973661
400200, -64.973661
400890, -64.973662
401580, -64.973663
402270, -64.973664
402960, -64.973665
403650, -64.973666
404340, -64.973666
405030, -64.973667
405720, -64.973668
406410, -64.973669
407100, -64.973670
407790, -64.973670
408480, -64.973671
409170, -64.973672
409860, -64.973672
410550, -64.973673
411240, -64.973674
411930, -64.973674
412620, -64.973675
413310, -64.973676
414000, -64.973676
414690, -64.973677
415380, -64.973677
416070, -64.973678
416760, -64.973679
417450, -64.973679
418140, -64.973680
418830, -64.973680
419520, -64.973681
420210, -64.973681
420900, -64.973681
421590, -64.973682
422280, -64.973682
422970, -64.973683
423660, -64.973683
424350, -64.973683
425040, -64.973684
425730, -64.973684
426420, -64.973684
427110, -64.973685
427800, -64.973685
428490, -64.973685
429180, -64.973686
429870, -64.973686
430560, -64.973686
431250, -64.973686
431940, -64.973686
432630, -64.973687
433320, -64.973687
434010, -64.973687
434700, -64.973687
435390, -64.973687
436080, -64.973687
436770, -64.973688
437460, -64.973688
438150, -64.973688
438840, -64.973688
439530, -64.973688
440220, -64.973688
440910, -64.973688
441600, -64.973688
442290, -64.973688
442980, -64.973688
443670, -64.973688
444360, -64.973688
445050, -64.973688
445740, -64.973688
446430, -64.973688
447120, -64.973688
447810, -64.973688
448500, -64.973688
449190, -64.973688
449880, -64.973688
450570, -64.973688
451260, -64.973687
451950, -64.973687
452640, -64.973687
453330, -64.973687
454020, -64.973687
454710, -64.973687
455400, -64.973687
456090, -64.973687
456780, -64.973687
457470, -64.973686
458160, -64.973686
458850, -64.973686
459540, -64.973686
460230, -64.973686
460920, -64.973686
461610, -64.973685
462300, -64.973685
462990, -64.973685
463680, -64.973685
464370, -64.973685
465060, -64.973685
465750, -64.973684
466440, -64.973684
467130, -64.973684
467820, -64.973684
468510, -64.973684
469200, -64.973684
469890, -64.973683
470580, -64.973683
471270, -64.973683
471960, -64.973683
472650, -64.973683
473340, -64.973682
474030, -64.973682
474720, -64.973682
475410, -64.973682
476100, -64.973682
476790, -64.973682
477480, -64.973681
478170, -64.973681
478860, -64.973681
479550, -64.973681
480240, -64.973681
480930, -64.973680
481620, -64.973680
482310, -64.973680
483000, -64.973680
483690, -64.973680
484380, -64.973680
485070, -64.973679
485760, -64.973679
486450, -64.973679
487140, -64.973679
487830, -64.973679
488520, -64.973679
489210, -64.973679
489900, -64.973678
490590, -64.973678
491280, -64.973678
491970, -64.973678
492660, -64.973678
493350, -64.973678
494040, -64.973678
494730, -64.973678
495420, -64.973677
496110, -64.973677
496800, -64.973677
497490, -64.973677
498180, -64.973677
498870, -64.973677
499560, -64.973677
500250, -64.973677
500940, -61.753601
501630, -58.656559
502320, -55.640820
503010, -52.650720
503700, -49.579598
504390, -46.252963
505080, -42.355425
505770, -37.336864
506460, -30.179505
507150, -19.032651
507840, -1.053804
508530, 23.972144
509220, 42.643251
509910, 44.857967
510600, 43.255369
511290, 41.347191
511980, 38.928741
512670, 36.154879
513360, 33.092683
514050, 29.806377
514740, 26.358926
515430, 22.798715
516120, 19.174766
516810, 15.520783
517500, 11.871203
518190, 8.245867
518880, 4.666435
519570, 1.141526
520260, -2.316521
520950, -5.707223
521640, -9.024641
522330, -12.273022
523020, -15.451886
523710, -18.569916
524400, -21.630725
525090, -24.649621
525780, -27.638995
526470, -30.625681
527160, -33.636684
527850, -36.716280
528540, -39.910396
529230, -43.280091
529920, -46.878104
530610, -50.744548
531300, -54.851720
531990, -59.061161
532680, -63.058382
533370, -66.423076
534060, -68.834349
534750, -70.293447
535440, -71.040039
536130, -71.355503
536820, -71.432626
537510, -71.388566
538200, -71.278562
538890, -71.136344
539580, -70.972845
540270, -70.799471
540960, -70.616094
541650, -70.428633
542340, -70.234219
543030, -70.037378
543720, -69.834529
544410, -69.629815
545100, -69.419460
545790, -69.207509
546480, -68.990142
547170, -68.771382
547860, -68.547388
548550, -68.322176
549240, -68.091925
549930, -67.860662
550620, -67.624570
551310, -67.387666
552000, -67.146154
552690, -66.904073
553380, -66.657632
554070, -66.410854
554760, -66.159958
555450, -65.908997
556140, -65.654195
556830, -65.399573
557520, -65.141361
558210, -64.883614
558900, -64.622559
559590, -64.362201
560280, -64.098772
560970, -63.836323
561660, -63.571054
562350, -63.306949
563040, -63.040229
563730, -62.774933
564420, -62.507199
565110, -62.240978
565800, -61.972475
566490, -61.705685
567180, -61.436669
567870, -61.169336
568560, -60.899860
569250, -60.632133
569940, -60.362158
570630, -60.093785
571320, -59.823149
572010, -59.553980
572700, -59.282210
573390, -59.011618
574080, -58.738289
574770, -58.465709
575460, -58.189725
576150, -57.914029
576840, -57.634476
577530, -57.354384
578220, -57.069475
578910, -56.783311
579600, -56.491294
580290, -56.196548
580980, -55.894602
581670, -55.588531
582360, -55.273235
583050, -54.951517
583740, -54.618415
584430, -54.275846
585120, -53.918197
585810, -53.547362
586500, -53.156485
587190, -52.746538
587880, -52.309699
588570, -51.845093
589260, -51.343294
589950, -50.800676
590640, -50.204482
591330, -49.546905
592020, -48.808845
592710, -47.974766
593400, -47.015015
594090, -45.898144
594780, -44.571878
595470, -42.972842
596160, -41.004107
596850, -38.537187
597540, -35.382350
598230, -31.291300
598920, -25.945722
599610, -19.042044
600300, -10.510078
600990, -1.005044
601680, 7.735418
602370, 13.623554
603060, 15.914148
603750, 15.413689
604440, 13.268902
605130, 10.254816
605820, 6.807766
606510, 3.161059
607200, -0.546834
607890, -4.241801
608580, -7.875063
609270, -11.425924
609960, -14.879330
610650, -18.235660
611340, -21.495013
612030, -24.670490
612720, -27.773219
613410, -30.828796
614100, -33.862712
614790, -36.915681
615480, -40.027382
616170, -43.248545
616860, -46.618167
617550, -50.163421
618240, -53.858997
618930, -57.606371
619620, -61.192503
620310, -64.335258
621000, -66.781041
621690, -68.454489
622380, -69.458966
623070, -69.988987
623760, -70.215164
624450, -70.263531
625140, -70.205650
625830, -70.088964
626520, -69.934355
627210, -69.759474
627900, -69.568370
628590, -69.369316
629280, -69.161146
629970, -68.949202
630660, -68.730662
631350, -68.509912
632040, -68.283586
632730, -68.055759
633420, -67.822887
634110, -67.588925
634800, -67.350258
635490, -67.110813
636180, -66.866970
636870, -66.622637
637560, -66.374174
638250, -66.125492
638940, -65.872978
639630, -65.620532
640320, -65.364519
641010, -65.108846
641700, -64.849911
642390, -64.591605
643080, -64.330287
643770, -64.069860
644460, -63.806725
645150, -63.544740
645840, -63.280254
646530, -63.017155
647220, -62.751837
647910, -62.488097
648600, -62.222264
649290, -61.958199
649980, -61.692259
650670, -61.428178
651360, -61.162250
652050, -60.898301
652740, -60.632611
653430, -60.368848
654120, -60.103262
654810, -59.839634
655500, -59.574124
656190, -59.310325
656880, -59.044433
657570, -58.780171
658260, -58.513532
658950, -58.248019
659640, -57.979758
660330, -57.712369
661020, -57.441642
661710, -57.170965
662400, -56.896366
663090, -56.621193
663780, -56.341070
664470, -56.059220
665160, -55.771525
665850, -55.480812
666540, -55.182472
667230, -54.879478
667920, -54.567104
668610, -54.247605
669300, -53.915973
669990, -53.574445
670680, -53.217010
671370, -52.845236
672060, -52.452718
672750, -52.039581
673440, -51.598564
674130, -51.127933
674820, -50.618237
675510, -50.065274
676200, -49.456253
676890, -48.782171
677580, -48.023894
678270, -47.165013
678960, -46.174353
679650, -45.019329
680340, -43.647393
681030, -41.994228
681720, -39.963574
682410, -37.430542
683100, -34.216945
683790, -30.101297
684480, -24.822201
685170, -18.179246
685860, -10.239048
686550, -1.714019
687240, 5.890439
687930, 10.956184
688620, 12.928833
689310, 12.410393
690000, 10.328616
690690, 7.376832
691380, 3.980170
692070, 0.377144
692760, -3.289244
693450, -6.941633
694140, -10.530146
694830, -14.034269
695520, -17.438678
696210, -20.746125
696900, -23.958099
697590, -27.090314
698280, -30.158905
698970, -33.194369
699660, -36.227169
700350, -39.301754
701040, -42.459180
701730, -45.745531
702420, -49.185180
703110, -52.773953
703800, -56.433826
704490, -59.999862
705180, -63.216358
705870, -65.830961
706560, -67.709946
707250, -68.906071
707940, -69.577603
708630, -69.902078
709320, -70.009407
710010, -69.990313
710700, -69.893577
711390, -69.753307
712080, -69.583351
712770, -69.397416
713460, -69.197698
714150, -68.991280
714840, -68.776588
715530, -68.558528
716220, -68.334271
716910, -68.107997
717600, -67.876451
718290, -67.643546
718980, -67.405868
719670, -67.167240
720360, -66.924206
721050, -66.680557
721740, -66.432800
722430, -66.184715
723120, -65.932829
723810, -65.680918
724500, -65.425484
725190, -65.170296
725880, -64.911888
726570, -64.654029
727260, -64.393214
727950, -64.133205
728640, -63.870539
729330, -63.608959
730020, -63.344947
730710, -63.082248
731400, -62.817393
732090, -62.554073
732780, -62.288748
733470, -62.025133
734160, -61.759747
734850, -61.496197
735540, -61.230907
736230, -60.967558
736920, -60.702622
737610, -60.439616
738300, -60.174921
738990, -59.912171
739680, -59.647744
740370, -59.385075
741060, -59.120489
741750, -58.857561
742440, -58.592531
743130, -58.328741
743820, -58.062439
744510, -57.797131
745200, -57.528851
745890, -57.260826
746580, -56.989208
747270, -56.717386
747960, -56.441095
748650, -56.163406
749340, -55.880333
750030, -55.594850
750720, -55.302463
751410, -55.006003
752100, -54.701246
752790, -54.390321
753480, -54.068377
754170, -53.737843
754860, -53.393164
755550, -53.035842
756240, -52.660325
756930, -52.266903
757620, -51.848667
758310, -51.405184
759000, -50.927514
759690, -50.413372
760380, -49.850855
761070, -49.233969
761760, -48.546349
762450, -47.775106
763140, -46.895633
763830, -45.883538
764520, -44.697474
765210, -43.289599
765900, -41.586445
766590, -39.495311
767280, -36.880734
767970, -33.569358
768660, -29.333533
769350, -23.931829
770040, -17.193446
770730, -9.269093
771420, -0.958452
772110, 6.213635
772800, 10.784599
773490, 12.372447
774180, 11.631185
774870, 9.433893
775560, 6.431479
776250, 3.013504
776940, -0.588687
777630, -4.246999
778320, -7.881226
779010, -11.451528
779700, -14.931854
780390, -18.315509
781080, -21.599079
781770, -24.792795
782460, -27.906655
783150, -30.965127
783840, -33.993286
784530, -37.030637
785220, -40.115743
785910, -43.296739
786600, -46.609738
787290, -50.078965
787980, -53.679564
788670, -57.319043
789360, -60.803550
790050, -63.876522
790740, -66.302951
791430, -68.000930
792120, -69.051407
792810, -69.627580
793500, -69.890508
794190, -69.964461
794880, -69.923063
795570, -69.815934
796260, -69.666350
796950, -69.493253
797640, -69.302060
798330, -69.101493
799020, -68.891141
799710, -68.676382
800400, -68.454873
801090, -68.230870
801780, -68.001380
802470, -67.770269
803160, -67.534299
803850, -67.297184
804540, -67.055621
805230, -66.813283
805920, -66.566822
806610, -66.319879
807300, -66.069116
807990, -65.818183
808680, -65.563724
809370, -65.309364
810060, -65.051767
810750, -64.794584
811440, -64.534448
812130, -64.274975
812820, -64.012830
813510, -63.751658
814200, -63.488064
814890, -63.225646
815580, -62.961063
816270, -62.697931
816960, -62.432819
817650, -62.169297
818340, -61.904005
819030, -61.640500
819720, -61.375310
820410, -61.111963
821100, -60.847074
821790, -60.584106
822480, -60.319536
823170, -60.056839
823860, -59.792598
824550, -59.530143
825240, -59.265889
825930, -59.003252
826620, -58.738768
827310, -58.475592
828000, -58.210063
828690, -57.945522
829380, -57.678363
830070, -57.411605
830760, -57.141482
831450, -56.871235
832140, -56.597003
832830, -56.321639
833520, -56.041230
834210, -55.758869
834900, -55.470220
835590, -55.177908
836280, -54.877795
836970, -54.572380
837660, -54.256844
838350, -53.933429
839040, -53.597363
839730, -53.249926
840420, -52.885675
841110, -52.505684
841800, -52.103150
842490, -51.678216
843180, -51.222678
843870, -50.734635
844560, -50.203825
845250, -49.625280
845940, -48.984647
846630, -48.272208
847320, -47.466158
848010, -46.546508
848700, -45.478892
849390, -44.225089
850080, -42.725204
850770, -40.904914
851460, -38.654172
852150, -35.830562
852840, -32.238374
853530, -27.646389
854220, -21.818915
854910, -14.666329
855600, -6.515657
856290, 1.565546
856980, 7.963986
857670, 11.504226
858360, 12.219235
859050, 10.908323
859740, 8.392272
860430, 5.221080
861120, 1.726757
861810, -1.903991
862500, -5.557215
863190, -9.172878
863880, -12.711787
864570, -16.159644
865260, -19.506539
865950, -22.758364
866640, -25.920634
867330, -29.012859
868020, -32.055388
868710, -35.083094
869400, -38.130811
870090, -41.245296
870780, -44.467000
871470, -47.834140
872160, -51.352269
872850, -54.980004
873540, -58.586756
874230, -61.953070
874920, -64.812743
875610, -66.979135
876300, -68.428634
876990, -69.290879
877680, -69.738114
878370, -69.924106
879060, -69.949413
879750, -69.881952
880440, -69.756441
881130, -69.598310
881820, -69.416899
882510, -69.222967
883200, -69.017476
883890, -68.806396
884580, -68.587932
885270, -68.366453
885960, -68.139244
886650, -67.910126
887340, -67.676054
888030, -67.440641
888720, -67.200726
889410, -66.959863
890100, -66.714857
890790, -66.469213
891480, -66.219718
892170, -65.969893
892860, -65.716532
893550, -65.463120
894240, -65.206442
894930, -64.950014
895620, -64.690633
896310, -64.431770
897000, -64.170206
897690, -63.909454
898380, -63.646295
899070, -63.384179
899760, -63.119877
900450, -62.856887
901140, -62.591953
901830, -62.328490
902520, -62.063251
903210, -61.799710
903900, -61.534540
904590, -61.271114
905280, -61.006156
905970, -60.743107
906660, -60.478537
907350, -60.215763
908040, -59.951474
908730, -59.689022
909420, -59.424897
910110, -59.162348
910800, -58.898014
911490, -58.635115
912180, -58.370050
912870, -58.105985
913560, -57.839493
914250, -57.573602
914940, -57.304598
915630, -57.035539
916320, -56.762911
917010, -56.489431
917700, -56.211238
918390, -55.931243
919080, -55.645630
919770, -55.356785
920460, -55.060622
921150, -54.759814
921840, -54.449770
922530, -54.132514
923220, -53.803577
923910, -53.464537
924600, -53.109993
925290, -52.741297
925980, -52.352208
926670, -51.942724
927360, -51.505988
928050, -51.040017
928740, -50.536113
929430, -49.989667
930120, -49.388762
930810, -48.724305
931500, -47.978058
932190, -47.134163
932880, -46.163093
933570, -45.033577
934260, -43.695995
934950, -42.089598
935640, -40.124081
936330, -37.682779
937020, -34.600286
937710, -30.670539
938400, -25.648299
939090, -19.333622
939780, -11.746468
940470, -3.464625
941160, 4.180755
941850, 9.597004
942540, 12.032886
943230, 11.895822
943920, 10.061730
944610, 7.254361
945300, 3.936988
945990, 0.375243
946680, -3.272059
947370, -6.917638
948060, -10.506353
948750, -14.013791
949440, -17.422926
950130, -20.734903
950820, -23.950816
951510, -27.085467
952200, -30.154994
952890, -33.189242
953580, -36.218771
954270, -39.287271
954960, -42.435733
955650, -45.709354
956340, -49.132552
957030, -52.701255
957720, -56.339417
958410, -59.886142
959100, -63.091241
959790, -65.706548
960480, -67.596482
961170, -68.807863
961860, -69.494052
962550, -69.829792
963240, -69.945133
963930, -69.931069
964620, -69.837559
965310, -69.698965
966000, -69.529992
966690, -69.344269
967380, -69.144591
968070, -68.937786
968760, -68.722755
969450, -68.504074
970140, -68.279343
970830, -68.052376
971520, -67.820328
972210, -67.586729
972900, -67.348564
973590, -67.109276
974280, -66.865803
974970, -66.621542
975660, -66.373400
976350, -66.124768
977040, -65.872566
977730, -65.620174
978420, -65.364489
979110, -65.108895
979800, -64.850317
980490, -64.592124
981180, -64.331206
981870, -64.070940
982560, -63.808257
983250, -63.546490
983940, -63.282521
984630, -63.019710
985320, -62.754982
986010, -62.491613
986700, -62.226461
987390, -61.962863
988080, -61.697709
988770, -61.434211
989460, -61.169194
990150, -60.905960
990840, -60.641325
991530, -60.378438
992220, -60.114079
992910, -59.851505
993600, -59.587423
994290, -59.324908
994980, -59.060683
995670, -58.797951
996360, -58.533267
997050, -58.269614
997740, -58.003647
998430, -57.738503
999120, -57.470513
999810, -57.202553
1000500, -56.931186
1001190, -56.659320
1001880, -56.383119
1002570, -56.105299
1003260, -55.822284
1003950, -55.536540
1004640, -55.244005
1005330, -54.947159
1006020, -54.642040
1006710, -54.330428
1007400, -54.007899
1008090, -53.676529
1008780, -53.330959
1009470, -52.972367
1010160, -52.595526
1010850, -52.200244
1011540, -51.780055
1012230, -51.333883
1012920, -50.853238
1013610, -50.335142
1014300, -49.768126
1014990, -49.145409
1015680, -48.451024
1016370, -47.671142
1017060, -46.780923
1017750, -45.754853
1018440, -44.551041
1019130, -43.120088
1019820, -41.387435
1020510, -39.257335
1021200, -36.591846
1021890, -33.214073
1022580, -28.895214
1023270, -23.397765
1023960, -16.571778
1024650, -8.611679
1025340, -0.379300
1026030, 6.579046
1026720, 10.876516
1027410, 12.236619
1028100, 11.350395
1028790, 9.073446
1029480, 6.030691
1030170, 2.594970
1030860, -1.012576
1031550, -4.668188
1032240, -8.295775
1032930, -11.856947
1033620, -15.326777
1034310, -18.699922
1035000, -21.973254
1035690, -25.157042
1036380, -28.263360
1037070, -31.317152
1037760, -34.344454
1038450, -37.384932
1039140, -40.477786
1039830, -43.670516
1040520, -46.998329
1041210, -50.482010
1041900, -54.089144
1042590, -57.718402
1043280, -61.165530
1043970, -64.171771
1044660, -66.514704
1045350, -68.132688
1046040, -69.121316
1046730, -69.655876
1047420, -69.893321
1048110, -69.952012
1048800, -69.901776
1049490, -69.789212
1050180, -69.636419
1050870, -69.461082
1051560, -69.268501
1052250, -69.066743
1052940, -68.855620
1053630, -68.640040
1054320, -68.417989
1055010, -68.193318
1055700, -67.963394
1056390, -67.731694
1057080, -67.495352
1057770, -67.257705
1058460, -67.015823
1059150, -66.773004
1059840, -66.526270
1060530, -66.278891
1061220, -66.027904
1061910, -65.776586
1062600, -65.521948
1063290, -65.267247
1063980, -65.009523
1064670, -64.752053
1065360, -64.491835
1066050, -64.232116
1066740, -63.969938
1067430, -63.708565
1068120, -63.444976
1068810, -63.182399
1069500, -62.917869
1070190, -62.654613
1070880, -62.389580
1071570, -62.125971
1072260, -61.860803
1072950, -61.597235
1073640, -61.332179
1074330, -61.068795
1075020, -60.804075
1075710, -60.541077
1076400, -60.276663
1077090, -60.013945
1077780, -59.749882
1078470, -59.487392
1079160, -59.223277
1079850, -58.960591
1080540, -58.696202
1081230, -58.432905
1081920, -58.167425
1082610, -57.902743
1083300, -57.635561
1083990, -57.368551
1084680, -57.098335
1085370, -56.827792
1086060, -56.553354
1086750, -56.277529
1087440, -55.996794
1088130, -55.713879
1088820, -55.424723
1089510, -55.131611
1090200, -54.830795
1090890, -54.524283
1091580, -54.207662
1092270, -53.882825
1092960, -53.545217
1093650, -53.195780
1094340, -52.829462
1095030, -52.446757
1095720, -52.041254
1096410, -51.612732
1097100, -51.153051
1097790, -50.659941
1098480, -50.123116
1099170, -49.537202
1099860, -48.887663
1100550, -48.163783
1101240, -47.343908
1101930, -46.406644
1102620, -45.316723
1103310, -44.033925
1104000, -42.496609
1104690, -40.626252
1105380, -38.308610
1106070, -35.395478
1106760, -31.685411
1107450, -26.943738
1108140, -20.942981
1108830, -13.630932
1109520, -5.418834
1110210, 2.525592
1110900, 8.582151
1111590, 11.717610
1112280, 12.112446
1112970, 10.601469
1113660, 7.974145
1114350, 4.746125
1115040, 1.225915
1115730, -2.412383
1116420, -6.062966
1117110, -9.669439
1117800, -13.196463
1118490, -16.630703
1119180, -19.964262
1119870, -23.202740
1120560, -26.354040
1121250, -29.438445
1121940, -32.477416
1122630, -35.506092
1123320, -38.560486
1124010, -41.687382
1124700, -44.927074
1125390, -48.315319
1126080, -51.851954
1126770, -55.486133
1127460, -59.072824
1128150, -62.383834
1128840, -65.154144
1129530, -67.217932
1130220, -68.575976
1130910, -69.370581
1131600, -69.773737
1132290, -69.932627
1132980, -69.941960
1133670, -69.864873
1134360, -69.733704
1135050, -69.571910
1135740, -69.388273
1136430, -69.192665
1137120, -68.986114
1137810, -68.774055
1138500, -68.554955
1139190, -68.332765
1139880, -68.105097
1140570, -67.875391
1141260, -67.640948
1141950, -67.405016
1142640, -67.164790
1143330, -66.923461
1144020, -66.678190
1144710, -66.432124
1145400, -66.182410
1146090, -65.932209
1146780, -65.678671
1147470, -65.424924
1148160, -65.168114
1148850, -64.911398
1149540, -64.651926
1150230, -64.392812
1150920, -64.131202
1151610, -63.870247
1152300, -63.607078
1152990, -63.344790
1153680, -63.080518
1154370, -62.817401
1155060, -62.552526
1155750, -62.288955
1156440, -62.023806
1157130, -61.760196
1157820, -61.495134
1158510, -61.231643
1159200, -60.966811
1159890, -60.703699
1160580, -60.439241
1161270, -60.176403
1161960, -59.912238
1162650, -59.649704
1163340, -59.385663
1164030, -59.123015
1164720, -58.858763
1165410, -58.595723
1166100, -58.330669
1166790, -58.066420
1167480, -57.799916
1168170, -57.533766
1168860, -57.264635
1169550, -56.995239
1170240, -56.722420
1170930, -56.448475
1171620, -56.169922
1172310, -55.889333
1173000, -55.603159
1173690, -55.313457
1174380, -55.016520
1175070, -54.714675
1175760, -54.403561
1176450, -54.084876
1177140, -53.754524
1177830, -53.413568
1178520, -53.056993
1179210, -52.685807
1179900, -52.293905
1180590, -51.880950
1181280, -51.440174
1181970, -50.969236
1182660, -50.459620
1183350, -49.906088
1184040, -49.296584
1184730, -48.621525
1185420, -47.862263
1186110, -47.001662
1186800, -46.010073
1187490, -44.854315
1188180, -43.482418
1188870, -41.830538
1189560, -39.804668
1190250, -37.282384
1190940, -34.091947
1191630, -30.020496
1192320, -24.822126
1193010, -18.314463
1193700, -10.575469
1194390, -2.288951
1195080, 5.124232
1195770, 10.126620
1196460, 12.146534
1197150, 11.710929
1197840, 9.698956
1198530, 6.795434
1199220, 3.430083
1199910, -0.151683
1200600, -3.802778
1201290, -7.442662
1201980, -11.020911
1202670, -14.514478
1203360, -17.909717
1204050, -21.207143
1204740, -24.410180
1205430, -27.534705
1206120, -30.597653
1206810, -33.629393
1207500, -36.661940
1208190, -39.739452
1208880, -42.903432
1209570, -46.197701
1210260, -49.643410
1210950, -53.228398
1211640, -56.865480
1212330, -60.379526
1213020, -63.512317
1213710, -66.025902
1214400, -67.810773
1215090, -68.935116
1215780, -69.560292
1216470, -69.857074
1217160, -69.949012
1217850, -69.920912
1218540, -69.819171
1219230, -69.675428
1219920, -69.503358
1220610, -69.315452
1221300, -69.114406
1221990, -68.906439
1222680, -68.690655
1223370, -68.471193
1224060, -68.245952
1224750, -68.018367
1225440, -67.785924
1226130, -67.551791
1226820, -67.313296
1227510, -67.073531
1228200, -66.829781
1228890, -66.585091
1229580, -66.336714
1230270, -66.087697
1230960, -65.835307
1231650, -65.582573
1232340, -65.326739
1233030, -65.070846
1233720, -64.812168
1234410, -64.553716
1235100, -64.292733
1235790, -64.032252
1236480, -63.769551
1237170, -63.507606
1237860, -63.243648
1238550, -62.980697
1239240, -62.716016
1239930, -62.452530
1240620, -62.187449
1241310, -61.923768
1242000, -61.658701
1242690, -61.395123
1243380, -61.130211
1244070, -60.866925
1244760, -60.602398
1245450, -60.339443
1246140, -60.075194
1246830, -59.812568
1247520, -59.548579
1248210, -59.285969
1248900, -59.021817
1249590, -58.758988
1250280, -58.494332
1250970, -58.230506
1251660, -57.964522
1252350, -57.699124
1253040, -57.431001
1253730, -57.162698
1254420, -56.891135
1255110, -56.618804
1255800, -56.342235
1256490, -56.063819
1257180, -55.780334
1257870, -55.493805
1258560, -55.200540
1259250, -54.902696
1259940, -54.596537
1260630, -54.283531
1261320, -53.959615
1262010, -53.626401
1262700, -53.278866
1263390, -52.917857
1264080, -52.538287
1264770, -52.139638
1265460, -51.715781
1266150, -51.264995
1266840, -50.779117
1267530, -50.254429
1268220, -49.679744
1268910, -49.047372
1269600, -48.341528
1270290, -47.547186
1270980, -46.638815
1271670, -45.589255
1272360, -44.355248
1273050, -42.884790
1273740, -41.100184
1274430, -38.900826
1275120, -36.142782
1275810, -32.641595
1276500, -28.163671
1277190, -22.475426
1277880, -15.457958
1278570, -7.384528
1279260, 0.766125
1279950, 7.399350
1280640, 11.249874
1281330, 12.222979
1282020, 11.081944
1282710, 8.659879
1283400, 5.540456
1284090, 2.068318
1284780, -1.552310
1285470, -5.207673
1286160, -8.827193
1286850, -12.375871
1287540, -15.831708
1288230, -19.189875
1288920, -22.449098
1289610, -25.621012
1290300, -28.718160
1290990, -31.766149
1291680, -34.792619
1292370, -37.838007
1293060, -40.942505
1293750, -44.153083
1294440, -47.503396
1295130, -51.008315
1295820, -54.627904
1296510, -58.244863
1297200, -61.643531
1297890, -64.562679
1298580, -66.797787
1299270, -68.313922
1299960, -69.224147
1300650, -69.705933
1301340, -69.910793
1302030, -69.949861
1302720, -69.888117
1303410, -69.768516
1304100, -69.611529
1304790, -69.433376
1305480, -69.239046
1306170, -69.035903
1306860, -68.823883
1307550, -68.607436
1308240, -68.384812
1308930, -68.159484
1309620, -67.929129
1310310, -67.696873
1311000, -67.460176
1311690, -67.222038
1312380, -66.979858
1313070, -66.736597
1313760, -66.489611
1314450, -66.241834
1315140, -65.990640
1315830, -65.738971
1316520, -65.484168
1317210, -65.229157
1317900, -64.971312
1318590, -64.713573
1319280, -64.453272
1319970, -64.193326
1320660, -63.931111
1321350, -63.669547
1322040, -63.405951
1322730, -63.143222
1323420, -62.878729
1324110, -62.615350
1324800, -62.350375
1325490, -62.086673
1326180, -61.821600
1326870, -61.557958
1327560, -61.293000
1328250, -61.029559
1328940, -60.764965
1329630, -60.501912
1330320, -60.237606
1331010, -59.974834
1331700, -59.710867
1332390, -59.448287
1333080, -59.184238
1333770, -58.921452
1334460, -58.657081
1335150, -58.393609
1335840, -58.128102
1336530, -57.863218
1337220, -57.595933
1337910, -57.328607
1338600, -57.058206
1339290, -56.787291
1339980, -56.512545
1340670, -56.236172
1341360, -55.954997
1342050, -55.671329
1342740, -55.381467
1343430, -55.087384
1344120, -54.785677
1344810, -54.477896
1345500, -54.159987
1346190, -53.833532
1346880, -53.494144
1347570, -53.142466
1348260, -52.773786
1348950, -52.388052
1349640, -51.979199
1350330, -51.546585
1351020, -51.082183
1351710, -50.583368
1352400, -50.039758
1353090, -49.445581
1353780, -48.786023
1354470, -48.049339
1355160, -47.213926
1355850, -46.256900
1356540, -45.141883
1357230, -43.826473
1357920, -42.246090
1358610, -40.318489
1359300, -37.924401
1359990, -34.908874
1360680, -31.063803
1361370, -26.151046
1362060, -19.955856
1362750, -12.471816
1363440, -4.208592
1364130, 3.560050
1364820, 9.226330
1365510, 11.925344
1366200, 11.986086
1366890, 10.269529
1367580, 7.528684
1368270, 4.242725
1368960, 0.696752
1369650, -2.948494
1370340, -6.595159
1371030, -10.191857
1371720, -13.705767
1372410, -17.125540
1373100, -20.444474
1373790, -23.669962
1374480, -26.810232
1375170, -29.886156
1375860, -32.920814
1376550, -35.950278
1377240, -39.011863
1377930, -42.152458
1378620, -45.412024
1379310, -48.822698
1380000, -52.378694
1380690, -56.016920
1381380, -59.580077
1382070, -62.827445
1382760, -65.501356
1383450, -67.457631
1384140, -68.722587
1384830, -69.449608
1385520, -69.809134
1386210, -69.941312
1386900, -69.934886
1387590, -69.848299
1388280, -69.711514
1388970, -69.546088
1389660, -69.360224
1390350, -69.162956
1391040, -68.955338
1391730, -68.742313
1392420, -68.522572
1393110, -68.299687
1393800, -68.071558
1394490, -67.841281
1395180, -67.606467
1395870, -67.370033
1396560, -67.129495
1397250, -66.887719
1397940, -66.642182
1398630, -66.395711
1399320, -66.145776
1400010, -65.895217
1400700, -65.641500
1401390, -65.387433
1402080, -65.130488
1402770, -64.873500
1403460, -64.613933
1404150, -64.354583
1404840, -64.092919
1405530, -63.831775
1406220, -63.568590
1406910, -63.306142
1407600, -63.041891
1408290, -62.778658
1408980, -62.513833
1409670, -62.250165
1410360, -61.985095
1411050, -61.721415
1411740, -61.456445
1412430, -61.192891
1413120, -60.928171
1413810, -60.664997
1414500, -60.400633
1415190, -60.137733
1415880, -59.873675
1416570, -59.611063
1417260, -59.347089
1417950, -59.084344
1418640, -58.820156
1419330, -58.556977
1420020, -58.291914
1420710, -58.027480
1421400, -57.760942
1422090, -57.494531
1422780, -57.225249
1423470, -56.955510
1424160, -56.682405
1424850, -56.407938
1425540, -56.128964
1426230, -55.847748
1426920, -55.560964
1427610, -55.270380
1428300, -54.972623
1428990, -54.669641
1429680, -54.357354
1430370, -54.037168
1431060, -53.705315
1431750, -53.362375
1432440, -53.003676
1433130, -52.629921
1433820, -52.235097
1434510, -51.818565
1435200, -51.373600
1435890, -50.897542
1436580, -50.381821
1437270, -49.820828
1437960, -49.202292
1438650, -48.516160
1439340, -47.743290
1440030, -46.865257
1440720, -45.851505
1441410, -44.666960
1442100, -43.257748
1442790, -41.556870
1443480, -39.465788
1444170, -36.855947
1444860, -33.549047
1445550, -29.325683
1446240, -23.941291
1446930, -17.234636
1447620, -9.351182
1448310, -1.088818
1449000, 6.052005
1449690, 10.615991
1450380, 12.219404
1451070, 11.495057
1451760, 9.313887
1452450, 6.319768
1453140, 2.909724
1453830, -0.689780
1454520, -4.343450
1455210, -7.976826
1455900, -11.543388
1456590, -15.023312
1457280, -18.403509
1457970, -21.686875
1458660, -24.877316
1459350, -27.991071
1460040, -31.046647
1460730, -34.075692
1461420, -37.111627
1462110, -40.199039
1462800, -43.379754
1463490, -46.695641
1464180, -50.164061
1464870, -53.764564
1465560, -57.397070
1466250, -60.871824
1466940, -63.926715
1467630, -66.335780
1468320, -68.015237
1469010, -69.054804
1469700, -69.621575
1470390, -69.881447
1471080, -69.951292
1471770, -69.909955
1472460, -69.800427
1473150, -69.651804
1473840, -69.476776
1474530, -69.286784
1475220, -69.084412
1475910, -68.875328
1476600, -68.658803
1477290, -68.438584
1477980, -68.212835
1478670, -67.984652
1479360, -67.751811
1480050, -67.517161
1480740, -67.278334
1481430, -67.038109
1482120, -66.794080
1482810, -66.548975
1483500, -66.300361
1484190, -66.050974
1484880, -65.798394
1485570, -65.545331
1486260, -65.289345
1486950, -65.033167
1487640, -64.774384
1488330, -64.515688
1489020, -64.254636
1489710, -63.993953
1490400, -63.731227
1491090, -63.469115
1491780, -63.205162
1492470, -62.942082
1493160, -62.677433
1493850, -62.413837
1494540, -62.148817
1495230, -61.885063
1495920, -61.620075
1496610, -61.356428
1497300, -61.091614
1497990, -60.828287
1498680, -60.563859
1499370, -60.300847
1500060, -60.036699
1500750, -59.774029
1501440, -59.510122
1502130, -59.247426
1502820, -58.983336
1503510, -58.720397
1504200, -58.455745
1504890, -58.191745
1505580, -57.925725
1506270, -57.660069
1506960, -57.391792
1507650, -57.123149
1508340, -56.851374
1509030, -56.578581
1509720, -56.301630
1510410, -56.022620
1511100, -55.738649
1511790, -55.451338
1512480, -55.157327
1513170, -54.858486
1513860, -54.551268
1514550, -54.236865
1515240, -53.911539
1515930, -53.576446
1516620, -53.226894
1517310, -52.863439
1518000, -52.481090
1518690, -52.079040
1519380, -51.651459
1520070, -51.196009
1520760, -50.704820
1521450, -50.173464
1522140, -49.590998
1522830, -48.948849
1523520, -48.231114
1524210, -47.421901
1524900, -46.494906
1525590, -45.421310
1526280, -44.156399
1526970, -42.645557
1527660, -40.807255
1528350, -38.535943
1529040, -35.681555
1529730, -32.052491
1530420, -27.410519
1531110, -21.529232
1531800, -14.325849
1532490, -6.159812
1533180, 1.874877
1533870, 8.156377
1534560, 11.561580
1535250, 12.167482
1535940, 10.791115
1536630, 8.236631
1537320, 5.048178
1538010, 1.544095
1538700, -2.087535
1539390, -5.741050
1540080, -9.351964
1540770, -12.888189
1541460, -16.329620
1542150, -19.673327
1542840, -22.919069
1543530, -26.078587
1544220, -29.166322
1544910, -32.209024
1545600, -35.235627
1546290, -38.287105
1546980, -41.404432
1547670, -44.633771
1548360, -48.006693
1549050, -51.532946
1549740, -55.161268
1550430, -58.762021
1551120, -62.106997
1551810, -64.935997
1552500, -67.064001
1553190, -68.481746
1553880, -69.317904
1554570, -69.750504
1555260, -69.925188
1555950, -69.946126
1556640, -69.873735
1557330, -69.747608
1558020, -69.586710
1558710, -69.405920
1559400, -69.209935
1560090, -69.005482
1560780, -68.792599
1561470, -68.575322
1562160, -68.352137
1562850, -68.126178
1563540, -67.895398
1564230, -67.662608
1564920, -67.425559
1565610, -67.186948
1566300, -66.944472
1566990, -66.700785
1567680, -66.453546
1568370, -66.205389
1569060, -65.953988
1569750, -65.701980
1570440, -65.447009
1571130, -65.191702
1571820, -64.933736
1572510, -64.675742
1573200, -64.415355
1573890, -64.155196
1574580, -63.892941
1575270, -63.631201
1575960, -63.367596
1576650, -63.104728
1577340, -62.840269
1578030, -62.576780
1578720, -62.311856
1579410, -62.048075
1580100, -61.783090
1580790, -61.519384
1581480, -61.254517
1582170, -60.991031
1582860, -60.726547
1583550, -60.463445
1584240, -60.199235
1584930, -59.936416
1585620, -59.672523
1586310, -59.409852
1587000, -59.145856
1587690, -58.882975
1588380, -58.618614
1589070, -58.354975
1589760, -58.089432
1590450, -57.824358
1591140, -57.556962
1591830, -57.289330
1592520, -57.018738
1593210, -56.747461
1593900, -56.472403
1594590, -56.195494
1595280, -55.913872
1595970, -55.629464
1596660, -55.338892
1597350, -55.043853
1598040, -54.741251
1598730, -54.432216
1599420, -54.113018
1600110, -53.784960
1600800, -53.443793
1601490, -53.089894
1602180, -52.718856
1602870, -52.330114
1603560, -51.917917
1604250, -51.481062
1604940, -51.011812
1605630, -50.507212
1606320, -49.956729
1607010, -49.354018
1607700, -48.684189
1608390, -47.934468
1609080, -47.082905
1609770, -46.105545
1610460, -44.964790
1611150, -43.615859
1611840, -41.991117
1612530, -40.004733
1613220, -37.532273
1613910, -34.411397
1614600, -30.427999
1615290, -25.342270
1615980, -18.954719
1616670, -11.310925
1617360, -3.023557
1618050, 4.536978
1618740, 9.800063
1619430, 12.076924
1620120, 11.827098
1620810, 9.923329
1621500, 7.080411
1622190, 3.743203
1622880, 0.175018
1623570, -3.475204
1624260, -7.117375
1624950, -10.703512
1625640, -14.204374
1626330, -17.609732
1627020, -20.914872
1627710, -24.126959
1628400, -27.256229
1629090, -30.324682
1629780, -33.356626
1630470, -36.388692
1631160, -39.459187
1631850, -42.614851
1632540, -45.894820
1633230, -49.328066
1633920, -52.901550
1634610, -56.541323
1635300, -60.074551
1635990, -63.254152
1636680, -65.829376
1637370, -67.680339
1638060, -68.856648
1638750, -69.520494
1639440, -69.839667
1640130, -69.947262
1640820, -69.926343
1641510, -69.831007
1642200, -69.689028
1642890, -69.520230
1643580, -69.332279
1644270, -69.133448
1644960, -68.924812
1645650, -68.710866
1646340, -68.490502
1647030, -68.266949
1647720, -68.038364
1648410, -67.807538
1649100, -67.572354
1649790, -67.335436
1650480, -67.094585
1651170, -66.852378
1651860, -66.606575
1652550, -66.359714
1653240, -66.109557
1653930, -65.858655
1654620, -65.604756
1655310, -65.350385
1656000, -65.093301
1656690, -64.836056
1657380, -64.576390
1658070, -64.316817
1658760, -64.055097
1659450, -63.793776
1660140, -63.530570
1660830, -63.267974
1661520, -63.003740
1662210, -62.740402
1662900, -62.475621
1663590, -62.211866
1664280, -61.946869
1664970, -61.683115
1665660, -61.418220
1666350, -61.154610
1667040, -60.889991
1667730, -60.626763
1668420, -60.362485
1669110, -60.099534
1669800, -59.835577
1670490, -59.572895
1671180, -59.308981
1671870, -59.046148
1672560, -58.782017
1673250, -58.518707
1673940, -58.253627
1674630, -57.989016
1675320, -57.722419
1676010, -57.455742
1676700, -57.186293
1677390, -56.916213
1678080, -56.642811
1678770, -56.367828
1679460, -56.088422
1680150, -55.806584
1680840, -55.519182
1681530, -55.227723
1682220, -54.929136
1682910, -54.624973
1683600, -54.311469
1684290, -53.989761
1684980, -53.656343
1685670, -53.311384
1686360, -52.950517
1687050, -52.573986
1687740, -52.176060
1688430, -51.755816
1689120, -51.306521
1689810, -50.825218
1690500, -50.303237
1691190, -49.734627
1691880, -49.106850
1692570, -48.409415
1693260, -47.622630
1693950, -46.726789
1694640, -45.690352
1695330, -44.476297
1696020, -43.028832
1696710, -41.277788
1697400, -39.119936
1698090, -36.420542
1698780, -32.994352
1699470, -28.615834
1700160, -23.044020
1700850, -16.144347
1701540, -8.136131
1702230, 0.067883
1702920, 6.905403
1703610, 11.028435
1704300, 12.237289
1704990, 11.248149
1705680, 8.914383
1706370, 5.839473
1707060, 2.390319
1707750, -1.224042
1708440, -4.878453
1709130, -8.504214
1709820, -12.059304
1710510, -15.524860
1711200, -18.890937
1711890, -22.159902
1712580, -25.337739
1713270, -28.441930
1713960, -31.492214
1714650, -34.520579
1715340, -37.561645
1716030, -40.660350
1716720, -43.858653
1717410, -47.196601
1718100, -50.687200
1718790, -54.300582
1719480, -57.923876
1720170, -61.354400
1720860, -64.325705
1721550, -66.627812
1722240, -68.204294
1722930, -69.163131
1723620, -69.675332
1724310, -69.901099
1725000, -69.950623
1725690, -69.897122
1726380, -69.780422
1727070, -69.627286
1727760, -69.449500
1728450, -69.257552
1729140, -69.053918
1729830, -68.843766
1730520, -68.626516
1731210, -68.405564
1731900, -68.179308
1732590, -67.950539
1733280, -67.717294
1733970, -67.482136
1734660, -67.242971
1735350, -67.002295
1736040, -66.757978
1736730, -66.512468
1737420, -66.263609
1738110, -66.013862
1738800, -65.761084
1739490, -65.507702
1740180, -65.251557
1740870, -64.995105
1741560, -64.736209
1742250, -64.477279
1742940, -64.216150
1743630, -63.955276
1744320, -63.692509
1745010, -63.430235
1745700, -63.166279
1746390, -62.903081
1747080, -62.638458
1747770, -62.374764
1748460, -62.109802
1749150, -61.845986
1749840, -61.581073
1750530, -61.317370
1751220, -61.052649
1751910, -60.789293
1752600, -60.524959
1753290, -60.261901
1753980, -59.997848
1754670, -59.735145
1755360, -59.471312
1756050, -59.208538
1756740, -58.944503
1757430, -58.681433
1758120, -58.416757
1758810, -58.152576
1759500, -57.886505
1760190, -57.620591
1760880, -57.352147
1761570, -57.083166
1762260, -56.811169
1762950, -56.537916
1763640, -56.260568
1764330, -55.980966
1765020, -55.696448
1765710, -55.408320
1766400, -55.113520
1767090, -54.813659
1767780, -54.505343
1768470, -54.189520
1769160, -53.862742
1769850, -53.525737
1770540, -53.174116
1771230, -52.808173
1771920, -52.422974
1772610, -52.017457
1773300, -51.586057
1773990, -51.125848
1774680, -50.629215
1775370, -50.091044
1776060, -49.500601
1776750, -48.848446
1777440, -48.118261
1778130, -47.293609
1778820, -46.347319
1779510, -45.248882
1780200, -43.952033
1780890, -42.399278
1781580, -40.505329
1782270, -38.159179
1782960, -35.204846
1783650, -31.443393
1784340, -26.633643
1785030, -20.558190
1785720, -13.177096
1786410, -4.942951
1787100, 2.938814
1787790, 8.843841
1788480, 11.808122
1789170, 12.067577
1789860, 10.474740
1790550, 7.800001
1791240, 4.549611
1791930, 1.017466
1792620, -2.622417
1793310, -6.272984
1794000, -9.874507
1794690, -13.397572
1795380, -16.824945
1796070, -20.153953
1796760, -23.386030
1797450, -26.534374
1798140, -29.614237
1798830, -32.652848
1799520, -35.680562
1800210, -38.739055
1800900, -41.870002
1801590, -45.118736
1802280, -48.514552
1802970, -52.060112
1803660, -55.695298
1804350, -59.274508
1805040, -62.559577
1805730, -65.293412
1806420, -67.313423
1807110, -68.635681
1807800, -69.401949
1808490, -69.788864
1809180, -69.935731
1809870, -69.940005
1810560, -69.857818
1811250, -69.725673
1811940, -69.561144
1812630, -69.377894
1813320, -69.180345
1814010, -68.974646
1814700, -68.760926
1815390, -68.542849
1816080, -68.319107
1816770, -68.092533
1817460, -67.861325
1818150, -67.628012
1818840, -67.390605
1819530, -67.151531
1820220, -66.908751
1820910, -66.664649
1821600, -66.417149
1822290, -66.168622
1822980, -65.917006
1823670, -65.664670
1824360, -65.409524
1825050, -65.153932
1825740, -64.895837
1826430, -64.637599
1827120, -64.377120
1827810, -64.116759
1828500, -63.854459
1829190, -63.592553
1829880, -63.328932
1830570, -63.065936
1831260, -62.801505
1831950, -62.537917
1832640, -62.273040
1833330, -62.009189
1834020, -61.744287
1834710, -61.480529
1835400, -61.215748
1836090, -60.952225
1836780, -60.687824
1837470, -60.424667
1838160, -60.160539
1838850, -59.897680
1839540, -59.633850
1840230, -59.371098
1840920, -59.107148
1841610, -58.844183
1842300, -58.579825
1842990, -58.316029
1843680, -58.050445
1844370, -57.785187
1845060, -57.517673
1845750, -57.249742
1846440, -56.978950
1847130, -56.707278
1847820, -56.431867
1848510, -56.154406
1849200, -55.872311
1849890, -55.587153
1850580, -55.295846
1851270, -54.999842
1851960, -54.696321
1852650, -54.386021
1853340, -54.065504
1854030, -53.735827
1854720, -53.392842
1855410, -53.036692
1856100, -52.663246
1856790, -52.271454
1857480, -51.855843
1858170, -51.414677
1858860, -50.940479
1859550, -50.429722
1860240, -49.872012
1860930, -49.260219
1861620, -48.579568
1862310, -47.816223
1863000, -46.947540
1863690, -45.948524
1864380, -44.780278
1865070, -43.395048
1865760, -41.722758
1866450, -39.672627
1867140, -37.114833
1867830, -33.880096
1868520, -29.747874
1869210, -24.477805
1869900, -17.890555
1870590, -10.093516
1871280, -1.810376
1871970, 5.498414
1872660, 10.329517
1873350, 12.181478
1874040, 11.630446
1874730, 9.548530
1875420, 6.609338
1876110, 3.224436
1876800, -0.363435
1877490, -4.017034
1878180, -7.653034
1878870, -11.228059
1879560, -14.715146
1880250, -18.105761
1880940, -21.396245
1881630, -24.595604
1882320, -27.714707
1883010, -30.776029
1883700, -33.805385
1884390, -36.840345
1885080, -39.920319
1885770, -43.091934
1886460, -46.393426
1887150, -49.849287
1887840, -53.439563
1888530, -57.076369
1889220, -60.574626
1889910, -63.678408
1890600, -66.149607
1891290, -67.893805
1891980, -68.982983
1892670, -69.585914
1893360, -69.866577
1894050, -69.950825
1894740, -69.916146
1895430, -69.812493
1896120, -69.665550
1896810, -69.493521
1897500, -69.303546
1898190, -69.103199
1898880, -68.893556
1899570, -68.678706
1900260, -68.457714
1900950, -68.233500
1901640, -68.004449
1902330, -67.773077
1903020, -67.537511
1903710, -67.300113
1904400, -67.058939
1905090, -66.816305
1905780, -66.570223
1906470, -66.322978
1907160, -66.072589
1907850, -65.821349
1908540, -65.567259
1909230, -65.312590
1909920, -65.055360
1910610, -64.797864
1911300, -64.538091
1911990, -64.278304
1912680, -64.016520
1913370, -63.755032
1914060, -63.491799
1914750, -63.229065
1915440, -62.964841
1916130, -62.701393
1916820, -62.436642
1917510, -62.172806
1918200, -61.907875
1918890, -61.644058
1919580, -61.379234
1920270, -61.115579
1920960, -60.851058
1921650, -60.587788
1922340, -60.323592
1923030, -60.060601
1923720, -59.796740
1924410, -59.534000
1925100, -59.270139
1925790, -59.007228
1926480, -58.743148
1927170, -58.479714
1927860, -58.214608
1928550, -57.949826
1929240, -57.683113
1929930, -57.416144
1930620, -57.146493
1931310, -56.876060
1932000, -56.602334
1932690, -56.326826
1933380, -56.046964
1934070, -55.764498
1934760, -55.476449
1935450, -55.184101
1936140, -54.884653
1936830, -54.579287
1937520, -54.264521
1938210, -53.941259
1938900, -53.606096
1939590, -53.258975
1940280, -52.895795
1940970, -52.516338
1941660, -52.115143
1942350, -51.691028
1943040, -51.237199
1943730, -50.750437
1944420, -50.221920
1945110, -49.645380
1945800, -49.007957
1946490, -48.298745
1947180, -47.497434
1947870, -46.583020
1948560, -45.522886
1949250, -44.278022
1949940, -42.790594
1950630, -40.986223
1951320, -38.757783
1952010, -35.963515
1952700, -32.411398
1953390, -27.870860
1954080, -22.105678
1954770, -15.014883
1955460, -6.899898
1956150, 1.208779
1956840, 7.707294
1957530, 11.380021
1958220, 12.206535
1958910, 10.968864
1959600, 8.494129
1960290, 5.345274
1960980, 1.861147
1961670, -1.765304
1962360, -5.418888
1963050, -9.036352
1963740, -12.578737
1964430, -16.030175
1965120, -19.381153
1965810, -22.636340
1966500, -25.802294
1967190, -28.896854
1967880, -31.941256
1968570, -34.968551
1969260, -38.014722
1969950, -41.125140
1970640, -44.341819
1971330, -47.702202
1972020, -51.214367
1972710, -54.838679
1973400, -58.448789
1974090, -61.828011
1974780, -64.711014
1975470, -66.905126
1976160, -68.380993
1976850, -69.262756
1977540, -69.723578
1978230, -69.917465
1978920, -69.948036
1979610, -69.883186
1980300, -69.759770
1980990, -69.602395
1981680, -69.421998
1982370, -69.228190
1983060, -69.023340
1983750, -68.812160
1984440, -68.594199
1985130, -68.372536
1985820, -68.145774
1986510, -67.916435
1987200, -67.682785
1987890, -67.447131
1988580, -67.207623
1989270, -66.966508
1989960, -66.721898
1990650, -66.475992
1991340, -66.226885
1992030, -65.976789
1992720, -65.723806
1993410, -65.470117
1994100, -65.213809
1994790, -64.957095
1995480, -64.698077
1996170, -64.438920
1996860, -64.177711
1997550, -63.916658
1998240, -63.653847
1998930, -63.391424
1999620, -63.127463
2000310, -62.864160
2001000, -62.599562
2001690, -62.335782
2002380, -62.070873
2003070, -61.807009
2003760, -61.542168
2004450, -61.278420
2005140, -61.013787
2005830, -60.750413
2006520, -60.486169
2007210, -60.223074
2007900, -59.959112
2008590, -59.696346
2009280, -59.432559
2009970, -59.169703
2010660, -58.905708
2011350, -58.642512
2012040, -58.377804
2012730, -58.113453
2013420, -57.847325
2014110, -57.581166
2014800, -57.312551
2015490, -57.043244
2016180, -56.771019
2016870, -56.497319
2017560, -56.219569
2018250, -55.939385
2018940, -55.654261
2019630, -55.365287
2020320, -55.069664
2021010, -54.768771
2021700, -54.459334
2022390, -54.142085
2023080, -53.813837
2023770, -53.474916
2024460, -53.121204
2025150, -52.752764
2025840, -52.364688
2026530, -51.955688
2027220, -51.520250
2027910, -51.055111
2028600, -50.552868
2029290, -50.007728
2029980, -49.409129
2030670, -48.746775
2031360, -48.003884
2032050, -47.163501
2032740, -46.197528
2033430, -45.073772
2034120, -43.744352
2034810, -42.148074
2035500, -40.196697
2036190, -37.773584
2036880, -34.716313
2037570, -30.819090
2038260, -25.838330
2038950, -19.569265
2039640, -12.021409
2040330, -3.745980
2041020, 3.946826
2041710, 9.457295
2042400, 11.991626
2043090, 11.927832
2043780, 10.137551
2044470, 7.354595
2045160, 4.049094
2045850, 0.492991
2046540, -3.153345
2047230, -6.799565
2047920, -10.391035
2048610, -13.901140
2049300, -17.313968
2049990, -20.628772
2050680, -23.848004
2051370, -26.984968
2052060, -30.056326
2052750, -33.090687
2053440, -36.119774
2054130, -39.185845
2054820, -42.331120
2055510, -45.599729
2056200, -49.017997
2056890, -52.582498
2057580, -56.220505
2058270, -59.773552
2058960, -62.994055
2059650, -65.631479
2060340, -67.545581
2061030, -68.776768
2061720, -69.477604
2062410, -69.822220
2063100, -69.943460
2063790, -69.932399
2064480, -69.841183
2065170, -69.703473
2065860, -69.535566
2066550, -69.350016
2067240, -69.150989
2067930, -68.944111
2068620, -68.729584
2069310, -68.510740
2070000, -68.286455
2070690, -68.059287
2071380, -67.827657
2072070, -67.593839
2072760, -67.356077
2073450, -67.116556
2074140, -66.873475
2074830, -66.628972
2075520, -66.381212
2076210, -66.132329
2076900, -65.880500
2077590, -65.627848
2078280, -65.372527
2078970, -65.116663
2079660, -64.858440
2080350, -64.599969
2081040, -64.339398
2081730, -64.078846
2082420, -63.816499
2083110, -63.554440
2083800, -63.290801
2084490, -63.027689
2085180, -62.763282
2085870, -62.499606
2086560, -62.234772
2087250, -61.970862
2087940, -61.706022
2088630, -61.442211
2089320, -61.177505
2090010, -60.913954
2090700, -60.649629
2091390, -60.386428
2092080, -60.122379
2092770, -59.859489
2093460, -59.595721
2094150, -59.332898
2094840, -59.068991
2095530, -58.805953
2096220, -58.541596
2096910, -58.277654
2097600, -58.012025
2098290, -57.746597
2098980, -57.478962
2099670, -57.210745
2100360, -56.939750
2101050, -56.667657
2101740, -56.391867
2102430, -56.113851
2103120, -55.831271
2103810, -55.545372
2104500, -55.253327
2105190, -54.956373
2105880, -54.651812
2106570, -54.340177
2107260, -54.018282
2107950, -53.686959
2108640, -53.342128
2109330, -52.983721
2110020, -52.607791
2110710, -52.212903
2111400, -51.793831
2112090, -51.348326
2112780, -50.869136
2113470, -50.352132
2114160, -49.787097
2114850, -49.166131
2115540, -48.474542
2116230, -47.697448
2116920, -46.811464
2117610, -45.790123
2118300, -44.593139
2118990, -43.170366
2119680, -41.449121
2120370, -39.333529
2121060, -36.688192
2121750, -33.336598
2122440, -29.052492
2123130, -23.596326
2123820, -16.813586
2124510, -8.880679
2125200, -0.635257
2125890, 6.390234
2126580, 10.784502
2127270, 12.231803
2127960, 11.403657
2128650, 9.160654
2129340, 6.135417
2130030, 2.708598
2130720, -0.895926
2131410, -4.551100
2132100, -8.180610
2132790, -11.743958
2133480, -15.217248
2134170, -18.593180
2134860, -21.869940
2135550, -25.056354
2136240, -28.164915
2136930, -31.219516
2137620, -34.247232
2138310, -37.286275
2139000, -40.376926
2139690, -43.565489
2140380, -46.888730
2141070, -50.367067
2141760, -53.971568
2142450, -57.602663
2143140, -61.059772
2143830, -64.084177
2144520, -66.450896
2145210, -68.091122
2145900, -69.097687
2146590, -69.643883
2147280, -69.889072
2147970, -69.951916
2148660, -69.904628
2149350, -69.793343
2150040, -69.641825
2150730, -69.466802
2151420, -69.274936
2152110, -69.073165
2152800, -68.862562
2153490, -68.646851
2154180, -68.425248
2154870, -68.200398
2155560, -67.970889
2156250, -67.738988
2156940, -67.503043
2157630, -67.265182
2158320, -67.023685
2159010, -66.780640
2159700, -66.534282
2160390, -66.286667
2161080, -66.036046
2161770, -65.784483
2162460, -65.530202
2163150, -65.275248
2163840, -65.017870
2164530, -64.760136
2165220, -64.500256
2165910, -64.240267
2166600, -63.978417
2167290, -63.716766
2167980, -63.453499
2168670, -63.190636
2169360, -62.926419
2170050, -62.662870
2170740, -62.398146
2171430, -62.134238
2172120, -61.869370
2172810, -61.605500
2173500, -61.340742
2174190, -61.077052
2174880, -60.812625
2175570, -60.549321
2176260, -60.285204
2176950, -60.022180
2177640, -59.758410
2178330, -59.495619
2179020, -59.231806
2179710, -58.968824
2180400, -58.704749
2181090, -58.441172
2181780, -58.176017
2182470, -57.911062
2183160, -57.644222
2183850, -57.376965
2184540, -57.107107
2185230, -56.836329
2185920, -56.562276
2186610, -56.286253
2187300, -56.005932
2187990, -55.722849
2188680, -55.434152
2189370, -55.140926
2190060, -54.840616
2190750, -54.534058
2191440, -54.218030
2192130, -53.893225
2192820, -53.556316
2193510, -53.207046
2194200, -52.841553
2194890, -52.459184
2195580, -52.054718
2196270, -51.626743
2196960, -51.168381
2197650, -50.676170
2198340, -50.141111
2199030, -49.556648
2199720, -48.909567
2200410, -48.188111
2201100, -47.371875
2201790, -46.438523
2202480, -45.354285
2203170, -44.078148
2203860, -42.550177
2204550, -40.691594
2205240, -38.390463
2205930, -35.498732
2206620, -31.817677
2207310, -27.112106
2208000, -21.153923
2208690, -13.880644
2209380, -5.683183
2210070, 2.295022
2210760, 8.433160
2211450, 11.664466
2212140, 12.134036
2212830, 10.670188
2213520, 8.068598
2214210, 4.854238
2214900, 1.339828
2215590, -2.296408
2216280, -5.947917
2216970, -9.556138
2217660, -13.086298
2218350, -16.523227
2219040, -19.860260
2219730, -23.101594
2220420, -26.255534
2221110, -29.341351
2221800, -32.381487
2222490, -35.409644
2223180, -38.462800
2223870, -41.586467
2224560, -44.822240
2225250, -48.205190
2225940, -51.737898
2226630, -55.370209
2227320, -58.961812
2228010, -62.285611
2228700, -65.076842
2229390, -67.163795
2230080, -68.542803
2230770, -69.352256
2231460, -69.765576
2232150, -69.930205
2232840, -69.943421
2233530, -69.868175
2234220, -69.738586
2234910, -69.577299
2235600, -69.394472
2236290, -69.198925
2236980, -68.992921
2237670, -68.780765
2238360, -68.562116
2239050, -68.339769
2239740, -68.112511
2240430, -67.882620
2241120, -67.648569
2241810, -67.412436
2242500, -67.172587
2243190, -66.931047
2243880, -66.686143
2244570, -66.439856
2245260, -66.190500
2245950, -65.940068
2246640, -65.686878
2247330, -65.432891
2248020, -65.176420
2248710, -64.919456
2249400, -64.660313
2250090, -64.400942
2250780, -64.139652
2251470, -63.878430
2252160, -63.615574
2252850, -63.353013
2253540, -63.089044
2254230, -62.825645
2254920, -62.561068
2255610, -62.297211
2256300, -62.032353
2256990, -61.768449
2257680, -61.503675
2258370, -61.239889
2259060, -60.975340
2259750, -60.711936
2260440, -60.447765
2261130, -60.184634
2261820, -59.920752
2262510, -59.657930
2263200, -59.394181
2263890, -59.131248
2264580, -58.867289
2265270, -58.603974
2265960, -58.339229
2266650, -58.074714
2267340, -57.808524
2268030, -57.542126
2268720, -57.273333
2269410, -57.003706
2270100, -56.731248
2270790, -56.457105
2271480, -56.178946
2272170, -55.898185
2272860, -55.612447
2273550, -55.322631
2274240, -55.026176
2274930, -54.724257
2275620, -54.413689
2276310, -54.095017
2277000, -53.765288
2277690, -53.424452
2278380, -53.068637
2279070, -52.697698
2279760, -52.306730
2280450, -51.894241
2281140, -51.454669
2281830, -50.984530
2282520, -50.476531
2283210, -49.924299
2283900, -49.317040
2284590, -48.644058
2285280, -47.888024
2285970, -47.030863
2286660, -46.044181
2287350, -44.894002
2288040, -43.530147
2288730, -41.888198
2289420, -39.876296
2290110, -37.372086
2290800, -34.206402
2291490, -30.166715
2292180, -25.008506
2292870, -18.543144
2293560, -10.837336
2294250, -2.548911
2294940, 4.918129
2295630, 10.013695
2296320, 12.124691
2297010, 11.753935
2297700, 9.779829
2298390, 6.897165
2299080, 3.541743
2299770, -0.035574
2300460, -3.686195
2301150, -7.327184
2301840, -10.908131
2302530, -14.404499
2303220, -17.803190
2303910, -21.103587
2304600, -24.309536
2305290, -27.435949
2305980, -30.500688
2306670, -33.532710
2307360, -36.564901
2308050, -39.640103
2308740, -42.800922
2309430, -46.090280
2310120, -49.531461
2310810, -53.112593
2311500, -56.750742
2312190, -60.271968
2312880, -63.421311
2313570, -65.956987
2314260, -67.765064
2314950, -68.907865
2315640, -69.546403
2316330, -69.851193
2317020, -69.948416
2317710, -69.923005
2318400, -69.823319
2319090, -69.680374
2319780, -69.509267
2320470, -69.321528
2321160, -69.121076
2321850, -68.913059
2322540, -68.697737
2323230, -68.478142
2323920, -68.253311
2324610, -68.025560
2325300, -67.793501
2325990, -67.559184
2326680, -67.321060
2327370, -67.081098
2328060, -66.837707
2328750, -66.592809
2329440, -66.344782
2330130, -66.095549
2330820, -65.843499
2331510, -65.590539
2332200, -65.335036
2332890, -65.078908
2333580, -64.820551
2334270, -64.561855
2334960, -64.301185
2335650, -64.040452
2336340, -63.778053
2337030, -63.515848
2337720, -63.252186
2338410, -62.988966
2339100, -62.724575
2339790, -62.460817
2340480, -62.196019
2341170, -61.932058
2341860, -61.667270
2342550, -61.403412
2343240, -61.138775
2343930, -60.875202
2344620, -60.610949
2345310, -60.347711
2346000, -60.083736
2346690, -59.820824
2347380, -59.557112
2348070, -59.294225
2348760, -59.030355
2349450, -58.767250
2350140, -58.502885
2350830, -58.238800
2351520, -57.973117
2352210, -57.707479
2352900, -57.439683
2353590, -57.171160
2354280, -56.899937
2354970, -56.627411
2355660, -56.351219
2356350, -56.072637
2357040, -55.789551
2357730, -55.502897
2358420, -55.210087
2359110, -54.912165
2359800, -54.606529
2360490, -54.293531
2361180, -53.970213
2361870, -53.637112
2362560, -53.290305
2363250, -52.929531
2363940, -52.550854
2364630, -52.152647
2365320, -51.729887
2366010, -51.279814
2366700, -50.795374
2367390, -50.271832
2368080, -49.699118
2368770, -49.068562
2369460, -48.365517
2370150, -47.574042
2370840, -46.669934
2371530, -45.625217
2372220, -44.398108
2372910, -42.935997
2373600, -41.163169
2374290, -38.978770
2374980, -36.241502
2375670, -32.767261
2376360, -28.324593
2377050, -22.678015
2377740, -15.702109
2378430, -7.651203
2379120, 0.519919
2379810, 7.226308
2380500, 11.173805
2381190, 12.229700
2381880, 11.142039
2382570, 8.750649
2383260, 5.646926
2383950, 2.182601
2384640, -1.435713
2385330, -5.090977
2386020, -8.712474
2386710, -12.263649
2387400, -15.722798
2388090, -19.083990
2388780, -22.346342
2389470, -25.520553
2390160, -28.620052
2390850, -31.669063
2391540, -34.696035
2392230, -37.740069
2392920, -40.842312
2393610, -44.048692
2394300, -47.394474
2394990, -50.894497
2395680, -54.511762
2396370, -58.131239
2397060, -61.541345
2397750, -64.479333
2398440, -66.738031
2399130, -68.275637
2399820, -69.202764
2400510, -69.695385
2401200, -69.907386
2401890, -69.950288
2402580, -69.891253
2403270, -69.772843
2403960, -69.617029
2404650, -69.439182
2405340, -69.245511
2406030, -69.042373
2406720, -68.830833
2407410, -68.614281
2408100, -68.392068
2408790, -68.166592
2409480, -67.936618
2410170, -67.704192
2410860, -67.467859
2411550, -67.229537
2412240, -66.987710
2412930, -66.744255
2413620, -66.497611
2414310, -66.249631
2415000, -65.998769
2415690, -65.746888
2416380, -65.492409
2417070, -65.237176
2417760, -64.979644
2418450, -64.721675
2419140, -64.461679
2419830, -64.201493
2420520, -63.939573
2421210, -63.677763
2421900, -63.414455
2422590, -63.151471
2423280, -62.887257
2423970, -62.623617
2424660, -62.358915
2425350, -62.094946
2426040, -61.830139
2426730, -61.566226
2427420, -61.301533
2428110, -61.037818
2428800, -60.773483
2429490, -60.510155
2430180, -60.246112
2430870, -59.983065
2431560, -59.719367
2432250, -59.456522
2432940, -59.192746
2433630, -58.929696
2434320, -58.665608
2435010, -58.401887
2435700, -58.136672
2436390, -57.871546
2437080, -57.604568
2437770, -57.337024
2438460, -57.066948
2439150, -56.795828
2439840, -56.521433
2440530, -56.244893
2441220, -55.964096
2441910, -55.680305
2442600, -55.390880
2443290, -55.096721
2443980, -54.795490
2444670, -54.487697
2445360, -54.170350
2446050, -53.843958
2446740, -53.505236
2447430, -53.153757
2448120, -52.785869
2448810, -52.400502
2449500, -51.992654
2450190, -51.560674
2450880, -51.097600
2451570, -50.599753
2452260, -50.057908
2452950, -49.465247
2453640, -48.808152
2454330, -48.073967
2455020, -47.242213
2455710, -46.289197
2456400, -45.179914
2457090, -43.871305
2457780, -42.300597
2458470, -40.385179
2459160, -38.008008
2459850, -35.014559
2460540, -31.199159
2461230, -26.323382
2461920, -20.170791
2462610, -12.723375
2463300, -4.469299
2463990, 3.340304
2464680, 9.092253
2465370, 11.885315
2466060, 12.016230
2466750, 10.342923
2467440, 7.625394
2468130, 4.351691
2468820, 0.810690
2469510, -2.832889
2470200, -6.480807
2470890, -10.079426
2471580, -13.596305
2472270, -17.018981
2472960, -20.341105
2473650, -23.569147
2474340, -26.712179
2475030, -29.789738
2475720, -32.825665
2476410, -35.854706
2477100, -38.915024
2477790, -42.052346
2478480, -45.307863
2479170, -48.713416
2479860, -52.265527
2480550, -55.902879
2481240, -59.471736
2481930, -62.732819
2482620, -65.427926
2483310, -67.406984
2484000, -68.691998
2484690, -69.433003
2485380, -69.801979
2486070, -69.939483
2486760, -69.936642
2487450, -69.851771
2488140, -69.716445
2488830, -69.551506
2489520, -69.366390
2490210, -69.169195
2490900, -68.962082
2491590, -68.748983
2492280, -68.529658
2492970, -68.306643
2493660, -68.078890
2494350, -67.848457
2495040, -67.614001
2495730, -67.377395
2496420, -67.137202
2497110, -66.895244
2497800, -66.650041
2498490, -66.403379
2499180, -66.153769
2499870, -65.903009
2500560, -68.497503
2501250, -70.337678
2501940, -71.651342
2502630, -72.591051
2503320, -73.266556
2504010, -73.750590
2504700, -74.098388
2505390, -74.345029
2506080, -74.519544
2506770, -74.638686
2507460, -74.718605
2508150, -74.766954
2508840, -74.793415
2509530, -74.801017
2510220, -74.796116
2510910, -74.779335
2511600, -74.755275
2512290, -74.723273
2512980, -74.686976
2513670, -74.645020
2514360, -74.600522
2515050, -74.551724
2515740, -74.501442
2516430, -74.447691
2517120, -74.393113
2517810, -74.335590
2518500, -74.277660
2519190, -74.217127
2519880, -74.156464
2520570, -74.093428
2521260, -74.030455
2521950, -73.965272
2522640, -73.900288
2523330, -73.833212
2524020, -73.766439
2524710, -73.697668
2525400, -73.629282
2526090, -73.558976
2526780, -73.489126
2527470, -73.417424
2528160, -73.346240
2528850, -73.273264
2529540, -73.200863
2530230, -73.126726
2530920, -73.053217
2531610, -72.978025
2532300, -72.903511
2532990, -72.827362
2533680, -72.751935
2534370, -72.674921
2535060, -72.598678
2535750, -72.520898
2536440, -72.443936
2537130, -72.365488
2537820, -72.287906
2538510, -72.208887
2539200, -72.130782
2539890, -72.051289
2540580, -71.972757
2541270, -71.892882
2541960, -71.814008
2542650, -71.733829
2543340, -71.654693
2544030, -71.574298
2544720, -71.494990
2545410, -71.414468
2546100, -71.335078
2546790, -71.254521
2547480, -71.175139
2548170, -71.094634
2548860, -71.015348
2549550, -70.934982
2550240, -70.855869
2550930, -70.775705
2551620, -70.696823
2552310, -70.616926
2553000, -70.538348
2553690, -70.458793
2554380, -70.380594
2555070, -70.301458
2555760, -70.223714
2556450, -70.145071
2557140, -70.067856
2557830, -69.989777
2558520, -69.913159
2559210, -69.835697
2559900, -69.759708
2560590, -69.682895
2561280, -69.607579
2561970, -69.531467
2562660, -69.456879
2563350, -69.381525
2564040, -69.307723
2564730, -69.233184
2565420, -69.160225
2566110, -69.086556
2566800, -69.014493
2567490, -68.941747
2568180, -68.870617
2568870, -68.798802
2569560, -68.728605
2570250, -68.657734
2570940, -68.588495
2571630, -68.518602
2572320, -68.450358
2573010, -68.381481
2573700, -68.314272
2574390, -68.246449
2575080, -68.180315
2575770, -68.113586
2576460, -68.048564
2577150, -67.982966
2577840, -67.919085
2578530, -67.854620
2579220, -67.791854
2579910, -67.728499
2580600, -67.666843
2581290, -67.604606
2581980, -67.544078
2582670, -67.482981
2583360, -67.423605
2584050, -67.363674
2584740, -67.305476
2585430, -67.246738
2586120, -67.189745
2586810, -67.132225
2587500, -67.076463
2588190, -67.020186
2588880, -66.965679
2589570, -66.910653
2590260, -66.857369
2590950, -66.803543
2591640, -66.751447
2592330, -66.698806
2593020, -66.647896
2593710, -66.596445
2594400, -66.546732
2595090, -66.496488
2595780, -66.447988
2596470, -66.398968
2597160, -66.351702
2597850, -66.303925
2598540, -66.257910
2599230, -66.211395
2599920, -66.166651
2600610, -66.121415
2601300, -66.077958
2601990, -66.034019
2602680, -65.991865
2603370, -65.949232
2604060, -65.908360
2604750, -65.866973
2605440, -65.827326
2606130, -65.787152
2606820, -65.748711
2607510, -65.709745
2608200, -65.672513
2608890, -65.634760
2609580, -65.598746
2610270, -65.562217
2610960, -65.527433
2611650, -65.492141
2612340, -65.458599
2613030, -65.424557
2613720, -65.392270
2614410, -65.359489
2615100, -65.328468
2615790, -65.296959
2616480, -65.267215
2617170, -65.236987
2617860, -65.208526
2618550, -65.179587
2619240, -65.152418
2619930, -65.124773
2620620, -65.098900
2621310, -65.072554
2622000, -65.047980
2622690, -65.022935
2623380, -64.999661
2624070, -64.975916
2624760, -64.953922
2625450, -64.931422
2626140, -64.910648
2626830, -64.889355
2627520, -64.869776
2628210, -64.849672
2628900, -64.831277
2629590, -64.812352
2630280, -64.795134
2630970, -64.777384
2631660, -64.761338
2632350, -64.744758
2633040, -64.729878
2633730, -64.714462
2634420, -64.700741
2635110, -64.686481
2635800, -64.673911
2636490, -64.660798
2637180, -64.649368
2637870, -64.637390
2638560, -64.627088
2639250, -64.616230
2639940, -64.607041
2640630, -64.597288
2641320, -64.589193
2642010, -64.580527
2642700, -64.573507
2643390, -64.565906
2644080, -64.559941
2644770, -64.553382
2645460, -64.548445
2646150, -64.542904
2646840, -64.538971
2647530, -64.534419
2648220, -64.531460
2648910, -64.527869
2649600, -64.525855
2650290, -64.523192
2650980, -64.522090
2651670, -64.520324
2652360, -64.520099
2653050, -64.519194
2653740, -64.519811
2654430, -64.519730
2655120, -64.521152
2655810, -64.521856
2656500, -64.524045
2657190, -64.525496
2657880, -64.528410
2658570, -64.530567
2659260, -64.534166
2659950, -64.536987
2660640, -64.541229
2661330, -64.544672
2662020, -64.549514
2662710, -64.553537
2663400, -64.558935
2664090, -64.563493
2664780, -64.569404
2665470, -64.574455
2666160, -64.580835
2666850, -64.586334
2667540, -64.593140
2668230, -64.599043
2668920, -64.606231
2669610, -64.612495
2670300, -64.620022
2670990, -64.626605
2671680, -64.634428
2672370, -64.641286
2673060, -64.649364
2673750, -64.656457
2674440, -64.664748
2675130, -64.672035
2675820, -64.680500
2676510, -64.687941
2677200, -64.696541
2677890, -64.704099
2678580, -64.712796
2679270, -64.720434
2679960, -64.729192
2680650, -64.736875
2681340, -64.745660
2682030, -64.753353
2682720, -64.762132
2683410, -64.769804
2684100, -64.778546
2684790, -64.786167
2685480, -64.794842
2686170, -64.802382
2686860, -64.810962
2687550, -64.818396
2688240, -64.826856
2688930, -64.834157
2689620, -64.842473
2690310, -64.849620
2691000, -64.857770
2691690, -64.864740
2692380, -64.872703
2693070, -64.879478
2693760, -64.887236
2694450, -64.893798
2695140, -64.901335
2695830, -64.907668
2696520, -64.914969
2697210, -64.921060
2697900, -64.928111
2698590, -64.933948
2699280, -64.940738
2699970, -64.946311
2700660, -64.952831
2701350, -64.958130
2702040, -64.964372
2702730, -64.969390
2703420, -64.975348
2704110, -64.980080
2704800, -64.985749
2705490, -64.990190
2706180, -64.995567
2706870, -64.999715
2707560, -65.004796
2708250, -65.008646
2708940, -65.013422
2709630, -65.016962
2710320, -65.021425
2711010, -65.024654
2711700, -65.028805
2712390, -65.031723
2713080, -65.035566
2713770, -65.038178
2714460, -65.041717
2715150, -65.044030
2715840, -65.047272
2716530, -65.049292
2717220, -65.052244
2717910, -65.053979
2718600, -65.056650
2719290, -65.058109
2719980, -65.060507
2720670, -65.061699
2721360, -65.063834
2722050, -65.064768
2722740, -65.066651
2723430, -65.067337
2724120, -65.068976
2724810, -65.069425
2725500, -65.070831
2726190, -65.071054
2726880, -65.072238
2727570, -65.072244
2728260, -65.073217
2728950, -65.073018
2729640, -65.073791
2730330, -65.073398
2731020, -65.073982
2731710, -65.073406
2732400, -65.073811
2733090, -65.073062
2733780, -65.073300
2734470, -65.072391
2735160, -65.072473
2735850, -65.071413
2736540, -65.071349
2737230, -65.070150
2737920, -65.069951
2738610, -65.068623
2739300, -65.068300
2739990, -65.066854
2740680, -65.066417
2741370, -65.064862
2742060, -65.064322
2742750, -65.062669
2743440, -65.062034
2744130, -65.060293
2744820, -65.059574
2745510, -65.057754
2746200, -65.056961
2746890, -65.055071
2747580, -65.054211
2748270, -65.052261
2748960, -65.051344
2749650, -65.049341
2750340, -65.048376
2751030, -65.046329
2751720, -65.045323
2752410, -65.043241
2753100, -65.042202
2753790, -65.040091
2754480, -65.039027
2755170, -65.036895
2755860, -65.035813
2756550, -65.033667
2757240, -65.032573
2757930, -65.030419
2758620, -65.029320
2759310, -65.027164
2760000, -65.026066
2760690, -65.023915
2761380, -65.022824
2762070, -65.020682
2762760, -65.019603
2763450, -65.017477
2764140, -65.016414
2764830, -65.014307
2765520, -65.013266
2766210, -65.011184
2766900, -65.010168
2767590, -65.008114
2768280, -65.007128
2768970, -65.005106
2769660, -65.004153
2770350, -65.002167
2771040, -65.001251
2771730, -64.999303
2772420, -64.998426
2773110, -64.996518
2773800, -64.995680
2774490, -64.993811
2775180, -64.993011
2775870, -64.991182
2776560, -64.990423
2777250, -64.988636
2777940, -64.987919
2778630, -64.986176
2779320, -64.985502
2780010, -64.983804
2780700, -64.983177
2781390, -64.981526
2782080, -64.980945
2782770, -64.979343
2783460, -64.978811
2784150, -64.977258
2784840, -64.976775
2785530, -64.975273
2786220, -64.974841
2786910, -64.973390
2787600, -64.973008
2788290, -64.971610
2788980, -64.971279
2789670, -64.969933
2790360, -64.969654
2791050, -64.968360
2791740, -64.968133
2792430, -64.966891
2793120, -64.966716
2793810, -64.965526
2794500, -64.965402
2795190, -64.964264
2795880, -64.964190
2796570, -64.963103
2797260, -64.963080
2797950, -64.962043
2798640, -64.962070
2799330, -64.961083
2800020, -64.961158
2800710, -64.960219
2801400, -64.960342
2802090, -64.959451
2802780, -64.959620
2803470, -64.958775
2804160, -64.958989
2804850, -64.958190
2805540, -64.958448
2806230, -64.957692
2806920, -64.957993
2807610, -64.957280
2808300, -64.957621
2808990, -64.956948
2809680, -64.957329
2810370, -64.956696
2811060, -64.957114
2811750, -64.956519
2812440, -64.956973
2813130, -64.956414
2813820, -64.956903
2814510, -64.956378
2815200, -64.956899
2815890, -64.956407
2816580, -64.956959
2817270, -64.956497
2817960, -64.957079
2818650, -64.956646
2819340, -64.957255
2820030, -64.956849
2820720, -64.957483
2821410, -64.957103
2822100, -64.957761
2822790, -64.957404
2823480, -64.958085
2824170, -64.957749
2824860, -64.958450
2825550, -64.958134
2826240, -64.958854
2826930, -64.958557
2827620, -64.959293
2828310, -64.959012
2829000, -64.959763
2829690, -64.959497
2830380, -64.960262
2831070, -64.960009
2831760, -64.960786
2832450, -64.960545
2833140, -64.961331
2833830, -64.961100
2834520, -64.961896
2835210, -64.961673
2835900, -64.962476
2836590, -64.962261
2837280, -64.963069
2837970, -64.962859
2838660, -64.963672
2839350, -64.963466
2840040, -64.964282
2840730, -64.964080
2841420, -64.964897
2842110, -64.964697
2842800, -64.965515
2843490, -64.965315
2844180, -64.966132
2844870, -64.965932
2845560, -64.966747
2846250, -64.966545
2846940, -64.967358
2847630, -64.967153
2848320, -64.967963
2849010, -64.967754
2849700, -64.968559
2850390, -64.968347
2851080, -64.969146
2851770, -64.968928
2852460, -64.969721
2853150, -64.969497
2853840, -64.970283
2854530, -64.970053
2855220, -64.970831
2855910, -64.970594
2856600, -64.971364
2857290, -64.971119
2857980, -64.971880
2858670, -64.971626
2859360, -64.972379
2860050, -64.972116
2860740, -64.972859
2861430, -64.972587
2862120, -64.973320
2862810, -64.973039
2863500, -64.973761
2864190, -64.973470
2864880, -64.974182
2865570, -64.973881
2866260, -64.974582
2866950, -64.974270
2867640, -64.974960
2868330, -64.974638
2869020, -64.975318
2869710, -64.974985
2870400, -64.975653
2871090, -64.975310
2871780, -64.975967
2872470, -64.975614
2873160, -64.976259
2873850, -64.975895
2874540, -64.976530
2875230, -64.976156
2875920, -64.976779
2876610, -64.976394
2877300, -64.977007
2877990, -64.976612
2878680, -64.977214
2879370, -64.976809
2880060, -64.977400
2880750, -64.976985
2881440, -64.977566
2882130, -64.977141
2882820, -64.977712
2883510, -64.977278
2884200, -64.977839
2884890, -64.977396
2885580, -64.977947
2886270, -64.977495
2886960, -64.978037
2887650, -64.977576
2888340, -64.978109
2889030, -64.977640
2889720, -64.978164
2890410, -64.977687
2891100, -64.978203
2891790, -64.977718
2892480, -64.978226
2893170, -64.977735
2893860, -64.978235
2894550, -64.977736
2895240, -64.978229
2895930, -64.977724
2896620, -64.978210
2897310, -64.977698
2898000, -64.978178
2898690, -64.977661
2899380, -64.978134
2900070, -64.977611
2900760, -64.978079
2901450, -64.977551
2902140, -64.978013
2902830, -64.977481
2903520, -64.977938
2904210, -64.977402
2904900, -64.977854
2905590, -64.977314
2906280, -64.977761
2906970, -64.977218
2907660, -64.977662
2908350, -64.977115
2909040, -64.977555
2909730, -64.977005
2910420, -64.977442
2911110, -64.976890
2911800, -64.977324
2912490, -64.976770
2913180, -64.977202
2913870, -64.976645
2914560, -64.977075
2915250, -64.976517
2915940, -64.976945
2916630, -64.976386
2917320, -64.976812
2918010, -64.976252
2918700, -64.976677
2919390, -64.976116
2920080, -64.976540
2920770, -64.975979
2921460, -64.976402
2922150, -64.975841
2922840, -64.976264
2923530, -64.975703
2924220, -64.976125
2924910, -64.975565
2925600, -64.975987
2926290, -64.975428
2926980, -64.975850
2927670, -64.975292
2928360, -64.975714
2929050, -64.975157
2929740, -64.975580
2930430, -64.975024
2931120, -64.975448
2931810, -64.974893
2932500, -64.975318
2933190, -64.974765
2933880, -64.975191
2934570, -64.974640
2935260, -64.975067
2935950, -64.974517
2936640, -64.974946
2937330, -64.974398
2938020, -64.974828
2938710, -64.974283
2939400, -64.974715
2940090, -64.974172
2940780, -64.974605
2941470, -64.974064
2942160, -64.974499
2942850, -64.973961
2943540, -64.974398
2944230, -64.973862
2944920, -64.974301
2945610, -64.973767
2946300, -64.974208
2946990, -64.973677
2947680, -64.974120
2948370, -64.973592
2949060, -64.974036
2949750, -64.973511
2950440, -64.973957
2951130, -64.973434
2951820, -64.973883
2952510, -64.973363
2953200, -64.973813
2953890, -64.973296
2954580, -64.973748
2955270, -64.973233
2955960, -64.973688
2956650, -64.973175
2957340, -64.973632
2958030, -64.973122
2958720, -64.973581
2959410, -64.973073
2960100, -64.973534
2960790, -64.973029
2961480, -64.973491
2962170, -64.972989
2962860, -64.973453
2963550, -64.972953
2964240, -64.973419
2964930, -64.972922
2965620, -64.973390
2966310, -64.972894
2967000, -64.973364
2967690, -64.972871
2968380, -64.973342
2969070, -64.972851
2969760, -64.973323
2970450, -64.972835
2971140, -64.973309
2971830, -64.972822
2972520, -64.973297
2973210, -64.972812
2973900, -64.973289
2974590, -64.972806
2975280, -64.973284
2975970, -64.972803
2976660, -64.973282
2977350, -64.972803
2978040, -64.973283
2978730, -64.972805
2979420, -64.973287
2980110, -64.972811
2980800, -64.973293
2981490, -64.972818
2982180, -64.973301
2982870, -64.972828
2983560, -64.973312
2984250, -64.972840
2984940, -64.973324
2985630, -64.972854
2986320, -64.973339
2987010, -64.972869
2987700, -64.973355
2988390, -64.972886
2989080, -64.973373
2989770, -64.972905
2990460, -64.973392
2991150, -64.972925
2991840, -64.973412
2992530, -64.972947
2993220, -64.973434
2993910, -64.972969
2994600, -64.973456
2995290, -64.972992
2995980, -64.973480
2996670, -64.973016
2997360, -64.973504
2998050, -64.973041
2998740, -64.973528
2999430, -64.973066
3000120, -64.973553
