# ./result/hh_euler_0860.txt
# dt = 860 [usec]
# t [usec], V [mV]
0, -65.000000
860, -64.997466
1720, -64.995043
2580, -64.992708
3440, -64.990445
4300, -64.988247
5160, -64.986110
6020, -64.984029
6880, -64.982006
7740, -64.980039
8600, -64.978127
9460, -64.976273
10320, -64.974476
11180, -64.972736
12040, -64.971054
12900, -64.969430
13760, -64.967864
14620, -64.966358
15480, -64.964910
16340, -64.963521
17200, -64.962191
18060, -64.960919
18920, -64.959707
19780, -64.958552
20640, -64.957456
21500, -64.956418
22360, -64.955436
23220, -64.954512
24080, -64.953644
24940, -64.952831
25800, -64.952073
26660, -64.951370
27520, -64.950719
28380, -64.950122
29240, -64.949576
30100, -64.949080
30960, -64.948635
31820, -64.948238
32680, -64.947889
33540, -64.947587
34400, -64.947331
35260, -64.947119
36120, -64.946950
36980, -64.946823
37840, -64.946738
38700, -64.946692
39560, -64.946685
40420, -64.946715
41280, -64.946781
42140, -64.946882
43000, -64.947017
43860, -64.947184
44720, -64.947381
45580, -64.947609
46440, -64.947865
47300, -64.948148
48160, -64.948458
49020, -64.948791
49880, -64.949148
50740, -64.949528
51600, -64.949928
52460, -64.950348
53320, -64.950786
54180, -64.951241
55040, -64.951713
55900, -64.952199
56760, -64.952699
57620, -64.953212
58480, -64.953736
59340, -64.954270
60200, -64.954814
61060, -64.955366
61920, -64.955925
62780, -64.956490
63640, -64.957061
64500, -64.957635
65360, -64.958213
66220, -64.958793
67080, -64.959375
67940, -64.959958
68800, -64.960540
69660, -64.961121
70520, -64.961701
71380, -64.962278
72240, -64.962852
73100, -64.963422
73960, -64.963987
74820, -64.964547
75680, -64.965101
76540, -64.965649
77400, -64.966190
78260, -64.966724
79120, -64.967249
79980, -64.967766
80840, -64.968275
81700, -64.968773
82560, -64.969263
83420, -64.969742
84280, -64.970211
85140, -64.970669
86000, -64.971116
86860, -64.971552
87720, -64.971977
88580, -64.972390
89440, -64.972791
90300, -64.973179
91160, -64.973556
92020, -64.973921
92880, -64.974273
93740, -64.974613
94600, -64.974940
95460, -64.975254
96320, -64.975556
97180, -64.975845
98040, -64.976122
98900, -64.976386
99760, -64.976638
100620, -64.976877
101480, -64.977104
102340, -64.977318
103200, -64.977521
104060, -64.977711
104920, -64.977890
105780, -64.978056
106640, -64.978211
107500, -64.978355
108360, -64.978487
109220, -64.978608
110080, -64.978719
110940, -64.978818
111800, -64.978908
112660, -64.978986
113520, -64.979055
114380, -64.979115
115240, -64.979164
116100, -64.979204
116960, -64.979236
117820, -64.979258
118680, -64.979272
119540, -64.979278
120400, -64.979275
121260, -64.979265
122120, -64.979248
122980, -64.979223
123840, -64.979191
124700, -64.979153
125560, -64.979108
126420, -64.979057
127280, -64.979001
128140, -64.978938
129000, -64.978871
129860, -64.978798
130720, -64.978721
131580, -64.978639
132440, -64.978553
133300, -64.978462
134160, -64.978369
135020, -64.978271
135880, -64.978171
136740, -64.978067
137600, -64.977961
138460, -64.977852
139320, -64.977741
140180, -64.977628
141040, -64.977513
141900, -64.977397
142760, -64.977279
143620, -64.977160
144480, -64.977040
145340, -64.976919
146200, -64.976797
147060, -64.976676
147920, -64.976554
148780, -64.976432
149640, -64.976310
150500, -64.976188
151360, -64.976067
152220, -64.975947
153080, -64.975827
153940, -64.975708
154800, -64.975590
155660, -64.975473
156520, -64.975358
157380, -64.975244
158240, -64.975132
159100, -64.975021
159960, -64.974912
160820, -64.974804
161680, -64.974699
162540, -64.974595
163400, -64.974494
164260, -64.974395
165120, -64.974298
165980, -64.974203
166840, -64.974111
167700, -64.974021
168560, -64.973933
169420, -64.973848
170280, -64.973766
171140, -64.973686
172000, -64.973608
172860, -64.973533
173720, -64.973461
174580, -64.973391
175440, -64.973324
176300, -64.973260
177160, -64.973198
178020, -64.973139
178880, -64.973082
179740, -64.973029
180600, -64.972977
181460, -64.972929
182320, -64.972883
183180, -64.972839
184040, -64.972798
184900, -64.972760
185760, -64.972724
186620, -64.972691
187480, -64.972660
188340, -64.972631
189200, -64.972605
190060, -64.972581
190920, -64.972559
191780, -64.972540
192640, -64.972522
193500, -64.972507
194360, -64.972494
195220, -64.972483
196080, -64.972474
196940, -64.972467
197800, -64.972462
198660, -64.972458
199520, -64.972456
200380, -64.972456
201240, -64.972458
202100, -64.972461
202960, -64.972466
203820, -64.972473
204680, -64.972480
205540, -64.972489
206400, -64.972500
207260, -64.972512
208120, -64.972525
208980, -64.972539
209840, -64.972554
210700, -64.972570
211560, -64.972587
212420, -64.972605
213280, -64.972624
214140, -64.972644
215000, -64.972664
215860, -64.972685
216720, -64.972707
217580, -64.972730
218440, -64.972753
219300, -64.972776
220160, -64.972800
221020, -64.972825
221880, -64.972849
222740, -64.972874
223600, -64.972900
224460, -64.972925
225320, -64.972951
226180, -64.972977
227040, -64.973003
227900, -64.973029
228760, -64.973055
229620, -64.973081
230480, -64.973107
231340, -64.973133
232200, -64.973159
233060, -64.973184
233920, -64.973210
234780, -64.973235
235640, -64.973260
236500, -64.973285
237360, -64.973309
238220, -64.973333
239080, -64.973357
239940, -64.973381
240800, -64.973404
241660, -64.973427
242520, -64.973449
243380, -64.973471
244240, -64.973492
245100, -64.973513
245960, -64.973533
246820, -64.973553
247680, -64.973573
248540, -64.973592
249400, -64.973610
250260, -64.973628
251120, -64.973646
251980, -64.973663
252840, -64.973679
253700, -64.973695
254560, -64.973710
255420, -64.973725
256280, -64.973739
257140, -64.973752
258000, -64.973765
258860, -64.973778
259720, -64.973789
260580, -64.973801
261440, -64.973811
262300, -64.973822
263160, -64.973831
264020, -64.973840
264880, -64.973849
265740, -64.973857
266600, -64.973864
267460, -64.973871
268320, -64.973878
269180, -64.973884
270040, -64.973889
270900, -64.973894
271760, -64.973899
272620, -64.973903
273480, -64.973907
274340, -64.973910
275200, -64.973912
276060, -64.973915
276920, -64.973917
277780, -64.973918
278640, -64.973919
279500, -64.973920
280360, -64.973920
281220, -64.973920
282080, -64.973920
282940, -64.973919
283800, -64.973918
284660, -64.973917
285520, -64.973915
286380, -64.973913
287240, -64.973911
288100, -64.973909
288960, -64.973906
289820, -64.973903
290680, -64.973900
291540, -64.973897
292400, -64.973893
293260, -64.973889
294120, -64.973885
294980, -64.973881
295840, -64.973877
296700, -64.973872
297560, -64.973868
298420, -64.973863
299280, -64.973859
300140, -64.973854
301000, -64.973849
301860, -64.973844
302720, -64.973838
303580, -64.973833
304440, -64.973828
305300, -64.973823
306160, -64.973817
307020, -64.973812
307880, -64.973807
308740, -64.973801
309600, -64.973796
310460, -64.973791
311320, -64.973785
312180, -64.973780
313040, -64.973775
313900, -64.973769
314760, -64.973764
315620, -64.973759
316480, -64.973754
317340, -64.973749
318200, -64.973744
319060, -64.973739
319920, -64.973734
320780, -64.973729
321640, -64.973724
322500, -64.973720
323360, -64.973715
324220, -64.973711
325080, -64.973706
325940, -64.973702
326800, -64.973698
327660, -64.973694
328520, -64.973690
329380, -64.973686
330240, -64.973682
331100, -64.973679
331960, -64.973675
332820, -64.973672
333680, -64.973668
334540, -64.973665
335400, -64.973662
336260, -64.973659
337120, -64.973656
337980, -64.973654
338840, -64.973651
339700, -64.973648
340560, -64.973646
341420, -64.973644
342280, -64.973642
343140, -64.973640
344000, -64.973638
344860, -64.973636
345720, -64.973634
346580, -64.973633
347440, -64.973631
348300, -64.973630
349160, -64.973629
350020, -64.973628
350880, -64.973627
351740, -64.973626
352600, -64.973625
353460, -64.973624
354320, -64.973623
355180, -64.973623
356040, -64.973622
356900, -64.973622
357760, -64.973622
358620, -64.973622
359480, -64.973621
360340, -64.973621
361200, -64.973621
362060, -64.973621
362920, -64.973622
363780, -64.973622
364640, -64.973622
365500, -64.973623
366360, -64.973623
367220, -64.973623
368080, -64.973624
368940, -64.973625
369800, -64.973625
370660, -64.973626
371520, -64.973627
372380, -64.973628
373240, -64.973628
374100, -64.973629
374960, -64.973630
375820, -64.973631
376680, -64.973632
377540, -64.973633
378400, -64.973634
379260, -64.973635
380120, -64.973636
380980, -64.973637
381840, -64.973638
382700, -64.973639
383560, -64.973641
384420, -64.973642
385280, -64.973643
386140, -64.973644
387000, -64.973645
387860, -64.973646
388720, -64.973648
389580, -64.973649
390440, -64.973650
391300, -64.973651
392160, -64.973652
393020, -64.973653
393880, -64.973655
394740, -64.973656
395600, -64.973657
396460, -64.973658
397320, -64.973659
398180, -64.973660
399040, -64.973661
399900, -64.973662
400760, -64.973663
401620, -64.973665
402480, -64.973666
403340, -64.973667
404200, -64.973668
405060, -64.973668
405920, -64.973669
406780, -64.973670
407640, -64.973671
408500, -64.973672
409360, -64.973673
410220, -64.973674
411080, -64.973675
411940, -64.973675
412800, -64.973676
413660, -64.973677
414520, -64.973678
415380, -64.973678
416240, -64.973679
417100, -64.973680
417960, -64.973680
418820, -64.973681
419680, -64.973681
420540, -64.973682
421400, -64.973683
422260, -64.973683
423120, -64.973683
423980, -64.973684
424840, -64.973684
425700, -64.973685
426560, -64.973685
427420, -64.973685
428280, -64.973686
429140, -64.973686
430000, -64.973686
430860, -64.973687
431720, -64.973687
432580, -64.973687
433440, -64.973687
434300, -64.973687
435160, -64.973688
436020, -64.973688
436880, -64.973688
437740, -64.973688
438600, -64.973688
439460, -64.973688
440320, -64.973688
441180, -64.973688
442040, -64.973688
442900, -64.973688
443760, -64.973688
444620, -64.973688
445480, -64.973688
446340, -64.973688
447200, -64.973688
448060, -64.973688
448920, -64.973688
449780, -64.973688
450640, -64.973687
451500, -64.973687
452360, -64.973687
453220, -64.973687
454080, -64.973687
454940, -64.973687
455800, -64.973687
456660, -64.973686
457520, -64.973686
458380, -64.973686
459240, -64.973686
460100, -64.973686
460960, -64.973685
461820, -64.973685
462680, -64.973685
463540, -64.973685
464400, -64.973684
465260, -64.973684
466120, -64.973684
466980, -64.973684
467840, -64.973684
468700, -64.973683
469560, -64.973683
470420, -64.973683
471280, -64.973683
472140, -64.973682
473000, -64.973682
473860, -64.973682
474720, -64.973682
475580, -64.973682
476440, -64.973681
477300, -64.973681
478160, -64.973681
479020, -64.973681
479880, -64.973680
480740, -64.973680
481600, -64.973680
482460, -64.973680
483320, -64.973680
484180, -64.973679
485040, -64.973679
485900, -64.973679
486760, -64.973679
487620, -64.973679
488480, -64.973678
489340, -64.973678
490200, -64.973678
491060, -64.973678
491920, -64.973678
492780, -64.973678
493640, -64.973678
494500, -64.973677
495360, -64.973677
496220, -64.973677
497080, -64.973677
497940, -64.973677
498800, -64.973677
499660, -64.973677
500520, -60.983002
501380, -57.167843
502240, -53.436032
503100, -49.623916
503960, -45.394276
504820, -40.083073
505680, -32.305536
506540, -19.131326
507400, 4.643587
508260, 36.743355
509120, 46.852836
509980, 43.008691
510840, 40.957668
511700, 37.462633
512560, 33.728447
513420, 29.576013
514280, 25.201150
515140, 20.676529
516000, 16.090473
516860, 11.500914
517720, 6.958350
518580, 2.491099
519440, -1.877124
520300, -6.138969
521160, -10.287323
522020, -14.328585
522880, -18.266179
523740, -22.117907
524600, -25.902387
525460, -29.660008
526320, -33.441857
527180, -37.328361
528040, -41.416715
528900, -45.828200
529760, -50.656289
530620, -55.886182
531480, -61.200533
532340, -65.862971
533200, -69.065541
534060, -70.710100
534920, -71.340608
535780, -71.484759
536640, -71.417513
537500, -71.263227
538360, -71.066778
539220, -70.851905
540080, -70.622832
540940, -70.387032
541800, -70.142133
542660, -69.892866
543520, -69.635687
544380, -69.374808
545240, -69.106479
546100, -68.834836
546960, -68.556092
547820, -68.274370
548680, -67.985912
549540, -67.694876
550400, -67.397497
551260, -67.097945
552120, -66.792521
552980, -66.485393
553840, -66.172851
554700, -65.859113
555560, -65.540488
556420, -65.221149
557280, -64.897437
558140, -64.573558
559000, -64.245775
559860, -63.918296
560720, -63.587444
561580, -63.257298
562440, -62.924158
563300, -62.592184
564160, -62.257497
565020, -61.924205
565880, -61.588534
566740, -61.254350
567600, -60.917809
568460, -60.582896
569320, -60.245464
570180, -59.909400
571040, -59.570698
571900, -59.232856
572760, -58.891758
573620, -58.551034
574480, -58.206082
575340, -57.860417
576200, -57.509498
577060, -57.156224
577920, -56.795975
578780, -56.431462
579640, -56.057284
580500, -55.676206
581360, -55.281984
582220, -54.876352
583080, -54.452893
583940, -54.011743
584800, -53.545564
585660, -53.052266
586520, -52.522132
587380, -51.949966
588240, -51.321839
589100, -50.626637
589960, -49.841330
590820, -48.944097
591680, -47.894778
592540, -46.644922
593400, -45.114061
594260, -43.193361
595120, -40.705986
595980, -37.389869
596840, -32.836200
597700, -26.473094
598560, -17.653589
599420, -6.260189
600280, 5.874649
601140, 14.500537
602000, 17.078751
602860, 15.334043
603720, 11.639548
604580, 7.177922
605440, 2.460516
606300, -2.281730
607160, -6.931731
608020, -11.441232
608880, -15.787862
609740, -19.974913
610600, -24.012378
611460, -27.932431
612320, -31.775280
613180, -35.607321
614040, -39.505355
614900, -43.566817
615760, -47.875288
616620, -52.468902
617480, -57.231767
618340, -61.803225
619200, -65.592857
620060, -68.156957
620920, -69.546467
621780, -70.151040
622640, -70.324496
623500, -70.285292
624360, -70.138282
625220, -69.939328
626080, -69.709239
626940, -69.463742
627800, -69.204843
628660, -68.939409
629520, -68.665200
630380, -68.386996
631240, -68.101535
632100, -67.813101
632960, -67.518164
633820, -67.220865
634680, -66.917635
635540, -66.612598
636400, -66.302147
637260, -65.990410
638120, -65.673835
638980, -65.356498
639840, -65.034832
640700, -64.712995
641560, -64.387360
642420, -64.062037
643280, -63.733487
644140, -63.405741
645000, -63.075181
645860, -62.745930
646720, -62.414274
647580, -62.084209
648440, -61.752130
649300, -61.421910
650160, -61.089774
651020, -60.759719
651880, -60.427824
652740, -60.097857
653600, -59.766049
654460, -59.435994
655320, -59.103632
656180, -58.772726
657040, -58.439020
657900, -58.105899
658760, -57.769301
659620, -57.432359
660480, -57.090527
661340, -56.747158
662200, -56.397317
663060, -56.043722
663920, -55.681735
664780, -55.313303
665640, -54.932951
666500, -54.542828
667360, -54.136147
668220, -53.714162
669080, -53.269157
669940, -52.800527
670800, -52.298997
671660, -51.761138
672520, -51.174218
673380, -50.530418
674240, -49.810013
675100, -48.996453
675960, -48.058063
676820, -46.958728
677680, -45.638500
678540, -44.018895
679400, -41.976643
680260, -39.335002
681120, -35.819472
681980, -31.042557
682840, -24.493865
683700, -15.739825
684560, -5.052236
685420, 5.478859
686280, 12.346370
687140, 14.026060
688000, 12.058563
688860, 8.330064
689720, 3.884696
690580, -0.797944
691440, -5.485837
692300, -10.074040
693160, -14.509963
694020, -18.782812
694880, -22.893016
695740, -26.865403
696600, -30.734102
697460, -34.558843
698320, -38.409862
699180, -42.379111
700040, -46.551106
700900, -50.982219
701760, -55.614548
702620, -60.186325
703480, -64.193081
704340, -67.132221
705200, -68.880270
706060, -69.728587
706920, -70.040849
707780, -70.074721
708640, -69.964907
709500, -69.784311
710360, -69.562866
711220, -69.320876
712080, -69.062848
712940, -68.796818
713800, -68.521305
714660, -68.241373
715520, -67.954064
716380, -67.663686
717240, -67.366868
718100, -67.067710
718960, -66.762773
719820, -66.456084
720680, -66.144161
721540, -65.831059
722400, -65.513292
723260, -65.194875
724120, -64.872353
724980, -64.549757
725840, -64.223569
726700, -63.897832
727560, -63.569063
728420, -63.241199
729280, -62.910751
730140, -62.581707
731000, -62.250428
731860, -61.920866
732720, -61.589463
733580, -61.259963
734440, -60.928747
735300, -60.599671
736160, -60.268848
737020, -59.940036
737880, -59.609515
738740, -59.280695
739600, -58.949712
740460, -58.620211
741320, -58.287890
742180, -57.956175
743040, -57.621080
743900, -57.285470
744760, -56.945056
745620, -56.603051
746480, -56.254455
747340, -55.902091
748200, -55.541187
749060, -55.173646
749920, -54.794299
750780, -54.404737
751640, -53.998574
752500, -53.577198
753360, -53.132438
754220, -52.663959
755080, -52.162044
755940, -51.623622
756800, -51.035496
757660, -50.390299
758520, -49.667828
759380, -48.851032
760240, -47.908019
761100, -46.802843
761960, -45.474972
762820, -43.846064
763680, -41.792565
764540, -39.138364
765400, -35.612421
766260, -30.834624
767120, -24.313612
767980, -15.650954
768840, -5.159087
769700, 5.102539
770560, 11.779292
771420, 13.420679
772280, 11.479756
773140, 7.778385
774000, 3.351964
774860, -1.316424
775720, -5.991752
776580, -10.567227
777440, -14.991210
778300, -19.250901
779160, -23.349255
780020, -27.311741
780880, -31.173515
781740, -34.995530
782600, -38.849707
783460, -42.829373
784320, -47.016407
785180, -51.459013
786040, -56.080052
786900, -60.596984
787760, -64.493391
788620, -67.298549
789480, -68.938835
790340, -69.722883
791200, -70.002529
792060, -70.020620
792920, -69.903001
793780, -69.718108
794640, -69.494002
795500, -69.250024
796360, -68.990396
797220, -68.722896
798080, -68.446058
798940, -68.164831
799800, -67.876339
800660, -67.584788
801520, -67.286905
802380, -66.986706
803240, -66.680844
804100, -66.373247
804960, -66.060536
805820, -65.746683
806680, -65.428274
807540, -65.109249
808400, -64.786253
809260, -64.463198
810120, -64.136676
810980, -63.810650
811840, -63.481688
812700, -63.153660
813560, -62.823181
814420, -62.494093
815280, -62.162879
816140, -61.833415
817000, -61.502163
817860, -61.172813
818720, -60.841859
819580, -60.512973
820440, -60.182407
821300, -59.853855
822160, -59.523572
823020, -59.194935
823880, -58.864208
824740, -58.534798
825600, -58.202567
826460, -57.870897
827320, -57.535711
828180, -57.199870
829040, -56.859235
829900, -56.516701
830760, -56.167461
831620, -55.814318
832480, -55.452305
833340, -55.083352
834200, -54.702459
835060, -54.310755
835920, -53.902076
836780, -53.477306
837640, -53.028508
838500, -52.555329
839360, -52.047492
840220, -51.501938
841080, -50.904728
841940, -50.247779
842800, -49.510611
843660, -48.674607
844520, -47.706141
845380, -46.566738
846240, -45.192568
847100, -43.500461
847960, -41.357687
848820, -38.575962
849680, -34.867127
850540, -29.832116
851400, -22.976715
852260, -13.968885
853120, -3.352949
853980, 6.482314
854840, 12.280961
855700, 13.168304
856560, 10.828781
857420, 6.957459
858280, 2.469536
859140, -2.209424
860000, -6.870679
860860, -11.420800
861720, -15.814784
862580, -20.044445
863440, -24.114632
864300, -28.054697
865160, -31.903076
866020, -35.724710
866880, -39.594976
867740, -43.606931
868600, -47.838454
869460, -52.322462
870320, -56.949073
871180, -61.388488
872040, -65.103343
872900, -67.678556
873760, -69.128437
874620, -69.794325
875480, -70.010911
876340, -69.996977
877200, -69.863053
878060, -69.669451
878920, -69.440405
879780, -69.193295
880640, -68.931524
881500, -68.662337
882360, -68.384141
883220, -68.101685
884080, -67.812128
884940, -67.519551
885800, -67.220759
886660, -66.919676
887520, -66.613031
888380, -66.304669
889240, -65.991305
890100, -65.676822
890960, -65.357880
891820, -65.038343
892680, -64.714949
893540, -64.391499
894400, -64.064689
895260, -63.738400
896120, -63.409257
896980, -63.081059
897840, -62.750520
898700, -62.421348
899560, -62.090137
900420, -61.760691
901280, -61.429496
902140, -61.100186
903000, -60.769360
903860, -60.440522
904720, -60.110051
905580, -59.781577
906440, -59.451340
907300, -59.122677
908160, -58.791973
909020, -58.462418
909880, -58.130019
910740, -57.798112
911600, -57.462544
912460, -57.126163
913320, -56.784962
914180, -56.441545
915040, -56.091278
915900, -55.736930
916760, -55.373357
917620, -55.002497
918480, -54.619497
919340, -54.225041
920200, -53.813156
921060, -53.384224
921920, -52.930500
922780, -52.451177
923640, -51.935905
924500, -51.381120
925360, -50.772539
926220, -50.100905
927080, -49.345591
927940, -48.486077
928800, -47.486564
929660, -46.305445
930520, -44.874733
931380, -43.104219
932240, -40.850860
933100, -37.910046
933960, -33.971623
934820, -28.613026
935680, -21.342172
936540, -11.928504
937400, -1.223610
938260, 8.024074
939120, 12.791548
939980, 12.866865
940840, 10.113507
941700, 6.067370
942560, 1.517725
943420, -3.169272
944280, -7.812854
945140, -12.333660
946000, -16.694049
946860, -20.890615
947720, -24.931477
948580, -28.848969
949440, -32.686132
950300, -36.511380
951160, -40.402710
952020, -44.453705
952880, -48.736422
953740, -53.263917
954600, -57.886503
955460, -62.222982
956320, -65.726494
957180, -68.054880
958040, -69.313127
958900, -69.863908
959760, -70.019726
960620, -69.974887
961480, -69.825123
962340, -69.622993
963200, -69.389084
964060, -69.138883
964920, -68.875004
965780, -68.604167
966640, -68.324650
967500, -68.041007
968360, -67.750426
969220, -67.456865
970080, -67.157207
970940, -66.855283
971800, -66.547894
972660, -66.238807
973520, -65.924825
974380, -65.609731
975240, -65.290283
976100, -64.970261
976960, -64.646486
977820, -64.322663
978680, -63.995585
979540, -63.669050
980400, -63.339740
981260, -63.011384
982120, -62.680792
982980, -62.351539
983840, -62.020331
984700, -61.690898
985560, -61.359750
986420, -61.030465
987280, -60.699748
988140, -60.370936
989000, -60.040532
989860, -59.712104
990720, -59.381877
991580, -59.053150
992440, -58.722424
993300, -58.392675
994160, -58.060056
995020, -57.727854
995880, -57.391842
996740, -57.054852
997600, -56.713010
998460, -56.368630
999320, -56.017248
1000180, -55.661598
1001040, -55.296357
1001900, -54.923472
1002760, -54.537894
1003620, -54.140312
1004480, -53.724891
1005340, -53.291480
1006200, -52.832495
1007060, -52.346481
1007920, -51.823216
1008780, -51.258255
1009640, -50.637336
1010500, -49.949903
1011360, -49.174741
1012220, -48.289744
1013080, -47.256693
1013940, -46.030564
1014800, -44.538850
1015660, -42.682037
1016520, -40.305580
1017380, -37.187124
1018240, -32.992742
1019100, -27.277249
1019960, -19.561589
1020820, -9.754493
1021680, 0.929335
1022540, 9.436008
1023400, 13.136590
1024260, 12.460286
1025120, 9.342301
1025980, 5.145782
1026840, 0.546481
1027700, -4.142153
1028560, -8.764526
1029420, -13.254038
1030280, -17.579827
1031140, -21.743041
1032000, -25.755360
1032860, -29.652444
1033720, -33.481043
1034580, -37.313129
1035440, -41.229646
1036300, -45.323916
1037160, -49.659832
1038020, -54.226264
1038880, -58.828785
1039740, -63.036794
1040600, -66.310221
1041460, -68.393612
1042320, -69.473037
1043180, -69.920238
1044040, -70.022078
1044900, -69.949798
1045760, -69.785879
1046620, -69.576042
1047480, -69.337675
1048340, -69.084593
1049200, -68.818718
1050060, -68.546298
1050920, -68.265503
1051780, -67.980706
1052640, -67.689124
1053500, -67.394603
1054360, -67.094098
1055220, -66.791353
1056080, -66.483241
1056940, -66.173447
1057800, -65.858865
1058660, -65.543179
1059520, -65.223240
1060380, -64.902752
1061240, -64.578597
1062100, -64.254411
1062960, -63.927077
1063820, -63.600280
1064680, -63.270802
1065540, -62.942298
1066400, -62.611628
1067260, -62.282293
1068120, -61.951095
1068980, -61.621644
1069840, -61.290536
1070700, -60.961283
1071560, -60.630640
1072420, -60.301843
1073280, -59.971508
1074140, -59.643093
1075000, -59.312862
1075860, -58.984069
1076720, -58.653293
1077580, -58.323337
1078440, -57.990492
1079300, -57.657972
1080160, -57.321500
1081020, -56.983889
1081880, -56.641347
1082740, -56.295961
1083600, -55.943425
1084460, -55.586236
1085320, -55.219158
1086180, -54.844121
1087040, -54.455842
1087900, -54.055019
1088760, -53.635948
1089620, -53.197924
1090480, -52.733524
1091340, -52.240624
1092200, -51.709127
1093060, -51.133681
1093920, -50.500035
1094780, -49.796295
1095640, -48.999834
1096500, -48.087880
1097360, -47.019560
1098220, -45.746216
1099080, -44.188456
1099940, -42.239371
1100800, -39.731134
1101660, -36.422249
1102520, -31.954104
1103380, -25.862169
1104240, -17.696276
1105100, -7.545627
1105960, 2.979473
1106820, 10.623591
1107680, 13.290367
1108540, 11.955734
1109400, 8.532366
1110260, 4.213290
1111120, -0.422715
1111980, -5.106879
1112840, -9.705308
1113700, -14.162599
1114560, -18.453826
1115420, -22.584453
1116280, -26.569639
1117140, -30.448382
1118000, -34.271169
1118860, -38.113500
1119720, -42.058963
1120580, -46.199524
1121440, -50.588310
1122300, -55.185778
1123160, -59.749519
1124020, -63.805321
1124880, -66.837449
1125740, -68.686848
1126600, -69.605507
1127460, -69.962274
1128320, -70.017454
1129180, -69.921422
1130040, -69.745159
1130900, -69.528511
1131760, -69.286138
1132620, -69.030413
1133480, -68.762674
1134340, -68.488750
1135200, -68.206728
1136060, -67.920813
1136920, -67.628255
1137780, -67.332798
1138640, -67.031470
1139500, -66.727927
1140360, -66.419111
1141220, -66.108632
1142080, -65.793470
1142940, -65.477211
1143800, -65.156800
1144660, -64.835863
1145520, -64.511346
1146380, -64.186812
1147240, -63.859238
1148100, -63.532195
1148960, -63.202563
1149820, -62.873924
1150680, -62.543180
1151540, -62.213769
1152400, -61.882589
1153260, -61.553112
1154120, -61.222041
1154980, -60.892824
1155840, -60.562224
1156700, -60.233431
1157560, -59.903161
1158420, -59.574699
1159280, -59.244434
1160140, -58.915566
1161000, -58.584635
1161860, -58.254418
1162720, -57.921321
1163580, -57.588329
1164440, -57.251310
1165300, -56.913037
1166160, -56.569611
1167020, -56.223110
1167880, -55.869362
1168740, -55.510532
1169600, -55.141553
1170460, -54.764322
1171320, -54.373304
1172180, -53.969203
1173040, -53.546287
1173900, -53.103489
1174760, -52.633527
1175620, -52.133576
1176480, -51.593659
1177340, -51.007485
1178200, -50.360814
1179060, -49.640368
1179920, -48.822058
1180780, -47.881018
1181640, -46.774374
1182500, -45.448758
1183360, -43.819138
1184220, -41.769318
1185080, -39.117089
1185940, -35.600140
1186800, -30.834443
1187660, -24.340804
1188520, -15.719844
1189380, -5.288819
1190240, 4.925619
1191100, 11.598999
1191960, 13.275160
1192820, 11.363153
1193680, 7.681048
1194540, 3.261793
1195400, -1.400109
1196260, -6.074449
1197120, -10.646323
1197980, -15.070281
1198840, -19.326714
1199700, -23.425230
1200560, -27.384467
1201420, -31.246845
1202280, -35.066675
1203140, -38.922985
1204000, -42.901848
1204860, -47.091913
1205720, -51.532691
1206580, -56.151493
1207440, -60.655049
1208300, -64.533972
1209160, -67.316090
1210020, -68.942093
1210880, -69.715387
1211740, -69.992417
1212600, -70.006759
1213460, -69.889884
1214320, -69.702696
1215180, -69.479931
1216040, -69.233900
1216900, -68.975712
1217760, -68.706202
1218620, -68.430827
1219480, -68.147611
1220340, -67.860601
1221200, -67.567082
1222060, -67.270702
1222920, -66.968562
1223780, -66.664228
1224640, -66.354718
1225500, -66.043567
1226360, -65.727836
1227220, -65.411018
1228080, -65.090147
1228940, -64.768776
1229800, -64.443907
1230660, -64.119041
1231520, -63.791238
1232380, -63.463960
1233240, -63.134185
1234100, -62.805424
1234960, -62.474614
1235820, -62.145139
1236680, -61.813986
1237540, -61.484490
1238400, -61.153464
1239260, -60.824290
1240120, -60.493738
1240980, -60.164951
1241840, -59.834750
1242700, -59.506243
1243560, -59.175942
1244420, -58.846996
1245280, -58.515906
1246140, -58.185422
1247000, -57.852066
1247860, -57.518590
1248720, -57.181009
1249580, -56.842060
1250440, -56.497727
1251300, -56.150090
1252160, -55.795102
1253020, -55.434598
1253880, -55.063676
1254740, -54.684209
1255600, -54.290394
1256460, -53.882950
1257320, -53.455824
1258180, -53.007959
1259040, -52.532174
1259900, -52.024904
1260760, -51.476274
1261620, -50.879017
1262480, -50.218037
1263340, -49.479692
1264200, -48.638230
1265060, -47.666502
1265920, -46.518722
1266780, -45.137240
1267640, -43.431153
1268500, -41.272773
1269360, -38.464703
1270220, -34.722275
1271080, -29.636399
1271940, -22.720396
1272800, -13.651459
1273660, -3.027130
1274520, 6.717313
1275380, 12.348456
1276240, 13.104741
1277100, 10.695942
1277960, 6.797974
1278820, 2.298472
1279680, -2.379790
1280540, -7.039713
1281400, -11.582941
1282260, -15.972865
1283120, -20.194756
1283980, -24.261923
1284840, -28.196656
1285700, -32.044897
1286560, -35.864854
1287420, -39.739737
1288280, -43.756239
1289140, -47.998005
1290000, -52.488119
1290860, -57.115862
1291720, -61.535887
1292580, -65.215492
1293440, -67.744803
1294300, -69.161545
1295160, -69.804680
1296020, -70.011844
1296880, -69.990594
1297740, -69.855484
1298600, -69.658645
1299460, -69.430397
1300320, -69.181024
1301180, -68.920538
1302040, -68.649345
1302900, -68.372571
1303760, -68.088191
1304620, -67.800109
1305480, -67.505646
1306340, -67.208358
1307200, -66.905418
1308060, -66.600301
1308920, -66.290107
1309780, -65.978296
1310640, -65.662004
1311500, -65.344638
1312360, -65.023320
1313220, -64.701530
1314080, -64.376324
1314940, -64.051139
1315800, -63.723122
1316660, -63.395623
1317520, -63.065716
1318380, -62.736846
1319240, -62.405983
1320100, -62.076452
1320960, -61.745337
1321820, -61.415832
1322680, -61.084857
1323540, -60.755734
1324400, -60.425234
1325260, -60.096459
1326120, -59.766330
1326980, -59.437778
1327840, -59.107441
1328700, -58.778418
1329560, -58.447165
1330420, -58.116408
1331280, -57.782787
1332140, -57.448818
1333000, -57.110663
1333860, -56.771024
1334720, -56.425767
1335580, -56.076970
1336440, -55.720720
1337300, -55.358511
1338160, -54.985611
1339020, -54.603809
1339880, -54.207108
1340740, -53.796235
1341600, -53.364800
1342460, -52.911757
1343320, -52.429510
1344180, -51.914401
1345040, -51.356032
1345900, -50.746792
1346760, -50.070515
1347620, -49.313198
1348480, -48.447277
1349340, -47.443164
1350200, -46.251969
1351060, -44.811515
1351920, -43.023216
1352780, -40.748963
1353640, -37.773744
1354500, -33.789734
1355360, -28.363615
1356220, -21.011205
1357080, -11.517631
1357940, -0.810680
1358800, 8.306499
1359660, 12.867396
1360520, 12.794642
1361380, 9.965766
1362240, 5.890651
1363100, 1.328909
1363960, -3.357145
1364820, -7.998642
1365680, -12.511546
1366540, -16.867061
1367400, -21.055251
1368260, -25.092031
1369120, -29.003865
1369980, -32.840348
1370840, -36.664722
1371700, -40.562263
1372560, -44.619773
1373420, -48.914414
1374280, -53.448667
1375140, -58.070149
1376000, -62.382182
1376860, -65.843694
1377720, -68.122673
1378580, -69.346763
1379440, -69.874897
1380300, -70.021374
1381160, -69.969304
1382020, -69.818313
1382880, -69.612980
1383740, -69.379820
1384600, -69.127398
1385460, -68.864766
1386320, -68.591970
1387180, -68.313844
1388040, -68.028329
1388900, -67.739194
1389760, -67.443801
1390620, -67.145618
1391480, -66.841889
1392340, -66.535999
1393200, -66.225131
1394060, -65.912671
1394920, -65.595819
1395780, -65.277913
1396640, -64.956159
1397500, -64.633948
1398360, -64.308413
1399220, -63.982923
1400080, -63.654698
1400940, -63.326992
1401800, -62.996969
1402660, -62.668005
1403520, -62.337103
1404380, -62.007534
1405240, -61.676470
1406100, -61.346969
1406960, -61.016057
1407820, -60.686998
1408680, -60.356559
1409540, -60.027804
1410400, -59.697753
1411260, -59.369163
1412120, -59.038792
1412980, -58.709695
1413840, -58.378277
1414700, -58.047247
1415560, -57.713357
1416420, -57.378889
1417280, -57.040151
1418140, -56.699814
1419000, -56.353617
1419860, -56.003645
1420720, -55.646112
1421580, -55.282173
1422440, -54.907264
1423300, -54.522807
1424160, -54.122984
1425020, -53.708496
1425880, -53.272580
1426740, -52.814189
1427600, -52.325236
1428460, -51.802028
1429320, -51.233444
1430180, -50.611725
1431040, -49.919563
1431900, -49.141971
1432760, -48.250223
1433620, -47.212089
1434480, -45.975363
1435340, -44.472926
1436200, -42.597140
1437060, -40.197464
1437920, -37.041685
1438780, -32.797615
1439640, -27.009804
1440500, -19.208671
1441360, -9.328798
1442220, 1.333395
1443080, 9.682439
1443940, 13.178249
1444800, 12.369361
1445660, 9.186588
1446520, 4.966129
1447380, 0.357258
1448240, -4.329359
1449100, -8.949094
1449960, -13.430530
1450820, -17.751423
1451680, -21.906481
1452540, -25.914648
1453400, -29.805999
1454260, -33.634662
1455120, -37.466933
1455980, -41.390619
1456840, -45.492168
1457700, -49.839997
1458560, -54.411883
1459420, -59.009745
1460280, -63.189055
1461140, -66.417690
1462000, -68.453025
1462860, -69.501501
1463720, -69.928596
1464580, -70.022471
1465440, -69.943714
1466300, -69.778880
1467160, -69.566052
1468020, -69.328482
1468880, -69.073264
1469740, -68.808624
1470600, -68.534301
1471460, -68.254870
1472320, -67.968248
1473180, -67.678079
1474040, -67.381771
1474900, -67.082708
1475760, -66.778204
1476620, -66.471555
1477480, -66.160026
1478340, -65.846931
1479200, -65.529531
1480060, -65.211100
1480920, -64.888923
1481780, -64.566297
1482640, -64.240442
1483500, -63.914660
1484360, -63.586216
1485220, -63.258305
1486080, -62.928176
1486940, -62.599089
1487800, -62.268141
1488660, -61.938543
1489520, -61.607490
1490380, -61.277985
1491240, -60.947143
1492100, -60.618104
1492960, -60.287713
1493820, -59.958984
1494680, -59.628967
1495540, -59.300323
1496400, -58.969923
1497260, -58.640711
1498120, -58.309112
1498980, -57.977811
1499840, -57.643609
1500700, -57.308623
1501560, -56.969295
1502420, -56.628174
1503280, -56.280983
1504140, -55.929804
1505000, -55.570710
1505860, -55.204855
1506720, -54.827807
1507580, -54.440589
1508440, -54.037546
1509300, -53.619352
1510160, -53.178842
1511020, -52.714973
1511880, -52.219141
1512740, -51.687620
1513600, -51.108534
1514460, -50.473979
1515320, -49.765454
1516180, -48.966395
1517040, -48.047296
1517900, -46.973418
1518760, -45.688788
1519620, -44.119146
1520480, -42.149791
1521340, -39.616521
1522200, -36.267353
1523060, -31.745310
1523920, -25.576653
1524780, -17.325623
1525640, -7.114345
1526500, 3.362404
1527360, 10.828177
1528220, 13.299046
1529080, 11.848848
1529940, 8.370698
1530800, 4.032366
1531660, -0.610854
1532520, -5.291987
1533380, -9.887295
1534240, -14.336419
1535100, -18.622814
1535960, -22.745594
1536820, -26.727024
1537680, -30.600682
1538540, -34.424262
1539400, -38.267665
1540260, -42.221031
1541120, -46.369328
1541980, -50.769591
1542840, -55.370644
1543700, -59.925699
1544560, -63.948255
1545420, -66.934696
1546280, -68.738541
1547140, -69.629398
1548000, -69.968306
1548860, -70.016684
1549720, -69.914815
1550580, -69.737891
1551440, -69.518433
1552300, -69.276891
1553160, -69.019108
1554020, -68.752585
1554880, -68.476810
1555740, -68.196121
1556600, -67.908427
1557460, -67.617246
1558320, -67.320045
1559180, -67.020123
1560040, -66.714864
1560900, -66.407476
1561760, -66.095304
1562620, -65.781594
1563480, -65.463663
1564340, -65.144724
1565200, -64.822141
1566060, -64.499115
1566920, -64.172956
1567780, -63.846897
1568640, -63.518247
1569500, -63.190146
1570360, -62.859924
1571220, -62.530725
1572080, -62.199742
1572940, -61.870125
1573800, -61.539086
1574660, -61.209580
1575520, -60.878814
1576380, -60.549780
1577240, -60.219431
1578100, -59.890730
1578960, -59.560704
1579820, -59.231987
1580680, -58.901549
1581540, -58.572143
1582400, -58.240321
1583260, -57.908728
1584120, -57.574090
1584980, -57.238516
1585840, -56.898562
1586700, -56.556514
1587560, -56.208244
1588420, -55.855810
1589280, -55.495108
1590140, -55.127307
1591000, -54.748098
1591860, -54.358094
1592720, -53.951803
1593580, -53.529629
1594440, -53.084312
1595300, -52.614783
1596160, -52.111883
1597020, -51.571845
1597880, -50.982002
1598740, -50.334184
1599600, -49.608800
1600460, -48.787637
1601320, -47.839216
1602180, -46.726293
1603040, -45.388507
1603900, -43.745886
1604760, -41.673875
1605620, -38.993542
1606480, -35.432486
1607340, -30.607621
1608200, -24.031751
1609060, -15.322864
1609920, -4.844663
1610780, 5.289315
1611640, 11.764363
1612500, 13.252914
1613360, 11.239028
1614220, 7.509953
1615080, 3.074974
1615940, -1.592298
1616800, -6.262693
1617660, -10.830918
1618520, -15.246494
1619380, -19.498033
1620240, -23.588888
1621100, -27.544670
1621960, -31.402565
1622820, -35.223932
1623680, -39.082280
1624540, -43.069661
1625400, -47.268085
1626260, -51.719917
1627120, -56.340094
1627980, -60.830179
1628840, -64.670493
1629700, -67.404763
1630560, -68.987010
1631420, -69.735147
1632280, -69.996199
1633140, -70.004699
1634000, -69.882522
1634860, -69.694875
1635720, -69.469458
1636580, -69.224276
1637440, -68.964094
1638300, -68.695775
1639160, -68.418593
1640020, -68.136672
1640880, -67.847922
1641740, -67.555742
1642600, -67.257656
1643460, -66.956883
1644320, -66.650868
1645180, -66.342747
1646040, -66.029940
1646900, -65.715624
1647760, -65.397172
1648620, -65.077735
1649480, -64.754757
1650340, -64.431344
1651200, -64.104890
1652060, -63.778567
1652920, -63.449722
1653780, -63.121441
1654640, -62.791136
1655500, -62.461836
1656360, -62.130828
1657220, -61.801202
1658080, -61.470184
1658940, -61.140686
1659800, -60.810003
1660660, -60.480979
1661520, -60.150676
1662380, -59.822007
1663240, -59.491972
1664100, -59.163182
1664960, -58.832703
1665820, -58.503098
1666680, -58.171044
1667540, -57.839152
1668400, -57.504063
1669260, -57.167885
1670120, -56.827285
1670980, -56.484285
1671840, -56.134906
1672700, -55.781184
1673560, -55.418832
1674420, -55.049035
1675280, -54.667608
1676140, -54.274746
1677000, -53.865122
1677860, -53.438666
1678720, -52.988277
1679580, -52.512776
1680440, -52.002488
1681300, -51.453591
1682160, -50.852577
1683020, -50.190198
1683880, -49.446717
1684740, -48.602075
1685600, -47.622624
1686460, -46.468019
1687320, -45.073709
1688180, -43.353636
1689040, -41.171755
1689900, -38.333635
1690760, -34.543997
1691620, -29.394996
1692480, -22.393518
1693340, -13.241633
1694200, -2.590435
1695060, 7.041087
1695920, 12.467088
1696780, 13.053307
1697640, 10.558703
1698500, 6.621949
1699360, 2.110527
1700220, -2.571204
1701080, -7.226341
1701940, -11.765541
1702800, -16.147058
1703660, -20.364035
1704520, -24.423942
1705380, -28.355727
1706240, -32.200229
1707100, -36.022508
1707960, -39.899579
1708820, -43.925026
1709680, -48.175555
1710540, -52.675747
1711400, -57.302051
1712260, -61.703860
1713120, -65.340933
1713980, -67.822600
1714840, -69.199128
1715700, -69.820297
1716560, -70.013517
1717420, -69.987436
1718280, -69.847581
1719140, -69.650504
1720000, -69.419767
1720860, -69.171273
1721720, -68.908865
1722580, -68.638844
1723440, -68.360311
1724300, -68.077197
1725160, -67.787416
1726020, -67.494260
1726880, -67.195305
1727740, -66.893699
1728600, -66.586940
1729460, -66.278101
1730320, -65.964673
1731180, -65.649759
1732040, -65.330798
1732900, -65.010881
1733760, -64.687523
1734620, -64.363739
1735480, -64.037007
1736340, -63.710435
1737200, -63.381410
1738060, -63.052964
1738920, -62.722589
1739780, -62.393201
1740640, -62.062178
1741500, -61.732554
1742360, -61.401566
1743220, -61.072085
1744080, -60.741491
1744940, -60.412485
1745800, -60.082231
1746660, -59.753598
1747520, -59.423557
1748380, -59.094694
1749240, -58.764176
1750100, -58.434370
1750960, -58.102081
1751820, -57.769886
1752680, -57.434341
1753540, -57.097550
1754400, -56.756298
1755260, -56.412334
1756120, -56.061831
1756980, -55.706808
1757840, -55.342784
1758700, -54.970969
1759560, -54.587172
1760420, -54.191338
1761280, -53.778284
1762140, -53.347450
1763000, -52.891890
1763860, -52.409810
1764720, -51.891648
1765580, -51.332762
1766440, -50.719617
1767300, -50.041719
1768160, -49.279099
1769020, -48.409714
1769880, -47.397591
1770740, -46.199099
1771600, -44.745265
1772460, -42.941603
1773320, -40.641874
1774180, -37.633468
1775040, -33.597988
1775900, -28.103541
1776760, -20.661196
1777620, -11.090111
1778480, -0.378733
1779340, 8.595980
1780200, 12.946476
1781060, 12.719448
1781920, 9.817043
1782780, 5.709264
1783640, 1.138492
1784500, -3.549512
1785360, -8.185526
1786220, -12.694049
1787080, -17.041112
1787940, -21.223867
1788800, -25.253835
1789660, -29.163332
1790520, -32.996917
1791380, -36.823422
1792240, -40.724003
1793100, -44.791311
1793960, -49.095063
1794820, -53.638764
1795680, -58.255693
1796540, -62.544422
1797400, -65.959649
1798260, -68.191852
1799120, -69.378679
1799980, -69.887392
1800840, -70.021489
1801700, -69.965335
1802560, -69.810020
1803420, -69.604600
1804280, -69.369081
1805140, -69.117547
1806000, -68.853055
1806860, -68.581410
1807720, -68.301569
1808580, -68.017290
1809440, -67.726496
1810300, -67.432377
1811160, -67.132566
1812020, -66.830137
1812880, -66.522644
1813740, -66.213098
1814600, -65.899060
1815460, -65.583551
1816320, -65.264090
1817180, -64.943703
1818040, -64.619959
1818900, -64.295811
1819760, -63.968812
1820620, -63.641993
1821480, -63.312796
1822340, -62.984201
1823200, -62.653762
1824060, -62.324299
1824920, -61.993275
1825780, -61.663666
1826640, -61.332719
1827500, -61.003268
1828360, -60.672778
1829220, -60.343800
1830080, -60.013606
1830940, -59.685020
1831800, -59.354979
1832660, -59.026049
1833520, -58.695494
1834380, -58.365489
1835240, -58.032963
1836100, -57.700464
1836960, -57.364455
1837820, -57.027045
1838680, -56.685128
1839540, -56.340187
1840400, -55.988542
1841260, -55.632158
1842120, -55.266411
1842980, -54.892528
1843840, -54.506094
1844700, -54.107084
1845560, -53.690435
1846420, -53.255064
1847280, -52.794168
1848140, -52.305317
1849000, -51.779055
1849860, -51.209870
1850720, -50.584223
1851580, -49.890326
1852440, -49.107138
1853300, -48.211580
1854160, -47.165128
1855020, -45.920645
1855880, -44.403850
1856740, -42.511488
1857600, -40.084645
1858460, -36.893375
1859320, -32.594652
1860180, -26.734949
1861040, -18.844615
1861900, -8.896042
1862760, 1.743615
1863620, 9.926317
1864480, 13.218265
1865340, 12.274137
1866200, 9.030153
1867060, 4.782990
1867920, 0.167604
1868780, -4.519740
1869640, -9.133526
1870500, -13.610239
1871360, -17.922865
1872220, -22.072525
1873080, -26.073788
1873940, -29.962858
1874800, -33.788407
1875660, -37.623828
1876520, -41.551691
1877380, -45.663741
1878240, -50.020664
1879100, -54.600968
1879960, -59.190795
1880820, -63.342114
1881680, -66.522254
1882540, -68.512790
1883400, -69.527760
1884260, -69.938153
1885120, -70.021226
1885980, -69.939130
1886840, -69.770392
1887700, -69.557632
1888560, -69.317837
1889420, -69.063525
1890280, -68.797090
1891140, -68.523901
1892000, -68.242802
1892860, -67.957390
1893720, -67.665604
1894580, -67.370541
1895440, -67.069892
1896300, -66.766658
1897160, -66.458448
1898020, -66.148211
1898880, -65.833578
1899740, -65.517492
1900600, -65.197544
1901460, -64.876704
1902320, -64.552583
1903180, -64.228084
1904040, -63.900832
1904900, -63.573762
1905760, -63.244399
1906620, -62.915665
1907480, -62.585141
1908340, -62.255599
1909200, -61.924583
1910060, -61.594945
1910920, -61.264026
1911780, -60.934611
1912640, -60.604160
1913500, -60.275188
1914360, -59.945053
1915220, -59.616444
1916080, -59.286375
1916940, -58.957378
1917800, -58.626718
1918660, -58.296485
1919520, -57.963718
1920380, -57.630840
1921240, -57.294332
1922100, -56.956291
1922960, -56.613583
1923820, -56.267590
1924680, -55.914762
1925540, -55.556764
1926400, -55.189126
1927260, -54.813066
1928120, -54.423904
1928980, -54.021640
1929840, -53.601318
1930700, -53.161317
1931560, -52.694973
1932420, -52.199200
1933280, -51.664649
1934140, -51.084910
1935000, -50.446438
1935860, -49.736107
1936720, -48.931432
1937580, -48.008143
1938440, -46.925668
1939300, -45.632511
1940160, -44.047765
1941020, -42.060858
1941880, -39.499208
1942740, -36.112241
1943600, -31.532625
1944460, -25.289339
1945320, -16.949334
1946180, -6.681430
1947040, 3.742599
1947900, 11.023550
1948760, 13.302804
1949620, 11.736623
1950480, 8.208175
1951340, 3.848335
1952200, -0.798966
1953060, -5.479684
1953920, -10.068637
1954780, -14.512678
1955640, -18.791059
1956500, -22.908796
1957360, -26.883377
1958220, -30.754867
1959080, -34.576266
1959940, -38.423783
1960800, -42.382218
1961660, -46.541414
1962520, -50.950352
1963380, -55.557935
1964240, -60.100933
1965100, -64.091607
1965960, -67.028507
1966820, -68.790112
1967680, -69.650850
1968540, -69.975321
1969400, -70.014182
1970260, -69.909567
1971120, -69.729080
1971980, -69.509808
1972840, -69.266150
1973700, -69.009278
1974560, -68.741017
1975420, -68.466352
1976280, -68.184038
1977140, -67.897524
1978000, -67.604766
1978860, -67.308778
1979720, -67.007307
1980580, -66.703287
1981440, -66.394375
1982300, -66.083463
1983160, -65.768252
1984020, -65.451603
1984880, -65.131184
1985740, -64.809906
1986600, -64.485424
1987460, -64.160588
1988320, -63.833096
1989180, -63.505789
1990040, -63.176272
1990900, -62.847413
1991760, -62.516814
1992620, -62.187205
1993480, -61.856206
1994340, -61.526549
1995200, -61.195667
1996060, -60.866294
1996920, -60.535884
1997780, -60.206921
1998640, -59.876850
1999500, -59.548199
2000360, -59.218092
2001220, -58.889022
2002080, -58.558203
2002940, -58.227713
2003800, -57.894688
2004660, -57.561340
2005520, -57.224277
2006380, -56.885575
2007240, -56.541973
2008100, -56.194866
2008960, -55.840815
2009820, -55.481172
2010680, -55.111620
2011540, -54.733362
2012400, -54.341443
2013260, -53.935891
2014120, -53.511533
2014980, -53.066623
2015840, -52.594601
2016700, -52.091677
2017560, -51.548594
2018420, -50.958006
2019280, -50.306062
2020140, -49.578620
2021000, -48.751645
2021860, -47.798720
2022720, -46.676546
2023580, -45.329440
2024440, -43.670807
2025300, -41.579390
2026160, -38.867849
2027020, -35.264906
2027880, -30.377170
2028740, -23.721047
2029600, -14.923839
2030460, -4.404376
2031320, 5.645676
2032180, 11.918907
2033040, 13.227050
2033900, 11.112058
2034760, 7.340782
2035620, 2.888016
2036480, -1.781516
2037340, -6.450596
2038200, -11.012113
2039060, -15.422208
2039920, -19.665908
2040780, -23.751999
2041640, -27.701442
2042500, -31.557798
2043360, -35.377856
2044220, -39.241217
2045080, -43.234552
2045940, -47.444279
2046800, -51.904280
2047660, -56.528603
2048520, -61.002026
2049380, -64.806331
2050240, -67.490106
2051100, -69.032179
2051960, -69.752859
2052820, -70.001210
2053680, -70.001175
2054540, -69.876689
2055400, -69.685742
2056260, -69.460587
2057120, -69.213379
2057980, -68.954103
2058840, -68.684092
2059700, -68.407995
2060560, -68.124488
2061420, -67.836887
2062280, -67.543165
2063140, -67.246260
2064000, -66.943974
2064860, -66.639164
2065720, -66.329553
2066580, -66.017974
2067440, -65.702193
2068300, -65.384991
2069160, -65.064112
2070020, -64.742407
2070880, -64.417573
2071740, -64.092411
2072600, -63.764691
2073460, -63.437157
2074320, -63.107496
2075180, -62.778523
2076040, -62.447858
2076900, -62.118192
2077760, -61.787220
2078620, -61.457551
2079480, -61.126711
2080340, -60.797389
2081200, -60.467024
2082060, -60.138073
2082920, -59.808067
2083780, -59.479374
2084640, -59.149226
2085500, -58.820082
2086360, -58.489095
2087220, -58.158337
2088080, -57.825044
2088940, -57.491209
2089800, -57.153571
2090660, -56.814185
2091520, -56.469659
2092380, -56.121402
2093240, -55.766088
2094100, -55.404752
2094960, -55.033225
2095820, -54.652703
2096680, -54.257944
2097540, -53.849007
2098400, -53.420375
2099260, -52.970331
2100120, -52.492228
2100980, -51.981764
2101840, -51.429628
2102700, -50.827631
2103560, -50.160945
2104420, -49.415133
2105280, -48.564415
2106140, -47.580040
2107000, -46.415696
2107860, -45.011321
2108720, -43.274301
2109580, -41.071604
2110440, -38.200368
2111300, -34.366065
2112160, -29.150701
2113020, -22.066191
2113880, -12.828539
2114740, -2.157519
2115600, 7.359599
2116460, 12.575225
2117320, 12.997470
2118180, 10.417018
2119040, 6.445742
2119900, 1.920242
2120760, -2.761915
2121620, -7.414839
2122480, -11.946997
2123340, -16.322831
2124200, -20.532131
2125060, -24.587540
2125920, -28.513498
2126780, -32.357093
2127640, -36.178920
2128500, -40.061847
2129360, -44.093775
2130220, -48.355875
2131080, -52.863326
2131940, -57.490763
2132800, -61.870830
2133660, -65.467338
2134520, -67.898173
2135380, -69.237452
2136240, -69.834069
2137100, -70.016329
2137960, -69.982674
2138820, -69.840935
2139680, -69.640814
2140540, -69.410416
2141400, -69.159981
2142260, -68.898472
2143120, -68.626804
2143980, -68.349328
2144840, -68.064662
2145700, -67.775997
2146560, -67.481330
2147420, -67.183523
2148280, -66.880434
2149140, -66.574846
2150000, -66.264549
2150860, -65.952316
2151720, -65.635966
2152580, -65.318221
2153440, -64.996893
2154300, -64.674777
2155160, -64.349606
2156020, -64.024135
2156880, -63.696201
2157740, -63.368456
2158600, -63.038665
2159460, -62.709592
2160320, -62.378875
2161180, -62.049164
2162040, -61.718229
2162900, -61.388561
2163760, -61.057772
2164620, -60.728510
2165480, -60.398196
2166340, -60.069265
2167200, -59.739329
2168060, -59.410598
2168920, -59.080411
2169780, -58.751196
2170640, -58.420041
2171500, -58.089015
2172360, -57.755451
2173220, -57.421124
2174080, -57.082903
2174940, -56.742828
2175800, -56.397365
2176660, -56.047945
2177520, -55.691355
2178380, -55.328304
2179240, -54.954779
2180100, -54.571773
2180960, -54.174010
2181820, -53.761557
2182680, -53.328527
2183540, -52.873224
2184400, -52.388510
2185260, -51.870063
2186120, -51.307853
2186980, -50.693560
2187840, -50.011222
2188700, -49.246037
2189560, -48.370345
2190420, -47.352916
2191280, -46.144240
2192140, -44.679659
2193000, -42.857648
2193860, -40.534750
2194720, -37.489800
2195580, -33.404853
2196440, -27.838295
2197300, -20.309089
2198160, -10.658185
2199020, 0.047788
2199880, 8.878259
2200740, 13.016291
2201600, 12.640984
2202460, 9.664558
2203320, 5.528002
2204180, 0.945972
2205040, -3.741038
2205900, -8.374125
2206760, -12.875358
2207620, -17.216638
2208480, -21.391897
2209340, -25.417660
2210200, -29.321877
2211060, -33.155232
2211920, -36.982155
2212780, -40.888696
2213640, -44.963138
2214500, -49.278888
2215360, -53.828720
2216220, -58.443405
2217080, -62.705294
2217940, -66.076244
2218800, -68.258491
2219660, -69.411122
2220520, -69.897994
2221380, -70.022672
2222240, -69.959784
2223100, -69.802951
2223960, -69.594713
2224820, -69.359599
2225680, -69.106207
2226540, -68.842608
2227400, -68.569362
2228260, -68.290557
2229120, -68.004763
2229980, -67.715058
2230840, -67.419463
2231700, -67.120771
2232560, -66.816895
2233420, -66.510544
2234280, -66.199574
2235140, -65.886702
2236000, -65.569792
2236860, -65.251518
2237720, -64.929755
2238580, -64.607219
2239440, -64.281717
2240300, -63.955950
2241160, -63.627797
2242020, -63.299849
2242880, -62.969942
2243740, -62.640769
2244600, -62.310007
2245460, -61.980265
2246320, -61.649368
2247180, -61.319707
2248040, -60.988982
2248900, -60.659783
2249760, -60.329528
2250620, -60.000626
2251480, -59.670772
2252340, -59.342013
2253200, -59.011795
2254060, -58.682516
2254920, -58.351197
2255780, -58.019905
2256640, -57.686071
2257500, -57.351250
2258360, -57.012442
2259220, -56.671672
2260080, -56.325262
2260940, -55.974666
2261800, -55.616691
2262660, -55.251847
2263520, -54.876259
2264380, -54.490561
2265240, -54.089633
2266100, -53.673533
2266960, -53.235976
2267820, -52.775281
2268680, -52.283795
2269540, -51.757176
2270400, -51.184647
2271260, -50.557754
2272120, -49.859362
2272980, -49.073234
2273840, -48.171076
2274700, -47.118922
2275560, -45.863834
2276420, -44.335202
2277280, -42.423285
2278140, -39.971608
2279000, -36.741480
2279860, -32.389874
2280720, -26.454359
2281580, -18.476351
2282440, -8.459115
2283300, 2.147352
2284160, 10.161612
2285020, 13.248274
2285880, 12.175654
2286740, 8.870265
2287600, 4.600183
2288460, -0.023697
2289320, -4.708727
2290180, -9.319026
2291040, -13.788363
2291900, -18.095280
2292760, -22.237314
2293620, -26.234870
2294480, -30.119414
2295340, -33.945258
2296200, -37.781004
2297060, -41.715622
2297920, -45.835465
2298780, -50.204203
2299640, -54.788866
2300500, -59.372628
2301360, -63.492527
2302220, -66.626473
2303080, -68.569758
2303940, -69.554395
2304800, -69.945762
2305660, -70.020927
2306520, -69.932909
2307380, -69.763004
2308240, -69.547649
2309100, -69.308324
2309960, -69.052237
2310820, -68.786691
2311680, -68.511950
2312540, -68.231866
2313400, -67.944979
2314260, -67.654256
2315120, -67.357753
2315980, -67.058197
2316840, -66.753552
2317700, -66.446457
2318560, -66.134832
2319420, -65.821339
2320280, -65.503886
2321140, -65.185098
2322000, -64.862917
2322860, -64.539978
2323720, -64.214158
2324580, -63.888110
2325440, -63.559740
2326300, -63.231598
2327160, -62.901586
2328020, -62.572298
2328880, -62.241491
2329740, -61.911728
2330600, -61.580835
2331460, -61.251173
2332320, -60.920516
2333180, -60.591322
2334040, -60.261102
2334900, -59.932228
2335760, -59.602362
2336620, -59.273534
2337480, -58.943274
2338340, -58.613830
2339200, -58.282299
2340060, -57.950729
2340920, -57.616512
2341780, -57.281141
2342640, -56.941724
2343500, -56.600086
2344360, -56.252630
2345220, -55.900806
2346080, -55.541241
2346940, -55.174472
2347800, -54.796736
2348660, -54.408277
2349520, -54.004124
2350380, -53.584318
2351240, -53.142154
2352100, -52.675972
2352960, -52.177581
2353820, -51.642623
2354680, -51.059541
2355540, -50.419756
2356400, -49.704910
2357260, -48.897191
2358120, -47.966957
2358980, -46.878133
2359840, -45.573394
2360700, -43.975705
2361560, -41.967792
2362420, -39.379183
2363280, -35.950164
2364140, -31.313404
2365000, -24.989876
2365860, -16.560362
2366720, -6.236751
2367580, 4.125097
2368440, 11.216460
2369300, 13.298768
2370160, 11.620038
2371020, 8.039423
2371880, 3.661181
2372740, -0.992560
2373600, -5.669930
2374460, -10.254909
2375320, -14.691464
2376180, -18.964138
2377040, -23.073885
2377900, -27.044557
2378760, -30.911423
2379620, -34.733168
2380480, -38.582172
2381340, -42.548476
2382200, -46.716242
2383060, -51.136784
2383920, -55.747115
2384780, -60.279828
2385640, -64.234159
2386500, -67.122935
2387360, -68.839393
2388220, -69.672893
2389080, -69.980543
2389940, -70.012651
2390800, -69.902737
2391660, -69.721343
2392520, -69.499650
2393380, -69.256505
2394240, -68.997924
2395100, -68.730542
2395960, -68.454368
2396820, -68.173045
2397680, -67.885091
2398540, -67.593369
2399400, -67.295975
2400260, -66.995570
2401120, -66.690171
2401980, -66.382346
2402840, -66.070078
2403700, -65.755979
2404560, -65.437997
2405420, -65.118710
2406280, -64.796125
2407140, -64.472795
2408000, -64.146672
2408860, -63.820357
2409720, -63.491783
2410580, -63.163458
2411440, -62.833354
2412300, -62.503963
2413160, -62.173121
2414020, -61.843348
2414880, -61.512468
2415740, -61.182813
2416600, -60.852230
2417460, -60.523048
2418320, -60.192868
2419180, -59.864028
2420040, -59.534151
2420900, -59.205254
2421760, -58.874953
2422620, -58.545319
2423480, -58.213560
2424340, -57.881701
2425200, -57.547042
2426060, -57.211084
2426920, -56.871034
2427780, -56.528469
2428640, -56.179925
2429500, -55.826845
2430360, -55.465660
2431220, -55.096941
2432080, -54.717030
2432940, -54.325776
2433800, -53.918356
2434660, -53.494384
2435520, -53.047269
2436380, -52.575316
2437240, -52.069745
2438100, -51.526164
2438960, -50.932191
2439820, -50.278640
2440680, -49.546469
2441540, -48.716157
2442400, -47.755996
2443260, -46.626954
2444120, -45.267671
2444980, -43.595235
2445840, -41.481297
2446700, -38.740365
2447560, -35.091857
2448420, -30.142319
2449280, -23.401461
2450140, -14.517249
2451000, -3.959529
2451860, 5.997819
2452720, 12.067927
2453580, 13.193250
2454440, 10.981264
2455300, 7.166133
2456160, 2.698687
2457020, -1.975462
2457880, -6.640334
2458740, -11.197458
2459600, -15.600015
2460460, -19.838080
2461320, -23.916478
2462180, -27.861894
2463040, -31.713991
2463900, -35.535274
2464760, -39.401171
2465620, -43.403235
2466480, -47.621985
2467340, -52.092943
2468200, -56.717886
2469060, -61.176361
2469920, -64.939736
2470780, -67.575104
2471640, -69.074810
2472500, -69.771062
2473360, -70.004462
2474220, -69.998622
2475080, -69.869349
2475940, -69.677701
2476800, -69.450271
2477660, -69.203603
2478520, -68.942678
2479380, -68.673533
2480240, -68.395965
2481100, -68.113425
2481960, -67.824418
2482820, -67.531707
2483680, -67.233428
2484540, -66.932180
2485400, -66.626022
2486260, -66.317470
2487120, -66.004568
2487980, -65.689871
2488840, -65.371369
2489700, -65.051595
2490560, -64.728615
2491420, -64.404907
2492280, -64.078491
2493140, -63.751919
2494000, -63.423151
2494860, -63.094655
2495720, -62.764469
2496580, -62.434984
2497440, -62.104117
2498300, -61.774342
2499160, -61.443482
2500020, -61.113841
2500880, -64.385423
2501740, -66.816055
2502600, -68.639078
2503460, -70.007197
2504320, -71.033282
2505180, -71.799279
2506040, -72.370544
2506900, -72.793232
2507760, -73.104937
2508620, -73.330606
2509480, -73.491918
2510340, -73.602025
2511200, -73.673900
2512060, -73.714258
2512920, -73.731305
2513780, -73.728214
2514640, -73.710541
2515500, -73.679475
2516360, -73.639070
2517220, -73.589375
2518080, -73.533576
2518940, -73.471055
2519800, -73.404481
2520660, -73.332837
2521520, -73.258481
2522380, -73.180150
2523240, -73.100008
2524100, -73.016642
2524960, -72.932094
2525820, -72.844849
2526680, -72.756867
2527540, -72.666575
2528400, -72.575885
2529260, -72.483185
2530120, -72.390352
2530980, -72.295747
2531840, -72.201225
2532700, -72.105127
2533560, -72.009290
2534420, -71.912045
2535280, -71.815204
2536140, -71.717083
2537000, -71.619495
2537860, -71.520755
2538720, -71.422670
2539580, -71.323551
2540440, -71.225200
2541300, -71.125925
2542160, -71.027524
2543020, -70.928299
2543880, -70.830032
2544740, -70.731011
2545600, -70.633022
2546460, -70.534362
2547320, -70.436815
2548180, -70.338680
2549040, -70.241739
2549900, -70.144289
2550760, -70.048109
2551620, -69.951495
2552480, -69.856210
2553340, -69.760527
2554200, -69.666210
2555060, -69.571546
2555920, -69.478304
2556780, -69.384775
2557640, -69.292726
2558500, -69.200447
2559360, -69.109703
2560220, -69.018785
2561080, -68.929454
2561940, -68.839972
2562800, -68.752075
2563660, -68.664041
2564520, -68.577621
2565380, -68.491099
2566240, -68.406229
2567100, -68.321297
2567960, -68.238055
2568820, -68.154791
2569680, -68.073255
2570540, -67.991732
2571400, -67.911967
2572260, -67.832205
2573120, -67.754167
2573980, -67.676126
2574840, -67.599822
2575700, -67.523534
2576560, -67.449006
2577420, -67.374521
2578280, -67.301820
2579140, -67.229190
2580000, -67.158370
2580860, -67.087645
2581720, -67.018753
2582580, -66.949980
2583440, -66.883026
2584300, -66.816140
2585160, -66.751039
2586020, -66.685996
2586880, -66.622740
2587740, -66.559555
2588600, -66.498170
2589460, -66.436874
2590320, -66.377396
2591180, -66.318025
2592040, -66.260491
2592900, -66.203081
2593760, -66.147525
2594620, -66.092111
2595480, -66.038566
2596340, -65.985178
2597200, -65.933658
2598060, -65.882248
2598920, -65.832645
2599780, -65.783123
2600640, -65.735396
2601500, -65.687751
2602360, -65.641906
2603220, -65.596151
2604080, -65.552209
2604940, -65.508369
2605800, -65.466352
2606660, -65.424451
2607520, -65.384383
2608380, -65.344442
2609240, -65.306344
2610100, -65.268382
2610960, -65.232271
2611820, -65.196303
2612680, -65.162191
2613540, -65.128228
2614400, -65.096125
2615260, -65.064174
2616120, -65.034084
2616980, -65.004147
2617840, -64.976070
2618700, -64.948112
2619560, -64.921954
2620420, -64.895874
2621280, -64.871568
2622140, -64.847326
2623000, -64.824848
2623860, -64.802426
2624720, -64.781762
2625580, -64.761150
2626440, -64.742290
2627300, -64.723475
2628160, -64.706405
2629020, -64.689372
2629880, -64.674074
2630740, -64.658803
2631600, -64.645254
2632460, -64.631718
2633320, -64.619889
2634180, -64.608059
2635040, -64.597917
2635900, -64.587755
2636760, -64.579261
2637620, -64.570725
2638480, -64.563835
2639340, -64.556879
2640200, -64.551542
2641060, -64.546113
2641920, -64.542276
2642780, -64.538318
2643640, -64.535920
2644500, -64.533370
2645360, -64.532348
2646220, -64.531141
2647080, -64.531427
2647940, -64.531493
2648800, -64.533015
2649660, -64.534281
2650520, -64.536964
2651380, -64.539353
2652240, -64.543119
2653100, -64.546553
2653960, -64.551322
2654820, -64.555719
2655680, -64.561410
2656540, -64.566687
2657400, -64.573217
2658260, -64.579291
2659120, -64.586576
2659980, -64.593363
2660840, -64.601320
2661700, -64.608737
2662560, -64.617281
2663420, -64.625244
2664280, -64.634294
2665140, -64.642723
2666000, -64.652196
2666860, -64.661010
2667720, -64.670829
2668580, -64.679951
2669440, -64.690039
2670300, -64.699392
2671160, -64.709675
2672020, -64.719189
2672880, -64.729597
2673740, -64.739201
2674600, -64.749667
2675460, -64.759297
2676320, -64.769757
2677180, -64.779352
2678040, -64.789748
2678900, -64.799250
2679760, -64.809526
2680620, -64.818883
2681480, -64.828988
2682340, -64.838152
2683200, -64.848040
2684060, -64.856965
2684920, -64.866594
2685780, -64.875243
2686640, -64.884576
2687500, -64.892911
2688360, -64.901915
2689220, -64.909907
2690080, -64.918553
2690940, -64.926174
2691800, -64.934438
2692660, -64.941667
2693520, -64.949528
2694380, -64.956346
2695240, -64.963788
2696100, -64.970181
2696960, -64.977191
2697820, -64.983147
2698680, -64.989716
2699540, -64.995228
2700400, -65.001350
2701260, -65.006412
2702120, -65.012075
2702980, -65.016667
2703840, -65.021855
2704700, -65.025972
2705560, -65.030685
2706420, -65.034331
2707280, -65.038577
2708140, -65.041762
2709000, -65.045552
2709860, -65.048288
2710720, -65.051637
2711580, -65.053939
2712440, -65.056862
2713300, -65.058747
2714160, -65.061261
2715020, -65.062747
2715880, -65.064870
2716740, -65.065975
2717600, -65.067727
2718460, -65.068471
2719320, -65.069871
2720180, -65.070274
2721040, -65.071342
2721900, -65.071424
2722760, -65.072182
2723620, -65.071965
2724480, -65.072433
2725340, -65.071936
2726200, -65.072135
2727060, -65.071381
2727920, -65.071332
2728780, -65.070340
2729640, -65.070064
2730500, -65.068855
2731360, -65.068373
2732220, -65.066967
2733080, -65.066298
2733940, -65.064716
2734800, -65.063879
2735660, -65.062140
2736520, -65.061154
2737380, -65.059277
2738240, -65.058161
2739100, -65.056163
2739960, -65.054936
2740820, -65.052835
2741680, -65.051512
2742540, -65.049325
2743400, -65.047924
2744260, -65.045666
2745120, -65.044202
2745980, -65.041888
2746840, -65.040376
2747700, -65.038022
2748560, -65.036476
2749420, -65.034094
2750280, -65.032526
2751140, -65.030131
2752000, -65.028554
2752860, -65.026155
2753720, -65.024581
2754580, -65.022191
2755440, -65.020630
2756300, -65.018258
2757160, -65.016720
2758020, -65.014377
2758880, -65.012870
2759740, -65.010563
2760600, -65.009097
2761460, -65.006834
2762320, -65.005415
2763180, -65.003203
2764040, -65.001839
2764900, -64.999684
2765760, -64.998379
2766620, -64.996285
2767480, -64.995038
2768340, -64.993003
2769200, -64.991816
2770060, -64.989843
2770920, -64.988720
2771780, -64.986812
2772640, -64.985755
2773500, -64.983916
2774360, -64.982929
2775220, -64.981162
2776080, -64.980248
2776940, -64.978555
2777800, -64.977716
2778660, -64.976099
2779520, -64.975336
2780380, -64.973797
2781240, -64.973113
2782100, -64.971653
2782960, -64.971047
2783820, -64.969666
2784680, -64.969139
2785540, -64.967837
2786400, -64.967389
2787260, -64.966166
2788120, -64.965796
2788980, -64.964652
2789840, -64.964359
2790700, -64.963292
2791560, -64.963075
2792420, -64.962084
2793280, -64.961942
2794140, -64.961024
2795000, -64.960954
2795860, -64.960108
2796720, -64.960109
2797580, -64.959332
2798440, -64.959401
2799300, -64.958691
2800160, -64.958825
2801020, -64.958180
2801880, -64.958376
2802740, -64.957792
2803600, -64.958048
2804460, -64.957523
2805320, -64.957835
2806180, -64.957364
2807040, -64.957730
2807900, -64.957311
2808760, -64.957726
2809620, -64.957357
2810480, -64.957818
2811340, -64.957494
2812200, -64.957999
2813060, -64.957716
2813920, -64.958261
2814780, -64.958017
2815640, -64.958598
2816500, -64.958389
2817360, -64.959002
2818220, -64.958825
2819080, -64.959469
2819940, -64.959320
2820800, -64.959989
2821660, -64.959865
2822520, -64.960558
2823380, -64.960456
2824240, -64.961169
2825100, -64.961086
2825960, -64.961816
2826820, -64.961749
2827680, -64.962492
2828540, -64.962438
2829400, -64.963193
2830260, -64.963149
2831120, -64.963912
2831980, -64.963875
2832840, -64.964644
2833700, -64.964613
2834560, -64.965385
2835420, -64.965356
2836280, -64.966130
2837140, -64.966101
2838000, -64.966874
2838860, -64.966843
2839720, -64.967612
2840580, -64.967578
2841440, -64.968343
2842300, -64.968303
2843160, -64.969061
2844020, -64.969014
2844880, -64.969764
2845740, -64.969708
2846600, -64.970448
2847460, -64.970383
2848320, -64.971111
2849180, -64.971035
2850040, -64.971751
2850900, -64.971663
2851760, -64.972366
2852620, -64.972264
2853480, -64.972954
2854340, -64.972838
2855200, -64.973512
2856060, -64.973382
2856920, -64.974041
2857780, -64.973895
2858640, -64.974539
2859500, -64.974377
2860360, -64.975004
2861220, -64.974827
2862080, -64.975438
2862940, -64.975244
2863800, -64.975838
2864660, -64.975629
2865520, -64.976206
2866380, -64.975980
2867240, -64.976541
2868100, -64.976299
2868960, -64.976843
2869820, -64.976585
2870680, -64.977114
2871540, -64.976840
2872400, -64.977352
2873260, -64.977063
2874120, -64.977559
2874980, -64.977255
2875840, -64.977737
2876700, -64.977418
2877560, -64.977885
2878420, -64.977551
2879280, -64.978004
2880140, -64.977658
2881000, -64.978097
2881860, -64.977737
2882720, -64.978163
2883580, -64.977791
2884440, -64.978205
2885300, -64.977822
2886160, -64.978224
2887020, -64.977829
2887880, -64.978220
2888740, -64.977815
2889600, -64.978196
2890460, -64.977781
2891320, -64.978152
2892180, -64.977729
2893040, -64.978091
2893900, -64.977659
2894760, -64.978013
2895620, -64.977574
2896480, -64.977920
2897340, -64.977475
2898200, -64.977814
2899060, -64.977362
2899920, -64.977696
2900780, -64.977239
2901640, -64.977567
2902500, -64.977105
2903360, -64.977428
2904220, -64.976962
2905080, -64.977281
2905940, -64.976812
2906800, -64.977128
2907660, -64.976656
2908520, -64.976968
2909380, -64.976494
2910240, -64.976805
2911100, -64.976329
2911960, -64.976638
2912820, -64.976161
2913680, -64.976469
2914540, -64.975991
2915400, -64.976298
2916260, -64.975821
2917120, -64.976128
2917980, -64.975651
2918840, -64.975958
2919700, -64.975482
2920560, -64.975789
2921420, -64.975315
2922280, -64.975623
2923140, -64.975150
2924000, -64.975460
2924860, -64.974989
2925720, -64.975301
2926580, -64.974832
2927440, -64.975145
2928300, -64.974679
2929160, -64.974995
2930020, -64.974531
2930880, -64.974850
2931740, -64.974389
2932600, -64.974710
2933460, -64.974252
2934320, -64.974577
2935180, -64.974122
2936040, -64.974449
2936900, -64.973998
2937760, -64.974329
2938620, -64.973881
2939480, -64.974215
2940340, -64.973771
2941200, -64.974108
2942060, -64.973668
2942920, -64.974008
2943780, -64.973572
2944640, -64.973915
2945500, -64.973483
2946360, -64.973830
2947220, -64.973401
2948080, -64.973751
2948940, -64.973326
2949800, -64.973680
2950660, -64.973258
2951520, -64.973615
2952380, -64.973197
2953240, -64.973557
2954100, -64.973143
2954960, -64.973506
2955820, -64.973095
2956680, -64.973462
2957540, -64.973054
2958400, -64.973423
2959260, -64.973019
2960120, -64.973391
2960980, -64.972990
2961840, -64.973364
2962700, -64.972966
2963560, -64.973344
2964420, -64.972948
2965280, -64.973328
2966140, -64.972936
2967000, -64.973317
2967860, -64.972928
2968720, -64.973312
2969580, -64.972924
2970440, -64.973310
2971300, -64.972925
2972160, -64.973313
2973020, -64.972930
2973880, -64.973320
2974740, -64.972939
2975600, -64.973330
2976460, -64.972951
2977320, -64.973343
2978180, -64.972966
2979040, -64.973359
2979900, -64.972983
2980760, -64.973378
2981620, -64.973004
2982480, -64.973399
2983340, -64.973026
2984200, -64.973423
2985060, -64.973051
2985920, -64.973448
2986780, -64.973077
2987640, -64.973474
2988500, -64.973104
2989360, -64.973502
2990220, -64.973133
2991080, -64.973531
2991940, -64.973162
2992800, -64.973561
2993660, -64.973192
2994520, -64.973591
2995380, -64.973223
2996240, -64.973621
2997100, -64.973253
2997960, -64.973652
2998820, -64.973284
2999680, -64.973682
3000540, -64.973315
