# ./result/hh_euler_0940.txt
# dt = 940 [usec]
# t [usec], V [mV]
0, -65.000000
940, -64.997238
1880, -64.994604
2820, -64.992070
3760, -64.989618
4700, -64.987241
5640, -64.984934
6580, -64.982694
7520, -64.980522
8460, -64.978417
9400, -64.976379
10340, -64.974410
11280, -64.972510
12220, -64.970679
13160, -64.968917
14100, -64.967226
15040, -64.965606
15980, -64.964056
16920, -64.962576
17860, -64.961167
18800, -64.959829
19740, -64.958560
20680, -64.957361
21620, -64.956231
22560, -64.955170
23500, -64.954176
24440, -64.953250
25380, -64.952390
26320, -64.951595
27260, -64.950865
28200, -64.950197
29140, -64.949592
30080, -64.949048
31020, -64.948564
31960, -64.948138
32900, -64.947769
33840, -64.947455
34780, -64.947196
35720, -64.946989
36660, -64.946834
37600, -64.946728
38540, -64.946670
39480, -64.946659
40420, -64.946692
41360, -64.946769
42300, -64.946887
43240, -64.947045
44180, -64.947241
45120, -64.947473
46060, -64.947741
47000, -64.948041
47940, -64.948374
48880, -64.948736
49820, -64.949126
50760, -64.949542
51700, -64.949984
52640, -64.950449
53580, -64.950935
54520, -64.951442
55460, -64.951967
56400, -64.952509
57340, -64.953067
58280, -64.953639
59220, -64.954223
60160, -64.954819
61100, -64.955424
62040, -64.956038
62980, -64.956659
63920, -64.957285
64860, -64.957917
65800, -64.958552
66740, -64.959189
67680, -64.959827
68620, -64.960465
69560, -64.961102
70500, -64.961736
71440, -64.962368
72380, -64.962996
73320, -64.963619
74260, -64.964236
75200, -64.964847
76140, -64.965450
77080, -64.966045
78020, -64.966631
78960, -64.967208
79900, -64.967775
80840, -64.968331
81780, -64.968876
82720, -64.969409
83660, -64.969930
84600, -64.970439
85540, -64.970934
86480, -64.971416
87420, -64.971885
88360, -64.972339
89300, -64.972780
90240, -64.973206
91180, -64.973617
92120, -64.974014
93060, -64.974396
94000, -64.974762
94940, -64.975114
95880, -64.975450
96820, -64.975772
97760, -64.976078
98700, -64.976370
99640, -64.976646
100580, -64.976907
101520, -64.977154
102460, -64.977385
103400, -64.977603
104340, -64.977806
105280, -64.977994
106220, -64.978169
107160, -64.978330
108100, -64.978477
109040, -64.978611
109980, -64.978732
110920, -64.978840
111860, -64.978935
112800, -64.979019
113740, -64.979090
114680, -64.979150
115620, -64.979199
116560, -64.979236
117500, -64.979263
118440, -64.979280
119380, -64.979286
120320, -64.979283
121260, -64.979271
122200, -64.979250
123140, -64.979220
124080, -64.979182
125020, -64.979137
125960, -64.979084
126900, -64.979023
127840, -64.978956
128780, -64.978883
129720, -64.978803
130660, -64.978718
131600, -64.978627
132540, -64.978532
133480, -64.978431
134420, -64.978327
135360, -64.978218
136300, -64.978106
137240, -64.977990
138180, -64.977871
139120, -64.977750
140060, -64.977626
141000, -64.977499
141940, -64.977371
142880, -64.977242
143820, -64.977111
144760, -64.976979
145700, -64.976846
146640, -64.976712
147580, -64.976579
148520, -64.976445
149460, -64.976311
150400, -64.976178
151340, -64.976045
152280, -64.975913
153220, -64.975782
154160, -64.975653
155100, -64.975524
156040, -64.975397
156980, -64.975272
157920, -64.975148
158860, -64.975026
159800, -64.974907
160740, -64.974789
161680, -64.974674
162620, -64.974562
163560, -64.974451
164500, -64.974344
165440, -64.974239
166380, -64.974137
167320, -64.974038
168260, -64.973941
169200, -64.973848
170140, -64.973757
171080, -64.973670
172020, -64.973586
172960, -64.973504
173900, -64.973426
174840, -64.973352
175780, -64.973280
176720, -64.973211
177660, -64.973146
178600, -64.973084
179540, -64.973025
180480, -64.972969
181420, -64.972916
182360, -64.972866
183300, -64.972820
184240, -64.972776
185180, -64.972736
186120, -64.972698
187060, -64.972663
188000, -64.972632
188940, -64.972603
189880, -64.972577
190820, -64.972553
191760, -64.972532
192700, -64.972514
193640, -64.972498
194580, -64.972485
195520, -64.972474
196460, -64.972466
197400, -64.972460
198340, -64.972456
199280, -64.972454
200220, -64.972454
201160, -64.972456
202100, -64.972460
203040, -64.972466
203980, -64.972474
204920, -64.972483
205860, -64.972494
206800, -64.972506
207740, -64.972520
208680, -64.972536
209620, -64.972552
210560, -64.972570
211500, -64.972589
212440, -64.972609
213380, -64.972630
214320, -64.972653
215260, -64.972676
216200, -64.972699
217140, -64.972724
218080, -64.972749
219020, -64.972775
219960, -64.972801
220900, -64.972828
221840, -64.972855
222780, -64.972883
223720, -64.972910
224660, -64.972939
225600, -64.972967
226540, -64.972995
227480, -64.973024
228420, -64.973052
229360, -64.973081
230300, -64.973110
231240, -64.973138
232180, -64.973166
233120, -64.973194
234060, -64.973222
235000, -64.973250
235940, -64.973277
236880, -64.973304
237820, -64.973330
238760, -64.973357
239700, -64.973382
240640, -64.973408
241580, -64.973432
242520, -64.973457
243460, -64.973480
244400, -64.973504
245340, -64.973526
246280, -64.973548
247220, -64.973570
248160, -64.973591
249100, -64.973611
250040, -64.973631
250980, -64.973650
251920, -64.973668
252860, -64.973686
253800, -64.973703
254740, -64.973719
255680, -64.973735
256620, -64.973750
257560, -64.973764
258500, -64.973778
259440, -64.973791
260380, -64.973803
261320, -64.973815
262260, -64.973826
263200, -64.973836
264140, -64.973846
265080, -64.973855
266020, -64.973863
266960, -64.973871
267900, -64.973878
268840, -64.973885
269780, -64.973891
270720, -64.973896
271660, -64.973901
272600, -64.973905
273540, -64.973909
274480, -64.973912
275420, -64.973915
276360, -64.973917
277300, -64.973919
278240, -64.973920
279180, -64.973921
280120, -64.973921
281060, -64.973921
282000, -64.973920
282940, -64.973919
283880, -64.973918
284820, -64.973916
285760, -64.973914
286700, -64.973912
287640, -64.973910
288580, -64.973907
289520, -64.973903
290460, -64.973900
291400, -64.973896
292340, -64.973892
293280, -64.973888
294220, -64.973883
295160, -64.973879
296100, -64.973874
297040, -64.973869
297980, -64.973864
298920, -64.973859
299860, -64.973853
300800, -64.973848
301740, -64.973842
302680, -64.973837
303620, -64.973831
304560, -64.973825
305500, -64.973819
306440, -64.973814
307380, -64.973808
308320, -64.973802
309260, -64.973796
310200, -64.973790
311140, -64.973784
312080, -64.973778
313020, -64.973772
313960, -64.973767
314900, -64.973761
315840, -64.973755
316780, -64.973750
317720, -64.973744
318660, -64.973739
319600, -64.973733
320540, -64.973728
321480, -64.973723
322420, -64.973718
323360, -64.973713
324300, -64.973708
325240, -64.973703
326180, -64.973699
327120, -64.973694
328060, -64.973690
329000, -64.973686
329940, -64.973682
330880, -64.973678
331820, -64.973674
332760, -64.973670
333700, -64.973666
334640, -64.973663
335580, -64.973660
336520, -64.973657
337460, -64.973654
338400, -64.973651
339340, -64.973648
340280, -64.973646
341220, -64.973643
342160, -64.973641
343100, -64.973639
344040, -64.973637
344980, -64.973635
345920, -64.973633
346860, -64.973631
347800, -64.973630
348740, -64.973629
349680, -64.973627
350620, -64.973626
351560, -64.973625
352500, -64.973624
353440, -64.973624
354380, -64.973623
355320, -64.973622
356260, -64.973622
357200, -64.973622
358140, -64.973621
359080, -64.973621
360020, -64.973621
360960, -64.973621
361900, -64.973621
362840, -64.973622
363780, -64.973622
364720, -64.973622
365660, -64.973623
366600, -64.973623
367540, -64.973624
368480, -64.973624
369420, -64.973625
370360, -64.973626
371300, -64.973627
372240, -64.973628
373180, -64.973629
374120, -64.973630
375060, -64.973631
376000, -64.973632
376940, -64.973633
377880, -64.973634
378820, -64.973635
379760, -64.973636
380700, -64.973637
381640, -64.973639
382580, -64.973640
383520, -64.973641
384460, -64.973642
385400, -64.973644
386340, -64.973645
387280, -64.973646
388220, -64.973647
389160, -64.973649
390100, -64.973650
391040, -64.973651
391980, -64.973653
392920, -64.973654
393860, -64.973655
394800, -64.973656
395740, -64.973658
396680, -64.973659
397620, -64.973660
398560, -64.973661
399500, -64.973663
400440, -64.973664
401380, -64.973665
402320, -64.973666
403260, -64.973667
404200, -64.973668
405140, -64.973669
406080, -64.973670
407020, -64.973671
407960, -64.973672
408900, -64.973673
409840, -64.973674
410780, -64.973675
411720, -64.973676
412660, -64.973677
413600, -64.973677
414540, -64.973678
415480, -64.973679
416420, -64.973680
417360, -64.973680
418300, -64.973681
419240, -64.973682
420180, -64.973682
421120, -64.973683
422060, -64.973683
423000, -64.973684
423940, -64.973684
424880, -64.973685
425820, -64.973685
426760, -64.973685
427700, -64.973686
428640, -64.973686
429580, -64.973686
430520, -64.973687
431460, -64.973687
432400, -64.973687
433340, -64.973687
434280, -64.973688
435220, -64.973688
436160, -64.973688
437100, -64.973688
438040, -64.973688
438980, -64.973688
439920, -64.973688
440860, -64.973688
441800, -64.973688
442740, -64.973688
443680, -64.973688
444620, -64.973688
445560, -64.973688
446500, -64.973688
447440, -64.973688
448380, -64.973688
449320, -64.973688
450260, -64.973687
451200, -64.973687
452140, -64.973687
453080, -64.973687
454020, -64.973687
454960, -64.973687
455900, -64.973686
456840, -64.973686
457780, -64.973686
458720, -64.973686
459660, -64.973686
460600, -64.973685
461540, -64.973685
462480, -64.973685
463420, -64.973685
464360, -64.973684
465300, -64.973684
466240, -64.973684
467180, -64.973684
468120, -64.973683
469060, -64.973683
470000, -64.973683
470940, -64.973683
471880, -64.973682
472820, -64.973682
473760, -64.973682
474700, -64.973682
475640, -64.973681
476580, -64.973681
477520, -64.973681
478460, -64.973681
479400, -64.973680
480340, -64.973680
481280, -64.973680
482220, -64.973680
483160, -64.973679
484100, -64.973679
485040, -64.973679
485980, -64.973679
486920, -64.973679
487860, -64.973678
488800, -64.973678
489740, -64.973678
490680, -64.973678
491620, -64.973678
492560, -64.973678
493500, -64.973677
494440, -64.973677
495380, -64.973677
496320, -64.973677
497260, -64.973677
498200, -64.973677
499140, -64.973677
500080, -64.973676
501020, -60.623350
501960, -56.473120
502900, -52.391805
503840, -48.121812
504780, -43.104315
505720, -36.144331
506660, -24.537211
507600, -2.549650
508540, 32.753056
509480, 48.311153
510420, 42.510802
511360, 40.737291
512300, 36.512553
513240, 32.352702
514180, 27.646182
515120, 22.757545
516060, 17.740717
517000, 12.699351
517940, 7.700898
518880, 2.787968
519820, -2.007458
520760, -6.674800
521700, -11.206993
522640, -15.611340
523580, -19.896550
524520, -24.087831
525460, -28.219686
526400, -32.357269
527340, -36.587938
528280, -41.042634
529220, -45.871146
530160, -51.210711
531100, -57.018511
532040, -62.800298
532980, -67.460542
533920, -70.152792
534860, -71.228388
535800, -71.503380
536740, -71.458290
537680, -71.293982
538620, -71.078372
539560, -70.841515
540500, -70.589193
541440, -70.329193
542380, -70.059155
543320, -69.783793
544260, -69.499536
545200, -69.210624
546140, -68.913331
547080, -68.611839
548020, -68.302399
548960, -67.989219
549900, -67.668611
550840, -67.344772
551780, -67.014042
552720, -66.680709
553660, -66.341086
554600, -65.999461
555540, -65.652259
556480, -65.303697
557420, -64.950182
558360, -64.596043
559300, -64.237579
560240, -63.879092
561180, -63.516957
562120, -63.155327
563060, -62.790582
564000, -62.426851
564940, -62.060333
565880, -61.695248
566820, -61.327598
567760, -60.961388
568700, -60.592821
569640, -60.225516
570580, -59.855489
571520, -59.486489
572460, -59.114080
573400, -58.742006
574340, -58.365606
575280, -57.988106
576220, -57.605140
577160, -57.219128
578100, -56.825145
579040, -56.425723
579980, -56.014941
580920, -55.595223
581860, -55.159336
582800, -54.708441
583740, -54.234438
584680, -53.736478
585620, -53.204359
586560, -52.634134
587500, -52.011148
588440, -51.326429
589380, -50.556217
590320, -49.678564
591260, -48.653229
592200, -47.431146
593140, -45.929527
594080, -44.032824
595020, -41.548022
595960, -38.175642
596900, -33.429281
597840, -26.586409
598780, -16.785157
599720, -3.906211
600660, 9.209341
601600, 16.760041
602540, 17.099287
603480, 13.639242
604420, 8.846846
605360, 3.638968
606300, -1.613782
607240, -6.755571
608180, -11.715807
609120, -16.477811
610060, -21.042628
611000, -25.436946
611940, -29.702616
612880, -33.910797
613820, -38.153181
614760, -42.554404
615700, -47.234082
616640, -52.263095
617580, -57.516384
618520, -62.511767
619460, -66.451214
620400, -68.845963
621340, -69.951558
622280, -70.323348
623220, -70.342776
624160, -70.205193
625100, -69.991733
626040, -69.743271
626980, -69.472253
627920, -69.190023
628860, -68.896266
629800, -68.596676
630740, -68.288377
631680, -67.975897
632620, -67.655839
633560, -67.332445
634500, -67.002203
635440, -66.669359
636380, -66.330343
637320, -65.989388
638260, -65.643007
639200, -65.295373
640140, -64.942987
641080, -64.590111
642020, -64.233157
642960, -63.876370
643900, -63.516221
644840, -63.156825
645780, -62.794662
646720, -62.433826
647660, -62.070636
648600, -61.709256
649540, -61.345850
650480, -60.984385
651420, -60.621211
652360, -60.259949
653300, -59.896745
654240, -59.535417
655180, -59.171695
656120, -58.809304
657060, -58.443960
658000, -58.078899
658940, -57.709962
659880, -57.339988
660820, -56.964253
661760, -56.585939
662700, -56.199423
663640, -55.807317
664580, -55.403970
665520, -54.990855
666460, -54.562173
667400, -54.117755
668340, -53.650347
669280, -53.158412
670220, -52.632283
671160, -52.067434
672100, -51.450385
673040, -50.770412
673980, -50.005689
674920, -49.135540
675860, -48.120019
676800, -46.912299
677740, -45.434137
678680, -43.576252
679620, -41.162189
680560, -37.926502
681500, -33.448321
682440, -27.129009
683380, -18.286032
684320, -6.830412
685260, 5.146227
686200, 13.019350
687140, 14.458971
688080, 11.676380
689020, 7.158735
689960, 2.055037
690900, -3.158723
691840, -8.283678
692780, -13.231174
693720, -17.977077
694660, -22.520813
695600, -26.894415
696540, -31.142300
697480, -35.345118
698420, -39.601930
699360, -44.036652
700300, -48.754124
701240, -53.779246
702180, -58.898844
703120, -63.546524
704060, -66.987404
705000, -68.961399
705940, -69.834294
706880, -70.104053
707820, -70.081280
708760, -69.924560
709700, -69.700355
710640, -69.444034
711580, -69.166238
712520, -68.877605
713460, -68.577708
714400, -68.272127
715340, -67.958100
716280, -67.640110
717220, -67.314835
718160, -66.986500
719100, -66.651710
720040, -66.314590
720980, -65.971717
721920, -65.627279
722860, -65.277791
723800, -64.927430
724740, -64.572788
725680, -64.217954
726620, -63.859515
727560, -63.501599
728500, -63.140675
729440, -62.780886
730380, -62.418667
731320, -62.058004
732260, -61.695418
733200, -61.334720
734140, -60.972246
735080, -60.611986
736020, -60.249942
736960, -59.889919
737900, -59.528093
738840, -59.167860
739780, -58.805330
740720, -58.443866
741660, -58.079105
742600, -57.714543
743540, -57.345438
744480, -56.974733
745420, -56.598054
746360, -56.217464
747300, -55.828009
748240, -55.431831
749180, -55.022867
750120, -54.603085
751060, -54.165005
752000, -53.709144
752940, -53.226954
753880, -52.716650
754820, -52.167110
755760, -51.572989
756700, -50.917761
757640, -50.189570
758580, -49.361837
759520, -48.406998
760460, -47.277337
761400, -45.912911
762340, -44.215375
763280, -42.043011
764220, -39.168400
765160, -35.247631
766100, -29.761042
767040, -22.057056
767980, -11.709943
768920, 0.255342
769860, 10.080315
770800, 13.953588
771740, 12.541009
772680, 8.559136
773620, 3.634139
774560, -1.555981
775500, -6.718032
776440, -11.731612
777380, -16.546130
778320, -21.158502
779260, -25.583068
780200, -29.866407
781140, -34.071198
782080, -38.295940
783020, -42.653666
783960, -47.264132
784900, -52.182516
785840, -57.293633
786780, -62.142565
787720, -66.008381
788660, -68.420968
789600, -69.588197
790540, -70.008745
791480, -70.060817
792420, -69.936755
793360, -69.731285
794300, -69.481763
795240, -69.210678
796180, -68.923112
797120, -68.627102
798060, -68.321142
799000, -68.010213
799940, -67.691388
800880, -67.368923
801820, -67.039547
802760, -66.707400
803700, -66.369104
804640, -66.028751
805580, -65.683018
806520, -65.335939
807460, -64.984171
808400, -64.631837
809340, -64.275503
810280, -63.919257
811220, -63.559754
812160, -63.200949
813100, -62.839476
814040, -62.479315
814980, -62.116933
815920, -61.756336
816860, -61.393903
817800, -61.033436
818740, -60.671453
819680, -60.311477
820620, -59.949794
821560, -59.590161
822500, -59.228443
823440, -58.868202
824380, -58.505457
825320, -58.143267
826260, -57.777615
827200, -57.411420
828140, -57.040078
829080, -56.666738
830020, -56.286114
830960, -55.900651
831900, -55.505310
832840, -55.101407
833780, -54.683399
834720, -54.251728
835660, -53.799371
836600, -53.325819
837540, -52.821782
838480, -52.284425
839420, -51.701012
840360, -51.063763
841300, -50.354374
842240, -49.555012
843180, -48.633520
844120, -47.553492
845060, -46.253071
846000, -44.650268
846940, -42.611129
847880, -39.938770
848820, -36.319103
849760, -31.286240
850700, -24.206379
851640, -14.538542
852580, -2.780860
853520, 7.987308
854460, 13.464000
855400, 13.118995
856340, 9.586483
857280, 4.813906
858220, -0.341844
859160, -5.525814
860100, -10.579565
861040, -15.445015
861980, -20.103475
862920, -24.570980
863860, -28.881356
864800, -33.098189
865740, -37.306511
866680, -41.622527
867620, -46.161701
868560, -51.008035
869500, -56.095329
870440, -61.062759
871380, -65.216559
872320, -67.973950
873260, -69.387871
874200, -69.944543
875140, -70.059226
876080, -69.967369
877020, -69.774826
877960, -69.534832
878900, -69.266295
879840, -68.983393
880780, -68.687572
881720, -68.385069
882660, -68.073668
883600, -67.757899
884540, -67.434697
885480, -67.108176
886420, -66.775113
887360, -66.439517
888300, -66.098102
889240, -65.754907
890180, -65.406623
891120, -65.057252
892060, -64.703558
893000, -64.349482
893940, -63.991740
894880, -63.634377
895820, -63.273969
896760, -62.914489
897700, -62.552625
898640, -62.192159
899580, -61.829738
900520, -61.469163
901460, -61.106853
902400, -60.746646
903340, -60.384832
904280, -60.024982
905220, -59.663578
906160, -59.303822
907100, -58.941895
908040, -58.581297
908980, -58.217682
909920, -57.854311
910860, -57.486984
911800, -57.118330
912740, -56.744119
913680, -56.366658
914620, -55.980963
915560, -55.589610
916500, -55.186470
917440, -54.773244
918380, -54.343521
919320, -53.897472
920260, -53.427841
921200, -52.932543
922140, -52.402213
923080, -51.831401
924020, -51.206195
924960, -50.515772
925900, -49.736899
926840, -48.847056
927780, -47.805733
928720, -46.562938
929660, -45.036078
930600, -43.111597
931540, -40.603769
932480, -37.234081
933420, -32.569694
934360, -26.014309
935300, -16.951337
936240, -5.515482
937180, 5.873435
938120, 12.773794
939060, 13.548863
940000, 10.514683
940940, 5.922781
941880, 0.810790
942820, -4.383054
943760, -9.474778
944700, -14.383390
945640, -19.089146
946580, -23.595360
947520, -27.937909
948460, -32.167127
949400, -36.369891
950340, -40.650103
951280, -45.131375
952220, -49.905703
953160, -54.958249
954100, -60.000876
955040, -64.401399
955980, -67.487193
956920, -69.164405
957860, -69.867412
958800, -70.055977
959740, -69.996173
960680, -69.821759
961620, -69.588342
962560, -69.326349
963500, -69.044646
964440, -68.752785
965380, -68.450182
966320, -68.142036
967260, -67.825745
968200, -67.505521
969140, -67.178270
970080, -66.847997
971020, -66.511510
971960, -66.172730
972900, -65.828476
973840, -65.482674
974780, -65.132097
975720, -64.780711
976660, -64.425281
977600, -64.069708
978540, -63.710826
979480, -63.352454
980420, -62.991337
981360, -62.631413
982300, -62.269234
983240, -61.908624
984180, -61.546267
985120, -61.185736
986060, -60.823657
987000, -60.463612
987940, -60.101934
988880, -59.742264
989820, -59.380753
990760, -59.020701
991700, -58.658519
992640, -58.297025
993580, -57.932243
994520, -57.567347
995460, -57.197692
996400, -56.826163
997340, -56.448168
998280, -56.065780
999220, -55.674417
1000160, -55.275378
1001100, -54.863081
1002040, -54.438708
1002980, -53.995128
1003920, -53.532784
1004860, -53.042319
1005800, -52.521978
1006740, -51.959509
1007680, -51.349231
1008620, -50.673296
1009560, -49.917409
1010500, -49.054101
1011440, -48.052487
1012380, -46.859834
1013320, -45.407474
1014260, -43.583722
1015200, -41.227638
1016140, -38.080689
1017080, -33.754308
1018020, -27.680143
1018960, -19.217743
1019900, -8.212505
1020840, 3.547962
1021780, 11.779761
1022720, 13.803154
1023660, 11.381599
1024600, 7.014119
1025540, 1.969271
1026480, -3.229365
1027420, -8.351884
1028360, -13.306249
1029300, -18.056217
1030240, -22.606388
1031180, -26.980443
1032120, -31.229899
1033060, -35.428959
1034000, -39.683099
1034940, -44.107983
1035880, -48.813735
1036820, -53.815034
1037760, -58.904092
1038700, -63.512669
1039640, -66.928231
1040580, -68.891636
1041520, -69.768569
1042460, -70.040778
1043400, -70.022901
1044340, -69.865885
1045280, -69.643932
1046220, -69.385530
1047160, -69.108923
1048100, -68.817619
1049040, -68.518604
1049980, -68.210217
1050920, -67.897042
1051860, -67.576275
1052800, -67.251918
1053740, -66.920908
1054680, -66.587143
1055620, -66.247469
1056560, -65.905764
1057500, -65.558910
1058440, -65.210730
1059380, -64.858117
1060320, -64.504929
1061260, -64.147986
1062200, -63.791170
1063140, -63.431289
1064080, -63.072118
1065020, -62.710532
1065960, -62.350191
1066900, -61.987836
1067840, -61.627269
1068780, -61.264972
1069720, -60.904590
1070660, -60.542767
1071600, -60.182826
1072540, -59.821336
1073480, -59.461627
1074420, -59.099894
1075360, -58.739544
1076300, -58.376541
1077240, -58.013855
1078180, -57.647774
1079120, -57.280635
1080060, -56.908221
1081000, -56.533230
1081940, -56.150596
1082880, -55.762687
1083820, -55.364149
1084760, -54.956291
1085700, -54.533691
1086640, -54.096093
1087580, -53.636884
1088520, -53.154368
1089460, -52.639678
1090400, -52.088465
1091340, -51.488303
1092280, -50.829279
1093220, -50.091657
1094160, -49.256155
1095100, -48.286834
1096040, -47.141825
1096980, -45.752127
1097920, -44.022512
1098860, -41.800436
1099800, -38.856841
1100740, -34.830480
1101680, -29.197749
1102620, -21.304250
1103560, -10.801747
1104500, 1.100344
1105440, 10.488073
1106380, 13.844742
1107320, 12.145913
1108260, 8.059303
1109200, 3.100325
1110140, -2.089448
1111080, -7.241195
1112020, -12.235426
1112960, -17.032381
1113900, -21.623516
1114840, -26.034407
1115780, -30.304208
1116720, -34.508136
1117660, -38.739075
1118600, -43.117488
1119540, -47.753868
1120480, -52.699020
1121420, -57.802728
1122360, -62.581770
1123300, -66.304686
1124240, -68.572564
1125180, -69.641473
1126120, -70.014309
1127060, -70.041409
1128000, -69.908267
1128940, -69.695600
1129880, -69.444896
1130820, -69.170159
1131760, -68.883050
1132700, -68.584182
1133640, -68.279090
1134580, -67.965547
1135520, -67.647751
1136460, -67.322793
1137400, -66.994553
1138340, -66.660020
1139280, -66.322958
1140220, -65.980316
1141160, -65.635917
1142100, -65.286648
1143040, -64.936317
1143980, -64.581889
1144920, -64.227083
1145860, -63.868856
1146800, -63.510973
1147740, -63.150270
1148680, -62.790523
1149620, -62.428542
1150560, -62.067944
1151500, -61.705618
1152440, -61.345018
1153380, -60.982847
1154320, -60.622740
1155260, -60.261063
1156200, -59.901252
1157140, -59.539873
1158080, -59.179950
1159020, -58.817957
1159960, -58.456924
1160900, -58.092849
1161840, -57.728859
1162780, -57.360626
1163720, -56.990720
1164660, -56.615190
1165600, -56.235726
1166540, -55.847740
1167480, -55.453108
1168420, -55.046133
1169360, -54.628425
1170300, -54.193046
1171240, -53.740156
1172180, -53.261815
1173120, -52.755913
1174060, -52.212070
1175000, -51.624688
1175940, -50.978234
1176880, -50.261265
1177820, -49.448031
1178760, -48.512145
1179700, -47.408379
1180640, -46.079492
1181580, -44.432870
1182520, -42.334363
1183460, -39.569969
1184400, -35.816606
1185340, -30.582163
1186280, -23.230067
1187220, -13.266631
1188160, -1.422647
1189100, 8.916763
1190040, 13.647377
1190980, 12.798198
1191920, 9.052216
1192860, 4.209077
1193800, -0.963465
1194740, -6.135560
1195680, -11.170589
1196620, -16.010268
1197560, -20.646231
1198500, -25.092103
1199440, -29.388863
1200380, -33.598727
1201320, -37.815750
1202260, -42.150417
1203200, -46.724523
1204140, -51.604789
1205080, -56.703596
1206020, -61.610838
1206960, -65.619780
1207900, -68.199399
1208840, -69.486261
1209780, -69.971431
1210720, -70.054496
1211660, -69.945223
1212600, -69.746812
1213540, -69.501066
1214480, -69.231951
1215420, -68.945756
1216360, -68.650543
1217300, -68.345352
1218240, -68.034893
1219180, -67.716646
1220120, -67.394528
1221060, -67.065640
1222000, -66.733765
1222940, -66.395894
1223880, -66.055755
1224820, -65.710385
1225760, -65.363465
1226700, -65.012008
1227640, -64.659778
1228580, -64.303705
1229520, -63.947509
1230460, -63.588222
1231400, -63.229428
1232340, -62.868118
1233280, -62.507934
1234220, -62.145690
1235160, -61.785028
1236100, -61.422717
1237040, -61.062183
1237980, -60.700298
1238920, -60.340265
1239860, -59.978710
1240800, -59.619074
1241740, -59.257555
1242680, -58.897340
1243620, -58.534872
1244560, -58.172820
1245500, -57.807511
1246440, -57.441586
1247380, -57.070767
1248320, -56.697822
1249260, -56.317935
1250200, -55.933150
1251140, -55.538911
1252080, -55.136124
1253020, -54.719582
1253960, -54.289559
1254900, -53.839351
1255840, -53.368328
1256780, -52.867527
1257720, -52.334089
1258660, -51.755645
1259600, -51.124573
1260540, -50.423028
1261480, -49.633664
1262420, -48.725739
1263360, -47.663937
1264300, -46.388840
1265240, -44.821155
1266180, -42.833410
1267120, -40.237039
1268060, -36.731004
1269000, -31.867787
1269940, -25.026736
1270880, -15.631991
1271820, -4.007492
1272760, 7.061786
1273700, 13.178174
1274640, 13.314847
1275580, 9.993626
1276520, 5.296399
1277460, 0.158865
1278400, -5.030817
1279340, -10.100558
1280280, -14.985605
1281220, -19.663616
1282160, -24.149453
1283100, -28.472588
1284040, -32.695889
1284980, -36.900941
1285920, -41.200962
1286860, -45.713357
1287800, -50.528806
1288740, -55.600602
1289680, -60.603717
1290620, -64.866761
1291560, -67.768166
1292500, -69.293382
1293440, -69.912201
1294380, -70.057161
1295320, -69.979416
1296260, -69.793825
1297200, -69.557276
1298140, -69.290826
1299080, -69.009100
1300020, -68.714272
1300960, -68.412394
1301900, -68.101685
1302840, -67.786360
1303780, -67.463733
1304720, -67.137568
1305660, -66.805002
1306600, -66.469694
1307540, -66.128711
1308480, -65.785735
1309420, -65.437820
1310360, -65.088606
1311300, -64.735209
1312240, -64.381230
1313180, -64.023728
1314120, -63.666395
1315060, -63.306175
1316000, -62.946674
1316940, -62.584957
1317880, -62.224440
1318820, -61.862114
1319760, -61.501459
1320700, -61.139233
1321640, -60.778910
1322580, -60.417177
1323520, -60.057231
1324460, -59.695896
1325400, -59.336076
1326340, -58.974279
1327280, -58.613711
1328220, -58.250342
1329160, -57.887061
1330100, -57.520104
1331040, -57.151709
1331980, -56.777974
1332920, -56.400969
1333860, -56.016016
1334800, -55.625389
1335740, -55.223357
1336680, -54.811229
1337620, -54.383132
1338560, -53.938829
1339500, -53.471645
1340440, -52.979101
1341380, -52.452500
1342320, -51.886031
1343260, -51.266615
1344200, -50.583146
1345140, -49.813520
1346080, -48.935821
1347020, -47.911189
1347960, -46.691141
1348900, -45.196161
1349840, -43.316322
1350780, -40.873966
1351720, -37.602744
1352660, -33.085765
1353600, -26.740684
1354540, -17.935537
1355480, -6.672947
1356420, 4.903928
1357360, 12.386664
1358300, 13.679626
1359240, 10.891648
1360180, 6.389937
1361120, 1.303096
1362060, -3.893273
1363000, -8.998946
1363940, -13.926016
1364880, -18.650990
1365820, -23.175944
1366760, -27.532023
1367700, -31.769718
1368640, -35.971116
1369580, -40.238176
1370520, -44.695304
1371460, -49.439611
1372400, -54.471760
1373340, -59.536077
1374280, -64.029270
1375220, -67.256851
1376160, -69.054140
1377100, -69.827807
1378040, -70.051044
1378980, -70.007654
1379920, -69.840967
1380860, -69.611605
1381800, -69.351732
1382740, -69.071494
1383680, -68.780515
1384620, -68.478759
1385560, -68.171167
1386500, -67.855528
1387440, -67.535732
1388380, -67.209041
1389320, -66.879114
1390260, -66.543114
1391200, -66.204614
1392140, -65.860775
1393080, -65.515185
1394020, -65.164959
1394960, -64.813711
1395900, -64.458567
1396840, -64.103072
1397780, -63.744401
1398720, -63.386048
1399660, -63.025093
1400600, -62.665127
1401540, -62.303067
1402480, -61.942376
1403420, -61.580116
1404360, -61.219496
1405300, -60.857475
1406240, -60.497336
1407180, -60.135734
1408120, -59.775951
1409060, -59.414545
1410000, -59.054440
1410940, -58.692376
1411880, -58.330903
1412820, -57.966352
1413760, -57.601631
1414700, -57.232396
1415640, -56.861158
1416580, -56.483784
1417520, -56.101954
1418460, -55.711401
1419400, -55.313236
1420340, -54.902168
1421280, -54.479210
1422220, -54.037516
1423160, -53.577180
1424100, -53.089449
1425040, -52.572180
1425980, -52.013850
1426920, -51.408721
1427860, -50.739460
1428800, -49.992129
1429740, -49.140483
1430680, -48.153700
1431620, -46.981124
1432560, -45.557278
1433500, -43.774250
1434440, -41.477694
1435380, -38.419189
1436320, -34.224831
1437260, -28.342671
1438200, -20.126456
1439140, -9.326880
1440080, 2.519675
1441020, 11.266969
1441960, 13.848880
1442900, 11.720781
1443840, 7.465013
1444780, 2.454235
1445720, -2.742682
1446660, -7.877476
1447600, -12.849369
1448540, -17.618552
1449480, -22.187484
1450420, -26.575964
1451360, -30.835253
1452300, -35.034864
1453240, -39.278161
1454180, -43.681610
1455120, -48.357969
1456060, -53.335174
1457000, -58.433943
1457940, -63.118876
1458880, -66.669666
1459820, -68.760885
1460760, -69.717865
1461700, -70.030727
1462640, -70.031899
1463580, -69.884056
1464520, -69.666561
1465460, -69.410717
1466400, -69.135530
1467340, -68.845346
1468280, -68.547041
1469220, -68.239402
1470160, -67.926722
1471100, -67.606568
1472040, -67.282607
1472980, -66.952124
1473920, -66.618684
1474860, -66.279470
1475800, -65.938018
1476740, -65.591557
1477680, -65.243564
1478620, -64.891269
1479560, -64.538204
1480500, -64.181518
1481440, -63.824750
1482380, -63.465068
1483320, -63.105894
1484260, -62.744438
1485200, -62.384047
1486140, -62.021788
1487080, -61.661128
1488020, -61.298904
1488960, -60.938410
1489900, -60.576667
1490840, -60.216635
1491780, -59.855208
1492720, -59.495436
1493660, -59.133823
1494600, -58.773422
1495540, -58.410609
1496480, -58.047981
1497420, -57.682142
1498360, -57.315188
1499300, -56.943195
1500240, -56.568627
1501180, -56.186700
1502120, -55.799413
1503060, -55.401898
1504000, -54.995075
1504940, -54.574027
1505880, -54.138104
1506820, -53.681002
1507760, -53.200969
1508700, -52.689433
1509640, -52.142073
1510580, -51.546786
1511520, -50.893863
1512460, -50.164528
1513400, -49.339330
1514340, -48.383837
1515280, -47.257361
1516220, -45.893363
1517160, -44.200733
1518100, -42.031865
1519040, -39.167795
1519980, -35.260662
1520920, -29.802890
1521860, -22.143322
1522800, -11.867034
1523740, 0.033315
1524680, 9.852776
1525620, 13.791931
1526560, 12.438144
1527500, 8.488465
1528440, 3.574517
1529380, -1.608804
1530320, -6.770620
1531260, -11.781681
1532200, -16.597396
1533140, -21.207521
1534080, -25.633274
1535020, -29.914137
1535960, -34.119911
1536900, -38.342850
1537840, -42.702432
1538780, -47.311108
1539720, -52.229518
1540660, -57.333148
1541600, -62.171862
1542540, -66.019872
1543480, -68.420751
1544420, -69.579032
1545360, -69.998324
1546300, -70.047587
1547240, -69.924777
1548180, -69.717328
1549120, -69.469279
1550060, -69.196250
1551000, -68.910148
1551940, -68.612185
1552880, -68.307685
1553820, -67.994811
1554760, -67.677461
1555700, -67.353071
1556640, -67.025193
1557580, -66.691151
1558520, -66.354381
1559460, -66.012164
1560400, -65.667991
1561340, -65.319082
1562280, -64.968907
1563220, -64.614776
1564160, -64.260067
1565100, -63.902064
1566040, -63.544218
1566980, -63.183688
1567920, -62.823910
1568860, -62.462054
1569800, -62.101391
1570740, -61.739134
1571680, -61.378441
1572620, -61.016329
1573560, -60.656114
1574500, -60.294506
1575440, -59.934591
1576380, -59.573319
1577320, -59.213352
1578260, -58.851480
1579200, -58.490472
1580140, -58.126623
1581080, -57.762707
1582020, -57.394823
1582960, -57.025166
1583900, -56.650123
1584840, -56.271129
1585780, -55.883884
1586720, -55.490065
1587660, -55.084250
1588600, -54.667684
1589540, -54.233966
1590480, -53.782869
1591420, -53.307032
1592360, -52.803963
1593300, -52.263952
1594240, -51.681054
1595180, -51.040576
1596120, -50.330982
1597060, -49.527453
1598000, -48.604309
1598940, -47.518044
1599880, -46.213056
1600820, -44.599915
1601760, -42.549940
1602700, -39.857542
1603640, -36.212286
1604580, -31.138082
1605520, -24.006201
1606460, -14.279955
1607400, -2.511164
1608340, 8.164680
1609280, 13.482646
1610220, 13.034132
1611160, 9.456769
1612100, 4.671374
1613040, -0.488809
1613980, -5.668665
1614920, -10.719395
1615860, -15.577680
1616800, -20.232483
1617740, -24.693928
1618680, -29.002321
1619620, -33.215464
1620560, -37.426935
1621500, -41.745770
1622440, -46.293873
1623380, -51.146156
1624320, -56.236635
1625260, -61.188303
1626200, -65.309558
1627140, -68.024214
1628080, -69.409711
1629020, -69.948423
1629960, -70.057029
1630900, -69.959881
1631840, -69.767249
1632780, -69.524648
1633720, -69.257226
1634660, -68.972270
1635600, -68.677828
1636540, -68.373407
1637480, -68.063459
1638420, -67.745822
1639360, -67.424107
1640300, -67.095747
1641240, -66.764198
1642180, -66.426788
1643120, -66.086911
1644060, -65.741929
1645000, -65.395207
1645940, -65.044076
1646880, -64.691970
1647820, -64.336160
1648760, -63.980030
1649700, -63.620953
1650640, -63.262177
1651580, -62.901011
1652520, -62.540796
1653460, -62.178661
1654400, -61.817912
1655340, -61.455680
1656280, -61.095047
1657220, -60.733203
1658160, -60.373069
1659100, -60.011575
1660040, -59.651860
1660980, -59.290452
1661920, -58.930192
1662860, -58.567912
1663800, -58.205922
1664740, -57.840853
1665680, -57.475110
1666620, -57.104700
1667560, -56.732039
1668500, -56.352756
1669440, -55.968520
1670380, -55.575228
1671320, -55.173403
1672260, -54.758131
1673200, -54.329558
1674140, -53.881249
1675080, -53.412488
1676020, -52.914589
1676960, -52.384693
1677900, -51.810740
1678840, -51.185269
1679780, -50.490823
1680720, -49.710518
1681660, -48.814893
1682600, -47.769613
1683540, -46.517449
1684480, -44.981507
1685420, -43.040130
1686360, -40.511816
1687300, -37.107235
1688240, -32.395042
1689180, -25.767923
1690120, -16.624585
1691060, -5.139775
1692000, 6.173176
1692940, 12.879531
1693880, 13.489958
1694820, 10.382490
1695760, 5.761960
1696700, 0.644391
1697640, -4.549759
1698580, -9.634756
1699520, -14.538541
1700460, -19.236130
1701400, -23.738434
1702340, -28.074524
1703280, -32.303021
1704220, -36.505112
1705160, -40.791479
1706100, -45.279220
1707040, -50.064983
1707980, -55.121711
1708920, -60.156150
1709860, -64.520877
1710800, -67.560736
1711740, -69.197343
1712680, -69.879543
1713620, -70.055507
1714560, -69.992204
1715500, -69.813684
1716440, -69.580642
1717380, -69.316297
1718320, -69.035777
1719260, -68.741950
1720200, -68.440723
1721140, -68.130716
1722080, -67.815863
1723020, -67.493820
1723960, -67.168038
1724900, -66.835976
1725840, -66.500980
1726780, -66.160436
1727720, -65.817700
1728660, -65.470157
1729600, -65.121120
1730540, -64.768022
1731480, -64.414155
1732420, -64.056892
1733360, -63.699598
1734300, -63.339558
1735240, -62.980047
1736180, -62.618471
1737120, -62.257910
1738060, -61.895669
1739000, -61.534940
1739940, -61.172784
1740880, -60.812348
1741820, -60.450681
1742760, -60.090640
1743700, -59.729354
1744640, -59.369468
1745580, -59.007781
1746520, -58.647220
1747460, -58.284066
1748400, -57.920864
1749340, -57.554253
1750280, -57.186111
1751220, -56.812828
1752160, -56.436273
1753100, -56.052038
1754040, -55.662049
1754980, -55.261052
1755920, -54.849981
1756860, -54.423460
1757800, -53.980874
1758740, -53.516093
1759680, -53.026268
1760620, -52.503160
1761560, -51.940858
1762500, -51.327048
1763440, -50.650355
1764380, -49.889743
1765320, -49.023904
1766260, -48.015328
1767200, -46.817134
1768140, -45.352912
1769080, -43.516224
1770020, -41.137176
1770960, -37.960238
1771900, -33.584929
1772840, -27.444000
1773780, -18.893647
1774720, -7.821196
1775660, 3.900641
1776600, 11.943966
1777540, 13.777788
1778480, 11.257007
1779420, 6.854470
1780360, 1.796883
1781300, -3.400357
1782240, -8.519894
1783180, -13.466148
1784120, -18.210912
1785060, -22.753442
1786000, -27.123656
1786940, -31.368778
1787880, -35.569582
1788820, -39.825787
1789760, -44.259835
1790700, -48.974129
1791640, -53.985373
1792580, -59.068707
1793520, -63.650064
1794460, -67.015695
1795400, -68.936313
1796340, -69.784325
1797280, -70.044427
1798220, -70.018485
1799160, -69.860002
1800100, -69.634898
1801040, -69.377254
1801980, -69.098521
1802920, -68.808460
1803860, -68.507560
1804800, -68.200543
1805740, -67.885558
1806680, -67.566207
1807620, -67.240074
1808560, -66.910509
1809500, -66.574996
1810440, -66.236790
1811380, -65.893364
1812320, -65.548002
1813260, -65.198124
1814200, -64.847028
1815140, -64.492167
1816080, -64.136763
1817020, -63.778300
1817960, -63.419979
1818900, -63.059181
1819840, -62.699178
1820780, -62.337228
1821720, -61.976468
1822660, -61.614300
1823600, -61.253600
1824540, -60.891631
1825480, -60.531408
1826420, -60.169875
1827360, -59.809990
1828300, -59.448681
1829240, -59.088532
1830180, -58.726579
1831120, -58.365134
1832060, -58.000806
1833000, -57.636264
1833940, -57.267438
1834880, -56.896497
1835820, -56.519735
1836760, -56.138471
1837700, -55.748720
1838640, -55.351439
1839580, -54.941592
1840520, -54.520058
1841460, -54.080243
1842400, -53.621901
1843340, -53.136879
1844280, -52.622681
1845220, -52.068472
1846160, -51.468185
1847100, -50.805360
1848040, -50.066390
1848980, -49.225583
1849920, -48.252929
1850860, -47.099666
1851800, -45.702379
1852740, -43.957896
1853680, -41.718004
1854620, -38.743875
1855560, -34.675678
1856500, -28.977896
1857440, -21.001433
1858380, -10.416839
1859320, 1.475824
1860260, 10.701941
1861200, 13.852257
1862140, 12.037991
1863080, 7.903967
1864020, 2.931669
1864960, -2.261479
1865900, -7.407978
1866840, -12.397691
1867780, -17.186332
1868720, -21.772857
1869660, -26.176348
1870600, -30.444566
1871540, -34.646219
1872480, -38.881419
1873420, -43.264856
1874360, -47.912667
1875300, -52.865649
1876240, -57.970532
1877180, -62.725647
1878120, -66.404738
1879060, -68.623925
1880000, -69.663373
1880940, -70.018596
1881880, -70.039675
1882820, -69.901371
1883760, -69.688501
1884700, -69.435271
1885640, -69.161536
1886580, -68.872471
1887520, -68.574883
1888460, -68.267979
1889400, -67.955797
1890340, -67.636240
1891280, -67.312679
1892220, -66.982710
1893160, -66.649599
1894100, -66.310832
1895040, -65.969637
1895980, -65.623559
1896920, -65.275760
1897860, -64.923775
1898800, -64.570839
1899740, -64.214403
1900680, -63.857694
1901620, -63.498202
1902560, -63.139035
1903500, -62.777704
1904440, -62.417274
1905380, -62.055106
1906320, -61.694351
1907260, -61.332192
1908200, -60.971594
1909140, -60.609925
1910080, -60.249813
1911020, -59.888446
1911960, -59.528622
1912900, -59.167124
1913840, -58.806682
1914780, -58.444051
1915720, -58.081488
1916660, -57.715882
1917600, -57.349117
1918540, -56.977534
1919480, -56.603387
1920420, -56.222147
1921360, -55.835475
1922300, -55.438957
1923240, -55.033152
1924180, -54.613445
1925120, -54.179056
1926060, -53.723935
1927000, -53.246280
1927940, -52.737772
1928880, -52.194135
1929820, -51.603552
1930760, -50.956528
1931700, -50.235189
1932640, -49.419944
1933580, -48.477790
1934520, -47.369199
1935460, -46.029983
1936400, -44.372703
1937340, -42.254869
1938280, -39.465749
1939220, -35.671317
1940160, -30.379956
1941100, -22.946309
1942040, -12.899473
1942980, -1.033041
1943920, 9.175149
1944860, 13.695372
1945800, 12.706198
1946740, 8.904552
1947680, 4.040406
1948620, -1.134243
1949560, -6.305070
1950500, -11.332884
1951440, -16.167472
1952380, -20.795550
1953320, -25.236800
1954260, -29.528285
1955200, -33.738213
1956140, -37.955429
1957080, -42.297288
1958020, -46.879277
1958960, -51.771185
1959900, -56.871093
1960840, -61.762943
1961780, -65.728784
1962720, -68.261301
1963660, -69.511768
1964600, -69.979804
1965540, -70.052401
1966480, -69.940471
1967420, -69.738467
1968360, -69.493183
1969300, -69.221900
1970240, -68.936831
1971180, -68.639771
1972120, -68.335871
1973060, -68.023658
1974000, -67.706758
1974940, -67.382925
1975880, -67.055414
1976820, -66.721852
1977760, -66.385382
1978700, -66.043581
1979640, -65.699637
1980580, -65.351079
1981520, -65.001069
1982460, -64.647229
1983400, -64.292627
1984340, -63.934843
1985280, -63.577044
1986220, -63.216682
1987160, -62.856884
1988100, -62.495148
1989040, -62.134430
1989980, -61.772237
1990920, -61.411461
1991860, -61.049402
1992800, -60.689066
1993740, -60.327509
1994680, -59.967495
1995620, -59.606320
1996560, -59.246318
1997500, -58.884559
1998440, -58.523583
1999380, -58.159951
2000320, -57.796116
2001260, -57.428569
2002200, -57.059162
2003140, -56.684558
2004080, -56.306012
2005020, -55.919473
2005960, -55.526449
2006900, -55.121758
2007840, -54.706313
2008780, -54.274210
2009720, -53.824870
2010660, -53.351471
2011600, -52.851173
2012540, -52.314895
2013480, -51.736375
2014420, -51.101715
2015360, -50.399143
2016300, -49.604935
2017240, -48.694089
2018180, -47.624724
2019120, -46.342835
2020060, -44.762046
2021000, -42.758972
2021940, -40.136150
2022880, -36.594653
2023820, -31.674790
2024760, -24.758165
2025700, -15.274332
2026640, -3.607840
2027580, 7.364288
2028520, 13.267684
2029460, 13.245578
2030400, 9.852377
2031340, 5.131641
2032280, -0.013371
2033220, -5.199431
2034160, -10.265568
2035100, -15.142638
2036040, -19.815653
2036980, -24.293543
2037920, -28.613974
2038860, -32.833562
2039800, -37.040962
2040740, -41.344377
2041680, -45.867178
2042620, -50.691570
2043560, -55.770016
2044500, -60.759773
2045440, -64.987444
2046380, -67.838302
2047320, -69.326515
2048260, -69.922149
2049200, -70.058103
2050140, -69.973908
2051080, -69.787441
2052020, -69.548152
2052960, -69.282511
2053900, -68.998829
2054840, -68.705188
2055780, -68.401543
2056720, -68.092123
2057660, -67.775096
2058600, -67.453798
2059540, -67.125963
2060480, -66.794754
2061420, -66.457800
2062360, -66.118198
2063300, -65.773602
2064240, -65.427090
2065180, -65.076281
2066120, -64.724312
2067060, -64.368761
2068000, -64.012709
2068940, -63.653830
2069880, -63.295078
2070820, -62.934051
2071760, -62.573817
2072700, -62.211785
2073640, -61.850961
2074580, -61.488803
2075520, -61.128082
2076460, -60.766272
2077400, -60.406046
2078340, -60.044606
2079280, -59.684783
2080220, -59.323459
2081160, -58.963152
2082100, -58.601049
2083040, -58.239128
2083980, -57.874292
2084920, -57.508739
2085860, -57.138730
2086800, -56.766362
2087740, -56.387674
2088680, -56.003994
2089620, -55.611619
2090560, -55.210748
2091500, -54.796724
2092440, -54.369594
2093380, -53.923163
2094320, -53.456653
2095260, -52.961625
2096200, -52.435248
2097140, -51.865739
2098080, -51.245825
2099020, -50.558404
2099960, -49.787073
2100900, -48.903611
2101840, -47.874674
2102780, -46.645164
2103720, -45.140583
2104660, -43.243655
2105600, -40.779998
2106540, -37.472949
2107480, -32.906151
2108420, -26.486132
2109360, -17.592704
2110300, -6.267672
2111240, 5.246102
2112180, 12.527792
2113120, 13.635230
2114060, 10.760425
2115000, 6.224719
2115940, 1.130271
2116880, -4.066775
2117820, -9.166013
2118760, -14.088337
2119700, -18.804924
2120640, -23.324738
2121580, -27.674705
2122520, -31.911039
2123460, -36.110954
2124400, -40.383990
2125340, -44.848033
2126280, -49.604508
2127220, -54.642367
2128160, -59.700820
2129100, -64.160344
2130040, -67.339644
2130980, -69.092811
2131920, -69.842759
2132860, -70.052080
2133800, -70.004331
2134740, -69.833373
2135680, -69.604075
2136620, -69.341938
2137560, -69.062688
2138500, -68.769886
2139440, -68.469337
2140380, -68.160039
2141320, -67.845677
2142260, -67.524220
2143200, -67.198837
2144140, -66.867279
2145080, -66.532612
2146020, -66.192506
2146960, -65.850025
2147900, -65.502853
2148840, -65.154007
2149780, -64.801204
2150720, -64.447463
2151660, -64.090435
2152600, -63.733193
2153540, -63.373329
2154480, -63.013820
2155420, -62.652368
2156360, -62.291769
2157300, -61.929605
2158240, -61.568813
2159180, -61.206722
2160120, -60.846181
2161060, -60.484574
2162000, -60.124446
2162940, -59.763203
2163880, -59.403260
2164820, -59.041674
2165760, -58.681068
2166700, -58.318089
2167640, -57.954955
2168580, -57.588675
2169520, -57.220790
2170460, -56.847952
2171400, -56.471856
2172340, -56.088332
2173280, -55.698990
2174220, -55.299020
2175160, -54.889014
2176100, -54.464060
2177040, -54.023195
2177980, -53.560662
2178920, -53.073465
2179860, -52.553620
2180800, -51.995324
2181740, -51.386957
2182680, -50.716885
2183620, -49.965085
2184560, -49.110860
2185500, -48.117401
2186440, -46.939295
2187380, -45.503985
2188320, -43.708205
2189260, -41.389340
2190200, -38.301389
2191140, -34.059343
2192080, -28.111243
2193020, -19.806059
2193960, -8.933657
2194900, 2.889288
2195840, 11.455777
2196780, 13.837877
2197720, 11.600962
2198660, 7.305575
2199600, 2.280620
2200540, -2.915653
2201480, -8.047467
2202420, -13.011518
2203360, -17.775080
2204300, -22.336050
2205240, -26.721177
2206180, -30.975680
2207120, -35.175993
2208060, -39.421683
2209000, -43.834272
2209940, -48.519701
2210880, -53.507036
2211820, -58.601113
2212760, -63.260813
2213700, -66.762194
2214640, -68.809080
2215580, -69.735659
2216520, -70.035268
2217460, -70.028052
2218400, -69.878367
2219340, -69.657780
2220280, -69.402493
2221220, -69.125316
2222160, -68.836210
2223100, -68.536172
2224040, -68.229744
2224980, -67.915410
2225920, -67.596514
2226860, -67.270934
2227800, -66.941740
2228740, -66.606707
2229680, -66.268805
2230620, -65.925787
2231560, -65.580661
2232500, -65.231125
2233440, -64.880192
2234380, -64.525607
2235320, -64.170304
2236260, -63.812045
2237200, -63.453765
2238140, -63.093118
2239080, -62.733088
2240020, -62.371243
2240960, -62.010421
2241900, -61.648326
2242840, -61.287549
2243780, -60.925624
2244720, -60.565323
2245660, -60.203852
2246600, -59.843872
2247540, -59.482652
2248480, -59.122465
2249420, -58.760612
2250360, -58.399199
2251300, -58.035081
2252240, -57.670624
2253180, -57.302136
2254120, -56.931460
2255060, -56.555274
2256000, -56.174562
2256940, -55.785586
2257880, -55.389173
2258820, -54.980515
2259760, -54.560380
2260700, -54.122395
2261640, -53.666007
2262580, -53.183626
2263520, -52.672431
2264460, -52.122236
2265400, -51.526677
2266340, -50.870119
2267280, -50.139298
2268220, -49.308971
2269160, -48.350021
2270100, -47.215491
2271040, -45.843814
2271980, -44.136571
2272920, -41.950239
2273860, -39.056588
2274800, -35.108876
2275740, -29.587737
2276680, -21.846876
2277620, -11.487477
2278560, 0.414763
2279500, 10.084438
2280440, 13.814035
2281380, 12.336252
2282320, 8.335032
2283260, 3.405977
2284200, -1.781316
2285140, -6.938097
2286080, -11.944384
2287020, -16.751721
2287960, -21.356743
2288900, -25.775984
2289840, -30.054406
2290780, -34.257677
2291720, -38.484943
2292660, -42.849794
2293600, -47.469816
2294540, -52.396318
2295480, -57.501588
2296420, -62.317996
2297360, -66.123194
2298300, -68.475019
2299240, -69.602498
2300180, -70.003509
2301120, -70.046190
2302060, -69.918187
2303000, -69.710301
2303940, -69.459844
2304880, -69.187650
2305820, -68.899737
2306760, -68.602898
2307700, -68.296737
2308640, -67.985072
2309580, -67.666114
2310520, -67.342968
2311460, -67.013513
2312400, -66.680742
2313340, -66.342421
2314280, -66.001497
2315220, -65.655799
2316160, -65.308208
2317100, -64.956531
2318040, -64.603738
2318980, -64.247549
2319920, -63.890909
2320860, -63.531605
2321800, -63.172456
2322740, -62.811245
2323680, -62.450787
2324620, -62.088704
2325560, -61.727864
2326500, -61.365762
2327440, -61.005070
2328380, -60.643460
2329320, -60.283272
2330260, -59.921955
2331200, -59.562085
2332140, -59.200693
2333080, -58.840217
2334020, -58.477759
2334960, -58.115267
2335900, -57.749885
2336840, -57.383314
2337780, -57.012129
2338720, -56.638360
2339660, -56.257767
2340600, -55.871698
2341540, -55.476153
2342480, -55.071361
2343420, -54.652952
2344360, -54.220076
2345300, -53.766904
2346240, -53.291608
2347180, -52.786094
2348120, -52.246151
2349060, -51.660220
2350000, -51.019044
2350940, -50.305451
2351880, -49.499941
2352820, -48.570865
2353760, -47.479842
2354700, -46.164963
2355640, -44.541400
2356580, -42.472810
2357520, -39.756349
2358460, -36.071376
2359400, -30.941845
2360340, -23.729947
2361280, -13.920615
2362220, -2.119634
2363160, 8.439711
2364100, 13.547908
2365040, 12.951327
2365980, 9.313229
2366920, 4.504951
2367860, -0.658562
2368800, -5.837212
2369740, -10.880784
2370680, -15.733642
2371620, -20.380424
2372560, -24.837860
2373500, -29.140456
2374440, -33.353902
2375380, -37.565962
2376320, -41.891876
2377260, -46.447808
2378200, -51.311516
2379140, -56.403641
2380080, -61.341140
2381020, -65.421073
2381960, -68.088649
2382900, -69.436971
2383840, -69.957610
2384780, -70.055484
2385720, -69.955341
2386660, -69.759186
2387600, -69.516864
2388540, -69.247408
2389480, -68.963424
2390420, -68.667284
2391360, -68.364004
2392300, -68.052453
2393240, -67.736014
2394180, -67.412735
2395120, -67.085602
2396060, -66.752518
2397000, -66.416359
2397940, -66.074969
2398880, -65.731264
2399820, -65.383054
2400760, -65.033221
2401700, -64.679654
2402640, -64.325164
2403580, -63.967595
2404520, -63.609857
2405460, -63.249659
2406400, -62.889855
2407340, -62.528237
2408280, -62.167476
2409220, -61.805345
2410160, -61.444497
2411100, -61.082487
2412040, -60.722040
2412980, -60.360530
2413920, -60.000426
2414860, -59.639341
2415800, -59.279311
2416740, -58.917659
2417680, -58.556722
2418620, -58.193300
2419560, -57.829553
2420500, -57.462333
2421440, -57.093183
2422380, -56.719009
2423320, -56.340916
2424260, -55.955073
2425200, -55.562846
2426140, -55.159265
2427080, -54.744942
2428020, -54.314439
2428960, -53.866852
2429900, -53.395869
2430840, -52.898330
2431780, -52.365752
2432720, -51.791587
2433660, -51.162694
2434600, -50.467097
2435540, -49.682127
2436480, -48.783479
2437420, -47.730851
2438360, -46.471842
2439300, -44.923079
2440240, -42.966430
2441180, -40.412462
2442120, -36.972996
2443060, -32.205444
2444000, -25.502974
2444940, -16.268107
2445880, -4.731738
2446820, 6.498749
2447760, 12.991699
2448700, 13.430368
2449640, 10.242435
2450580, 5.594807
2451520, 0.468286
2452460, -4.723008
2453400, -9.803934
2454340, -14.699448
2455280, -19.391467
2456220, -23.886506
2457160, -28.218893
2458100, -32.444153
2459040, -36.648729
2459980, -40.938595
2460920, -45.436435
2461860, -50.231424
2462800, -55.295000
2463740, -60.317050
2464680, -64.646996
2465620, -67.635673
2466560, -69.233214
2467500, -69.890868
2468440, -70.056880
2469380, -69.986902
2470320, -69.807192
2471260, -69.571479
2472200, -69.307760
2473140, -69.025410
2474080, -68.732611
2475020, -68.429756
2475960, -68.120885
2476900, -67.804471
2477840, -67.483605
2478780, -67.156295
2479720, -66.825438
2480660, -66.488940
2481600, -66.149626
2482540, -65.805413
2483480, -65.459123
2484420, -65.108634
2485360, -64.756814
2486300, -64.401519
2487240, -64.045556
2488180, -63.686861
2489120, -63.328141
2490060, -62.967248
2491000, -62.607006
2491940, -62.245076
2492880, -61.884188
2493820, -61.522102
2494760, -61.161304
2495700, -60.799525
2496640, -60.439218
2497580, -60.077827
2498520, -59.717906
2499460, -59.356662
2500400, -58.996317
2501340, -62.572694
2502280, -65.270226
2503220, -67.336962
2504160, -68.917379
2505100, -70.117791
2506040, -71.021492
2506980, -71.698938
2507920, -72.202635
2508860, -72.575480
2509800, -72.847090
2510740, -73.042409
2511680, -73.177456
2512620, -73.266999
2513560, -73.319509
2514500, -73.344157
2515440, -73.345241
2516380, -73.328807
2517320, -73.296808
2518260, -73.253521
2519200, -73.199552
2520140, -73.138150
2521080, -73.069135
2522020, -72.995143
2522960, -72.915522
2523900, -72.832532
2524840, -72.745231
2525780, -72.655654
2526720, -72.562681
2527660, -72.468203
2528600, -72.370985
2529540, -72.272823
2530480, -72.172407
2531420, -72.071472
2532360, -71.968656
2533300, -71.865649
2534240, -71.761043
2535180, -71.656497
2536120, -71.550593
2537060, -71.444974
2538000, -71.338204
2538940, -71.231913
2539880, -71.124655
2540820, -71.018045
2541760, -70.910628
2542700, -70.803991
2543640, -70.696660
2544580, -70.590228
2545520, -70.483225
2546460, -70.377245
2547400, -70.270815
2548340, -70.165521
2549280, -70.059888
2550220, -69.955498
2551160, -69.850855
2552100, -69.747513
2553040, -69.643975
2553980, -69.541809
2554920, -69.439527
2555860, -69.338699
2556800, -69.237835
2557740, -69.138503
2558680, -69.039209
2559620, -68.941519
2560560, -68.843910
2561500, -68.747911
2562440, -68.652012
2563380, -68.557761
2564320, -68.463658
2565260, -68.371256
2566200, -68.279056
2567140, -68.188609
2568080, -68.098415
2569020, -68.010022
2569960, -67.921930
2570900, -67.835634
2571840, -67.749599
2572780, -67.665353
2573720, -67.581384
2574660, -67.499231
2575600, -67.417388
2576540, -67.337395
2577480, -67.257749
2578420, -67.179985
2579360, -67.102601
2580300, -67.027133
2581240, -66.952074
2582180, -66.878918
2583120, -66.806113
2584060, -66.735166
2585000, -66.664560
2585940, -66.595820
2586880, -66.527438
2587820, -66.460942
2588760, -66.394829
2589700, -66.330626
2590640, -66.266829
2591580, -66.204966
2592520, -66.143531
2593460, -66.084052
2594400, -66.025022
2595340, -65.967966
2596280, -65.911339
2597220, -65.856614
2598160, -65.802258
2599100, -65.749778
2600040, -65.697662
2600980, -65.647427
2601920, -65.597568
2602860, -65.549605
2603800, -65.502033
2604740, -65.456372
2605680, -65.411118
2606620, -65.367789
2607560, -65.324881
2608500, -65.283910
2609440, -65.243370
2610380, -65.204776
2611320, -65.166622
2612260, -65.130420
2613200, -65.094663
2614140, -65.060861
2615080, -65.027507
2616020, -64.996107
2616960, -64.965147
2617900, -64.936086
2618840, -64.907389
2619780, -64.880548
2620720, -64.854047
2621660, -64.829386
2622600, -64.805056
2623540, -64.782558
2624480, -64.760385
2625420, -64.740035
2626360, -64.720001
2627300, -64.701780
2628240, -64.683864
2629180, -64.667747
2630120, -64.651919
2631060, -64.637873
2632000, -64.624097
2632940, -64.612081
2633880, -64.600313
2634820, -64.590280
2635760, -64.580468
2636700, -64.572362
2637640, -64.564447
2638580, -64.558205
2639520, -64.552120
2640460, -64.547671
2641400, -64.543342
2642340, -64.540610
2643280, -64.537957
2644220, -64.536858
2645160, -64.535794
2646100, -64.536239
2647040, -64.536674
2647980, -64.538569
2648920, -64.540404
2649860, -64.543650
2650800, -64.546786
2651740, -64.551281
2652680, -64.555613
2653620, -64.561251
2654560, -64.566674
2655500, -64.573347
2656440, -64.579752
2657380, -64.587352
2658320, -64.594629
2659260, -64.603048
2660200, -64.611090
2661140, -64.620218
2662080, -64.628915
2663020, -64.638646
2663960, -64.647893
2664900, -64.658121
2665840, -64.667815
2666780, -64.678438
2667720, -64.688477
2668660, -64.699397
2669600, -64.709685
2670540, -64.720806
2671480, -64.731251
2672420, -64.742485
2673360, -64.753000
2674300, -64.764261
2675240, -64.774763
2676180, -64.785973
2677120, -64.796387
2678060, -64.807472
2679000, -64.817728
2679940, -64.828621
2680880, -64.838654
2681820, -64.849295
2682760, -64.859048
2683700, -64.869382
2684640, -64.878803
2685580, -64.888782
2686520, -64.897827
2687460, -64.907409
2688400, -64.916038
2689340, -64.925187
2690280, -64.933367
2691220, -64.942053
2692160, -64.949758
2693100, -64.957957
2694040, -64.965165
2694980, -64.972858
2695920, -64.979553
2696860, -64.986726
2697800, -64.992897
2698740, -64.999542
2699680, -65.005183
2700620, -65.011286
2701560, -65.016371
2702500, -65.021912
2703440, -65.026433
2704380, -65.031411
2705320, -65.035374
2706260, -65.039800
2707200, -65.043218
2708140, -65.047108
2709080, -65.050000
2710020, -65.053372
2710960, -65.055756
2711900, -65.058632
2712840, -65.060531
2713780, -65.062933
2714720, -65.064372
2715660, -65.066324
2716600, -65.067326
2717540, -65.068855
2718480, -65.069446
2719420, -65.070577
2720360, -65.070784
2721300, -65.071544
2722240, -65.071394
2723180, -65.071810
2724120, -65.071330
2725060, -65.071430
2726000, -65.070647
2726940, -65.070456
2727880, -65.069397
2728820, -65.068944
2729760, -65.067636
2730700, -65.066946
2731640, -65.065414
2732580, -65.064513
2733520, -65.062783
2734460, -65.061696
2735400, -65.059793
2736340, -65.058544
2737280, -65.056491
2738220, -65.055104
2739160, -65.052925
2740100, -65.051422
2741040, -65.049137
2741980, -65.047539
2742920, -65.045171
2743860, -65.043499
2744800, -65.041066
2745740, -65.039338
2746680, -65.036859
2747620, -65.035094
2748560, -65.032587
2749500, -65.030801
2750440, -65.028281
2751380, -65.026490
2752320, -65.023973
2753260, -65.022192
2754200, -65.019691
2755140, -65.017932
2756080, -65.015460
2757020, -65.013735
2757960, -65.011304
2758900, -65.009625
2759840, -65.007244
2760780, -65.005620
2761720, -65.003299
2762660, -65.001739
2763600, -64.999486
2764540, -64.997996
2765480, -64.995814
2766420, -64.994393
2767360, -64.992282
2768300, -64.990934
2769240, -64.988897
2770180, -64.987625
2771120, -64.985666
2772060, -64.984475
2773000, -64.982600
2773940, -64.981494
2774880, -64.979705
2775820, -64.978687
2776760, -64.976988
2777700, -64.976060
2778640, -64.974453
2779580, -64.973617
2780520, -64.972103
2781460, -64.971360
2782400, -64.969940
2783340, -64.969291
2784280, -64.967965
2785220, -64.967410
2786160, -64.966177
2787100, -64.965714
2788040, -64.964574
2788980, -64.964202
2789920, -64.963153
2790860, -64.962871
2791800, -64.961910
2792740, -64.961715
2793680, -64.960841
2794620, -64.960731
2795560, -64.959940
2796500, -64.959911
2797440, -64.959201
2798380, -64.959251
2799320, -64.958617
2800260, -64.958741
2801200, -64.958181
2802140, -64.958376
2803080, -64.957884
2804020, -64.958146
2804960, -64.957720
2805900, -64.958045
2806840, -64.957679
2807780, -64.958062
2808720, -64.957753
2809660, -64.958190
2810600, -64.957933
2811540, -64.958420
2812480, -64.958211
2813420, -64.958743
2814360, -64.958577
2815300, -64.959150
2816240, -64.959023
2817180, -64.959632
2818120, -64.959540
2819060, -64.960181
2820000, -64.960120
2820940, -64.960789
2821880, -64.960753
2822820, -64.961446
2823760, -64.961433
2824700, -64.962146
2825640, -64.962151
2826580, -64.962880
2827520, -64.962900
2828460, -64.963642
2829400, -64.963672
2830340, -64.964423
2831280, -64.964461
2832220, -64.965218
2833160, -64.965261
2834100, -64.966020
2835040, -64.966064
2835980, -64.966823
2836920, -64.966866
2837860, -64.967622
2838800, -64.967661
2839740, -64.968412
2840680, -64.968444
2841620, -64.969187
2842560, -64.969212
2843500, -64.969945
2844440, -64.969959
2845380, -64.970681
2846320, -64.970683
2847260, -64.971391
2848200, -64.971380
2849140, -64.972073
2850080, -64.972047
2851020, -64.972725
2851960, -64.972682
2852900, -64.973343
2853840, -64.973283
2854780, -64.973927
2855720, -64.973849
2856660, -64.974474
2857600, -64.974378
2858540, -64.974983
2859480, -64.974869
2860420, -64.975455
2861360, -64.975321
2862300, -64.975888
2863240, -64.975734
2864180, -64.976281
2865120, -64.976109
2866060, -64.976637
2867000, -64.976445
2867940, -64.976953
2868880, -64.976742
2869820, -64.977232
2870760, -64.977002
2871700, -64.977473
2872640, -64.977226
2873580, -64.977678
2874520, -64.977413
2875460, -64.977848
2876400, -64.977566
2877340, -64.977984
2878280, -64.977686
2879220, -64.978088
2880160, -64.977775
2881100, -64.978161
2882040, -64.977833
2882980, -64.978204
2883920, -64.977862
2884860, -64.978220
2885800, -64.977865
2886740, -64.978211
2887680, -64.977843
2888620, -64.978177
2889560, -64.977798
2890500, -64.978120
2891440, -64.977732
2892380, -64.978044
2893320, -64.977646
2894260, -64.977949
2895200, -64.977543
2896140, -64.977837
2897080, -64.977424
2898020, -64.977711
2898960, -64.977291
2899900, -64.977571
2900840, -64.977145
2901780, -64.977421
2902720, -64.976990
2903660, -64.977260
2904600, -64.976825
2905540, -64.977092
2906480, -64.976654
2907420, -64.976917
2908360, -64.976477
2909300, -64.976738
2910240, -64.976295
2911180, -64.976555
2912120, -64.976111
2913060, -64.976370
2914000, -64.975926
2914940, -64.976184
2915880, -64.975741
2916820, -64.975999
2917760, -64.975556
2918700, -64.975815
2919640, -64.975374
2920580, -64.975634
2921520, -64.975195
2922460, -64.975457
2923400, -64.975019
2924340, -64.975283
2925280, -64.974849
2926220, -64.975115
2927160, -64.974684
2928100, -64.974953
2929040, -64.974525
2929980, -64.974797
2930920, -64.974372
2931860, -64.974648
2932800, -64.974227
2933740, -64.974507
2934680, -64.974090
2935620, -64.974373
2936560, -64.973960
2937500, -64.974247
2938440, -64.973838
2939380, -64.974129
2940320, -64.973725
2941260, -64.974020
2942200, -64.973620
2943140, -64.973919
2944080, -64.973524
2945020, -64.973827
2945960, -64.973435
2946900, -64.973743
2947840, -64.973356
2948780, -64.973667
2949720, -64.973284
2950660, -64.973599
2951600, -64.973221
2952540, -64.973540
2953480, -64.973166
2954420, -64.973488
2955360, -64.973118
2956300, -64.973444
2957240, -64.973077
2958180, -64.973407
2959120, -64.973044
2960060, -64.973377
2961000, -64.973018
2961940, -64.973354
2962880, -64.972998
2963820, -64.973337
2964760, -64.972984
2965700, -64.973326
2966640, -64.972976
2967580, -64.973320
2968520, -64.972973
2969460, -64.973320
2970400, -64.972975
2971340, -64.973324
2972280, -64.972982
2973220, -64.973333
2974160, -64.972993
2975100, -64.973346
2976040, -64.973008
2976980, -64.973362
2977920, -64.973026
2978860, -64.973382
2979800, -64.973047
2980740, -64.973404
2981680, -64.973071
2982620, -64.973429
2983560, -64.973097
2984500, -64.973456
2985440, -64.973125
2986380, -64.973485
2987320, -64.973155
2988260, -64.973515
2989200, -64.973186
2990140, -64.973546
2991080, -64.973217
2992020, -64.973578
2992960, -64.973250
2993900, -64.973610
2994840, -64.973283
2995780, -64.973643
2996720, -64.973316
2997660, -64.973676
2998600, -64.973348
2999540, -64.973708
3000480, -64.973381
