# ./result/hh_impl_0800.txt
# dt = 800 [usec]
# t [usec], V [mV]
0, -65.000000
800, -64.997638
1600, -64.995382
2400, -64.993214
3200, -64.991120
4000, -64.989092
4800, -64.987124
5600, -64.985211
6400, -64.983351
7200, -64.981541
8000, -64.979781
8800, -64.978069
9600, -64.976405
10400, -64.974789
11200, -64.973221
12000, -64.971701
12800, -64.970228
13600, -64.968804
14400, -64.967427
15200, -64.966099
16000, -64.964818
16800, -64.963586
17600, -64.962401
18400, -64.961264
19200, -64.960175
20000, -64.959133
20800, -64.958139
21600, -64.957191
22400, -64.956290
23200, -64.955436
24000, -64.954627
24800, -64.953864
25600, -64.953145
26400, -64.952471
27200, -64.951841
28000, -64.951254
28800, -64.950710
29600, -64.950208
30400, -64.949747
31200, -64.949327
32000, -64.948947
32800, -64.948606
33600, -64.948303
34400, -64.948038
35200, -64.947810
36000, -64.947618
36800, -64.947461
37600, -64.947338
38400, -64.947249
39200, -64.947192
40000, -64.947167
40800, -64.947172
41600, -64.947208
42400, -64.947272
43200, -64.947364
44000, -64.947483
44800, -64.947629
45600, -64.947799
46400, -64.947994
47200, -64.948212
48000, -64.948452
48800, -64.948714
49600, -64.948996
50400, -64.949298
51200, -64.949619
52000, -64.949957
52800, -64.950312
53600, -64.950683
54400, -64.951068
55200, -64.951468
56000, -64.951882
56800, -64.952307
57600, -64.952744
58400, -64.953192
59200, -64.953650
60000, -64.954117
60800, -64.954592
61600, -64.955074
62400, -64.955563
63200, -64.956058
64000, -64.956559
64800, -64.957063
65600, -64.957572
66400, -64.958084
67200, -64.958597
68000, -64.959113
68800, -64.959630
69600, -64.960147
70400, -64.960664
71200, -64.961181
72000, -64.961696
72800, -64.962209
73600, -64.962720
74400, -64.963228
75200, -64.963733
76000, -64.964233
76800, -64.964730
77600, -64.965222
78400, -64.965708
79200, -64.966189
80000, -64.966664
80800, -64.967133
81600, -64.967595
82400, -64.968050
83200, -64.968498
84000, -64.968938
84800, -64.969371
85600, -64.969795
86400, -64.970211
87200, -64.970618
88000, -64.971017
88800, -64.971406
89600, -64.971787
90400, -64.972158
91200, -64.972519
92000, -64.972871
92800, -64.973214
93600, -64.973546
94400, -64.973869
95200, -64.974181
96000, -64.974484
96800, -64.974777
97600, -64.975059
98400, -64.975331
99200, -64.975594
100000, -64.975846
100800, -64.976088
101600, -64.976320
102400, -64.976542
103200, -64.976754
104000, -64.976956
104800, -64.977148
105600, -64.977330
106400, -64.977503
107200, -64.977666
108000, -64.977819
108800, -64.977963
109600, -64.978098
110400, -64.978224
111200, -64.978341
112000, -64.978449
112800, -64.978548
113600, -64.978638
114400, -64.978721
115200, -64.978794
116000, -64.978860
116800, -64.978918
117600, -64.978968
118400, -64.979010
119200, -64.979046
120000, -64.979073
120800, -64.979094
121600, -64.979108
122400, -64.979115
123200, -64.979116
124000, -64.979111
124800, -64.979099
125600, -64.979082
126400, -64.979059
127200, -64.979030
128000, -64.978996
128800, -64.978957
129600, -64.978913
130400, -64.978865
131200, -64.978811
132000, -64.978754
132800, -64.978693
133600, -64.978627
134400, -64.978558
135200, -64.978485
136000, -64.978409
136800, -64.978330
137600, -64.978248
138400, -64.978163
139200, -64.978075
140000, -64.977985
140800, -64.977893
141600, -64.977798
142400, -64.977702
143200, -64.977604
144000, -64.977504
144800, -64.977403
145600, -64.977301
146400, -64.977198
147200, -64.977093
148000, -64.976988
148800, -64.976882
149600, -64.976776
150400, -64.976669
151200, -64.976562
152000, -64.976455
152800, -64.976348
153600, -64.976241
154400, -64.976134
155200, -64.976028
156000, -64.975922
156800, -64.975816
157600, -64.975712
158400, -64.975608
159200, -64.975505
160000, -64.975403
160800, -64.975301
161600, -64.975202
162400, -64.975103
163200, -64.975005
164000, -64.974909
164800, -64.974815
165600, -64.974722
166400, -64.974630
167200, -64.974540
168000, -64.974452
168800, -64.974365
169600, -64.974281
170400, -64.974198
171200, -64.974117
172000, -64.974037
172800, -64.973960
173600, -64.973885
174400, -64.973811
175200, -64.973740
176000, -64.973671
176800, -64.973603
177600, -64.973538
178400, -64.973475
179200, -64.973414
180000, -64.973355
180800, -64.973298
181600, -64.973243
182400, -64.973191
183200, -64.973140
184000, -64.973092
184800, -64.973045
185600, -64.973001
186400, -64.972959
187200, -64.972919
188000, -64.972880
188800, -64.972844
189600, -64.972810
190400, -64.972778
191200, -64.972748
192000, -64.972720
192800, -64.972693
193600, -64.972669
194400, -64.972646
195200, -64.972625
196000, -64.972606
196800, -64.972589
197600, -64.972573
198400, -64.972560
199200, -64.972547
200000, -64.972537
200800, -64.972528
201600, -64.972521
202400, -64.972515
203200, -64.972510
204000, -64.972507
204800, -64.972506
205600, -64.972505
206400, -64.972507
207200, -64.972509
208000, -64.972513
208800, -64.972517
209600, -64.972523
210400, -64.972530
211200, -64.972539
212000, -64.972548
212800, -64.972558
213600, -64.972569
214400, -64.972581
215200, -64.972594
216000, -64.972608
216800, -64.972622
217600, -64.972637
218400, -64.972653
219200, -64.972670
220000, -64.972687
220800, -64.972705
221600, -64.972723
222400, -64.972742
223200, -64.972762
224000, -64.972782
224800, -64.972802
225600, -64.972822
226400, -64.972843
227200, -64.972865
228000, -64.972886
228800, -64.972908
229600, -64.972930
230400, -64.972952
231200, -64.972974
232000, -64.972997
232800, -64.973019
233600, -64.973042
234400, -64.973065
235200, -64.973087
236000, -64.973110
236800, -64.973132
237600, -64.973155
238400, -64.973177
239200, -64.973199
240000, -64.973222
240800, -64.973244
241600, -64.973265
242400, -64.973287
243200, -64.973308
244000, -64.973330
244800, -64.973350
245600, -64.973371
246400, -64.973391
247200, -64.973411
248000, -64.973431
248800, -64.973451
249600, -64.973470
250400, -64.973488
251200, -64.973507
252000, -64.973525
252800, -64.973542
253600, -64.973560
254400, -64.973577
255200, -64.973593
256000, -64.973609
256800, -64.973625
257600, -64.973640
258400, -64.973655
259200, -64.973669
260000, -64.973683
260800, -64.973696
261600, -64.973710
262400, -64.973722
263200, -64.973734
264000, -64.973746
264800, -64.973757
265600, -64.973768
266400, -64.973779
267200, -64.973789
268000, -64.973798
268800, -64.973807
269600, -64.973816
270400, -64.973824
271200, -64.973832
272000, -64.973839
272800, -64.973846
273600, -64.973853
274400, -64.973859
275200, -64.973865
276000, -64.973870
276800, -64.973875
277600, -64.973880
278400, -64.973884
279200, -64.973888
280000, -64.973892
280800, -64.973895
281600, -64.973898
282400, -64.973900
283200, -64.973902
284000, -64.973904
284800, -64.973905
285600, -64.973907
286400, -64.973907
287200, -64.973908
288000, -64.973908
288800, -64.973908
289600, -64.973908
290400, -64.973907
291200, -64.973907
292000, -64.973906
292800, -64.973904
293600, -64.973903
294400, -64.973901
295200, -64.973899
296000, -64.973897
296800, -64.973895
297600, -64.973892
298400, -64.973889
299200, -64.973887
300000, -64.973884
300800, -64.973880
301600, -64.973877
302400, -64.973874
303200, -64.973870
304000, -64.973866
304800, -64.973863
305600, -64.973859
306400, -64.973855
307200, -64.973851
308000, -64.973847
308800, -64.973842
309600, -64.973838
310400, -64.973834
311200, -64.973829
312000, -64.973825
312800, -64.973820
313600, -64.973816
314400, -64.973811
315200, -64.973807
316000, -64.973802
316800, -64.973797
317600, -64.973793
318400, -64.973788
319200, -64.973783
320000, -64.973779
320800, -64.973774
321600, -64.973770
322400, -64.973765
323200, -64.973761
324000, -64.973756
324800, -64.973752
325600, -64.973747
326400, -64.973743
327200, -64.973739
328000, -64.973735
328800, -64.973730
329600, -64.973726
330400, -64.973722
331200, -64.973718
332000, -64.973714
332800, -64.973711
333600, -64.973707
334400, -64.973703
335200, -64.973699
336000, -64.973696
336800, -64.973692
337600, -64.973689
338400, -64.973686
339200, -64.973683
340000, -64.973679
340800, -64.973676
341600, -64.973673
342400, -64.973671
343200, -64.973668
344000, -64.973665
344800, -64.973663
345600, -64.973660
346400, -64.973658
347200, -64.973655
348000, -64.973653
348800, -64.973651
349600, -64.973649
350400, -64.973647
351200, -64.973645
352000, -64.973643
352800, -64.973642
353600, -64.973640
354400, -64.973639
355200, -64.973637
356000, -64.973636
356800, -64.973635
357600, -64.973633
358400, -64.973632
359200, -64.973631
360000, -64.973630
360800, -64.973630
361600, -64.973629
362400, -64.973628
363200, -64.973627
364000, -64.973627
364800, -64.973626
365600, -64.973626
366400, -64.973626
367200, -64.973625
368000, -64.973625
368800, -64.973625
369600, -64.973625
370400, -64.973625
371200, -64.973625
372000, -64.973625
372800, -64.973625
373600, -64.973625
374400, -64.973626
375200, -64.973626
376000, -64.973626
376800, -64.973627
377600, -64.973627
378400, -64.973628
379200, -64.973628
380000, -64.973629
380800, -64.973629
381600, -64.973630
382400, -64.973631
383200, -64.973631
384000, -64.973632
384800, -64.973633
385600, -64.973634
386400, -64.973634
387200, -64.973635
388000, -64.973636
388800, -64.973637
389600, -64.973638
390400, -64.973639
391200, -64.973640
392000, -64.973641
392800, -64.973642
393600, -64.973642
394400, -64.973643
395200, -64.973644
396000, -64.973645
396800, -64.973646
397600, -64.973647
398400, -64.973648
399200, -64.973649
400000, -64.973650
400800, -64.973651
401600, -64.973652
402400, -64.973653
403200, -64.973654
404000, -64.973655
404800, -64.973656
405600, -64.973657
406400, -64.973658
407200, -64.973659
408000, -64.973660
408800, -64.973661
409600, -64.973662
410400, -64.973663
411200, -64.973664
412000, -64.973665
412800, -64.973666
413600, -64.973667
414400, -64.973667
415200, -64.973668
416000, -64.973669
416800, -64.973670
417600, -64.973671
418400, -64.973671
419200, -64.973672
420000, -64.973673
420800, -64.973674
421600, -64.973674
422400, -64.973675
423200, -64.973676
424000, -64.973676
424800, -64.973677
425600, -64.973678
426400, -64.973678
427200, -64.973679
428000, -64.973679
428800, -64.973680
429600, -64.973680
430400, -64.973681
431200, -64.973681
432000, -64.973682
432800, -64.973682
433600, -64.973683
434400, -64.973683
435200, -64.973683
436000, -64.973684
436800, -64.973684
437600, -64.973684
438400, -64.973685
439200, -64.973685
440000, -64.973685
440800, -64.973686
441600, -64.973686
442400, -64.973686
443200, -64.973686
444000, -64.973686
444800, -64.973687
445600, -64.973687
446400, -64.973687
447200, -64.973687
448000, -64.973687
448800, -64.973687
449600, -64.973687
450400, -64.973687
451200, -64.973687
452000, -64.973687
452800, -64.973687
453600, -64.973687
454400, -64.973687
455200, -64.973687
456000, -64.973687
456800, -64.973687
457600, -64.973687
458400, -64.973687
459200, -64.973687
460000, -64.973687
460800, -64.973687
461600, -64.973687
462400, -64.973687
463200, -64.973687
464000, -64.973687
464800, -64.973687
465600, -64.973686
466400, -64.973686
467200, -64.973686
468000, -64.973686
468800, -64.973686
469600, -64.973686
470400, -64.973686
471200, -64.973685
472000, -64.973685
472800, -64.973685
473600, -64.973685
474400, -64.973685
475200, -64.973685
476000, -64.973684
476800, -64.973684
477600, -64.973684
478400, -64.973684
479200, -64.973684
480000, -64.973683
480800, -64.973683
481600, -64.973683
482400, -64.973683
483200, -64.973683
484000, -64.973682
484800, -64.973682
485600, -64.973682
486400, -64.973682
487200, -64.973682
488000, -64.973681
488800, -64.973681
489600, -64.973681
490400, -64.973681
491200, -64.973681
492000, -64.973681
492800, -64.973680
493600, -64.973680
494400, -64.973680
495200, -64.973680
496000, -64.973680
496800, -64.973679
497600, -64.973679
498400, -64.973679
499200, -64.973679
500000, -64.973679
500800, -61.253991
501600, -57.702595
502400, -54.265058
503200, -50.858995
504000, -47.320530
504800, -43.357787
505600, -38.423128
506400, -31.514226
507200, -20.802425
508000, -3.655275
508800, 19.722231
509600, 37.999097
510400, 42.346558
511200, 41.112967
512000, 39.215615
512800, 36.776983
513600, 33.906847
514400, 30.681218
515200, 27.183855
516000, 23.486577
516800, 19.662455
517600, 15.767010
518400, 11.853073
519200, 7.954852
520000, 4.104723
520800, 0.318532
521600, -3.387012
522400, -7.008722
523200, -10.539711
524000, -13.985858
524800, -17.346504
525600, -20.634416
526400, -23.856619
527200, -27.033458
528000, -30.184564
528800, -33.346650
529600, -36.557215
530400, -39.871086
531200, -43.341027
532000, -47.023298
532800, -50.938294
533600, -55.043371
534400, -59.165988
535200, -63.000553
536000, -66.182475
536800, -68.485709
537600, -69.925787
538400, -70.705044
539200, -71.050440
540000, -71.144640
540800, -71.096456
541600, -70.973753
542400, -70.806769
543200, -70.617273
544000, -70.410547
544800, -70.195362
545600, -69.970330
546400, -69.740803
547200, -69.503634
548000, -69.263262
548800, -69.016077
549600, -68.766273
550400, -68.510105
551200, -68.251695
552000, -67.987285
552800, -67.720992
553600, -67.449046
554400, -67.175562
555200, -66.896803
556000, -66.616894
556800, -66.332087
557600, -66.046521
558400, -65.756488
559200, -65.466103
560000, -65.171645
560800, -64.877266
561600, -64.579248
562400, -64.281698
563200, -63.980904
564000, -63.681016
564800, -63.378244
565600, -63.076687
566400, -62.772633
567200, -62.470109
568000, -62.165312
568800, -61.862315
569600, -61.557296
570400, -61.254187
571200, -60.949156
572000, -60.646198
572800, -60.341286
573600, -60.038309
574400, -59.733397
575200, -59.430230
576000, -59.124733
576800, -58.820738
577600, -58.514061
578400, -58.208242
579200, -57.899139
580000, -57.590325
580800, -57.277266
581600, -56.963403
582400, -56.644416
583200, -56.323214
584000, -55.995126
584800, -55.663415
585600, -55.322705
586400, -54.975663
587200, -54.617249
588000, -54.249175
588800, -53.865620
589600, -53.468160
590400, -53.049653
591200, -52.610898
592000, -52.143150
592800, -51.645251
593600, -51.106339
594400, -50.522269
595200, -49.877958
596000, -49.163915
596800, -48.358000
597600, -47.439772
598400, -46.372999
599200, -45.117420
600000, -43.608312
600800, -41.763352
601600, -39.458237
602400, -36.528556
603200, -32.744870
604000, -27.838219
604800, -21.560921
605600, -13.923420
606400, -5.554891
607200, 2.091549
608000, 7.423435
608800, 9.821360
609600, 9.794960
610400, 8.182026
611200, 5.633112
612000, 2.542979
612800, -0.843691
613600, -4.379427
614400, -7.963093
615200, -11.535647
616000, -15.055126
616800, -18.502987
617600, -21.867022
618400, -25.151573
619200, -28.363668
620000, -31.527226
620800, -34.667140
621600, -37.824545
622400, -41.039022
623200, -44.358399
624000, -47.811556
624800, -51.404642
625600, -55.076144
626400, -58.688174
627200, -62.011311
628000, -64.808021
628800, -66.918423
629600, -68.342761
630400, -69.194526
631200, -69.637407
632000, -69.809254
632800, -69.816437
633600, -69.721288
634400, -69.567719
635200, -69.375388
636000, -69.161699
636800, -68.930667
637600, -68.690692
638400, -68.440657
639200, -68.186049
640000, -67.924107
640800, -67.659365
641600, -67.388500
642400, -67.115727
643200, -66.837555
644000, -66.558084
644800, -66.273746
645600, -65.988614
646400, -65.699123
647200, -65.409301
648000, -65.115567
648800, -64.821980
649600, -64.524942
650400, -64.228475
651200, -63.928997
652000, -63.630543
652800, -63.329471
653600, -63.029787
654400, -62.727908
655200, -62.427755
656000, -62.125668
656800, -61.825632
657600, -61.523942
658400, -61.224459
659200, -60.923496
660000, -60.624940
660800, -60.324936
661600, -60.027299
662400, -59.728304
663200, -59.431569
664000, -59.133190
664800, -58.836931
665600, -58.538806
666400, -58.242320
667200, -57.943509
668000, -57.645981
668800, -57.345422
669600, -57.045253
670400, -56.741438
671200, -56.437043
672000, -56.127646
672800, -55.816546
673600, -55.499110
674400, -55.178092
675200, -54.848872
676000, -54.514062
676800, -54.168300
677600, -53.813991
678400, -53.445446
679200, -53.064034
680000, -52.663764
680800, -52.244845
681600, -51.799808
682400, -51.327832
683200, -50.819246
684000, -50.270888
684800, -49.669840
685600, -49.008383
686400, -48.268634
687200, -47.434489
688000, -46.476724
688800, -45.365206
689600, -44.050292
690400, -42.473409
691200, -40.543848
692000, -38.147335
692800, -35.122383
693600, -31.274708
694400, -26.389562
695200, -20.340598
696000, -13.279281
696800, -5.910509
697600, 0.527539
698400, 4.852192
699200, 6.685259
700000, 6.433930
700800, 4.766094
701600, 2.223588
702400, -0.827541
703200, -4.161862
704000, -7.629525
704800, -11.140453
705600, -14.631097
706400, -18.069626
707200, -21.432914
708000, -24.719646
708800, -27.930950
709600, -31.085816
710400, -34.206169
711200, -37.329966
712000, -40.493784
712800, -43.743024
713600, -47.107440
714400, -50.599281
715200, -54.172914
716000, -57.716788
716800, -61.032389
717600, -63.896458
718400, -66.133581
719200, -67.705876
720000, -68.692462
720800, -69.240011
721600, -69.485226
722400, -69.540293
723200, -69.474961
724000, -69.339094
724800, -69.156796
725600, -68.948239
726400, -68.719391
727200, -68.479692
728000, -68.228871
728800, -67.972765
729600, -67.709009
730400, -67.442200
731200, -67.169256
732000, -66.894364
732800, -66.614192
733600, -66.332758
734400, -66.046648
735200, -65.759844
736000, -65.468882
736800, -65.177705
737600, -64.882864
738400, -64.588296
739200, -64.290508
740000, -63.993433
740800, -63.693617
741600, -63.394922
742400, -63.093850
743200, -62.794319
744000, -62.492783
744800, -62.193078
745600, -61.891685
746400, -61.592437
747200, -61.291695
748000, -60.993257
748800, -60.693573
749600, -60.396263
750400, -60.097654
751200, -59.801498
752000, -59.504014
752800, -59.208763
753600, -58.912020
754400, -58.617375
755200, -58.320839
756000, -58.025908
756800, -57.728804
757600, -57.432715
758400, -57.133579
759200, -56.834814
760000, -56.532230
760800, -56.228837
761600, -55.920463
762400, -55.610206
763200, -55.293339
764000, -54.972693
764800, -54.643822
765600, -54.308801
766400, -53.962617
767200, -53.607618
768000, -53.237772
768800, -52.854614
769600, -52.451883
770400, -52.029685
771200, -51.580939
772000, -51.103894
772800, -50.589356
773600, -50.033143
774400, -49.422857
775200, -48.749585
776000, -47.994562
776800, -47.141953
777600, -46.161197
778400, -45.020556
779200, -43.668906
780000, -42.044101
780800, -40.053771
781600, -37.580432
782400, -34.460943
783200, -30.504972
784000, -25.515111
784800, -19.407456
785600, -12.406381
786400, -5.285409
787200, 0.735597
788000, 4.608018
788800, 6.085871
789600, 5.611121
790400, 3.818708
791200, 1.212332
792000, -1.866605
792800, -5.206260
793600, -8.665056
794400, -12.157931
795200, -15.625131
796000, -19.037361
796800, -22.373720
797600, -25.634916
798400, -28.824298
799200, -31.962882
800000, -35.074304
800800, -38.198164
801600, -41.371854
802400, -44.639036
803200, -48.024178
804000, -51.528921
804800, -55.089949
805600, -58.576005
806400, -61.775902
807200, -64.475310
808000, -66.530590
808800, -67.939156
809600, -68.800341
810400, -69.261961
811200, -69.452498
812000, -69.474028
812800, -69.388399
813600, -69.239988
814400, -69.049713
815200, -68.835715
816000, -68.602968
816800, -68.360194
817600, -68.106891
818400, -67.848593
819200, -67.582932
820000, -67.314339
820800, -67.039811
821600, -66.763411
822400, -66.481896
823200, -66.199176
824000, -65.911949
824800, -65.624080
825600, -65.332212
826400, -65.040189
827200, -64.744676
828000, -64.449475
828800, -64.151216
829600, -63.853734
830400, -63.553645
831200, -63.254722
832000, -62.953586
832800, -62.654037
833600, -62.352605
834400, -62.053035
835200, -61.751934
836000, -61.452948
836800, -61.152578
837600, -60.854534
838400, -60.555281
839200, -60.258371
840000, -59.960264
840800, -59.664587
841600, -59.367583
842400, -59.072751
843200, -58.776508
844000, -58.482176
844800, -58.185939
845600, -57.891231
846400, -57.594237
847200, -57.298060
848000, -56.998809
848800, -56.699839
849600, -56.396812
850400, -56.092724
851200, -55.783580
852000, -55.472071
852800, -55.153691
853600, -54.831245
854400, -54.500026
855200, -54.162128
856000, -53.812732
856800, -53.453606
857600, -53.078955
858400, -52.690290
859200, -52.280813
860000, -51.850645
860800, -51.392186
861600, -50.903502
862400, -50.375039
863200, -49.801880
864000, -49.170585
864800, -48.471752
865600, -47.684729
866400, -46.791230
867200, -45.758693
868000, -44.551436
868800, -43.112638
869600, -41.373755
870400, -39.231973
871200, -36.557880
872000, -33.176435
872800, -28.892461
873600, -23.530876
874400, -17.091329
875200, -9.965052
876000, -3.113237
876800, 2.226027
877600, 5.244932
878400, 5.981210
879200, 4.989248
880000, 2.875114
880800, 0.079828
881600, -3.103384
882400, -6.493279
883200, -9.967701
884000, -13.453661
884800, -16.901004
885600, -20.285651
886400, -23.592680
887200, -26.825784
888000, -29.992176
888800, -33.116471
889600, -36.226220
890400, -39.362862
891200, -42.564228
892000, -45.871045
892800, -49.299428
893600, -52.832378
894400, -56.381682
895200, -59.785592
896000, -62.821319
896800, -65.292884
897600, -67.103585
898400, -68.296935
899200, -68.994834
900000, -69.344904
900800, -69.464031
901600, -69.441332
902400, -69.328664
903200, -69.163508
904000, -68.962666
904800, -68.741654
905600, -68.504082
906400, -68.257716
907200, -68.001668
908000, -67.741081
908800, -67.473516
909600, -67.203207
910400, -66.927201
911200, -66.649414
912000, -66.366688
912800, -66.082822
913600, -65.794615
914400, -65.505806
915200, -65.213151
916000, -64.920393
916800, -64.624287
917600, -64.328530
918400, -64.029865
919200, -63.732027
920000, -63.431703
920800, -63.132574
921600, -62.831377
922400, -62.531760
923200, -62.230377
924000, -61.930883
924800, -61.629957
925600, -61.331124
926400, -61.031010
927200, -60.733234
928000, -60.434278
928800, -60.137620
929600, -59.839849
930400, -59.544379
931200, -59.247603
932000, -58.952945
932800, -58.656886
933600, -58.362576
934400, -58.066351
935200, -57.771573
936000, -57.474356
936800, -57.177762
937600, -56.878057
938400, -56.578275
939200, -56.274269
940000, -55.968986
940800, -55.658502
941600, -55.345201
942400, -55.024768
943200, -54.699963
944000, -54.365811
944800, -54.024410
945600, -53.671114
946400, -53.307104
947200, -52.926799
948000, -52.531376
948800, -52.113842
949600, -51.674276
950400, -51.204349
951200, -50.702061
952000, -50.156863
952800, -49.563652
953600, -48.907526
954400, -48.178143
955200, -47.353230
956000, -46.411552
956800, -45.317118
957600, -44.029586
958400, -42.486335
959200, -40.608600
960000, -38.282153
960800, -35.363052
961600, -31.663545
962400, -26.989275
963200, -21.206306
964000, -14.436529
964800, -7.281333
965600, -0.872404
966400, 3.632858
967200, 5.740038
968000, 5.746305
968800, 4.265838
969600, 1.852587
970400, -1.116492
971200, -4.393832
972000, -7.826783
972800, -11.311177
973600, -14.786772
974400, -18.211176
975200, -21.567078
976000, -24.844199
976800, -28.050017
977600, -31.196168
978400, -34.311457
979200, -37.425988
980000, -40.582956
980800, -43.819914
981600, -47.172835
982400, -50.645432
983200, -54.198731
984000, -57.714362
984800, -61.003898
985600, -63.841758
986400, -66.063661
987200, -67.625965
988000, -68.612648
988800, -69.160198
989600, -69.410050
990400, -69.465937
991200, -69.404264
992000, -69.267738
992800, -69.087710
993600, -68.877397
994400, -68.650020
995200, -68.408020
996000, -68.158322
996800, -67.899709
997600, -67.636962
998400, -67.367601
999200, -67.095670
1000000, -66.818270
1000800, -66.539173
1001600, -66.255310
1002400, -65.970371
1003200, -65.681247
1004000, -65.391563
1004800, -65.098182
1005600, -64.804747
1006400, -64.508095
1007200, -64.211828
1008000, -63.912802
1008800, -63.614624
1009600, -63.314088
1010400, -63.014781
1011200, -62.713550
1012000, -62.413890
1012800, -62.112578
1013600, -61.813176
1014400, -61.512406
1015200, -61.213715
1016000, -60.913847
1016800, -60.616266
1017600, -60.317552
1018400, -60.021109
1019200, -59.723641
1020000, -59.428352
1020800, -59.131775
1021600, -58.837259
1022400, -58.541260
1023200, -58.246874
1024000, -57.950579
1024800, -57.655583
1025600, -57.358022
1026400, -57.060915
1027200, -56.760666
1028000, -56.459993
1028800, -56.154924
1029600, -55.848363
1030400, -55.536222
1031200, -55.220873
1032000, -54.898168
1032800, -54.570506
1033600, -54.233015
1034400, -53.887760
1035200, -53.529846
1036000, -53.160342
1036800, -52.773831
1037600, -52.370777
1038400, -51.944367
1039200, -51.494344
1040000, -51.011874
1040800, -50.494839
1041600, -49.931583
1042400, -49.316428
1043200, -48.633307
1044000, -47.869794
1044800, -47.002305
1045600, -46.007175
1046400, -44.844469
1047200, -43.467803
1048000, -41.806299
1048800, -39.771756
1049600, -37.236575
1050400, -34.041781
1051200, -29.989528
1052000, -24.897151
1052800, -18.700142
1053600, -11.681358
1054400, -4.663407
1055200, 1.123123
1056000, 4.714318
1056800, 5.948237
1057600, 5.309171
1058400, 3.413939
1059200, 0.751559
1060000, -2.359530
1060800, -5.710643
1061600, -9.173198
1062400, -12.659164
1063200, -16.118903
1064000, -19.517556
1064800, -22.843796
1065600, -26.091344
1066400, -29.272268
1067200, -32.402590
1068000, -35.513905
1068800, -38.639216
1069600, -41.822931
1070400, -45.101006
1071200, -48.501962
1072000, -52.013263
1072800, -55.571260
1073600, -59.024503
1074400, -62.165670
1075200, -64.778152
1076000, -66.742630
1076800, -68.067246
1077600, -68.867456
1078400, -69.284447
1079200, -69.449268
1080000, -69.452132
1080800, -69.357882
1081600, -69.201349
1082400, -69.008729
1083200, -68.790290
1084000, -68.557350
1084800, -68.311408
1085600, -68.058681
1086400, -67.797699
1087200, -67.532926
1088000, -67.261866
1088800, -66.988391
1089600, -66.709659
1090400, -66.429307
1091200, -66.144357
1092000, -65.858392
1092800, -65.568384
1093600, -65.277864
1094400, -64.983797
1095200, -64.689725
1096000, -64.392566
1096800, -64.095832
1097600, -63.796483
1098400, -63.497997
1099200, -63.197280
1100000, -62.897829
1100800, -62.596554
1101600, -62.296859
1102400, -61.995634
1103200, -61.696347
1104000, -61.395756
1104800, -61.097232
1105600, -60.797635
1106400, -60.500246
1107200, -60.201779
1108000, -59.905558
1108800, -59.608310
1109600, -59.313149
1110400, -59.016739
1111200, -58.722353
1112000, -58.426402
1112800, -58.131937
1113600, -57.835568
1114400, -57.540241
1115200, -57.242254
1116000, -56.944575
1116800, -56.643628
1117600, -56.341949
1118400, -56.035729
1119200, -55.727823
1120000, -55.413959
1120800, -55.096501
1121600, -54.771461
1122400, -54.440792
1123200, -54.099820
1124000, -53.750576
1124800, -53.387806
1125600, -53.012579
1126400, -52.619629
1127200, -52.208681
1128000, -51.773095
1128800, -51.311734
1129600, -50.815895
1130400, -50.282373
1131200, -49.699434
1132000, -49.059795
1132800, -48.347147
1133600, -47.546680
1134400, -46.632194
1135200, -45.576521
1136000, -44.335384
1136800, -42.856398
1137600, -41.060540
1138400, -38.847412
1139200, -36.074810
1140000, -32.569093
1140800, -28.128176
1141600, -22.598367
1142400, -16.018597
1143200, -8.869455
1144000, -2.181591
1144800, 2.821427
1145600, 5.463283
1146400, 5.888186
1147200, 4.688727
1148000, 2.444421
1148800, -0.423909
1149600, -3.649400
1150400, -7.056285
1151200, -10.536669
1152000, -14.016908
1152800, -17.455943
1153600, -20.826948
1154400, -24.122652
1155200, -27.341963
1156000, -30.501239
1156800, -33.619794
1157600, -36.732539
1158400, -39.875051
1159200, -43.092045
1160000, -46.415952
1160800, -49.864291
1161600, -53.405569
1162400, -56.944601
1163200, -60.302793
1164000, -63.259671
1164800, -65.625345
1165600, -67.331903
1166400, -68.434274
1167200, -69.068268
1168000, -69.372724
1168800, -69.465717
1169600, -69.424209
1170400, -69.302722
1171200, -69.129375
1172000, -68.926051
1172800, -68.700592
1173600, -68.462751
1174400, -68.213266
1175200, -67.957762
1176000, -67.694567
1176800, -67.427878
1177600, -67.155196
1178400, -66.880239
1179200, -66.600215
1180000, -66.318649
1180800, -66.032650
1181600, -65.745699
1182400, -65.454846
1183200, -65.163528
1184000, -64.868812
1184800, -64.574121
1185600, -64.276480
1186400, -63.979311
1187200, -63.679670
1188000, -63.380910
1188800, -63.080046
1189600, -62.780489
1190400, -62.479197
1191200, -62.179499
1192000, -61.878390
1192800, -61.579186
1193600, -61.278763
1194400, -60.980412
1195200, -60.681084
1196000, -60.383898
1196800, -60.085692
1197600, -59.789713
1198400, -59.492679
1199200, -59.197648
1200000, -58.901410
1200800, -58.607035
1201600, -58.311054
1202400, -58.016458
1203200, -57.719984
1204000, -57.424302
1204800, -57.125868
1205600, -56.827599
1206400, -56.525809
1207200, -56.223010
1208000, -55.915550
1208800, -55.606017
1209600, -55.290209
1210400, -54.970464
1211200, -54.642851
1212000, -54.308961
1212800, -53.964308
1213600, -53.610763
1214400, -53.242830
1215200, -52.861574
1216000, -52.461305
1216800, -52.041675
1217600, -51.596166
1218400, -51.122667
1219200, -50.612580
1220000, -50.061457
1220800, -49.457554
1221600, -48.791853
1222400, -48.046605
1223200, -47.205872
1224000, -46.240481
1224800, -45.119390
1225600, -43.793581
1226400, -42.203248
1227200, -40.259436
1228000, -37.848826
1228800, -34.814675
1229600, -30.971013
1230400, -26.120071
1231200, -20.160938
1232000, -13.272226
1232800, -6.156067
1233600, 0.009601
1234400, 4.130195
1235200, 5.860005
1236000, 5.578813
1236800, 3.914478
1237600, 1.387783
1238400, -1.643874
1239200, -4.956631
1240000, -8.401820
1240800, -11.889535
1241600, -15.357076
1242400, -18.772534
1243200, -22.114123
1244000, -25.379846
1244800, -28.573368
1245600, -31.714240
1246400, -34.825588
1247200, -37.945404
1248000, -41.111180
1248800, -44.366667
1249600, -47.738164
1250400, -51.229747
1251200, -54.785468
1252000, -58.279748
1252800, -61.508007
1253600, -64.253252
1254400, -66.363638
1255200, -67.824128
1256000, -68.727043
1256800, -69.218175
1257600, -69.428409
1258400, -69.462160
1259200, -69.384270
1260000, -69.240405
1260800, -69.053139
1261600, -68.840827
1262400, -68.609371
1263200, -68.367247
1264000, -68.114605
1264800, -67.856569
1265600, -67.591323
1266400, -67.322835
1267200, -67.048620
1268000, -66.772253
1268800, -66.490997
1269600, -66.208272
1270400, -65.921275
1271200, -65.633376
1272000, -65.341717
1272800, -65.049645
1273600, -64.754323
1274400, -64.459057
1275200, -64.160976
1276000, -63.863416
1276800, -63.563493
1277600, -63.264483
1278400, -62.963502
1279200, -62.663858
1280000, -62.362576
1280800, -62.062905
1281600, -61.761946
1282400, -61.462856
1283200, -61.162630
1284000, -60.864482
1284800, -60.565378
1285600, -60.268373
1286400, -59.970421
1287200, -59.674663
1288000, -59.377834
1288800, -59.082936
1289600, -58.786879
1290400, -58.492504
1291200, -58.196486
1292000, -57.901762
1292800, -57.605027
1293600, -57.308885
1294400, -57.009936
1295200, -56.711038
1296000, -56.408371
1296800, -56.104433
1297600, -55.795717
1298400, -55.484449
1299200, -55.166612
1300000, -54.844513
1300800, -54.513977
1301600, -54.176600
1302400, -53.828052
1303200, -53.469665
1304000, -53.096131
1304800, -52.708471
1305600, -52.300463
1306400, -51.871739
1307200, -51.415299
1308000, -50.928732
1308800, -50.403130
1309600, -49.833122
1310400, -49.205992
1311200, -48.511933
1312000, -47.731150
1312800, -46.845313
1313600, -45.822928
1314400, -44.628586
1315200, -43.206969
1316000, -41.490371
1316800, -39.378707
1317600, -36.744634
1318400, -33.416419
1319200, -29.199788
1320000, -23.915933
1320800, -17.546455
1321600, -10.451241
1322400, -3.553756
1323200, 1.910058
1324000, 5.086140
1324800, 5.958560
1325600, 5.062101
1326400, 3.007879
1327200, 0.248690
1328000, -2.914361
1328800, -6.293700
1329600, -9.764195
1330400, -13.250317
1331200, -16.700222
1332000, -20.088828
1332800, -23.400001
1333600, -26.636974
1334400, -29.806807
1335200, -32.932909
1336000, -36.042180
1336800, -39.175446
1337600, -42.371259
1338400, -45.670329
1339200, -49.090533
1340000, -52.618317
1340800, -56.169233
1341600, -59.587057
1342400, -62.650170
1343200, -65.158813
1344000, -67.009233
1344800, -68.236853
1345600, -68.960647
1346400, -69.328097
1347200, -69.458547
1348000, -69.442670
1348800, -69.334380
1349600, -69.171731
1350400, -68.972668
1351200, -68.752615
1352000, -68.515899
1352800, -68.269939
1353600, -68.014410
1354400, -67.754017
1355200, -67.486834
1356000, -67.216628
1356800, -66.940938
1357600, -66.663205
1358400, -66.380756
1359200, -66.096911
1360000, -65.808950
1360800, -65.520136
1361600, -65.227703
1362400, -64.934912
1363200, -64.639006
1364000, -64.343195
1364800, -64.044707
1365600, -63.746791
1366400, -63.446622
1367200, -63.147398
1368000, -62.846337
1368800, -62.546609
1369600, -62.245350
1370400, -61.945730
1371200, -61.644916
1372000, -61.345952
1372800, -61.045941
1373600, -60.748021
1374400, -60.449163
1375200, -60.152365
1376000, -59.854690
1376800, -59.559089
1377600, -59.262427
1378400, -58.967644
1379200, -58.671719
1380000, -58.377316
1380800, -58.081245
1381600, -57.786386
1382400, -57.489353
1383200, -57.192726
1384000, -56.893239
1384800, -56.593480
1385600, -56.289766
1386400, -55.984561
1387200, -55.674454
1388000, -55.361338
1388800, -55.041369
1389600, -54.716824
1390400, -54.383259
1391200, -54.042278
1392000, -53.689709
1392800, -53.326320
1393600, -52.946996
1394400, -52.552513
1395200, -52.136343
1396000, -51.698089
1396800, -51.230020
1397600, -50.729660
1398400, -50.187097
1399200, -49.596774
1400000, -48.944492
1400800, -48.219703
1401600, -47.400704
1402400, -46.466232
1403200, -45.381317
1404000, -44.105845
1404800, -42.578575
1405600, -40.721902
1406400, -38.423950
1407200, -35.542370
1408000, -31.891773
1408800, -27.276516
1409600, -21.556800
1410400, -14.833377
1411200, -7.675255
1412000, -1.192636
1412800, 3.438585
1413600, 5.676838
1414400, 5.784602
1415200, 4.371274
1416000, 1.998704
1416800, -0.946486
1417600, -4.211182
1418400, -7.638285
1419200, -11.121765
1420000, -14.598757
1420800, -18.026721
1421600, -21.386308
1422400, -24.667700
1423200, -27.877315
1424000, -31.026351
1424800, -34.142200
1425600, -37.255556
1426400, -40.408959
1427200, -43.640509
1428000, -46.986350
1428800, -50.453186
1429600, -54.004140
1430400, -57.526709
1431200, -60.834156
1432000, -63.701336
1432800, -65.958779
1433600, -67.555891
1434400, -68.570635
1435200, -69.138499
1436000, -69.401568
1436800, -69.465956
1437600, -69.409321
1438400, -69.276078
1439200, -69.097906
1440000, -68.888977
1440800, -68.662331
1441600, -68.421047
1442400, -68.171677
1443200, -67.913530
1444000, -67.650953
1444800, -67.381954
1445600, -67.110121
1446400, -66.833029
1447200, -66.553987
1448000, -66.270396
1448800, -65.985480
1449600, -65.696600
1450400, -65.406914
1451200, -65.113750
1452000, -64.820284
1452800, -64.523824
1453600, -64.227505
1454400, -63.928646
1455200, -63.630394
1456000, -63.330006
1456800, -63.030602
1457600, -62.729494
1458400, -62.429720
1459200, -62.128517
1460000, -61.828983
1460800, -61.528312
1461600, -61.229482
1462400, -60.929702
1463200, -60.631978
1464000, -60.333356
1464800, -60.036766
1465600, -59.739381
1466400, -59.443950
1467200, -59.147469
1468000, -58.852818
1468800, -58.556935
1469600, -58.262445
1470400, -57.966285
1471200, -57.671220
1472000, -57.373842
1472800, -57.076699
1473600, -56.776656
1474400, -56.475996
1475200, -56.171203
1476000, -55.864708
1476800, -55.552925
1477600, -55.237750
1478400, -54.915489
1479200, -54.588124
1480000, -54.251234
1480800, -53.906412
1481600, -53.549287
1482400, -53.180454
1483200, -52.794950
1484000, -52.392864
1484800, -51.967836
1485600, -51.519251
1486400, -51.038735
1487200, -50.523718
1488000, -49.963184
1488800, -49.351182
1489600, -48.672148
1490400, -47.913493
1491200, -47.052457
1492000, -46.065081
1492800, -44.912500
1493600, -43.549007
1494400, -41.905141
1495200, -39.893921
1496000, -37.390121
1496800, -34.236299
1497600, -30.236423
1498400, -25.205066
1499200, -19.066335
1500000, -12.076415
1500800, -5.027681
1501600, 0.857696
1502400, 4.580824
1503200, 5.934465
1504000, 5.381042
1504800, 3.540229
1505600, 0.910111
1506400, -2.182498
1507200, -5.524402
1508000, -8.983456
1508800, -12.469630
1509600, -15.931834
1510400, -19.334315
1511200, -22.664647
1512000, -25.916632
1512800, -29.100785
1513600, -32.232995
1514400, -35.344293
1515200, -38.467782
1516000, -41.647235
1516800, -44.919308
1517600, -48.313418
1518400, -51.819925
1519200, -55.377932
1520000, -58.841835
1520800, -62.005528
1521600, -64.651521
1522400, -66.652265
1523200, -68.009572
1524000, -68.834754
1524800, -69.269149
1525600, -69.445004
1526400, -69.454908
1527200, -69.364790
1528000, -69.210989
1528800, -69.019905
1529600, -68.802656
1530400, -68.570339
1531200, -68.325043
1532000, -68.072609
1532800, -67.812066
1533600, -67.547454
1534400, -67.276744
1535200, -67.003364
1536000, -66.724933
1536800, -66.444638
1537600, -66.159954
1538400, -65.874013
1539200, -65.584244
1540000, -65.293722
1540800, -64.999865
1541600, -64.705765
1542400, -64.408793
1543200, -64.112006
1544000, -63.812817
1544800, -63.514256
1545600, -63.213678
1546400, -62.914128
1547200, -62.612974
1548000, -62.313166
1548800, -62.012044
1549600, -61.712624
1550400, -61.412124
1551200, -61.113459
1552000, -60.813939
1552800, -60.516406
1553600, -60.218020
1554400, -59.921651
1555200, -59.624491
1556000, -59.329197
1556800, -59.032881
1557600, -58.738361
1558400, -58.442520
1559200, -58.147951
1560000, -57.851709
1560800, -57.556313
1561600, -57.258504
1562400, -56.960790
1563200, -56.660077
1564000, -56.358436
1564800, -56.052505
1565600, -55.744679
1566400, -55.431180
1567200, -55.113909
1568000, -54.789319
1568800, -54.458962
1569600, -54.118601
1570400, -53.769809
1571200, -53.407845
1572000, -53.033317
1572800, -52.641399
1573600, -52.231458
1574400, -51.797293
1575200, -51.337431
1576000, -50.843612
1576800, -50.312332
1577600, -49.732320
1578400, -49.096063
1579200, -48.387747
1580000, -47.592442
1580800, -46.684786
1581600, -45.637654
1582400, -44.407852
1583200, -42.943381
1584000, -41.167162
1584800, -38.979689
1585600, -36.241572
1586400, -32.780516
1587200, -28.394926
1588000, -22.925935
1588800, -16.395142
1589600, -9.255543
1590400, -2.510664
1591200, 2.608157
1592000, 5.380455
1592800, 5.912071
1593600, 4.784577
1594400, 2.584792
1595200, -0.257694
1596000, -3.468835
1596800, -6.869198
1597600, -10.347723
1598400, -13.829277
1599200, -17.271450
1600000, -20.646419
1600800, -23.946352
1601600, -27.169405
1602400, -30.331155
1603200, -33.451086
1604000, -36.563176
1604800, -39.703082
1605600, -42.915015
1606400, -46.232527
1607200, -49.674455
1608000, -53.212181
1608800, -56.755349
1609600, -60.128510
1610400, -63.112891
1611200, -65.514035
1612000, -67.255856
1612800, -68.387977
1613600, -69.043545
1614400, -69.362614
1615200, -69.464671
1616000, -69.428928
1616800, -69.310796
1617600, -69.139711
1618400, -68.937649
1619200, -68.713213
1620000, -68.475897
1620800, -68.226994
1621600, -67.971746
1622400, -67.708962
1623200, -67.442419
1624000, -67.170070
1624800, -66.895201
1625600, -66.615466
1626400, -66.333951
1627200, -66.048209
1628000, -65.761278
1628800, -65.470653
1629600, -65.179330
1630400, -64.884815
1631200, -64.590094
1632000, -64.292631
1632800, -63.995407
1633600, -63.695921
1634400, -63.397085
1635200, -63.096354
1636000, -62.796696
1636800, -62.495518
1637600, -62.195705
1638400, -61.894691
1639200, -61.595360
1640000, -61.295025
1640800, -60.996535
1641600, -60.697291
1642400, -60.399969
1643200, -60.101842
1644000, -59.805716
1644800, -59.508765
1645600, -59.213602
1646400, -58.917452
1647200, -58.622965
1648000, -58.327102
1648800, -58.032412
1649600, -57.736065
1650400, -57.440318
1651200, -57.142059
1652000, -56.843759
1652800, -56.542198
1653600, -56.239443
1654400, -55.932268
1655200, -55.622862
1656000, -55.307447
1656800, -54.987914
1657600, -54.660817
1658400, -54.327296
1659200, -53.983293
1660000, -53.630304
1660800, -53.263255
1661600, -52.882769
1662400, -52.483678
1663200, -52.065187
1664000, -51.621214
1664800, -51.149340
1665600, -50.641401
1666400, -50.092679
1667200, -49.491881
1668000, -48.829789
1668800, -48.089359
1669600, -47.254304
1670400, -46.296333
1671200, -45.184512
1672000, -43.870953
1672800, -42.296719
1673600, -40.374423
1674400, -37.992202
1675200, -34.995948
1676000, -31.200581
1676800, -26.407833
1677600, -20.507577
1678400, -13.656958
1679200, -6.525955
1680000, -0.277413
1680800, 3.969816
1681600, 5.823384
1682400, 5.634812
1683200, 4.030165
1684000, 1.539636
1684800, -1.471520
1685600, -4.773389
1686400, -8.214327
1687200, -11.701374
1688000, -15.171229
1688800, -18.589891
1689600, -21.935819
1690400, -25.205418
1691200, -28.402331
1692000, -31.545401
1692800, -34.657643
1693600, -37.776129
1694400, -40.938507
1695200, -44.188264
1696000, -47.553270
1696800, -51.038962
1697600, -54.594313
1698400, -58.096320
1699200, -61.345119
1700000, -64.121269
1700800, -66.267658
1701600, -67.761373
1702400, -68.690657
1703200, -69.200150
1704000, -69.422543
1704800, -69.463715
1705600, -69.390553
1706400, -69.249423
1707200, -69.064044
1708000, -68.852777
1708800, -68.622209
1709600, -68.380536
1710400, -68.128421
1711200, -67.870613
1712000, -67.605754
1712800, -67.337399
1713600, -67.063502
1714400, -66.787217
1715200, -66.506239
1716000, -66.223562
1716800, -65.936811
1717600, -65.648932
1718400, -65.357492
1719200, -65.065413
1720000, -64.770283
1720800, -64.474985
1721600, -64.177073
1722400, -63.879454
1723200, -63.579678
1724000, -63.280590
1724800, -62.979734
1725600, -62.679995
1726400, -62.378822
1727200, -62.079037
1728000, -61.778166
1728800, -61.478949
1729600, -61.178804
1730400, -60.880515
1731200, -60.581488
1732000, -60.284347
1732800, -59.986468
1733600, -59.690580
1734400, -59.393839
1735200, -59.098817
1736000, -58.802846
1736800, -58.508362
1737600, -58.212459
1738400, -57.917643
1739200, -57.621057
1740000, -57.324872
1740800, -57.026106
1741600, -56.727187
1742400, -56.424752
1743200, -56.120864
1744000, -55.812433
1744800, -55.501299
1745600, -55.183855
1746400, -54.861977
1747200, -54.531960
1748000, -54.194962
1748800, -53.847070
1749600, -53.489253
1750400, -53.116614
1751200, -52.729744
1752000, -52.322932
1752800, -51.895377
1753600, -51.440608
1754400, -50.955790
1755200, -50.432580
1756000, -49.865200
1756800, -49.241565
1757600, -48.551493
1758400, -47.775929
1759200, -46.896496
1760000, -45.882594
1760800, -44.699012
1761600, -43.291665
1762400, -41.593476
1763200, -39.506577
1764000, -36.905192
1764800, -33.620118
1765600, -29.457478
1766400, -24.235469
1767200, -17.921611
1768000, -10.847333
1768800, -3.906697
1769600, 1.665062
1770400, 4.974275
1771200, 5.961621
1772000, 5.145452
1772800, 3.141188
1773600, 0.411674
1774400, -2.734950
1775200, -6.106080
1776000, -9.573738
1776800, -13.060479
1777600, -16.513010
1778400, -19.905458
1779200, -23.221000
1780000, -26.461691
1780800, -29.634812
1781600, -32.762782
1782400, -35.872346
1783200, -39.003358
1784000, -42.194676
1784800, -45.487343
1785600, -48.900855
1786400, -52.424129
1787200, -55.977112
1788000, -59.407981
1788800, -62.496308
1789600, -65.038868
1790400, -66.925555
1791200, -68.184341
1792000, -68.931769
1792800, -69.315106
1793600, -69.455886
1794400, -69.446232
1795200, -69.341926
1796000, -69.181572
1796800, -68.984131
1797600, -68.764974
1798400, -68.529052
1799200, -68.283491
1800000, -68.028454
1800800, -67.768270
1801600, -67.501456
1802400, -67.231376
1803200, -66.955994
1804000, -66.678341
1804800, -66.396163
1805600, -66.112364
1806400, -65.824641
1807200, -65.535844
1808000, -65.243623
1808800, -64.950823
1809600, -64.655104
1810400, -64.359261
1811200, -64.060934
1812000, -63.762958
1812800, -63.462928
1813600, -63.163625
1814400, -62.862680
1815200, -62.562855
1816000, -62.261697
1816800, -61.961961
1817600, -61.661237
1818400, -61.362150
1819200, -61.062217
1820000, -60.764157
1820800, -60.465371
1821600, -60.168436
1822400, -59.870829
1823200, -59.575098
1824000, -59.278518
1824800, -58.983612
1825600, -58.687790
1826400, -58.393294
1827200, -58.097343
1828000, -57.802399
1828800, -57.505517
1829600, -57.208853
1830400, -56.909549
1831200, -56.609807
1832000, -56.306349
1832800, -56.001217
1833600, -55.691445
1834400, -55.378506
1835200, -55.058959
1836000, -54.734664
1836800, -54.401639
1837600, -54.061066
1838400, -53.709174
1839200, -53.346388
1840000, -52.967991
1840800, -52.574423
1841600, -52.159555
1842400, -51.722577
1843200, -51.256289
1844000, -50.757803
1844800, -50.217778
1845600, -49.630258
1846400, -48.981685
1847200, -48.261356
1848000, -47.448068
1848800, -46.520577
1849600, -45.444852
1850400, -44.181044
1851200, -42.669188
1852000, -40.832842
1852800, -38.562336
1853600, -35.716891
1854400, -32.113317
1855200, -27.555157
1856000, -21.896405
1856800, -15.217582
1857600, -8.058575
1858400, -1.505748
1859200, 3.247585
1860000, 5.614825
1860800, 5.823249
1861600, 4.476682
1862400, 2.144605
1863200, -0.777019
1864000, -4.029221
1864800, -7.450363
1865600, -10.932756
1866400, -14.411207
1867200, -17.842570
1868000, -21.206355
1868800, -24.491862
1869600, -27.705107
1870400, -30.857142
1871200, -33.974213
1872000, -37.086588
1872800, -40.236557
1873600, -43.462862
1874400, -46.801888
1875200, -50.262257
1876000, -53.810771
1876800, -57.338538
1877600, -60.663286
1878400, -63.559475
1879200, -65.852488
1880000, -67.484501
1880800, -68.527707
1881600, -69.116265
1882400, -69.392873
1883200, -69.465952
1884000, -69.414501
1884800, -69.284603
1885600, -69.108349
1886400, -68.900818
1887200, -68.674939
1888000, -68.434366
1888800, -68.185349
1889600, -67.927660
1890400, -67.665276
1891200, -67.396629
1892000, -67.124914
1892800, -66.848118
1893600, -66.569151
1894400, -66.285821
1895200, -66.000948
1896000, -65.712299
1896800, -65.422628
1897600, -65.129668
1898400, -64.836190
1899200, -64.539909
1900000, -64.243554
1900800, -63.944848
1901600, -63.646538
1902400, -63.346283
1903200, -63.046798
1904000, -62.745799
1904800, -62.445925
1905600, -62.144816
1906400, -61.845163
1907200, -61.544574
1908000, -61.245620
1908800, -60.945910
1909600, -60.648058
1910400, -60.349508
1911200, -60.052787
1912000, -59.755464
1912800, -59.459906
1913600, -59.163502
1914400, -58.868729
1915200, -58.572942
1916000, -58.278361
1916800, -57.982315
1917600, -57.687193
1918400, -57.389979
1919200, -57.092813
1920000, -56.792956
1920800, -56.492322
1921600, -56.187784
1922400, -55.881368
1923200, -55.569923
1924000, -55.254933
1924800, -54.933096
1925600, -54.606041
1926400, -54.269733
1927200, -53.925355
1928000, -53.569000
1928800, -53.200849
1929600, -52.816331
1930400, -52.415224
1931200, -51.991555
1932000, -51.544419
1932800, -51.065834
1933600, -50.552843
1934400, -49.995005
1935200, -49.386159
1936000, -48.711179
1936800, -47.957378
1937600, -47.102753
1938400, -46.123113
1939200, -44.980597
1940000, -43.630232
1940800, -42.003907
1941600, -40.015892
1942400, -37.543245
1943200, -34.430182
1944000, -30.482449
1944800, -25.512062
1945600, -19.432651
1946400, -12.475653
1947200, -5.401429
1948000, 0.579287
1948800, 4.435680
1949600, 5.913144
1950400, 5.449386
1951200, 3.665874
1952000, 1.069917
1952800, -2.003132
1953600, -5.335033
1954400, -8.790108
1955200, -12.276618
1956000, -15.741058
1956800, -19.147592
1957600, -22.481858
1958400, -25.738096
1959200, -28.925852
1960000, -32.060251
1960800, -35.171498
1961600, -38.293067
1962400, -41.468211
1963200, -44.734218
1964000, -48.121043
1964800, -51.622590
1965600, -55.180397
1966400, -58.654875
1967200, -61.840992
1968000, -64.519998
1968800, -66.557706
1969600, -67.948773
1970400, -68.799939
1971200, -69.252541
1972000, -69.440024
1972800, -69.457327
1973600, -69.371589
1974400, -69.220646
1975200, -69.031201
1976000, -68.815181
1976800, -68.583537
1977600, -68.338894
1978400, -68.086783
1979200, -67.826675
1980000, -67.562247
1980800, -67.291879
1981600, -67.018616
1982400, -66.740475
1983200, -66.460255
1984000, -66.175827
1984800, -65.889929
1985600, -65.600386
1986400, -65.309880
1987200, -65.016221
1988000, -64.722109
1988800, -64.425309
1989600, -64.128485
1990400, -63.829443
1991200, -63.530822
1992000, -63.230371
1992800, -62.930739
1993600, -62.629692
1994400, -62.329788
1995200, -62.028753
1996000, -61.729215
1996800, -61.428790
1997600, -61.130000
1998400, -60.830542
1999200, -60.532879
2000000, -60.234559
2000800, -59.938057
2001600, -59.640969
2002400, -59.345558
2003200, -59.049321
2004000, -58.754683
2004800, -58.458937
2005600, -58.164279
2006400, -57.868150
2007200, -57.572702
2008000, -57.275055
2008800, -56.977324
2009600, -56.676830
2010400, -56.375247
2011200, -56.069591
2012000, -55.761864
2012800, -55.448719
2013600, -55.131654
2014400, -54.807503
2015200, -54.477481
2016000, -54.137724
2016800, -53.789408
2017600, -53.428247
2018400, -53.054445
2019200, -52.663557
2020000, -52.254656
2020800, -51.821918
2021600, -51.363594
2022400, -50.871807
2023200, -50.342821
2024000, -49.765763
2024800, -49.132954
2025600, -48.429017
2026400, -47.638967
2027200, -46.738223
2028000, -45.699770
2028800, -44.481450
2029600, -43.031721
2030400, -41.275252
2031200, -39.113700
2032000, -36.410179
2032800, -32.994117
2033600, -28.664355
2034400, -23.256980
2035200, -16.778447
2036000, -9.650786
2036800, -2.851033
2037600, 2.384409
2038400, 5.290367
2039200, 5.932428
2040000, 4.879862
2040800, 2.726518
2041600, -0.088919
2042400, -3.285011
2043200, -6.678421
2044000, -10.155006
2044800, -13.637722
2045600, -17.083044
2046400, -20.461932
2047200, -23.766123
2048000, -26.993555
2048800, -30.157891
2049600, -33.279178
2050400, -36.390631
2051200, -39.527936
2052000, -42.734855
2052800, -46.045773
2053600, -49.481295
2054400, -53.015443
2055200, -56.562769
2056000, -59.950867
2056800, -62.962579
2057600, -65.399369
2058400, -67.177151
2059200, -68.339828
2060000, -69.017707
2060800, -69.351905
2061600, -69.463397
2062400, -69.433625
2063200, -69.318997
2064000, -69.150240
2064800, -68.949504
2065600, -68.726106
2066400, -68.489354
2067200, -68.241031
2068000, -67.986065
2068800, -67.723686
2069600, -67.457310
2070400, -67.185286
2071200, -66.910525
2072000, -66.631069
2072800, -66.349626
2073600, -66.064128
2074400, -65.777237
2075200, -65.486828
2076000, -65.195519
2076800, -64.901192
2077600, -64.606459
2078400, -64.309161
2079200, -64.011898
2080000, -63.712551
2080800, -63.413655
2081600, -63.113042
2082400, -62.813299
2083200, -62.512220
2084000, -62.212308
2084800, -61.911375
2085600, -61.611933
2086400, -61.311671
2087200, -61.013057
2088000, -60.713872
2088800, -60.416422
2089600, -60.118356
2090400, -59.822098
2091200, -59.525214
2092000, -59.229934
2092800, -58.933857
2093600, -58.639274
2094400, -58.343515
2095200, -58.048747
2096000, -57.752513
2096800, -57.456721
2097600, -57.158623
2098400, -56.860310
2099200, -56.558968
2100000, -56.256274
2100800, -55.949374
2101600, -55.640116
2102400, -55.325085
2103200, -55.005788
2104000, -54.679183
2104800, -54.346045
2105600, -54.002679
2106400, -53.650256
2107200, -53.284079
2108000, -52.904385
2108800, -52.506469
2109600, -52.089150
2110400, -51.646719
2111200, -51.176510
2112000, -50.670735
2112800, -50.124468
2113600, -49.526806
2114400, -48.868395
2115200, -48.132839
2116000, -47.303564
2116800, -46.353108
2117600, -45.250715
2118400, -43.949575
2119200, -42.391699
2120000, -40.491236
2120800, -38.137874
2121600, -35.179930
2122400, -31.433715
2123200, -26.700242
2124000, -20.860094
2124800, -14.048894
2125600, -6.904689
2126400, -0.573504
2127200, 3.802135
2128000, 5.782315
2128800, 5.689485
2129600, 4.146858
2130400, 1.693835
2131200, -1.295882
2132000, -4.586314
2132800, -8.022666
2133600, -11.508890
2134400, -14.980983
2135200, -18.402923
2136000, -21.753217
2136800, -25.027315
2137600, -28.227670
2138400, -31.372956
2139200, -34.486090
2140000, -37.603289
2140800, -40.762290
2141600, -44.006298
2142400, -47.364827
2143200, -50.844671
2144000, -54.398461
2144800, -57.907922
2145600, -61.176677
2146400, -63.984143
2147200, -66.167408
2148000, -67.695526
2148800, -68.652261
2149600, -69.180985
2150400, -69.416115
2151200, -69.465104
2152000, -69.396891
2152800, -69.258652
2153600, -69.075233
2154400, -68.865080
2155200, -68.635419
2156000, -68.394235
2156800, -68.142651
2157600, -67.885098
2158400, -67.620621
2159200, -67.352423
2160000, -67.078837
2160800, -66.802655
2161600, -66.521947
2162400, -66.239338
2163200, -65.952823
2164000, -65.664983
2164800, -65.373753
2165600, -65.081685
2166400, -64.786735
2167200, -64.491422
2168000, -64.193667
2168800, -63.896007
2169600, -63.596365
2170400, -63.297216
2171200, -62.996470
2172000, -62.696651
2172800, -62.395573
2173600, -62.095689
2174400, -61.794891
2175200, -61.495561
2176000, -61.195481
2176800, -60.897067
2177600, -60.598101
2178400, -60.300837
2179200, -60.003015
2180000, -59.707007
2180800, -59.410336
2181600, -59.115202
2182400, -58.819300
2183200, -58.524722
2184000, -58.228918
2184800, -57.934024
2185600, -57.637573
2186400, -57.341361
2187200, -57.042763
2188000, -56.743839
2188800, -56.441625
2189600, -56.137805
2190400, -55.829647
2191200, -55.518666
2192000, -55.201608
2192800, -54.879971
2193600, -54.550468
2194400, -54.213876
2195200, -53.866636
2196000, -53.509420
2196800, -53.137679
2197600, -52.751634
2198400, -52.346028
2199200, -51.919685
2200000, -51.466610
2200800, -50.983596
2201600, -50.462815
2202400, -49.898139
2203200, -49.278060
2204000, -48.592082
2204800, -47.821835
2205600, -46.948961
2206400, -45.943710
2207200, -44.771137
2208000, -43.378351
2208800, -41.698991
2209600, -39.637386
2210400, -37.069446
2211200, -33.828462
2212000, -29.721114
2212800, -24.562598
2213600, -18.307043
2214400, -11.258703
2215200, -4.278845
2216000, 1.400856
2216800, 4.848584
2217600, 5.957467
2218400, 5.227185
2219200, 3.276734
2220000, 0.579299
2220800, -2.549403
2221600, -5.911464
2222400, -9.375958
2223200, -12.863057
2224000, -16.318489
2224800, -19.714717
2225600, -23.034960
2226400, -26.279347
2227200, -29.455689
2228000, -32.585504
2228800, -35.695308
2229600, -38.824130
2230400, -42.011007
2231200, -45.297161
2232000, -48.703793
2232800, -52.221765
2233600, -55.776593
2234400, -59.219262
2235200, -62.333203
2236000, -64.911049
2236800, -66.835571
2237600, -68.127390
2238400, -68.900071
2239200, -69.300513
2240000, -69.452414
2240800, -69.449510
2241600, -69.349486
2242400, -69.191631
2243200, -68.995917
2244000, -68.777744
2244800, -68.542651
2245600, -68.297536
2246400, -68.042999
2247200, -67.783056
2248000, -67.516611
2248800, -67.246683
2249600, -66.971604
2250400, -66.694054
2251200, -66.412139
2252000, -66.128408
2252800, -65.840915
2253600, -65.552156
2254400, -65.260138
2255200, -64.967347
2256000, -64.671805
2256800, -64.375947
2257600, -64.077770
2258400, -63.779752
2259200, -63.479848
2260000, -63.180482
2260800, -62.879639
2261600, -62.579732
2262400, -62.278662
2263200, -61.978825
2264000, -61.678176
2264800, -61.378981
2265600, -61.079109
2266400, -60.780924
2267200, -60.482194
2268000, -60.185137
2268800, -59.887580
2269600, -59.591733
2270400, -59.295221
2271200, -59.000206
2272000, -58.704471
2272800, -58.409896
2273600, -58.114050
2274400, -57.819038
2275200, -57.522293
2276000, -57.225608
2276800, -56.926475
2277600, -56.626769
2278400, -56.323557
2279200, -56.018519
2280000, -55.709036
2280800, -55.396270
2281600, -55.077122
2282400, -54.753089
2283200, -54.420595
2284000, -54.080454
2284800, -53.729238
2285600, -53.367088
2286400, -52.989624
2287200, -52.597014
2288000, -52.183468
2288800, -51.747818
2289600, -51.283343
2290400, -50.786801
2291200, -50.249366
2292000, -49.664745
2292800, -49.019964
2293600, -48.304116
2294400, -47.496584
2295200, -46.576195
2296000, -45.509803
2296800, -44.257887
2297600, -42.761723
2298400, -40.946111
2299200, -38.703575
2300000, -35.895018
2300800, -32.339464
2301600, -27.840181
2302400, -22.244338
2303200, -15.614331
2304000, -8.458491
2304800, -1.838319
2305600, 3.040205
2306400, 5.542621
2307200, 5.857848
2308000, 4.582543
2308800, 2.293892
2309600, -0.602394
2310400, -3.841014
2311200, -7.255869
2312000, -10.736764
2312800, -14.216809
2313600, -17.651401
2314400, -21.019419
2315200, -24.308976
2316000, -27.525855
2316800, -30.680895
2317600, -33.799352
2318400, -36.911283
2319200, -40.058055
2320000, -43.279038
2320800, -46.611131
2321600, -50.064861
2322400, -53.610886
2323200, -57.143799
2324000, -60.486098
2324800, -63.411863
2325600, -65.741449
2326400, -67.409570
2327200, -68.482443
2328000, -69.092639
2328800, -69.383479
2329600, -69.465674
2330400, -69.419692
2331200, -69.293291
2332000, -69.119072
2332800, -68.912986
2333600, -68.687927
2334400, -68.448078
2335200, -68.199448
2336000, -67.942216
2336800, -67.680050
2337600, -67.411750
2338400, -67.140176
2339200, -66.863669
2340000, -66.584798
2340800, -66.301720
2341600, -66.016908
2342400, -65.728480
2343200, -65.438842
2344000, -65.146075
2344800, -64.852603
2345600, -64.556489
2346400, -64.260116
2347200, -63.961552
2348000, -63.663201
2348800, -63.363067
2349600, -63.063518
2350400, -62.762613
2351200, -62.462655
2352000, -62.161627
2352800, -61.861871
2353600, -61.561350
2354400, -61.262286
2355200, -60.962631
2356000, -60.664666
2356800, -60.366174
2357600, -60.069334
2358400, -59.772060
2359200, -59.476388
2360000, -59.180048
2360800, -58.885165
2361600, -58.589462
2362400, -58.294804
2363200, -57.998860
2364000, -57.703698
2364800, -57.406636
2365600, -57.109463
2366400, -56.809782
2367200, -56.509192
2368000, -56.204902
2368800, -55.898584
2369600, -55.587472
2370400, -55.272692
2371200, -54.951276
2372000, -54.624559
2372800, -54.288834
2373600, -53.944933
2374400, -53.589357
2375200, -53.221927
2376000, -52.838411
2376800, -52.438333
2377600, -52.016052
2378400, -51.570352
2379200, -51.093688
2380000, -50.582760
2380800, -50.027647
2381600, -49.421884
2382400, -48.750910
2383200, -48.001981
2384000, -47.153777
2384800, -46.181939
2385600, -45.049558
2386400, -43.712171
2387200, -42.103297
2388000, -40.138070
2388800, -37.695896
2389600, -34.622984
2390400, -30.726737
2391200, -25.816699
2392000, -19.796198
2392800, -12.872502
2393600, -5.774338
2394400, 0.299628
2395200, 4.288183
2396000, 5.889614
2396800, 5.516156
2397600, 3.790448
2398400, 1.228982
2399200, -1.824460
2400000, -5.146466
2400800, -8.597356
2401600, -12.083974
2402400, -15.550493
2403200, -18.960939
2404000, -22.299225
2404800, -25.559645
2405600, -28.750975
2406400, -31.888050
2407200, -34.999855
2408000, -38.119640
2408800, -41.290620
2409600, -44.550731
2410400, -47.930491
2411200, -51.426823
2412000, -54.984337
2412800, -58.468970
2413600, -61.676993
2414400, -64.388419
2415200, -66.462759
2416000, -67.887490
2416800, -68.764719
2417600, -69.235637
2418400, -69.434870
2419200, -69.459633
2420000, -69.378336
2420800, -69.230264
2421600, -69.042485
2422400, -68.827688
2423200, -68.596735
2424000, -68.352734
2424800, -68.100962
2425600, -67.841277
2426400, -67.577047
2427200, -67.307007
2428000, -67.033876
2428800, -66.756011
2429600, -66.475881
2430400, -66.191695
2431200, -65.905855
2432000, -65.616524
2432800, -65.326049
2433600, -65.032575
2434400, -64.738465
2435200, -64.441824
2436000, -64.144979
2436800, -63.846069
2437600, -63.547404
2438400, -63.247066
2439200, -62.947366
2440000, -62.646414
2440800, -62.346427
2441600, -62.045468
2442400, -61.745825
2443200, -61.445461
2444000, -61.146559
2444800, -60.847150
2445600, -60.549373
2446400, -60.251105
2447200, -59.954483
2448000, -59.657455
2448800, -59.361940
2449600, -59.065768
2450400, -58.771025
2451200, -58.475360
2452000, -58.180627
2452800, -57.884596
2453600, -57.589109
2454400, -57.291611
2455200, -56.993874
2456000, -56.693586
2456800, -56.392072
2457600, -56.086677
2458400, -55.779062
2459200, -55.466255
2460000, -55.149408
2460800, -54.825682
2461600, -54.496006
2462400, -54.156837
2463200, -53.809008
2464000, -53.448631
2464800, -53.075565
2465600, -52.685690
2466400, -52.277838
2467200, -51.846506
2468000, -51.389727
2468800, -50.899950
2469600, -50.373258
2470400, -49.799128
2471200, -49.169762
2472000, -48.470168
2472800, -47.685357
2473600, -46.791475
2474400, -45.761667
2475200, -44.554751
2476000, -43.119696
2476800, -41.382584
2477600, -39.246599
2478400, -36.577221
2479200, -33.205682
2480000, -28.931820
2480800, -23.586035
2481600, -17.160674
2482400, -10.047894
2483200, -3.196098
2484000, 2.153660
2484800, 5.194048
2485600, 5.948592
2486400, 4.972862
2487200, 2.867267
2488000, 0.079734
2488800, -3.100899
2489600, -6.486962
2490400, -9.961353
2491200, -13.445138
2492000, -16.893489
2492800, -20.276596
2493600, -23.584968
2494400, -26.816656
2495200, -29.984389
2496000, -33.107134
2496800, -36.217930
2497600, -39.352627
2498400, -42.554611
2499200, -45.859028
2500000, -49.287621
2500800, -55.452698
2501600, -60.512296
2502400, -65.042722
2503200, -68.846497
2504000, -71.684429
2504800, -73.558376
2505600, -74.682856
2506400, -75.312662
2507200, -75.650048
2508000, -75.820980
2508800, -75.901355
2509600, -75.930077
2510400, -75.931280
2511200, -75.915084
2512000, -75.890038
2512800, -75.857870
2513600, -75.822588
2514400, -75.783433
2515200, -75.743031
2516000, -75.699848
2516800, -75.656063
2517600, -75.609882
2518400, -75.563331
2519200, -75.514528
2520000, -75.465441
2520800, -75.414156
2521600, -75.362620
2522400, -75.308908
2523200, -75.254960
2524000, -75.198847
2524800, -75.142506
2525600, -75.084009
2526400, -75.025293
2527200, -74.964433
2528000, -74.903365
2528800, -74.840167
2529600, -74.776777
2530400, -74.711275
2531200, -74.645601
2532000, -74.577840
2532800, -74.509933
2533600, -74.439967
2534400, -74.369884
2535200, -74.297777
2536000, -74.225588
2536800, -74.151412
2537600, -74.077194
2538400, -74.001031
2539200, -73.924870
2540000, -73.846809
2540800, -73.768794
2541600, -73.688928
2542400, -73.609160
2543200, -73.527595
2544000, -73.446184
2544800, -73.363033
2545600, -73.280094
2546400, -73.195477
2547200, -73.111133
2548000, -73.025174
2548800, -72.939551
2549600, -72.852377
2550400, -72.765598
2551200, -72.677330
2552000, -72.589522
2552800, -72.500292
2553600, -72.411591
2554400, -72.321537
2555200, -72.232079
2556000, -72.141339
2556800, -72.051264
2557600, -71.959977
2558400, -71.869422
2559200, -71.777716
2560000, -71.686801
2560800, -71.594800
2561600, -71.503654
2562400, -71.411489
2563200, -71.320245
2564000, -71.228047
2564800, -71.136837
2565600, -71.044739
2566400, -70.953692
2567200, -70.861816
2568000, -70.771040
2568800, -70.679484
2569600, -70.589079
2570400, -70.497949
2571200, -70.408025
2572000, -70.317431
2572800, -70.228097
2573600, -70.138150
2574400, -70.049516
2575200, -69.960322
2576000, -69.872486
2576800, -69.784121
2577600, -69.697144
2578400, -69.609672
2579200, -69.523624
2580000, -69.437123
2580800, -69.352086
2581600, -69.266636
2582400, -69.182691
2583200, -69.098375
2584000, -69.015602
2584800, -68.932497
2585600, -68.850957
2586400, -68.769090
2587200, -68.688798
2588000, -68.608197
2588800, -68.529193
2589600, -68.449905
2590400, -68.372240
2591200, -68.294320
2592000, -68.218049
2592800, -68.141550
2593600, -68.066727
2594400, -67.991704
2595200, -67.918379
2596000, -67.844853
2596800, -67.773008
2597600, -67.700956
2598400, -67.630589
2599200, -67.560025
2600000, -67.491157
2600800, -67.422108
2601600, -67.354771
2602400, -67.287271
2603200, -67.221500
2604000, -67.155585
2604800, -67.091417
2605600, -67.027123
2606400, -66.964592
2607200, -66.901935
2608000, -66.841017
2608800, -66.779947
2609600, -66.720601
2610400, -66.661099
2611200, -66.603321
2612000, -66.545393
2612800, -66.489197
2613600, -66.432860
2614400, -66.378267
2615200, -66.323547
2616000, -66.270581
2616800, -66.217500
2617600, -66.166187
2618400, -66.114772
2619200, -66.065135
2620000, -66.015408
2620800, -65.967470
2621600, -65.919432
2622400, -65.873147
2623200, -65.826730
2624000, -65.782045
2624800, -65.737219
2625600, -65.694119
2626400, -65.650878
2627200, -65.609367
2628000, -65.567720
2628800, -65.527808
2629600, -65.487768
2630400, -65.449471
2631200, -65.411054
2632000, -65.374386
2632800, -65.337607
2633600, -65.302584
2634400, -65.267457
2635200, -65.234092
2636000, -65.200628
2636800, -65.168930
2637600, -65.137139
2638400, -65.107117
2639200, -65.077004
2640000, -65.048663
2640800, -65.020233
2641600, -64.993574
2642400, -64.966820
2643200, -64.941810
2644000, -64.916667
2644800, -64.893239
2645600, -64.869661
2646400, -64.847784
2647200, -64.825746
2648000, -64.805400
2648800, -64.784888
2649600, -64.766062
2650400, -64.747064
2651200, -64.729747
2652000, -64.712254
2652800, -64.696435
2653600, -64.680433
2654400, -64.666098
2655200, -64.651573
2656000, -64.638705
2656800, -64.625638
2657600, -64.614218
2658400, -64.602587
2659200, -64.592590
2660000, -64.582371
2660800, -64.573771
2661600, -64.564934
2662400, -64.557699
2663200, -64.550211
2664000, -64.544307
2664800, -64.538132
2665600, -64.533522
2666400, -64.528620
2667200, -64.525261
2668000, -64.521589
2668800, -64.519436
2669600, -64.516948
2670400, -64.515954
2671200, -64.514600
2672000, -64.514714
2672800, -64.514442
2673600, -64.515611
2674400, -64.516366
2675200, -64.518534
2676000, -64.520259
2676800, -64.523368
2677600, -64.526005
2678400, -64.529994
2679200, -64.533482
2680000, -64.538291
2680800, -64.542569
2681600, -64.548135
2682400, -64.553139
2683200, -64.559400
2684000, -64.565067
2684800, -64.571959
2685600, -64.578225
2686400, -64.585684
2687200, -64.592486
2688000, -64.600448
2688800, -64.607723
2689600, -64.616126
2690400, -64.623810
2691200, -64.632592
2692000, -64.640626
2692800, -64.649725
2693600, -64.658047
2694400, -64.667406
2695200, -64.675958
2696000, -64.685517
2696800, -64.694243
2697600, -64.703949
2698400, -64.712794
2699200, -64.722591
2700000, -64.731504
2700800, -64.741343
2701600, -64.750273
2702400, -64.760106
2703200, -64.769008
2704000, -64.778789
2704800, -64.787617
2705600, -64.797304
2706400, -64.806018
2707200, -64.815570
2708000, -64.824132
2708800, -64.833515
2709600, -64.841890
2710400, -64.851068
2711200, -64.859224
2712000, -64.868168
2712800, -64.876076
2713600, -64.884758
2714400, -64.892393
2715200, -64.900789
2716000, -64.908128
2716800, -64.916217
2717600, -64.923239
2718400, -64.931003
2719200, -64.937692
2720000, -64.945115
2720800, -64.951456
2721600, -64.958526
2722400, -64.964509
2723200, -64.971214
2724000, -64.976829
2724800, -64.983163
2725600, -64.988404
2726400, -64.994361
2727200, -64.999225
2728000, -65.004802
2728800, -65.009281
2729600, -65.014466
2730400, -65.018548
2731200, -65.023334
2732000, -65.027018
2732800, -65.031405
2733600, -65.034692
2734400, -65.038686
2735200, -65.041585
2736000, -65.045193
2736800, -65.047711
2737600, -65.050945
2738400, -65.053094
2739200, -65.055964
2740000, -65.057757
2740800, -65.060277
2741600, -65.061727
2742400, -65.063910
2743200, -65.065030
2744000, -65.066891
2744800, -65.067697
2745600, -65.069251
2746400, -65.069759
2747200, -65.071021
2748000, -65.071245
2748800, -65.072232
2749600, -65.072189
2750400, -65.072916
2751200, -65.072622
2752000, -65.073105
2752800, -65.072576
2753600, -65.072832
2754400, -65.072084
2755200, -65.072129
2756000, -65.071179
2756800, -65.071028
2757600, -65.069891
2758400, -65.069561
2759200, -65.068253
2760000, -65.067759
2760800, -65.066295
2761600, -65.065653
2762400, -65.064049
2763200, -65.063273
2764000, -65.061542
2764800, -65.060647
2765600, -65.058805
2766400, -65.057805
2767200, -65.055865
2768000, -65.054773
2768800, -65.052748
2769600, -65.051578
2770400, -65.049482
2771200, -65.048246
2772000, -65.046090
2772800, -65.044800
2773600, -65.042597
2774400, -65.041264
2775200, -65.039024
2776000, -65.037660
2776800, -65.035394
2777600, -65.034009
2778400, -65.031727
2779200, -65.030330
2780000, -65.028042
2780800, -65.026642
2781600, -65.024356
2782400, -65.022962
2783200, -65.020687
2784000, -65.019307
2784800, -65.017050
2785600, -65.015692
2786400, -65.013460
2787200, -65.012129
2788000, -65.009929
2788800, -65.008633
2789600, -65.006470
2790400, -65.005214
2791200, -65.003094
2792000, -65.001883
2792800, -64.999811
2793600, -64.998650
2794400, -64.996628
2795200, -64.995516
2796000, -64.993546
2796800, -64.992485
2797600, -64.990566
2798400, -64.989558
2799200, -64.987693
2800000, -64.986740
2800800, -64.984933
2801600, -64.984037
2802400, -64.982289
2803200, -64.981453
2804000, -64.979766
2804800, -64.978992
2805600, -64.977368
2806400, -64.976658
2807200, -64.975099
2808000, -64.974453
2808800, -64.972959
2809600, -64.972379
2810400, -64.970952
2811200, -64.970438
2812000, -64.969078
2812800, -64.968631
2813600, -64.967338
2814400, -64.966957
2815200, -64.965731
2816000, -64.965416
2816800, -64.964256
2817600, -64.964007
2818400, -64.962913
2819200, -64.962729
2820000, -64.961700
2820800, -64.961580
2821600, -64.960614
2822400, -64.960556
2823200, -64.959653
2824000, -64.959656
2824800, -64.958813
2825600, -64.958876
2826400, -64.958092
2827200, -64.958212
2828000, -64.957485
2828800, -64.957660
2829600, -64.956988
2830400, -64.957217
2831200, -64.956597
2832000, -64.956877
2832800, -64.956308
2833600, -64.956636
2834400, -64.956115
2835200, -64.956490
2836000, -64.956015
2836800, -64.956434
2837600, -64.956001
2838400, -64.956462
2839200, -64.956070
2840000, -64.956569
2840800, -64.956215
2841600, -64.956750
2842400, -64.956431
2843200, -64.957000
2844000, -64.956714
2844800, -64.957314
2845600, -64.957058
2846400, -64.957686
2847200, -64.957458
2848000, -64.958112
2848800, -64.957909
2849600, -64.958586
2850400, -64.958405
2851200, -64.959103
2852000, -64.958942
2852800, -64.959658
2853600, -64.959515
2854400, -64.960247
2855200, -64.960119
2856000, -64.960865
2856800, -64.960750
2857600, -64.961507
2858400, -64.961403
2859200, -64.962170
2860000, -64.962074
2860800, -64.962848
2861600, -64.962759
2862400, -64.963537
2863200, -64.963453
2864000, -64.964235
2864800, -64.964154
2865600, -64.964937
2866400, -64.964857
2867200, -64.965640
2868000, -64.965559
2868800, -64.966341
2869600, -64.966258
2870400, -64.967036
2871200, -64.966949
2872000, -64.967723
2872800, -64.967631
2873600, -64.968399
2874400, -64.968301
2875200, -64.969061
2876000, -64.968956
2876800, -64.969708
2877600, -64.969595
2878400, -64.970338
2879200, -64.970215
2880000, -64.970947
2880800, -64.970815
2881600, -64.971536
2882400, -64.971393
2883200, -64.972103
2884000, -64.971948
2884800, -64.972645
2885600, -64.972478
2886400, -64.973163
2887200, -64.972984
2888000, -64.973655
2888800, -64.973463
2889600, -64.974121
2890400, -64.973916
2891200, -64.974560
2892000, -64.974341
2892800, -64.974971
2893600, -64.974739
2894400, -64.975355
2895200, -64.975109
2896000, -64.975711
2896800, -64.975451
2897600, -64.976039
2898400, -64.975765
2899200, -64.976339
2900000, -64.976052
2900800, -64.976613
2901600, -64.976312
2902400, -64.976859
2903200, -64.976545
2904000, -64.977078
2904800, -64.976752
2905600, -64.977272
2906400, -64.976933
2907200, -64.977440
2908000, -64.977089
2908800, -64.977584
2909600, -64.977221
2910400, -64.977704
2911200, -64.977330
2912000, -64.977801
2912800, -64.977415
2913600, -64.977875
2914400, -64.977480
2915200, -64.977929
2916000, -64.977523
2916800, -64.977962
2917600, -64.977547
2918400, -64.977977
2919200, -64.977553
2920000, -64.977973
2920800, -64.977540
2921600, -64.977952
2922400, -64.977512
2923200, -64.977915
2924000, -64.977468
2924800, -64.977864
2925600, -64.977409
2926400, -64.977798
2927200, -64.977337
2928000, -64.977720
2928800, -64.977254
2929600, -64.977630
2930400, -64.977159
2931200, -64.977530
2932000, -64.977054
2932800, -64.977420
2933600, -64.976940
2934400, -64.977302
2935200, -64.976818
2936000, -64.977176
2936800, -64.976689
2937600, -64.977044
2938400, -64.976554
2939200, -64.976907
2940000, -64.976415
2940800, -64.976764
2941600, -64.976271
2942400, -64.976619
2943200, -64.976123
2944000, -64.976470
2944800, -64.975974
2945600, -64.976319
2946400, -64.975823
2947200, -64.976167
2948000, -64.975670
2948800, -64.976015
2949600, -64.975518
2950400, -64.975862
2951200, -64.975366
2952000, -64.975711
2952800, -64.975216
2953600, -64.975561
2954400, -64.975067
2955200, -64.975413
2956000, -64.974921
2956800, -64.975268
2957600, -64.974777
2958400, -64.975125
2959200, -64.974636
2960000, -64.974986
2960800, -64.974500
2961600, -64.974851
2962400, -64.974367
2963200, -64.974721
2964000, -64.974239
2964800, -64.974595
2965600, -64.974115
2966400, -64.974473
2967200, -64.973997
2968000, -64.974357
2968800, -64.973884
2969600, -64.974247
2970400, -64.973776
2971200, -64.974141
2972000, -64.973674
2972800, -64.974042
2973600, -64.973577
2974400, -64.973948
2975200, -64.973486
2976000, -64.973859
2976800, -64.973401
2977600, -64.973777
2978400, -64.973322
2979200, -64.973701
2980000, -64.973249
2980800, -64.973630
2981600, -64.973181
2982400, -64.973565
2983200, -64.973119
2984000, -64.973506
2984800, -64.973064
2985600, -64.973453
2986400, -64.973013
2987200, -64.973405
2988000, -64.972968
2988800, -64.973363
2989600, -64.972929
2990400, -64.973326
2991200, -64.972894
2992000, -64.973294
2992800, -64.972865
2993600, -64.973267
2994400, -64.972841
2995200, -64.973244
2996000, -64.972821
2996800, -64.973227
2997600, -64.972806
2998400, -64.973214
2999200, -64.972795
3000000, -64.973204
