# ./result/hh_impl_0650.txt
# dt = 650 [usec]
# t [usec], V [mV]
0, -65.000000
650, -64.998071
1300, -64.996215
1950, -64.994420
2600, -64.992679
3250, -64.990985
3900, -64.989334
4550, -64.987722
5200, -64.986147
5850, -64.984607
6500, -64.983102
7150, -64.981629
7800, -64.980189
8450, -64.978781
9100, -64.977405
9750, -64.976061
10400, -64.974749
11050, -64.973468
11700, -64.972218
12350, -64.971001
13000, -64.969815
13650, -64.968661
14300, -64.967539
14950, -64.966448
15600, -64.965390
16250, -64.964363
16900, -64.963368
17550, -64.962405
18200, -64.961474
18850, -64.960574
19500, -64.959706
20150, -64.958870
20800, -64.958064
21450, -64.957290
22100, -64.956547
22750, -64.955834
23400, -64.955153
24050, -64.954501
24700, -64.953880
25350, -64.953288
26000, -64.952726
26650, -64.952194
27300, -64.951690
27950, -64.951215
28600, -64.950769
29250, -64.950350
29900, -64.949959
30550, -64.949595
31200, -64.949258
31850, -64.948948
32500, -64.948663
33150, -64.948405
33800, -64.948171
34450, -64.947962
35100, -64.947778
35750, -64.947618
36400, -64.947481
37050, -64.947367
37700, -64.947276
38350, -64.947206
39000, -64.947159
39650, -64.947132
40300, -64.947126
40950, -64.947140
41600, -64.947174
42250, -64.947226
42900, -64.947298
43550, -64.947387
44200, -64.947495
44850, -64.947619
45500, -64.947760
46150, -64.947917
46800, -64.948089
47450, -64.948277
48100, -64.948479
48750, -64.948695
49400, -64.948925
50050, -64.949168
50700, -64.949424
51350, -64.949691
52000, -64.949970
52650, -64.950260
53300, -64.950561
53950, -64.950872
54600, -64.951192
55250, -64.951522
55900, -64.951860
56550, -64.952207
57200, -64.952561
57850, -64.952923
58500, -64.953291
59150, -64.953666
59800, -64.954047
60450, -64.954433
61100, -64.954824
61750, -64.955221
62400, -64.955621
63050, -64.956025
63700, -64.956433
64350, -64.956843
65000, -64.957257
65650, -64.957673
66300, -64.958090
66950, -64.958509
67600, -64.958930
68250, -64.959351
68900, -64.959773
69550, -64.960195
70200, -64.960617
70850, -64.961038
71500, -64.961459
72150, -64.961878
72800, -64.962296
73450, -64.962713
74100, -64.963128
74750, -64.963540
75400, -64.963950
76050, -64.964357
76700, -64.964762
77350, -64.965163
78000, -64.965561
78650, -64.965955
79300, -64.966345
79950, -64.966731
80600, -64.967113
81250, -64.967491
81900, -64.967864
82550, -64.968233
83200, -64.968596
83850, -64.968954
84500, -64.969307
85150, -64.969655
85800, -64.969997
86450, -64.970334
87100, -64.970664
87750, -64.970989
88400, -64.971308
89050, -64.971621
89700, -64.971928
90350, -64.972229
91000, -64.972523
91650, -64.972811
92300, -64.973092
92950, -64.973367
93600, -64.973636
94250, -64.973897
94900, -64.974153
95550, -64.974401
96200, -64.974643
96850, -64.974878
97500, -64.975107
98150, -64.975328
98800, -64.975543
99450, -64.975752
100100, -64.975953
100750, -64.976148
101400, -64.976336
102050, -64.976518
102700, -64.976693
103350, -64.976861
104000, -64.977023
104650, -64.977178
105300, -64.977327
105950, -64.977469
106600, -64.977605
107250, -64.977734
107900, -64.977857
108550, -64.977974
109200, -64.978085
109850, -64.978190
110500, -64.978288
111150, -64.978381
111800, -64.978468
112450, -64.978549
113100, -64.978624
113750, -64.978694
114400, -64.978758
115050, -64.978817
115700, -64.978870
116350, -64.978918
117000, -64.978961
117650, -64.978999
118300, -64.979032
118950, -64.979060
119600, -64.979083
120250, -64.979101
120900, -64.979115
121550, -64.979124
122200, -64.979129
122850, -64.979130
123500, -64.979126
124150, -64.979118
124800, -64.979107
125450, -64.979091
126100, -64.979072
126750, -64.979049
127400, -64.979023
128050, -64.978993
128700, -64.978960
129350, -64.978923
130000, -64.978884
130650, -64.978841
131300, -64.978796
131950, -64.978747
132600, -64.978696
133250, -64.978643
133900, -64.978587
134550, -64.978528
135200, -64.978468
135850, -64.978405
136500, -64.978340
137150, -64.978273
137800, -64.978204
138450, -64.978133
139100, -64.978061
139750, -64.977987
140400, -64.977912
141050, -64.977835
141700, -64.977757
142350, -64.977678
143000, -64.977598
143650, -64.977516
144300, -64.977434
144950, -64.977350
145600, -64.977266
146250, -64.977182
146900, -64.977096
147550, -64.977011
148200, -64.976924
148850, -64.976838
149500, -64.976751
150150, -64.976663
150800, -64.976576
151450, -64.976488
152100, -64.976401
152750, -64.976314
153400, -64.976226
154050, -64.976139
154700, -64.976052
155350, -64.975965
156000, -64.975879
156650, -64.975793
157300, -64.975708
157950, -64.975623
158600, -64.975539
159250, -64.975455
159900, -64.975372
160550, -64.975290
161200, -64.975208
161850, -64.975128
162500, -64.975048
163150, -64.974969
163800, -64.974891
164450, -64.974813
165100, -64.974737
165750, -64.974662
166400, -64.974588
167050, -64.974515
167700, -64.974444
168350, -64.974373
169000, -64.974303
169650, -64.974235
170300, -64.974168
170950, -64.974102
171600, -64.974038
172250, -64.973974
172900, -64.973912
173550, -64.973852
174200, -64.973792
174850, -64.973734
175500, -64.973678
176150, -64.973623
176800, -64.973569
177450, -64.973516
178100, -64.973465
178750, -64.973415
179400, -64.973367
180050, -64.973320
180700, -64.973274
181350, -64.973230
182000, -64.973187
182650, -64.973146
183300, -64.973106
183950, -64.973067
184600, -64.973030
185250, -64.972994
185900, -64.972959
186550, -64.972926
187200, -64.972895
187850, -64.972864
188500, -64.972835
189150, -64.972807
189800, -64.972781
190450, -64.972756
191100, -64.972732
191750, -64.972709
192400, -64.972688
193050, -64.972668
193700, -64.972649
194350, -64.972632
195000, -64.972615
195650, -64.972600
196300, -64.972586
196950, -64.972573
197600, -64.972561
198250, -64.972551
198900, -64.972541
199550, -64.972533
200200, -64.972525
200850, -64.972519
201500, -64.972514
202150, -64.972509
202800, -64.972506
203450, -64.972503
204100, -64.972502
204750, -64.972501
205400, -64.972502
206050, -64.972503
206700, -64.972505
207350, -64.972508
208000, -64.972511
208650, -64.972516
209300, -64.972521
209950, -64.972527
210600, -64.972533
211250, -64.972541
211900, -64.972549
212550, -64.972557
213200, -64.972567
213850, -64.972576
214500, -64.972587
215150, -64.972598
215800, -64.972609
216450, -64.972621
217100, -64.972634
217750, -64.972647
218400, -64.972660
219050, -64.972674
219700, -64.972688
220350, -64.972703
221000, -64.972718
221650, -64.972734
222300, -64.972749
222950, -64.972765
223600, -64.972782
224250, -64.972798
224900, -64.972815
225550, -64.972832
226200, -64.972849
226850, -64.972867
227500, -64.972884
228150, -64.972902
228800, -64.972920
229450, -64.972938
230100, -64.972956
230750, -64.972975
231400, -64.972993
232050, -64.973011
232700, -64.973030
233350, -64.973048
234000, -64.973067
234650, -64.973085
235300, -64.973104
235950, -64.973122
236600, -64.973140
237250, -64.973159
237900, -64.973177
238550, -64.973195
239200, -64.973213
239850, -64.973231
240500, -64.973249
241150, -64.973267
241800, -64.973285
242450, -64.973302
243100, -64.973320
243750, -64.973337
244400, -64.973354
245050, -64.973371
245700, -64.973387
246350, -64.973404
247000, -64.973420
247650, -64.973436
248300, -64.973452
248950, -64.973467
249600, -64.973483
250250, -64.973498
250900, -64.973513
251550, -64.973527
252200, -64.973542
252850, -64.973556
253500, -64.973570
254150, -64.973583
254800, -64.973597
255450, -64.973610
256100, -64.973623
256750, -64.973635
257400, -64.973647
258050, -64.973659
258700, -64.973671
259350, -64.973682
260000, -64.973693
260650, -64.973704
261300, -64.973715
261950, -64.973725
262600, -64.973735
263250, -64.973745
263900, -64.973754
264550, -64.973763
265200, -64.973772
265850, -64.973780
266500, -64.973788
267150, -64.973796
267800, -64.973804
268450, -64.973811
269100, -64.973818
269750, -64.973825
270400, -64.973831
271050, -64.973837
271700, -64.973843
272350, -64.973849
273000, -64.973854
273650, -64.973859
274300, -64.973864
274950, -64.973869
275600, -64.973873
276250, -64.973877
276900, -64.973881
277550, -64.973884
278200, -64.973887
278850, -64.973890
279500, -64.973893
280150, -64.973896
280800, -64.973898
281450, -64.973900
282100, -64.973902
282750, -64.973904
283400, -64.973905
284050, -64.973906
284700, -64.973907
285350, -64.973908
286000, -64.973909
286650, -64.973909
287300, -64.973909
287950, -64.973909
288600, -64.973909
289250, -64.973909
289900, -64.973908
290550, -64.973908
291200, -64.973907
291850, -64.973906
292500, -64.973905
293150, -64.973903
293800, -64.973902
294450, -64.973900
295100, -64.973899
295750, -64.973897
296400, -64.973895
297050, -64.973893
297700, -64.973890
298350, -64.973888
299000, -64.973886
299650, -64.973883
300300, -64.973880
300950, -64.973878
301600, -64.973875
302250, -64.973872
302900, -64.973869
303550, -64.973866
304200, -64.973863
304850, -64.973860
305500, -64.973856
306150, -64.973853
306800, -64.973850
307450, -64.973846
308100, -64.973843
308750, -64.973839
309400, -64.973836
310050, -64.973832
310700, -64.973829
311350, -64.973825
312000, -64.973821
312650, -64.973817
313300, -64.973814
313950, -64.973810
314600, -64.973806
315250, -64.973802
315900, -64.973799
316550, -64.973795
317200, -64.973791
317850, -64.973787
318500, -64.973784
319150, -64.973780
319800, -64.973776
320450, -64.973772
321100, -64.973769
321750, -64.973765
322400, -64.973761
323050, -64.973758
323700, -64.973754
324350, -64.973750
325000, -64.973747
325650, -64.973743
326300, -64.973740
326950, -64.973736
327600, -64.973733
328250, -64.973729
328900, -64.973726
329550, -64.973723
330200, -64.973720
330850, -64.973716
331500, -64.973713
332150, -64.973710
332800, -64.973707
333450, -64.973704
334100, -64.973701
334750, -64.973698
335400, -64.973695
336050, -64.973692
336700, -64.973689
337350, -64.973687
338000, -64.973684
338650, -64.973682
339300, -64.973679
339950, -64.973677
340600, -64.973674
341250, -64.973672
341900, -64.973669
342550, -64.973667
343200, -64.973665
343850, -64.973663
344500, -64.973661
345150, -64.973659
345800, -64.973657
346450, -64.973655
347100, -64.973653
347750, -64.973651
348400, -64.973650
349050, -64.973648
349700, -64.973647
350350, -64.973645
351000, -64.973644
351650, -64.973642
352300, -64.973641
352950, -64.973640
353600, -64.973638
354250, -64.973637
354900, -64.973636
355550, -64.973635
356200, -64.973634
356850, -64.973633
357500, -64.973632
358150, -64.973631
358800, -64.973631
359450, -64.973630
360100, -64.973629
360750, -64.973628
361400, -64.973628
362050, -64.973627
362700, -64.973627
363350, -64.973626
364000, -64.973626
364650, -64.973626
365300, -64.973625
365950, -64.973625
366600, -64.973625
367250, -64.973625
367900, -64.973625
368550, -64.973625
369200, -64.973625
369850, -64.973625
370500, -64.973625
371150, -64.973625
371800, -64.973625
372450, -64.973625
373100, -64.973625
373750, -64.973625
374400, -64.973626
375050, -64.973626
375700, -64.973626
376350, -64.973627
377000, -64.973627
377650, -64.973627
378300, -64.973628
378950, -64.973628
379600, -64.973629
380250, -64.973629
380900, -64.973630
381550, -64.973630
382200, -64.973631
382850, -64.973632
383500, -64.973632
384150, -64.973633
384800, -64.973633
385450, -64.973634
386100, -64.973635
386750, -64.973635
387400, -64.973636
388050, -64.973637
388700, -64.973638
389350, -64.973638
390000, -64.973639
390650, -64.973640
391300, -64.973641
391950, -64.973641
392600, -64.973642
393250, -64.973643
393900, -64.973644
394550, -64.973645
395200, -64.973645
395850, -64.973646
396500, -64.973647
397150, -64.973648
397800, -64.973649
398450, -64.973649
399100, -64.973650
399750, -64.973651
400400, -64.973652
401050, -64.973653
401700, -64.973654
402350, -64.973654
403000, -64.973655
403650, -64.973656
404300, -64.973657
404950, -64.973658
405600, -64.973658
406250, -64.973659
406900, -64.973660
407550, -64.973661
408200, -64.973661
408850, -64.973662
409500, -64.973663
410150, -64.973664
410800, -64.973664
411450, -64.973665
412100, -64.973666
412750, -64.973667
413400, -64.973667
414050, -64.973668
414700, -64.973669
415350, -64.973669
416000, -64.973670
416650, -64.973671
417300, -64.973671
417950, -64.973672
418600, -64.973672
419250, -64.973673
419900, -64.973674
420550, -64.973674
421200, -64.973675
421850, -64.973675
422500, -64.973676
423150, -64.973676
423800, -64.973677
424450, -64.973677
425100, -64.973678
425750, -64.973678
426400, -64.973679
427050, -64.973679
427700, -64.973680
428350, -64.973680
429000, -64.973681
429650, -64.973681
430300, -64.973681
430950, -64.973682
431600, -64.973682
432250, -64.973682
432900, -64.973683
433550, -64.973683
434200, -64.973683
434850, -64.973684
435500, -64.973684
436150, -64.973684
436800, -64.973685
437450, -64.973685
438100, -64.973685
438750, -64.973685
439400, -64.973685
440050, -64.973686
440700, -64.973686
441350, -64.973686
442000, -64.973686
442650, -64.973686
443300, -64.973686
443950, -64.973687
444600, -64.973687
445250, -64.973687
445900, -64.973687
446550, -64.973687
447200, -64.973687
447850, -64.973687
448500, -64.973687
449150, -64.973687
449800, -64.973687
450450, -64.973687
451100, -64.973687
451750, -64.973687
452400, -64.973687
453050, -64.973688
453700, -64.973688
454350, -64.973687
455000, -64.973687
455650, -64.973687
456300, -64.973687
456950, -64.973687
457600, -64.973687
458250, -64.973687
458900, -64.973687
459550, -64.973687
460200, -64.973687
460850, -64.973687
461500, -64.973687
462150, -64.973687
462800, -64.973687
463450, -64.973687
464100, -64.973687
464750, -64.973686
465400, -64.973686
466050, -64.973686
466700, -64.973686
467350, -64.973686
468000, -64.973686
468650, -64.973686
469300, -64.973686
469950, -64.973685
470600, -64.973685
471250, -64.973685
471900, -64.973685
472550, -64.973685
473200, -64.973685
473850, -64.973685
474500, -64.973684
475150, -64.973684
475800, -64.973684
476450, -64.973684
477100, -64.973684
477750, -64.973684
478400, -64.973684
479050, -64.973683
479700, -64.973683
480350, -64.973683
481000, -64.973683
481650, -64.973683
482300, -64.973683
482950, -64.973682
483600, -64.973682
484250, -64.973682
484900, -64.973682
485550, -64.973682
486200, -64.973682
486850, -64.973681
487500, -64.973681
488150, -64.973681
488800, -64.973681
489450, -64.973681
490100, -64.973681
490750, -64.973681
491400, -64.973680
492050, -64.973680
492700, -64.973680
493350, -64.973680
494000, -64.973680
494650, -64.973680
495300, -64.973680
495950, -64.973679
496600, -64.973679
497250, -64.973679
497900, -64.973679
498550, -64.973679
499200, -64.973679
499850, -64.973679
500500, -61.936185
501150, -59.015107
501800, -56.181829
502450, -53.404299
503100, -50.619893
503750, -47.735452
504400, -44.586490
505050, -40.912150
505700, -36.268896
506350, -29.924991
507000, -20.686035
507650, -6.984800
508300, 11.582499
508950, 30.101694
509600, 40.290061
510250, 42.252209
510900, 41.405782
511550, 39.922204
512200, 38.062871
512850, 35.883010
513500, 33.434759
514150, 30.759069
514800, 27.903780
515450, 24.907007
516100, 21.811785
516750, 18.649109
517400, 15.453211
518050, 12.245476
518700, 9.050468
519350, 5.880402
520000, 2.751424
520650, -0.331648
521300, -3.358926
521950, -6.330864
522600, -9.241980
523250, -12.096363
523900, -14.891585
524550, -17.634821
525200, -20.326992
525850, -22.978186
526500, -25.592643
527150, -28.186979
527800, -30.771667
528450, -33.370196
529100, -36.002563
529750, -38.700477
530400, -41.492308
531050, -44.413598
531700, -47.486082
532350, -50.721837
533000, -54.089934
533650, -57.511274
534300, -60.829222
534950, -63.846004
535600, -66.363972
536250, -68.277772
536900, -69.594253
537550, -70.418291
538200, -70.878478
538850, -71.098164
539500, -71.162357
540150, -71.134315
540800, -71.047154
541450, -70.927043
542100, -70.783135
542750, -70.626983
543400, -70.459115
544050, -70.286066
544700, -70.105472
545350, -69.922192
546000, -69.732893
546650, -69.541864
547300, -69.345448
547950, -69.147740
548600, -68.944973
549250, -68.741175
549900, -68.532535
550550, -68.323057
551200, -68.108931
551850, -67.894156
552500, -67.674921
553150, -67.455218
553800, -67.231243
554450, -67.007001
555100, -66.778701
555750, -66.550333
556400, -66.318106
557050, -66.086027
557700, -65.850321
558350, -65.614985
559000, -65.376231
559650, -65.138065
560300, -64.896721
560950, -64.656198
561600, -64.412702
562250, -64.170229
562900, -63.925013
563550, -63.681047
564200, -63.434522
564850, -63.189411
565500, -62.941942
566150, -62.696090
566800, -62.448018
567450, -62.201667
568100, -61.953246
568750, -61.706706
569400, -61.458166
570050, -61.211521
570700, -60.962955
571350, -60.716381
572000, -60.467862
572650, -60.221235
573300, -59.972643
573950, -59.725959
574600, -59.477168
575250, -59.230036
575900, -58.980653
576550, -58.732837
577200, -58.482479
577850, -58.233252
578500, -57.981173
579150, -57.729989
579800, -57.475462
580450, -57.221147
581100, -56.962965
581750, -56.704528
582400, -56.441432
583050, -56.177071
583700, -55.907224
584350, -55.635233
585000, -55.356465
585650, -55.074079
586300, -54.783627
586950, -54.487888
587600, -54.181885
588250, -53.868402
588900, -53.542256
589550, -53.205460
590200, -52.852449
590850, -52.484892
591500, -52.096125
592150, -51.687156
592800, -51.250171
593450, -50.784545
594100, -50.280999
594750, -49.736526
595400, -49.138967
596050, -48.481819
596700, -47.747740
597350, -46.923842
598000, -45.984802
598650, -44.906189
599300, -43.646810
599950, -42.161010
600600, -40.379882
601250, -38.220726
601900, -35.567406
602550, -32.283355
603200, -28.204994
603850, -23.191918
604500, -17.196923
605150, -10.428607
605800, -3.481798
606450, 2.702001
607100, 7.245110
607750, 9.773640
608400, 10.488779
609050, 9.847912
609700, 8.297146
610350, 6.156099
611000, 3.644408
611650, 0.901185
612300, -1.972789
612950, -4.914360
613600, -7.873292
614250, -10.821359
614900, -13.733412
615550, -16.599839
616200, -19.409600
616850, -22.164153
617500, -24.861638
618150, -27.512254
618800, -30.123016
619450, -32.711840
620100, -35.294057
620750, -37.895643
621400, -40.537541
622050, -43.248651
622700, -46.046246
623350, -48.944899
624000, -51.930980
624650, -54.966154
625300, -57.963102
625950, -60.802043
626600, -63.337536
627250, -65.454433
627900, -67.090691
628550, -68.264483
629200, -69.039861
629850, -69.510435
630500, -69.758126
631150, -69.855972
631800, -69.850743
632450, -69.780800
633100, -69.665222
633750, -69.522485
634400, -69.358243
635050, -69.182221
635700, -68.994494
636350, -68.801259
637000, -68.600366
637650, -68.396615
638300, -68.186989
638950, -67.975733
639600, -67.759480
640250, -67.542236
640900, -67.320490
641550, -67.098163
642200, -66.871692
642850, -66.644951
643500, -66.414344
644150, -66.183735
644800, -65.949530
645450, -65.715586
646100, -65.478292
646750, -65.241492
647400, -65.001596
648050, -64.762457
648700, -64.520457
649350, -64.279427
650000, -64.035773
650650, -63.793343
651300, -63.548511
651950, -63.305087
652600, -63.059468
653250, -62.815485
653900, -62.569499
654550, -62.325284
655200, -62.079222
655850, -61.835118
656500, -61.589307
657150, -61.345521
657800, -61.100109
658450, -60.856846
659100, -60.612034
659750, -60.369346
660400, -60.125093
661050, -59.883003
661700, -59.639347
662350, -59.397723
663000, -59.154388
663650, -58.913017
664300, -58.669847
664950, -58.428384
665600, -58.184814
666250, -57.942745
666900, -57.698377
667550, -57.455100
668200, -57.209007
668850, -56.963618
669500, -56.715079
670150, -56.466627
670800, -56.214231
671450, -55.961289
672100, -55.703829
672750, -55.444887
673400, -55.180253
674050, -54.913149
674700, -54.639322
675350, -54.361525
676000, -54.075285
676650, -53.783540
677300, -53.481394
677950, -53.171184
678600, -52.847996
679250, -52.513856
679900, -52.162988
680550, -51.797005
681200, -51.409536
681850, -51.000947
682500, -50.564247
683150, -50.098050
683800, -49.593511
684450, -49.047223
685100, -48.447621
685750, -47.787552
686400, -47.050573
687050, -46.224102
687700, -45.283156
688350, -44.204273
689000, -42.948811
689650, -41.474948
690300, -39.719260
690950, -37.608886
691600, -35.043646
692250, -31.911657
692900, -28.085755
693550, -23.470352
694200, -18.055681
694850, -12.036101
695500, -5.891139
696150, -0.356006
696800, 3.857756
697450, 6.373439
698100, 7.256596
698750, 6.830177
699400, 5.471290
700050, 3.483227
700700, 1.090670
701350, -1.557488
702000, -4.353000
702650, -7.226848
703300, -10.125104
703950, -13.016943
704600, -15.875845
705250, -18.691470
705900, -21.452855
706550, -24.161647
707200, -26.816987
707850, -29.430342
708500, -32.010451
709150, -34.576780
709800, -37.146580
710450, -39.746064
711100, -42.395632
711750, -45.120218
712400, -47.929971
713050, -50.826292
713700, -53.776823
714350, -56.720882
715000, -59.552339
715650, -62.146899
716300, -64.379085
716950, -66.172727
717600, -67.509754
718250, -68.437558
718900, -69.029618
719550, -69.372846
720200, -69.536261
720850, -69.579563
721500, -69.539258
722150, -69.446241
722800, -69.315005
723450, -69.160910
724100, -68.987998
724750, -68.804780
725400, -68.610877
726050, -68.411971
726700, -68.205890
727350, -67.997161
728000, -67.782878
728650, -67.567081
729300, -67.346553
729950, -67.125142
730600, -66.899508
731250, -66.673408
731900, -66.443438
732550, -66.213319
733200, -65.979635
733850, -65.746095
734500, -65.509256
735150, -65.272808
735800, -65.033325
736450, -64.794503
737100, -64.552893
737750, -64.312168
738400, -64.068896
739050, -63.826764
739700, -63.582317
740350, -63.339204
741000, -63.093985
741650, -62.850330
742300, -62.604771
742950, -62.360924
743600, -62.115329
744250, -61.871632
744900, -61.626346
745550, -61.383040
746200, -61.138226
746850, -60.895513
747500, -60.651391
748150, -60.409371
748800, -60.165920
749450, -59.924607
750100, -59.681896
750750, -59.441222
751400, -59.198999
752050, -58.958741
752700, -58.716890
753350, -58.476788
754000, -58.234779
754650, -57.994310
755300, -57.751802
755950, -57.510481
756600, -57.266600
757250, -57.023516
757900, -56.777592
758550, -56.531943
759200, -56.282696
759850, -56.033091
760500, -55.779387
761150, -55.524531
761800, -55.264476
762450, -55.002289
763100, -54.734075
763750, -54.462441
764400, -54.183088
765050, -53.898825
765700, -53.605250
766350, -53.304570
767000, -52.992082
767650, -52.670137
768300, -52.333194
768950, -51.982821
769600, -51.613557
770250, -51.225788
770900, -50.812928
771550, -50.374668
772200, -49.902708
772850, -49.395204
773500, -48.841433
774150, -48.236618
774800, -47.566555
775450, -46.821331
776100, -45.980870
776750, -45.027435
777400, -43.929877
778050, -42.655928
778700, -41.155583
779350, -39.372635
780000, -37.226873
780650, -34.626384
781300, -31.455625
781950, -27.602238
782600, -22.977886
783250, -17.600678
783900, -11.684082
784550, -5.725270
785200, -0.429557
785850, 3.537610
786500, 5.856371
787150, 6.603655
787800, 6.099445
788450, 4.695867
789100, 2.688911
789750, 0.287473
790400, -2.357418
791050, -5.147284
791700, -8.007846
792350, -10.893546
793000, -13.767663
793650, -16.611610
794300, -19.408380
794950, -22.154523
795600, -24.845130
796250, -27.487570
796900, -30.087106
797550, -32.659628
798200, -35.219297
798850, -37.790047
799500, -40.391629
800150, -43.050815
800800, -45.784097
801450, -48.605178
802100, -51.502839
802750, -54.444725
803400, -57.355031
804050, -60.128750
804700, -62.635008
805350, -64.763057
806000, -66.444856
806650, -67.683375
807300, -68.527855
807950, -69.060698
808600, -69.359280
809250, -69.495455
809900, -69.517799
810550, -69.466577
811200, -69.363355
811850, -69.228089
812500, -69.068135
813150, -68.893917
813800, -68.706551
814450, -68.512423
815100, -68.310073
815750, -68.104236
816400, -67.892393
817050, -67.678590
817700, -67.459862
818350, -67.239969
819000, -67.015767
819650, -66.790897
820300, -66.562126
820950, -66.333032
821600, -66.100362
822250, -65.867674
822900, -65.631698
823550, -65.395965
824200, -65.157203
824850, -64.918952
825500, -64.677937
826150, -64.437670
826800, -64.194870
827450, -63.953066
828100, -63.708984
828750, -63.466109
829400, -63.221150
830050, -62.977618
830700, -62.732237
831350, -62.488455
832000, -62.242961
832650, -61.999239
833300, -61.754005
833950, -61.510660
834600, -61.265858
835250, -61.023049
835900, -60.778927
836550, -60.536844
837200, -60.293410
837850, -60.052028
838500, -59.809358
839150, -59.568706
839800, -59.326619
840450, -59.086440
841100, -58.844791
841750, -58.604925
842400, -58.363312
843050, -58.123224
843700, -57.881223
844350, -57.640517
845000, -57.397472
845650, -57.155264
846300, -56.910385
846950, -56.665976
847600, -56.418269
848250, -56.170316
848900, -55.918501
849550, -55.665849
850200, -55.408409
850850, -55.149058
851500, -54.884024
852150, -54.616068
852800, -54.340985
853450, -54.061392
854100, -53.773264
854750, -53.478778
855400, -53.173345
856050, -52.859166
856700, -52.531390
857350, -52.191398
858000, -51.833946
858650, -51.459971
859300, -51.063062
859950, -50.643491
860600, -50.193478
861250, -49.711572
861900, -49.188313
862550, -48.619758
863200, -47.993264
863850, -47.301249
864500, -46.525554
865150, -45.651296
865800, -44.651970
866450, -43.500979
867100, -42.156193
867750, -40.570895
868400, -38.676775
869050, -36.394906
869700, -33.621098
870350, -30.244222
871000, -26.151435
871650, -21.286321
872300, -15.716742
872950, -9.748273
873600, -3.954938
874250, 0.937732
874900, 4.362448
875550, 6.132434
876200, 6.430127
876850, 5.595748
877500, 3.971222
878150, 1.818065
878800, -0.672022
879450, -3.371666
880100, -6.187042
880750, -9.058577
881400, -11.939554
882050, -14.804003
882700, -17.629733
883350, -20.408900
884000, -23.133234
884650, -25.806274
885300, -28.430355
885950, -31.018948
886600, -33.582640
887250, -36.143874
887900, -38.720685
888550, -41.340011
889200, -44.021003
889850, -46.784369
890500, -49.631577
891150, -52.549280
891800, -55.486094
892450, -58.359504
893100, -61.048396
893750, -63.429819
894400, -65.400376
895050, -66.921445
895700, -68.010711
896350, -68.736310
897000, -69.176528
897650, -69.411954
898300, -69.501936
898950, -69.496018
899600, -69.423134
900250, -69.308199
900900, -69.162170
901550, -68.997588
902200, -68.817193
902850, -68.628166
903500, -68.429799
904150, -68.227070
904800, -68.017858
905450, -67.806229
906100, -67.589470
906750, -67.371260
907400, -67.148648
908050, -66.925156
908700, -66.697727
909350, -66.469800
910000, -66.238275
910650, -66.006568
911300, -65.771570
911950, -65.536663
912600, -65.298721
913250, -65.061134
913900, -64.820785
914550, -64.581043
915200, -64.338768
915850, -64.097340
916500, -63.853636
917150, -63.611013
917800, -63.366317
918450, -63.122907
919100, -62.877653
919750, -62.633893
920400, -62.388447
921050, -62.144646
921700, -61.899344
922350, -61.655853
923000, -61.410956
923650, -61.167944
924300, -60.923646
924950, -60.681345
925600, -60.437771
926250, -60.196164
926900, -59.953319
927550, -59.712489
928200, -59.470337
928850, -59.230040
929500, -58.988347
930150, -58.748484
930800, -58.507031
931450, -58.267083
932100, -58.025331
932750, -57.784951
933400, -57.542450
934050, -57.300822
934700, -57.056675
935350, -56.813109
936000, -56.566549
936650, -56.319854
937300, -56.069518
937950, -55.818533
938600, -55.563181
939250, -55.306136
939900, -55.043730
940550, -54.778790
941200, -54.507299
941850, -54.231671
942500, -53.947990
943150, -53.658699
943800, -53.359281
944450, -53.051754
945100, -52.731786
945750, -52.400730
946400, -52.053457
947050, -51.691293
947700, -51.308154
948350, -50.904201
949000, -50.472812
949650, -50.012471
950300, -49.515126
950950, -48.976977
951600, -48.387323
952250, -47.738972
952900, -47.016478
953550, -46.207750
954200, -45.289339
954850, -44.238868
955500, -43.020303
956150, -41.594482
956800, -39.902622
957450, -37.877214
958100, -35.425895
958750, -32.445039
959400, -28.815919
960050, -24.443911
960700, -19.303819
961350, -13.543994
962000, -7.566572
962650, -2.030887
963300, 2.364248
963950, 5.173286
964600, 6.366289
965250, 6.203655
965900, 5.043987
966550, 3.198265
967200, 0.904439
967850, -1.675696
968500, -4.424993
969150, -7.267473
969800, -10.145029
970450, -13.023091
971100, -15.873228
971750, -18.682942
972400, -21.440480
973050, -24.146109
973700, -26.798714
974350, -29.408816
975000, -31.985090
975650, -34.546180
976300, -37.109384
976950, -39.700064
977600, -42.338754
978250, -45.049651
978900, -47.843393
979550, -50.721067
980200, -53.652078
980850, -56.577575
981500, -59.395029
982150, -61.982883
982800, -64.217769
983450, -66.021844
984100, -67.374544
984750, -68.319154
985400, -68.926970
986050, -69.283054
986700, -69.456581
987350, -69.507065
988000, -69.471971
988650, -69.382271
989300, -69.253354
989950, -69.100485
990600, -68.928414
991250, -68.745389
991900, -68.551613
992550, -68.352415
993200, -68.146137
993850, -67.936905
994500, -67.722288
995150, -67.505907
995800, -67.285006
996450, -67.063000
997100, -66.837005
997750, -66.610334
998400, -66.380036
999050, -66.149391
999700, -65.915432
1000350, -65.681420
1001000, -65.444362
1001650, -65.207506
1002300, -64.967874
1002950, -64.728714
1003600, -64.487020
1004250, -64.246023
1004900, -64.002740
1005550, -63.760414
1006200, -63.516023
1006850, -63.272777
1007500, -63.027683
1008150, -62.783969
1008800, -62.538595
1009450, -62.294739
1010100, -62.049390
1010750, -61.805753
1011400, -61.560761
1012050, -61.317549
1012700, -61.073077
1013350, -60.830519
1014000, -60.586773
1014650, -60.344919
1015300, -60.101877
1015950, -59.860779
1016600, -59.618490
1017250, -59.378017
1017900, -59.136230
1018550, -58.896208
1019200, -58.654785
1019850, -58.414878
1020500, -58.173289
1021150, -57.933033
1021800, -57.690912
1022450, -57.449733
1023100, -57.206207
1023750, -56.963266
1024400, -56.717670
1025050, -56.472081
1025700, -56.223089
1026350, -55.973512
1027000, -55.720020
1027650, -55.465080
1028300, -55.205115
1028950, -54.942776
1029600, -54.674509
1030250, -54.402512
1030900, -54.122960
1031550, -53.838244
1032200, -53.544274
1032850, -53.242859
1033500, -52.929769
1034150, -52.606771
1034800, -52.268811
1035450, -51.917055
1036100, -51.546305
1036750, -51.156557
1037400, -50.741702
1038050, -50.300768
1038700, -49.825942
1039350, -49.314687
1040000, -48.756766
1040650, -48.146651
1041300, -47.470607
1041950, -46.717883
1042600, -45.868422
1043250, -44.903583
1043900, -43.792217
1044550, -42.500867
1045200, -40.979250
1045850, -39.169910
1046500, -36.991907
1047150, -34.352096
1047800, -31.135546
1048450, -27.231940
1049100, -22.560842
1049750, -17.155174
1050400, -11.248111
1051050, -5.355099
1051700, -0.181600
1052350, 3.633997
1053000, 5.807417
1053650, 6.439490
1054300, 5.854237
1054950, 4.397914
1055600, 2.357945
1056250, -0.062752
1056900, -2.717851
1057550, -5.511464
1058200, -8.371756
1058850, -11.254086
1059500, -14.122928
1060150, -16.959911
1060800, -19.749064
1061450, -22.487457
1062100, -25.171255
1062750, -27.807353
1063400, -30.401792
1064050, -32.971141
1064700, -35.529466
1065350, -38.101375
1066000, -40.706749
1066650, -43.371836
1067300, -46.112491
1067950, -48.940623
1068600, -51.842915
1069250, -54.782364
1069900, -57.679175
1070550, -60.424687
1071200, -62.888484
1071850, -64.964793
1072500, -66.592986
1073150, -67.782355
1073800, -68.586867
1074450, -69.089438
1075100, -69.366711
1075750, -69.488145
1076400, -69.500800
1077050, -69.442954
1077700, -69.335476
1078350, -69.197127
1079000, -69.035197
1079650, -68.859357
1080300, -68.670948
1080950, -68.475803
1081600, -68.272808
1082250, -68.066221
1082900, -67.853919
1083550, -67.639497
1084200, -67.420408
1084850, -67.199975
1085500, -66.975479
1086150, -66.750128
1086800, -66.521114
1087450, -66.291587
1088100, -66.058722
1088750, -65.825651
1089400, -65.589525
1090050, -65.353451
1090700, -65.114585
1091350, -64.876042
1092000, -64.634966
1092650, -64.394447
1093300, -64.151630
1093950, -63.909621
1094600, -63.665562
1095250, -63.422518
1095900, -63.177624
1096550, -62.933967
1097200, -62.688684
1097850, -62.444805
1098500, -62.199443
1099150, -61.955663
1099800, -61.710586
1100450, -61.467197
1101100, -61.222577
1101750, -60.979754
1102400, -60.735838
1103050, -60.493748
1103700, -60.250523
1104350, -60.009148
1105000, -59.766709
1105650, -59.526060
1106300, -59.284179
1106950, -59.043995
1107600, -58.802556
1108250, -58.562659
1108900, -58.321207
1109550, -58.081056
1110200, -57.839202
1110850, -57.598384
1111500, -57.355405
1112150, -57.113031
1112800, -56.868182
1113450, -56.623525
1114100, -56.375732
1114750, -56.127443
1115400, -55.875477
1116050, -55.622369
1116700, -55.364609
1117350, -55.104668
1118000, -54.839206
1118650, -54.570477
1119300, -54.294721
1119950, -54.014148
1120600, -53.725168
1121250, -53.429421
1121900, -53.122762
1122550, -52.806991
1123200, -52.477535
1123850, -52.135380
1124500, -51.775712
1125150, -51.398868
1125800, -50.998870
1126450, -50.575570
1127100, -50.121349
1127750, -49.634331
1128400, -49.105151
1129050, -48.529416
1129700, -47.894459
1130350, -47.191797
1131000, -46.403538
1131650, -45.513638
1132300, -44.495141
1132950, -43.319982
1133600, -41.945163
1134250, -40.321853
1134900, -38.379840
1135550, -36.037303
1136200, -33.188332
1136850, -29.720776
1137500, -25.526253
1138150, -20.560987
1138800, -14.919142
1139450, -8.942861
1140100, -3.238070
1140750, 1.472734
1141400, 4.667655
1142050, 6.217824
1142700, 6.339409
1143350, 5.379185
1144000, 3.669876
1144650, 1.461956
1145300, -1.062291
1145950, -3.781396
1146600, -6.606559
1147250, -9.480934
1147900, -12.360388
1148550, -15.219992
1149200, -18.038948
1149850, -20.809792
1150500, -23.525940
1151150, -26.191557
1151800, -28.809439
1152450, -31.393234
1153100, -33.955261
1153750, -36.517000
1154400, -39.098106
1155050, -41.724725
1155700, -44.416168
1156350, -47.191086
1157000, -50.049267
1157650, -52.973382
1158300, -55.907084
1158950, -58.761696
1159600, -61.413069
1160250, -63.739228
1160900, -65.645167
1161550, -67.101030
1162200, -68.132784
1162850, -68.812151
1163500, -69.218259
1164150, -69.429453
1164800, -69.503067
1165450, -69.485995
1166100, -69.405835
1166750, -69.285842
1167400, -69.136539
1168050, -68.969502
1168700, -68.787518
1169350, -68.597129
1170000, -68.397891
1170650, -68.194277
1171300, -67.984516
1171950, -67.772225
1172600, -67.555075
1173250, -67.336319
1173900, -67.113407
1174550, -66.889444
1175200, -66.661775
1175850, -66.433430
1176500, -66.201714
1177150, -65.969637
1177800, -65.734492
1178450, -65.499255
1179100, -65.261207
1179750, -65.023332
1180400, -64.782922
1181050, -64.542931
1181700, -64.300630
1182350, -64.058991
1183000, -63.815302
1183650, -63.572504
1184300, -63.327853
1184950, -63.084301
1185600, -62.839130
1186250, -62.595257
1186900, -62.349915
1187550, -62.106029
1188200, -61.860862
1188850, -61.617306
1189500, -61.372553
1190150, -61.129493
1190800, -60.885363
1191450, -60.643020
1192100, -60.399607
1192750, -60.157964
1193400, -59.915293
1194050, -59.674417
1194700, -59.432413
1195350, -59.192059
1196000, -58.950512
1196650, -58.710565
1197300, -58.469209
1197950, -58.229145
1198600, -57.987472
1199250, -57.746955
1199900, -57.504477
1200550, -57.262641
1201200, -57.018466
1201850, -56.774657
1202500, -56.527989
1203150, -56.280932
1203800, -56.030397
1204450, -55.778980
1205100, -55.523300
1205750, -55.265648
1206400, -55.002771
1207050, -54.737106
1207700, -54.464950
1208350, -54.188338
1209000, -53.903770
1209650, -53.613186
1210300, -53.312496
1210950, -53.003326
1211600, -52.681756
1212250, -52.348590
1212900, -51.999117
1213550, -51.634268
1214200, -51.248170
1214850, -50.840589
1215500, -50.405075
1216150, -49.939704
1216800, -49.436570
1217450, -48.891372
1218100, -48.293401
1218750, -47.634956
1219400, -46.900400
1220050, -46.076629
1220700, -45.140196
1221350, -44.067272
1222000, -42.820977
1222650, -41.359641
1223300, -39.623016
1223950, -37.540482
1224600, -35.017412
1225250, -31.947633
1225900, -28.213137
1226550, -23.726002
1227200, -18.479733
1227850, -12.656449
1228500, -6.700335
1229150, -1.294700
1229800, 2.881369
1230450, 5.441906
1231100, 6.412019
1231750, 6.078569
1232400, 4.799204
1233050, 2.873915
1233700, 0.528886
1234350, -2.082628
1235000, -4.849674
1235650, -7.700217
1236300, -10.579608
1236950, -13.455001
1237600, -16.299932
1238250, -19.102385
1238900, -21.851702
1239550, -24.548883
1240200, -27.194480
1240850, -29.798713
1241500, -32.371281
1242150, -34.931689
1242800, -37.497169
1243450, -40.093707
1244100, -42.741759
1244750, -45.464564
1245400, -48.271002
1246050, -51.158912
1246700, -54.093753
1247350, -57.010607
1248000, -59.802324
1248650, -62.344537
1249300, -64.517730
1249950, -66.253171
1250600, -67.540319
1251250, -68.429130
1251900, -68.993817
1252550, -69.318384
1253200, -69.470132
1253850, -69.505687
1254500, -69.460763
1255150, -69.364327
1255800, -69.231035
1256450, -69.075002
1257100, -68.900875
1257750, -68.716191
1258400, -68.521342
1259050, -68.321134
1259700, -68.114215
1260350, -67.904267
1261000, -67.689215
1261650, -67.472263
1262300, -67.251037
1262950, -67.028549
1263600, -66.802299
1264250, -66.575204
1264900, -66.344703
1265550, -66.113682
1266200, -65.879566
1266850, -65.645220
1267500, -65.408043
1268150, -65.170895
1268800, -64.931185
1269450, -64.691770
1270100, -64.450033
1270750, -64.208818
1271400, -63.965533
1272050, -63.723024
1272700, -63.478660
1273350, -63.235264
1274000, -62.990233
1274650, -62.746405
1275300, -62.501121
1275950, -62.257173
1276600, -62.011942
1277250, -61.768245
1277900, -61.523388
1278550, -61.280123
1279200, -61.035802
1279850, -60.793213
1280500, -60.549623
1281150, -60.307729
1281800, -60.064845
1282450, -59.823718
1283100, -59.581576
1283750, -59.341048
1284400, -59.099393
1285050, -58.859312
1285700, -58.617991
1286350, -58.377974
1287000, -58.136455
1287650, -57.896068
1288300, -57.653964
1288950, -57.412575
1289600, -57.169007
1290250, -56.925813
1290900, -56.680093
1291550, -56.434135
1292200, -56.184927
1292850, -55.934908
1293500, -55.681075
1294150, -55.425525
1294800, -55.165078
1295450, -54.902010
1296100, -54.633070
1296750, -54.360095
1297400, -54.079652
1298050, -53.793759
1298700, -53.498602
1299350, -53.195626
1300000, -52.880996
1300650, -52.555961
1301300, -52.215869
1301950, -51.861507
1302600, -51.487882
1303250, -51.094613
1303900, -50.675964
1304550, -50.230322
1305200, -49.750238
1305850, -49.232462
1306500, -48.667085
1307150, -48.047747
1307800, -47.360973
1308450, -46.594983
1309100, -45.729354
1309750, -44.744160
1310400, -43.607517
1311050, -42.284196
1311700, -40.722589
1312350, -38.862144
1313000, -36.619782
1313650, -33.899089
1314300, -30.583886
1314950, -26.566106
1315600, -21.776415
1316250, -16.271891
1316900, -10.326704
1317550, -4.496125
1318200, 0.504319
1318850, 4.075826
1319500, 5.998538
1320150, 6.420661
1320800, 5.680335
1321450, 4.117838
1322100, 2.008045
1322750, -0.456709
1323400, -3.138637
1324050, -5.946494
1324700, -8.812588
1325350, -11.694773
1326000, -14.559877
1326650, -17.390621
1327300, -20.172473
1327950, -22.902516
1328600, -25.578171
1329250, -28.207451
1329900, -30.796949
1330550, -33.363430
1331200, -35.922502
1331850, -38.498026
1332500, -41.111026
1333150, -43.786786
1333800, -46.540592
1334450, -49.381282
1335100, -52.292050
1335750, -55.230635
1336400, -58.111944
1337050, -60.823027
1337700, -63.233780
1338350, -65.243692
1339000, -66.802452
1339650, -67.928481
1340300, -68.681314
1340950, -69.144634
1341600, -69.394009
1342250, -69.496081
1342900, -69.495844
1343550, -69.429224
1344200, -69.316022
1344850, -69.173640
1345500, -69.009080
1346150, -68.831216
1346800, -68.641485
1347450, -68.445169
1348100, -68.241419
1348750, -68.034044
1349400, -67.821248
1350050, -67.606222
1350700, -67.386772
1351350, -67.165836
1352000, -66.941060
1352650, -66.715271
1353300, -66.486033
1353950, -66.256120
1354600, -66.023078
1355250, -65.789667
1355900, -65.553407
1356550, -65.317032
1357200, -65.078071
1357850, -64.839269
1358500, -64.598136
1359150, -64.357391
1359800, -64.114555
1360450, -63.872360
1361100, -63.628315
1361750, -63.385115
1362400, -63.140267
1363050, -62.896490
1363700, -62.651281
1364350, -62.407302
1365000, -62.162041
1365650, -61.918191
1366300, -61.673233
1366950, -61.429784
1367600, -61.185299
1368250, -60.942438
1368900, -60.698662
1369550, -60.456529
1370200, -60.213448
1370850, -59.972039
1371500, -59.729742
1372150, -59.489039
1372800, -59.247284
1373450, -59.007041
1374100, -58.765730
1374750, -58.525747
1375400, -58.284374
1376050, -58.044105
1376700, -57.802309
1377350, -57.561318
1378000, -57.318316
1378650, -57.075709
1379300, -56.830794
1379950, -56.585818
1380600, -56.337837
1381250, -56.089135
1381900, -55.836907
1382550, -55.583256
1383200, -55.325060
1383850, -55.064432
1384500, -54.798410
1385150, -54.528799
1385800, -54.252225
1386450, -53.970545
1387100, -53.680473
1387750, -53.383260
1388400, -53.075142
1389050, -52.757559
1389700, -52.426166
1390350, -52.081597
1391000, -51.719410
1391650, -51.339385
1392300, -50.935919
1392950, -50.508271
1393600, -50.049175
1394250, -49.556356
1394900, -49.020452
1395550, -48.436641
1396200, -47.792138
1396850, -47.077547
1397500, -46.275145
1398150, -45.367689
1398800, -44.327599
1399450, -43.125241
1400100, -41.716517
1400750, -40.049744
1401400, -38.053008
1402050, -35.641187
1402700, -32.706213
1403350, -29.135141
1404000, -24.824572
1404650, -19.745828
1405300, -14.024488
1405950, -8.044871
1406600, -2.445547
1407250, 2.060293
1407900, 5.004264
1408550, 6.318722
1409200, 6.253358
1409850, 5.160026
1410500, 3.361093
1411150, 1.095178
1411800, -1.465273
1412450, -4.205457
1413100, -7.041251
1413750, -9.918602
1414400, -12.796231
1415050, -15.650685
1415700, -18.462876
1416350, -21.226063
1417000, -23.934308
1417650, -26.591981
1418300, -29.203862
1418950, -31.783428
1419600, -34.343913
1420250, -36.907439
1420900, -39.493728
1421550, -42.129018
1422200, -44.832241
1422850, -47.620368
1423500, -50.490323
1424150, -53.419763
1424800, -56.347238
1425450, -59.178720
1426100, -61.788247
1426750, -64.055729
1427400, -65.894169
1428050, -67.283023
1428700, -68.256231
1429350, -68.889032
1430000, -69.260975
1430650, -69.448008
1431300, -69.505306
1431950, -69.477140
1432600, -69.389715
1433250, -69.264689
1433900, -69.112104
1434550, -68.942626
1435200, -68.759042
1435850, -68.567308
1436500, -68.367191
1437150, -68.162712
1437800, -67.952397
1438450, -67.739466
1439100, -67.521921
1439750, -67.302644
1440400, -67.079430
1441050, -66.855019
1441700, -66.627110
1442350, -66.398369
1443000, -66.166462
1443650, -65.934036
1444300, -65.698741
1444950, -65.463195
1445600, -65.225037
1446250, -64.986895
1446900, -64.746415
1447550, -64.506193
1448200, -64.263858
1448850, -64.022027
1449500, -63.778343
1450150, -63.535386
1450800, -63.290768
1451450, -63.047090
1452100, -62.801988
1452750, -62.558016
1453400, -62.312762
1454050, -62.068802
1454700, -61.823754
1455350, -61.580141
1456000, -61.335516
1456650, -61.092414
1457300, -60.848432
1457950, -60.606054
1458600, -60.362781
1459250, -60.121105
1459900, -59.878584
1460550, -59.637665
1461200, -59.395786
1461850, -59.155375
1462500, -58.913949
1463150, -58.673916
1463800, -58.432631
1464450, -58.192449
1465100, -57.950826
1465750, -57.710138
1466400, -57.467634
1467050, -57.225570
1467700, -56.981326
1468350, -56.737233
1469000, -56.490401
1469650, -56.242958
1470300, -55.992176
1470950, -55.740296
1471600, -55.484238
1472250, -55.225956
1472900, -54.962561
1473550, -54.696071
1474200, -54.423148
1474850, -54.145484
1475500, -53.859943
1476150, -53.568011
1476800, -53.265967
1477450, -52.955096
1478100, -52.631712
1478750, -52.296271
1479400, -51.944420
1480050, -51.576566
1480700, -51.187191
1481350, -50.775701
1482000, -50.335745
1482650, -49.865029
1483300, -49.355677
1483950, -48.802984
1484600, -48.196150
1485250, -47.527004
1485900, -46.779625
1486550, -45.939832
1487200, -44.983951
1487850, -43.886896
1488500, -42.610433
1489150, -41.110650
1489800, -39.325705
1490450, -37.181667
1491100, -34.581415
1491750, -31.416496
1492400, -27.570422
1493050, -22.963188
1493700, -17.609360
1494350, -11.728797
1495000, -5.809064
1495650, -0.553065
1496300, 3.388094
1496950, 5.691839
1497600, 6.437859
1498250, 5.935287
1498900, 4.538345
1499550, 2.535264
1500200, 0.140290
1500850, -2.501434
1501500, -5.285594
1502150, -8.143705
1502800, -11.024241
1503450, -13.896088
1504100, -16.734905
1504750, -19.529680
1505400, -22.271161
1506050, -24.960397
1506700, -27.598549
1507350, -30.197224
1508000, -32.766634
1508650, -35.326536
1509300, -37.895320
1509950, -40.498408
1510600, -43.156709
1511250, -45.892139
1511900, -48.712200
1512550, -51.610499
1513200, -54.547588
1513850, -57.452296
1514500, -60.213040
1515150, -62.705150
1515800, -64.813982
1516450, -66.479625
1517100, -67.701223
1517750, -68.534962
1518400, -69.057462
1519050, -69.351391
1519700, -69.482051
1520350, -69.503200
1521000, -69.448782
1521650, -69.345851
1522300, -69.208317
1522950, -69.049225
1523600, -68.873089
1524250, -68.686796
1524900, -68.490884
1525550, -68.289691
1526200, -68.082129
1526850, -67.871484
1527500, -67.655988
1528150, -67.438483
1528800, -67.216921
1529450, -66.993964
1530100, -66.767449
1530750, -66.539945
1531400, -66.309229
1532050, -66.077847
1532700, -65.843564
1533350, -65.608898
1534000, -65.371592
1534650, -65.134165
1535300, -64.894369
1535950, -64.654712
1536600, -64.412923
1537250, -64.171504
1537900, -63.928206
1538550, -63.685528
1539200, -63.441180
1539850, -63.197648
1540500, -62.952670
1541150, -62.708734
1541800, -62.463524
1542450, -62.219494
1543100, -61.974367
1543750, -61.730613
1544400, -61.485874
1545050, -61.242566
1545700, -60.998382
1546350, -60.755774
1547000, -60.512328
1547650, -60.270408
1548300, -60.027671
1548950, -59.786528
1549600, -59.544522
1550250, -59.303949
1550900, -59.062416
1551550, -58.822286
1552200, -58.581055
1552850, -58.340938
1553500, -58.099473
1554150, -57.858964
1554800, -57.616861
1555450, -57.375268
1556100, -57.131640
1556750, -56.888200
1557400, -56.642335
1558050, -56.396011
1558700, -56.146563
1559350, -55.896104
1560000, -55.641904
1560650, -55.385740
1561300, -55.124782
1561950, -54.860978
1562600, -54.591335
1563250, -54.317368
1563900, -54.035996
1564550, -53.748909
1565200, -53.452521
1565850, -53.147958
1566500, -52.831734
1567150, -52.504625
1567800, -52.162331
1568450, -51.805312
1569100, -51.428724
1569750, -51.031859
1570400, -50.609305
1571050, -50.158848
1571700, -49.673355
1572350, -49.148902
1573000, -48.575861
1573650, -47.947068
1574300, -47.249053
1574950, -46.469281
1575600, -45.586873
1576250, -44.580622
1576900, -43.417820
1577550, -42.061465
1578200, -40.458539
1578850, -38.545351
1579500, -36.236315
1580150, -33.432079
1580800, -30.015744
1581450, -25.881617
1582100, -20.973576
1582750, -15.375895
1583400, -9.405469
1584050, -3.654995
1584700, 1.157366
1585350, 4.479153
1586000, 6.154050
1586650, 6.373577
1587300, 5.486003
1587950, 3.823584
1588600, 1.648362
1589250, -0.857549
1589900, -3.563870
1590550, -6.384496
1591200, -9.255560
1591850, -12.136905
1592500, -14.997489
1593150, -17.821029
1593800, -20.594830
1594450, -23.316708
1595100, -25.984952
1595750, -28.607159
1596400, -31.192068
1597050, -33.756267
1597700, -36.316276
1598350, -38.896266
1599000, -41.517357
1599650, -44.204242
1600300, -46.971239
1600950, -49.824819
1601600, -52.743977
1602250, -55.680413
1602900, -58.543510
1603550, -61.216221
1604200, -63.570654
1604850, -65.512660
1605500, -67.002233
1606150, -68.066324
1606800, -68.769222
1607450, -69.195030
1608100, -69.417921
1608750, -69.501699
1609400, -69.489294
1610050, -69.414405
1610700, -69.295795
1611350, -69.149600
1612000, -68.982538
1612650, -68.802747
1613300, -68.611740
1613950, -68.414304
1614600, -68.209811
1615250, -68.001676
1615900, -67.788387
1616550, -67.572776
1617200, -67.352960
1617850, -67.131537
1618500, -66.906475
1619150, -66.680263
1619800, -66.450791
1620450, -66.220506
1621100, -65.987280
1621750, -65.753543
1622400, -65.517138
1623050, -65.280476
1623700, -65.041412
1624350, -64.802364
1625000, -64.561166
1625650, -64.320211
1626300, -64.077346
1626950, -63.834981
1627600, -63.590941
1628250, -63.347598
1628900, -63.102788
1629550, -62.858906
1630200, -62.613762
1630850, -62.369698
1631500, -62.124528
1632150, -61.880624
1632800, -61.635775
1633450, -61.392280
1634100, -61.147920
1634750, -60.905035
1635400, -60.661391
1636050, -60.419226
1636700, -60.176281
1637350, -59.934852
1638000, -59.692680
1638650, -59.451930
1639300, -59.210287
1639950, -58.969995
1640600, -58.728775
1641250, -58.488698
1641900, -58.247379
1642550, -58.006994
1643200, -57.765241
1643850, -57.524085
1644500, -57.281047
1645150, -57.038217
1645800, -56.793224
1646450, -56.547941
1647100, -56.299761
1647750, -56.050656
1648400, -55.798154
1649050, -55.543971
1649700, -55.285324
1650350, -55.024017
1651000, -54.757420
1651650, -54.486935
1652300, -54.209526
1652950, -53.926743
1653600, -53.635523
1654250, -53.336817
1654900, -53.027195
1655550, -52.707781
1656200, -52.374407
1656850, -52.027401
1657500, -51.662646
1658150, -51.279411
1658800, -50.872417
1659450, -50.440372
1660100, -49.976321
1660750, -49.477548
1661400, -48.934743
1662050, -48.342446
1662700, -47.687986
1663350, -46.961062
1664000, -46.143903
1664650, -45.218256
1665300, -44.155825
1665950, -42.925409
1666600, -41.481468
1667250, -39.769712
1667900, -37.715941
1668550, -35.231954
1669200, -32.207697
1669850, -28.529952
1670500, -24.102139
1671150, -18.912339
1671800, -13.119672
1672450, -7.151913
1673100, -1.675476
1673750, 2.613870
1674400, 5.304554
1675050, 6.388370
1675700, 6.144111
1676350, 4.924951
1677000, 3.041842
1677650, 0.721851
1678300, -1.872294
1678950, -4.631536
1679600, -7.476714
1680250, -10.356541
1680900, -13.232086
1681550, -16.081057
1682200, -18.885819
1682850, -21.640531
1683500, -24.340806
1684150, -26.991370
1684800, -29.597019
1685450, -32.172749
1686100, -34.732193
1686750, -37.297780
1687400, -39.889959
1688050, -42.534394
1688700, -45.249667
1689350, -48.050725
1690000, -50.932305
1690650, -53.866959
1691300, -56.787466
1691950, -59.594000
1692600, -62.158581
1693250, -64.364916
1693900, -66.134354
1694550, -67.456379
1695200, -68.372420
1695850, -68.960392
1696500, -69.299728
1697150, -69.463847
1697800, -69.505714
1698450, -69.467077
1699100, -69.372784
1699750, -69.243004
1700400, -69.087299
1701050, -68.915503
1701700, -68.730381
1702350, -68.537361
1703000, -68.336386
1703650, -68.131075
1704300, -67.920211
1704950, -67.706661
1705600, -67.488720
1706250, -67.268938
1706900, -67.045416
1707550, -66.820574
1708200, -66.592417
1708850, -66.363297
1709500, -66.131189
1710150, -65.898430
1710800, -65.662977
1711450, -65.427137
1712100, -65.188861
1712750, -64.950466
1713400, -64.709905
1714050, -64.469464
1714700, -64.227086
1715350, -63.985075
1716000, -63.741386
1716650, -63.498282
1717300, -63.253689
1717950, -63.009898
1718600, -62.764858
1719250, -62.520800
1719900, -62.275629
1720550, -62.031608
1721200, -61.786672
1721850, -61.543017
1722500, -61.298510
1723150, -61.055381
1723800, -60.811539
1724450, -60.569138
1725100, -60.325997
1725750, -60.084300
1726400, -59.841922
1727050, -59.600972
1727700, -59.359207
1728350, -59.118751
1729000, -58.877436
1729650, -58.637329
1730300, -58.396105
1730950, -58.155815
1731600, -57.914232
1732250, -57.673385
1732900, -57.430842
1733550, -57.188559
1734200, -56.944234
1734850, -56.699842
1735500, -56.452812
1736150, -56.204978
1736800, -55.953927
1737450, -55.701530
1738100, -55.445035
1738750, -55.186096
1739400, -54.922145
1740050, -54.654810
1740700, -54.381080
1741350, -54.102354
1742000, -53.815809
1742650, -53.522520
1743300, -53.219090
1743950, -52.906509
1744600, -52.581266
1745250, -52.243525
1745900, -51.889248
1746550, -51.518355
1747200, -51.125641
1747850, -50.710197
1748500, -50.265721
1749150, -49.789593
1749800, -49.273916
1750450, -48.713625
1751100, -48.097776
1751750, -47.417770
1752400, -46.657350
1753050, -45.801284
1753700, -44.825307
1754350, -43.702913
1755000, -42.394783
1755650, -40.854989
1756300, -39.019574
1756950, -36.811655
1757600, -34.131391
1758250, -30.868159
1758900, -26.907611
1759550, -22.179338
1760200, -16.723037
1760850, -10.797089
1761500, -4.931356
1762150, 0.158146
1762800, 3.856040
1763450, 5.904679
1764100, 6.433809
1764750, 5.770055
1765400, 4.261962
1766050, 2.185835
1766700, -0.255694
1767350, -2.925515
1768000, -5.725007
1768650, -8.589548
1769300, -11.470702
1769950, -14.339050
1770600, -17.171804
1771250, -19.958602
1771900, -22.691398
1772550, -25.372429
1773200, -28.003986
1773850, -30.596905
1774500, -33.163560
1775150, -35.723446
1775800, -38.295886
1776450, -40.906211
1777100, -43.575281
1777750, -46.323582
1778400, -49.156582
1779050, -52.064364
1779700, -55.002675
1780350, -57.894028
1781000, -60.622076
1781650, -63.061221
1782300, -65.103738
1782950, -66.698788
1783600, -67.855357
1784250, -68.635232
1784900, -69.116871
1785550, -69.381342
1786200, -69.491799
1786850, -69.499187
1787500, -69.435693
1788150, -69.326558
1788800, -69.184953
1789450, -69.022926
1790100, -68.844843
1790750, -68.656997
1791400, -68.460040
1792050, -68.257893
1792700, -68.049687
1793350, -67.838363
1794000, -67.622417
1794650, -67.404372
1795300, -67.182466
1795950, -66.959053
1796600, -66.732262
1797250, -66.504358
1797900, -66.273418
1798550, -66.041686
1799200, -65.807226
1799850, -65.572254
1800500, -65.334810
1801150, -65.097117
1801800, -64.857225
1802450, -64.617340
1803100, -64.375490
1803750, -64.133882
1804400, -63.890563
1805050, -63.647728
1805700, -63.403389
1806350, -63.159734
1807000, -62.914802
1807650, -62.670771
1808300, -62.425627
1808950, -62.181530
1809600, -61.936500
1810250, -61.692697
1810900, -61.448064
1811550, -61.204724
1812200, -60.960670
1812850, -60.718036
1813500, -60.474712
1814150, -60.232771
1814800, -59.990168
1815450, -59.749014
1816100, -59.507130
1816750, -59.266524
1817400, -59.025102
1818050, -58.784938
1818700, -58.543790
1819350, -58.303586
1820000, -58.062169
1820650, -57.821553
1821300, -57.579442
1821950, -57.337660
1822600, -57.093964
1823250, -56.850290
1823900, -56.604271
1824550, -56.357592
1825200, -56.107895
1825850, -55.857006
1826500, -55.602426
1827150, -55.345656
1827800, -55.084174
1828450, -54.819640
1829100, -54.549275
1829750, -54.274320
1830400, -53.992001
1831050, -53.703704
1831700, -53.406048
1832350, -53.099883
1833000, -52.782029
1833650, -52.452829
1834300, -52.108294
1834950, -51.748594
1835600, -51.368993
1836250, -50.968495
1836900, -50.541867
1837550, -50.086456
1838200, -49.595398
1838850, -49.064122
1839500, -48.483233
1840150, -47.844797
1840800, -47.135094
1841450, -46.341104
1842100, -45.441409
1842750, -44.413530
1843400, -43.223854
1844050, -41.833620
1844700, -40.187825
1845350, -38.220191
1846000, -35.842498
1846650, -32.952545
1847300, -29.432813
1847950, -25.182353
1848600, -20.159442
1849250, -14.478173
1849900, -8.497722
1850550, -2.844852
1851200, 1.767345
1851850, 4.837447
1852500, 6.271802
1853150, 6.298974
1853800, 5.273390
1854450, 3.518019
1855100, 1.282213
1855750, -1.261404
1856400, -3.989948
1857050, -6.821562
1857700, -9.696312
1858350, -12.576181
1859000, -15.432173
1859650, -18.249066
1860300, -21.015017
1860950, -23.728166
1861600, -26.388671
1862250, -29.004823
1862900, -31.585031
1863550, -34.147430
1864200, -36.708801
1864850, -39.293624
1865500, -41.923297
1866150, -44.621737
1866800, -47.401953
1867450, -50.267072
1868100, -53.192612
1868750, -56.124551
1869400, -58.967027
1870050, -61.599707
1870700, -63.896061
1871350, -65.770013
1872000, -67.191526
1872650, -68.195333
1873300, -68.850286
1873950, -69.240484
1874600, -69.438402
1875250, -69.505013
1875900, -69.481204
1876550, -69.398576
1877200, -69.274888
1877850, -69.125114
1878500, -68.955683
1879150, -68.774072
1879800, -68.581840
1880450, -68.383336
1881100, -68.178119
1881750, -67.969255
1882400, -67.755475
1883050, -67.539300
1883700, -67.319115
1884350, -67.097223
1885000, -66.871869
1885650, -66.645250
1886300, -66.415540
1886950, -66.184898
1887600, -65.951480
1888250, -65.717428
1888900, -65.480871
1889550, -65.243936
1890200, -65.004762
1890850, -64.765484
1891500, -64.524213
1892150, -64.283061
1892800, -64.040162
1893450, -63.797640
1894100, -63.553599
1894750, -63.310127
1895400, -63.065349
1896050, -62.821375
1896700, -62.576290
1897350, -62.332153
1898000, -62.087068
1898650, -61.843121
1899300, -61.598375
1899950, -61.354846
1900600, -61.110605
1901250, -60.867708
1901900, -60.624187
1902550, -60.382003
1903200, -60.139184
1903850, -59.897746
1904500, -59.655691
1905150, -59.414906
1905800, -59.173366
1906450, -58.933036
1907100, -58.691890
1907750, -58.451726
1908400, -58.210448
1909050, -57.969955
1909700, -57.728199
1910350, -57.486864
1911000, -57.243761
1911650, -57.000706
1912300, -56.755616
1912950, -56.510030
1913600, -56.261637
1914250, -56.012138
1914900, -55.759350
1915550, -55.504644
1916200, -55.245535
1916850, -54.983559
1917500, -54.716344
1918150, -54.444966
1918800, -54.166691
1919450, -53.882797
1920100, -53.590404
1920750, -53.290199
1921400, -52.979046
1922050, -52.657740
1922700, -52.322314
1923350, -51.972826
1924000, -51.605358
1924650, -51.218803
1925300, -50.808160
1925950, -50.371617
1926600, -49.902481
1927250, -49.397447
1927900, -48.847432
1928550, -48.246265
1929200, -47.581435
1929850, -46.841743
1930500, -46.008982
1931150, -45.064286
1931800, -43.978530
1932450, -42.718850
1933100, -41.237778
1933750, -39.478875
1934400, -37.365354
1935050, -34.805943
1935700, -31.688785
1936350, -27.901162
1937000, -23.353884
1937650, -18.055750
1938300, -12.201404
1938950, -6.261827
1939600, -0.926322
1940250, 3.134685
1940900, 5.570203
1941550, 6.428136
1942200, 6.011613
1942850, 4.672441
1943500, 2.709373
1944150, 0.338169
1944800, -2.287409
1945450, -5.064254
1946100, -7.917454
1946750, -10.798558
1947400, -13.671186
1948050, -16.514386
1948700, -19.312055
1949350, -22.058750
1950000, -24.750699
1950650, -27.393783
1951300, -29.994202
1951950, -32.566034
1952600, -35.125005
1953250, -37.693138
1953900, -40.291727
1954550, -42.945894
1955200, -45.673834
1955850, -48.488086
1956500, -51.379952
1957150, -54.317045
1957800, -57.226904
1958450, -60.004723
1959100, -62.521923
1959750, -64.664932
1960400, -66.365006
1961050, -67.620956
1961700, -68.481386
1962350, -69.026264
1963000, -69.334478
1963650, -69.476856
1964300, -69.504114
1964950, -69.455585
1965600, -69.354792
1966250, -69.220512
1966900, -69.061835
1967550, -68.887833
1968200, -68.701229
1968850, -68.506974
1969500, -68.305158
1970150, -68.099042
1970800, -67.887630
1971450, -67.673478
1972100, -67.455135
1972750, -67.234862
1973400, -67.011024
1974050, -66.785763
1974700, -66.557348
1975350, -66.327859
1976000, -66.095543
1976650, -65.862462
1977300, -65.626842
1977950, -65.390718
1978600, -65.152316
1979250, -64.913679
1979900, -64.673029
1980550, -64.432382
1981200, -64.189952
1981850, -63.947774
1982500, -63.704067
1983150, -63.460825
1983800, -63.216248
1984450, -62.972356
1985100, -62.727362
1985750, -62.483226
1986400, -62.238126
1987050, -61.994057
1987700, -61.749223
1988350, -61.505536
1989000, -61.261140
1989650, -61.017998
1990300, -60.774289
1990950, -60.531879
1991600, -60.288864
1992250, -60.047160
1992900, -59.804916
1993550, -59.563948
1994200, -59.322290
1994850, -59.081802
1995500, -58.840589
1996150, -58.600419
1996800, -58.359246
1997450, -58.118859
1998100, -57.877306
1998750, -57.636308
1999400, -57.393714
2000050, -57.151221
2000700, -56.906802
2001350, -56.662114
2002000, -56.414873
2002650, -56.166651
2003300, -55.915314
2003950, -55.662403
2004600, -55.405450
2005250, -55.145854
2005900, -54.881324
2006550, -54.613140
2007200, -54.338578
2007850, -54.058780
2008500, -53.771202
2009150, -53.476541
2009800, -53.171688
2010450, -52.857376
2011100, -52.530226
2011750, -52.190154
2012400, -51.833392
2013050, -51.459412
2013700, -51.063285
2014350, -50.643820
2015000, -50.194723
2015650, -49.713085
2016300, -49.190944
2016950, -48.622908
2017600, -47.997845
2018250, -47.306759
2018900, -46.533006
2019550, -45.660328
2020200, -44.663804
2020850, -43.515527
2021500, -42.175031
2022150, -40.594394
2022800, -38.707163
2023450, -36.433403
2024100, -33.670888
2024750, -30.307434
2025400, -26.231721
2026050, -21.384840
2026700, -15.832992
2027350, -9.874621
2028000, -4.079539
2028650, 0.829857
2029300, 4.280623
2029950, 6.079882
2030600, 6.402384
2031250, 5.587491
2031900, 3.976099
2032550, 1.832488
2033200, -0.651867
2033850, -3.347217
2034500, -6.160524
2035150, -9.030298
2035800, -11.910953
2036450, -14.774894
2037100, -17.601155
2037750, -20.380289
2038400, -23.105368
2039050, -25.778386
2039700, -28.403156
2040350, -30.991541
2041000, -33.555526
2041650, -36.116084
2042300, -38.692616
2042950, -41.310629
2043600, -43.990721
2044250, -46.752246
2044900, -49.598232
2045550, -52.514232
2046200, -55.450766
2046850, -58.324379
2047500, -61.015786
2048150, -63.400618
2048800, -65.376366
2049450, -66.902237
2050100, -67.996640
2050750, -68.725862
2051400, -69.169497
2052050, -69.406779
2052700, -69.498668
2053350, -69.493443
2054000, -69.421628
2054650, -69.306806
2055300, -69.161452
2055950, -68.996721
2056600, -68.816827
2057250, -68.627536
2057900, -68.429594
2058550, -68.226549
2059200, -68.017727
2059850, -67.805760
2060500, -67.589375
2061150, -67.370816
2061800, -67.148571
2062450, -66.924725
2063100, -66.697658
2063750, -66.469376
2064400, -66.238211
2065050, -66.006147
2065700, -65.771509
2066350, -65.536246
2067000, -65.298663
2067650, -65.060719
2068300, -64.820729
2068950, -64.580631
2069600, -64.338716
2070250, -64.096932
2070900, -63.853587
2071550, -63.610610
2072200, -63.366274
2072850, -63.122509
2073500, -62.877616
2074150, -62.633502
2074800, -62.388418
2075450, -62.144264
2076100, -61.899324
2076750, -61.655482
2077400, -61.410947
2078050, -61.167585
2078700, -60.923650
2079350, -60.681000
2080000, -60.437789
2080650, -60.195835
2081300, -59.953355
2081950, -59.712179
2082600, -59.470393
2083250, -59.229752
2083900, -58.988425
2084550, -58.748221
2085200, -58.507136
2085850, -58.266848
2086500, -58.025465
2087150, -57.784748
2087800, -57.542620
2088450, -57.300657
2089100, -57.056884
2089750, -56.812986
2090400, -56.566805
2091050, -56.319782
2091700, -56.069828
2092350, -55.818520
2093000, -55.563554
2093650, -55.306191
2094300, -55.044178
2094950, -54.778928
2095600, -54.507837
2096250, -54.231907
2096900, -53.948636
2097550, -53.659055
2098200, -53.360061
2098850, -53.052259
2099500, -52.732731
2100150, -52.401422
2100800, -52.054612
2101450, -51.692221
2102100, -51.309580
2102750, -50.905440
2103400, -50.474597
2104050, -50.014131
2104700, -49.517399
2105350, -48.979209
2106000, -48.390281
2106650, -47.742027
2107300, -47.020430
2107950, -46.212011
2108600, -45.294762
2109250, -44.244952
2109900, -43.028010
2110550, -41.603448
2111200, -39.914007
2111850, -37.890920
2112500, -35.443373
2113150, -32.466489
2113800, -28.843003
2114450, -24.476656
2115100, -19.342986
2115750, -13.587472
2116400, -7.611459
2117050, -2.071311
2117700, 2.332253
2118350, 5.152750
2119000, 6.355985
2119650, 6.202153
2120300, 5.048235
2120950, 3.207023
2121600, 0.915600
2122250, -1.662416
2122900, -4.410985
2123550, -7.252514
2124200, -10.130142
2124850, -13.007802
2125500, -15.858377
2126150, -18.667959
2126800, -21.426104
2127450, -24.131641
2128100, -26.784805
2128750, -29.394753
2129400, -31.971473
2130050, -34.532233
2130700, -37.095659
2131350, -39.685713
2132000, -42.324336
2132650, -45.034356
2133300, -47.827874
2133950, -50.704645
2134600, -53.635656
2135250, -56.560898
2135900, -59.379447
2136550, -61.968467
2137200, -64.205817
2137850, -66.012031
2138500, -67.367539
2139150, -68.313942
2139800, -68.923794
2140450, -69.280781
2141100, -69.455532
2141750, -69.506274
2142400, -69.471931
2143050, -69.382156
2143700, -69.253766
2144350, -69.100676
2145000, -68.929034
2145650, -68.745723
2146300, -68.552334
2146950, -68.352823
2147600, -68.146912
2148250, -67.937356
2148900, -67.723098
2149550, -67.506385
2150200, -67.285839
2150850, -67.063499
2151500, -66.837856
2152150, -66.610849
2152800, -66.380901
2153450, -66.149920
2154100, -65.916310
2154750, -65.681960
2155400, -65.445249
2156050, -65.208056
2156700, -64.968770
2157350, -64.729271
2158000, -64.487922
2158650, -64.246586
2159300, -64.003648
2159950, -63.760983
2160600, -63.516935
2161250, -63.273349
2161900, -63.028598
2162550, -62.784543
2163200, -62.539511
2163850, -62.295315
2164500, -62.050308
2165150, -61.806331
2165800, -61.561680
2166450, -61.318127
2167100, -61.073996
2167750, -60.831097
2168400, -60.587692
2169050, -60.345498
2169700, -60.102797
2170350, -59.861359
2171000, -59.619411
2171650, -59.378601
2172300, -59.137155
2172950, -58.896795
2173600, -58.655713
2174250, -58.415471
2174900, -58.174224
2175550, -57.933633
2176200, -57.691857
2176850, -57.450345
2177500, -57.207165
2178150, -56.963892
2178800, -56.718645
2179450, -56.472728
2180100, -56.224086
2180750, -55.974184
2181400, -55.721046
2182050, -55.465786
2182700, -55.206179
2183350, -54.943524
2184000, -54.675619
2184650, -54.403314
2185300, -54.124131
2185950, -53.839112
2186600, -53.545520
2187250, -53.243813
2187900, -52.931112
2188550, -52.607837
2189200, -52.270282
2189850, -51.918266
2190500, -51.547942
2191150, -51.157961
2191800, -50.743561
2192450, -50.302429
2193100, -49.828101
2193750, -49.316703
2194400, -48.759345
2195050, -48.149168
2195700, -47.473786
2196350, -46.721123
2197000, -45.872487
2197650, -44.907922
2198300, -43.797657
2198950, -42.506935
2199600, -40.986870
2200250, -39.178747
2200900, -37.003042
2201550, -34.365374
2202200, -31.152215
2202850, -27.251883
2203500, -22.584994
2204150, -17.182370
2204800, -11.277390
2205450, -5.382787
2206100, -0.204831
2206750, 3.618365
2207400, 5.799233
2208050, 6.438333
2208700, 5.857772
2209350, 4.405269
2210000, 2.367281
2210650, -0.051598
2211300, -2.706112
2211950, -5.498881
2212600, -8.359270
2213250, -11.241217
2213900, -14.110468
2214550, -16.947271
2215200, -19.736986
2215850, -22.475292
2216500, -25.159647
2217150, -27.795592
2217800, -30.390517
2218450, -32.959607
2219100, -35.518266
2219750, -38.089731
2220400, -40.695207
2221050, -43.359637
2221700, -46.100228
2222350, -48.927643
2223000, -51.829943
2223650, -54.768977
2224300, -57.666461
2224950, -60.412556
2225600, -62.878188
2226250, -64.956066
2226900, -66.586619
2227550, -67.777546
2228200, -68.583957
2228850, -69.087397
2229500, -69.365862
2230150, -69.487564
2230800, -69.500953
2231450, -69.443048
2232100, -69.336079
2232750, -69.197524
2233400, -69.036007
2234050, -68.859897
2234700, -68.671860
2235350, -68.476417
2236000, -68.273777
2236650, -68.066881
2237300, -67.854924
2237950, -67.640188
2238600, -67.421440
2239250, -67.200690
2239900, -66.976532
2240550, -66.750862
2241200, -66.522184
2241850, -66.292337
2242500, -66.059807
2243150, -65.826415
2243800, -65.590623
2244450, -65.354227
2245100, -65.115693
2245750, -64.876827
2246400, -64.636083
2247050, -64.395240
2247700, -64.152753
2248350, -63.910419
2249000, -63.666690
2249650, -63.423321
2250300, -63.178754
2250950, -62.934772
2251600, -62.689816
2252250, -62.445611
2252900, -62.200576
2253550, -61.956469
2254200, -61.711718
2254850, -61.468002
2255500, -61.223707
2256150, -60.980558
2256800, -60.736965
2257450, -60.494549
2258100, -60.251649
2258750, -60.009947
2259400, -59.767832
2260050, -59.526857
2260700, -59.285300
2261350, -59.044791
2262000, -58.803676
2262650, -58.563455
2263300, -58.322328
2263950, -58.081854
2264600, -57.840326
2265250, -57.599187
2265900, -57.356535
2266550, -57.113841
2267200, -56.869322
2267850, -56.624348
2268500, -56.376886
2269150, -56.128284
2269800, -55.876652
2270450, -55.623233
2271100, -55.365812
2271750, -55.105564
2272400, -54.840444
2273050, -54.571415
2273700, -54.296007
2274350, -54.015139
2275000, -53.726513
2275650, -53.430481
2276300, -53.124187
2276950, -52.808140
2277600, -52.479062
2278250, -52.136649
2278900, -51.777375
2279550, -51.400294
2280200, -51.000716
2280850, -50.577207
2281500, -50.123440
2282150, -49.636255
2282800, -49.107582
2283450, -48.531742
2284100, -47.897369
2284750, -47.194708
2285400, -46.407158
2286050, -45.517414
2286700, -44.499829
2287350, -43.325089
2288000, -41.951520
2288650, -40.329075
2289300, -38.388883
2289950, -36.047923
2290600, -33.201640
2291250, -29.736629
2291900, -25.545651
2292550, -20.583264
2293200, -14.944087
2293850, -8.967760
2294500, -3.260578
2295150, 1.455999
2295800, 4.657476
2296450, 6.214542
2297100, 6.341079
2297750, 5.384956
2298400, 3.677882
2299050, 1.471942
2299700, -1.051583
2300350, -3.769754
2301000, -6.594928
2301650, -9.468883
2302300, -12.348691
2302950, -15.208102
2303600, -18.027553
2304250, -20.798278
2304900, -23.514978
2305550, -26.180490
2306200, -28.798852
2306850, -31.382460
2307500, -33.944852
2308150, -36.506250
2308800, -39.087543
2309450, -41.713612
2310100, -44.405055
2310750, -47.179298
2311400, -50.037481
2312050, -52.961131
2312700, -55.895242
2313350, -58.750063
2314000, -61.402818
2314650, -63.730228
2315300, -65.638321
2315950, -67.095714
2316600, -68.129416
2317250, -68.809770
2317900, -69.217159
2318550, -69.428717
2319200, -69.503111
2319850, -69.486036
2320500, -69.406399
2321150, -69.286232
2321800, -69.137339
2322450, -68.970053
2323100, -68.788431
2323750, -68.597763
2324400, -68.398866
2325050, -68.194959
2325700, -67.985530
2326350, -67.772940
2327000, -67.556117
2327650, -67.337059
2328300, -67.114472
2328950, -66.890204
2329600, -66.662858
2330250, -66.434207
2330900, -66.202813
2331550, -65.970429
2332200, -65.735604
2332850, -65.500060
2333500, -65.262330
2334150, -65.024147
2334800, -64.784054
2335450, -64.543754
2336100, -64.301769
2336750, -64.059821
2337400, -63.816446
2338050, -63.573338
2338700, -63.329001
2339350, -63.085138
2340000, -62.840279
2340650, -62.596094
2341300, -62.351064
2341950, -62.106866
2342600, -61.862010
2343250, -61.618141
2343900, -61.373699
2344550, -61.130326
2345200, -60.886506
2345850, -60.643851
2346500, -60.400748
2347150, -60.158792
2347800, -59.916430
2348450, -59.675243
2349100, -59.433549
2349750, -59.192883
2350400, -58.951646
2351050, -58.711388
2351700, -58.470343
2352350, -58.229970
2353000, -57.988608
2353650, -57.747783
2354300, -57.505619
2354950, -57.263477
2355600, -57.019616
2356250, -56.775501
2356900, -56.529149
2357550, -56.281791
2358200, -56.031574
2358850, -55.779857
2359500, -55.524499
2360150, -55.266552
2360800, -55.004000
2361450, -54.738043
2362100, -54.466218
2362750, -54.189322
2363400, -53.905090
2364050, -53.614231
2364700, -53.313887
2365350, -53.004452
2366000, -52.683237
2366650, -52.349818
2367300, -52.000717
2367950, -51.635633
2368600, -51.249928
2369250, -50.842137
2369900, -50.407048
2370550, -49.941505
2371200, -49.438843
2371850, -48.893530
2372500, -48.296100
2373150, -47.637626
2373800, -46.903714
2374450, -46.080051
2375100, -45.144429
2375750, -44.071820
2376400, -42.826605
2377050, -41.365948
2377700, -39.630878
2378350, -37.549625
2379000, -35.028860
2379650, -31.961247
2380300, -28.229958
2380950, -23.745695
2381600, -18.502594
2382250, -12.680640
2382900, -6.724067
2383550, -1.314373
2384200, 2.867433
2384850, 5.435014
2385500, 6.410799
2386150, 6.082212
2386800, 4.805720
2387450, 2.882851
2388100, 0.538876
2388750, -2.071504
2389400, -4.838382
2390050, -7.688413
2390700, -10.568075
2391350, -13.443243
2392000, -16.288629
2392650, -19.090968
2393300, -21.840790
2393950, -24.537894
2394600, -27.183993
2395250, -29.788062
2395900, -32.361036
2396550, -34.921156
2397200, -37.486879
2397850, -40.082948
2398500, -42.731045
2399150, -45.453213
2399800, -48.259604
2400450, -51.146941
2401100, -54.082028
2401750, -56.998887
2402400, -59.791697
2403050, -62.334866
2403700, -64.510024
2404350, -66.246984
2405000, -67.536164
2405650, -68.426131
2406300, -68.992247
2406950, -69.317329
2407600, -69.469946
2408250, -69.505584
2408900, -69.461219
2409550, -69.364653
2410200, -69.231778
2410850, -69.075523
2411500, -68.901754
2412150, -68.716810
2412800, -68.522292
2413450, -68.321807
2414100, -68.115207
2414750, -67.904975
2415400, -67.690238
2416050, -67.472998
2416700, -67.252083
2417350, -67.029305
2418000, -66.803364
2418650, -66.575978
2419300, -66.345785
2419950, -66.114471
2420600, -65.880662
2421250, -65.646022
2421900, -65.409151
2422550, -65.171708
2423200, -64.932303
2423850, -64.692592
2424500, -64.451158
2425150, -64.209647
2425800, -63.966663
2426450, -63.723858
2427100, -63.479795
2427750, -63.236101
2428400, -62.991370
2429050, -62.747244
2429700, -62.502259
2430350, -62.258012
2431000, -62.013079
2431650, -61.769083
2432300, -61.524523
2432950, -61.280959
2433600, -61.036935
2434250, -60.794046
2434900, -60.550751
2435550, -60.308559
2436200, -60.065971
2436850, -59.824545
2437500, -59.582699
2438150, -59.341872
2438800, -59.100514
2439450, -58.860134
2440100, -58.619111
2440750, -58.378797
2441400, -58.137575
2442050, -57.896893
2442700, -57.655088
2443350, -57.413405
2444000, -57.170137
2444650, -56.926652
2445300, -56.681234
2445950, -56.434987
2446600, -56.186083
2447250, -55.935778
2447900, -55.682253
2448550, -55.426421
2449200, -55.166285
2449850, -54.902938
2450500, -54.634315
2451150, -54.361068
2451800, -54.080947
2452450, -53.794788
2453100, -53.499961
2453750, -53.196729
2454400, -52.882438
2455050, -52.557161
2455700, -52.217423
2456350, -51.862834
2457000, -51.489583
2457650, -51.096111
2458300, -50.677862
2458950, -50.232049
2459600, -49.752403
2460250, -49.234505
2460900, -48.669626
2461550, -48.050239
2462200, -47.364050
2462850, -46.598120
2463500, -45.733221
2464150, -44.748278
2464800, -43.612611
2465450, -42.289854
2466100, -40.729618
2466750, -38.870250
2467400, -36.629920
2468050, -33.911111
2468700, -30.598844
2469350, -26.583816
2470000, -21.797553
2470650, -16.295239
2471300, -10.351223
2471950, -4.518523
2472600, 0.486372
2473250, 4.064694
2473900, 5.993715
2474550, 6.421590
2475200, 5.684970
2475850, 4.125496
2476500, 2.017198
2477150, -0.446136
2477800, -3.127676
2478450, -5.934873
2479100, -8.801122
2479750, -11.683030
2480400, -14.548536
2481050, -17.379160
2481700, -20.161500
2482350, -22.891452
2483000, -25.567615
2483650, -28.196786
2484300, -30.786690
2484950, -33.352951
2485600, -35.912292
2486250, -38.487425
2486900, -41.100510
2487550, -43.775691
2488200, -46.529435
2488850, -49.369493
2489500, -52.280330
2490150, -55.218673
2490800, -58.100735
2491450, -60.812511
2492100, -63.224984
2492750, -65.236367
2493400, -66.797235
2494050, -67.924613
2494700, -68.679067
2495350, -69.143100
2496000, -69.393479
2496650, -69.495753
2497300, -69.496135
2497950, -69.429446
2498600, -69.316682
2499250, -69.174111
2499900, -69.009910
2500550, -71.399870
2501200, -72.917235
2501850, -73.891378
2502500, -74.516390
2503150, -74.921831
2503800, -75.180192
2504450, -75.346429
2505100, -75.446839
2505750, -75.507476
2506400, -75.536377
2507050, -75.547932
2507700, -75.542662
2508350, -75.530055
2509000, -75.507411
2509650, -75.482072
2510300, -75.449905
2510950, -75.417278
2511600, -75.379397
2512250, -75.342169
2512900, -75.300485
2513550, -75.260028
2514200, -75.215535
2514850, -75.172573
2515500, -75.125803
2516150, -75.080733
2516800, -75.031987
2517450, -74.985036
2518100, -74.934487
2518750, -74.885793
2519400, -74.833551
2520050, -74.783202
2520700, -74.729341
2521350, -74.677403
2522000, -74.621981
2522650, -74.568505
2523300, -74.511572
2523950, -74.456605
2524600, -74.398205
2525250, -74.341792
2525900, -74.281970
2526550, -74.224155
2527200, -74.162956
2527850, -74.103786
2528500, -74.041258
2529150, -73.980782
2529800, -73.916975
2530450, -73.855242
2531100, -73.790205
2531750, -73.727269
2532400, -73.661057
2533050, -73.596973
2533700, -73.529645
2534350, -73.464474
2535000, -73.396092
2535650, -73.329897
2536300, -73.260525
2536950, -73.193371
2537600, -73.123075
2538250, -73.055030
2538900, -72.983879
2539550, -72.915011
2540200, -72.843072
2540850, -72.773446
2541500, -72.700785
2542150, -72.630470
2542800, -72.557158
2543450, -72.486227
2544100, -72.412336
2544750, -72.340863
2545400, -72.266469
2546050, -72.194527
2546700, -72.119705
2547350, -72.047370
2548000, -71.972194
2548650, -71.899540
2549300, -71.824079
2549950, -71.751171
2550600, -71.675490
2551250, -71.602394
2551900, -71.526564
2552550, -71.453352
2553200, -71.377442
2553850, -71.304186
2554500, -71.228269
2555150, -71.155039
2555800, -71.079186
2556450, -71.006053
2557100, -70.930332
2557750, -70.857358
2558400, -70.781823
2559050, -70.709058
2559700, -70.633762
2560350, -70.561265
2561000, -70.486267
2561650, -70.414095
2562300, -70.339455
2562950, -70.267670
2563600, -70.193447
2564250, -70.122106
2564900, -70.048359
2565550, -69.977520
2566200, -69.904301
2566850, -69.834007
2567500, -69.761348
2568150, -69.691628
2568800, -69.619566
2569450, -69.550461
2570100, -69.479036
2570750, -69.410590
2571400, -69.339847
2572050, -69.272104
2572700, -69.202087
2573350, -69.135090
2574000, -69.065843
2574650, -68.999634
2575300, -68.931197
2575950, -68.865806
2576600, -68.798189
2577250, -68.733620
2577900, -68.666837
2578550, -68.603111
2579200, -68.537184
2579850, -68.474326
2580500, -68.409284
2581150, -68.347324
2581800, -68.283195
2582450, -68.222162
2583100, -68.158977
2583750, -68.098901
2584400, -68.036689
2585050, -67.977597
2585700, -67.916380
2586350, -67.858277
2587000, -67.798041
2587650, -67.740914
2588300, -67.681656
2588950, -67.625508
2589600, -67.567237
2590250, -67.512082
2590900, -67.454812
2591550, -67.400667
2592200, -67.344417
2592850, -67.291299
2593500, -67.236089
2594150, -67.184019
2594800, -67.129867
2595450, -67.078863
2596100, -67.025789
2596750, -66.975870
2597400, -66.923884
2598050, -66.875037
2598700, -66.824107
2599350, -66.776304
2600000, -66.726415
2600650, -66.679649
2601300, -66.630798
2601950, -66.585070
2602600, -66.537264
2603250, -66.492584
2603900, -66.445833
2604550, -66.402213
2605200, -66.356529
2605850, -66.313982
2606500, -66.269379
2607150, -66.227917
2607800, -66.184409
2608450, -66.144047
2609100, -66.101646
2609750, -66.062395
2610400, -66.021113
2611050, -65.982987
2611700, -65.942828
2612350, -65.905805
2613000, -65.866730
2613650, -65.830774
2614300, -65.792758
2614950, -65.757852
2615600, -65.720886
2616250, -65.687028
2616900, -65.651111
2617550, -65.618303
2618200, -65.583440
2618850, -65.551688
2619500, -65.517887
2620150, -65.487199
2620800, -65.454468
2621450, -65.424852
2622100, -65.393199
2622750, -65.364663
2623400, -65.334096
2624050, -65.306648
2624700, -65.277173
2625350, -65.250820
2626000, -65.222444
2626650, -65.197191
2627300, -65.169920
2627950, -65.145771
2628600, -65.119608
2629250, -65.096567
2629900, -65.071515
2630550, -65.049584
2631200, -65.025643
2631850, -65.004822
2632500, -64.981994
2633150, -64.962272
2633800, -64.940522
2634450, -64.921859
2635100, -64.901156
2635750, -64.883526
2636400, -64.863849
2637050, -64.847238
2637700, -64.828577
2638350, -64.812975
2639000, -64.795321
2639650, -64.780723
2640300, -64.764070
2640950, -64.750468
2641600, -64.734811
2642250, -64.722200
2642900, -64.707532
2643550, -64.695906
2644200, -64.682220
2644850, -64.671569
2645500, -64.658857
2646150, -64.649173
2646800, -64.637425
2647450, -64.628698
2648100, -64.617901
2648750, -64.610118
2649400, -64.600260
2650050, -64.593408
2650700, -64.584475
2651350, -64.578537
2652000, -64.570512
2652650, -64.565473
2653300, -64.558339
2653950, -64.554179
2654600, -64.547916
2655250, -64.544615
2655900, -64.539202
2656550, -64.536739
2657200, -64.532154
2657850, -64.530506
2658500, -64.526725
2659150, -64.525867
2659800, -64.522866
2660450, -64.522772
2661100, -64.520523
2661750, -64.521167
2662400, -64.519643
2663050, -64.520995
2663700, -64.520167
2664350, -64.522200
2665000, -64.522038
2665650, -64.524720
2666300, -64.525194
2666950, -64.528494
2667600, -64.529572
2668250, -64.533459
2668900, -64.535109
2669550, -64.539548
2670200, -64.541737
2670850, -64.546698
2671500, -64.549392
2672150, -64.554839
2672800, -64.558005
2673450, -64.563906
2674100, -64.567509
2674750, -64.573829
2675400, -64.577836
2676050, -64.584541
2676700, -64.588917
2677350, -64.595973
2678000, -64.600685
2678650, -64.608058
2679300, -64.613072
2679950, -64.620728
2680600, -64.626010
2681250, -64.633917
2681900, -64.639435
2682550, -64.647559
2683200, -64.653281
2683850, -64.661591
2684500, -64.667484
2685150, -64.675949
2685800, -64.681983
2686450, -64.690572
2687100, -64.696717
2687750, -64.705400
2688400, -64.711627
2689050, -64.720377
2689700, -64.726658
2690350, -64.735446
2691000, -64.741753
2691650, -64.750554
2692300, -64.756863
2692950, -64.765650
2693600, -64.771935
2694250, -64.780686
2694900, -64.786924
2695550, -64.795615
2696200, -64.801785
2696850, -64.810395
2697500, -64.816475
2698150, -64.824983
2698800, -64.830954
2699450, -64.839343
2700100, -64.845187
2700750, -64.853438
2701400, -64.859138
2702050, -64.867236
2702700, -64.872776
2703350, -64.880705
2704000, -64.886072
2704650, -64.893820
2705300, -64.899000
2705950, -64.906554
2706600, -64.911537
2707250, -64.918886
2707900, -64.923660
2708550, -64.930795
2709200, -64.935353
2709850, -64.942265
2710500, -64.946598
2711150, -64.953280
2711800, -64.957381
2712450, -64.963828
2713100, -64.967692
2713750, -64.973898
2714400, -64.977521
2715050, -64.983483
2715700, -64.986861
2716350, -64.992575
2717000, -64.995707
2717650, -65.001172
2718300, -65.004055
2718950, -65.009267
2719600, -65.011895
2720250, -65.016846
2720900, -65.019213
2721550, -65.023902
2722200, -65.026008
2722850, -65.030435
2723500, -65.032281
2724150, -65.036449
2724800, -65.038040
2725450, -65.041951
2726100, -65.043291
2726750, -65.046952
2727400, -65.048046
2728050, -65.051463
2728700, -65.052316
2729350, -65.055495
2730000, -65.056115
2730650, -65.059063
2731300, -65.059457
2731950, -65.062180
2732600, -65.062355
2733250, -65.064862
2733900, -65.064826
2734550, -65.067124
2735200, -65.066886
2735850, -65.068983
2736500, -65.068550
2737150, -65.070455
2737800, -65.069835
2738450, -65.071556
2739100, -65.070758
2739750, -65.072304
2740400, -65.071337
2741050, -65.072716
2741700, -65.071588
2742350, -65.072809
2743000, -65.071529
2743650, -65.072601
2744300, -65.071177
2744950, -65.072108
2745600, -65.070548
2746250, -65.071347
2746900, -65.069662
2747550, -65.070336
2748200, -65.068533
2748850, -65.069092
2749500, -65.067179
2750150, -65.067631
2750800, -65.065616
2751450, -65.065969
2752100, -65.063861
2752750, -65.064123
2753400, -65.061929
2754050, -65.062108
2754700, -65.059836
2755350, -65.059940
2756000, -65.057598
2756650, -65.057633
2757300, -65.055227
2757950, -65.055202
2758600, -65.052741
2759250, -65.052661
2759900, -65.050151
2760550, -65.050024
2761200, -65.047471
2761850, -65.047304
2762500, -65.044716
2763150, -65.044514
2763800, -65.041896
2764450, -65.041666
2765100, -65.039024
2765750, -65.038771
2766400, -65.036112
2767050, -65.035842
2767700, -65.033170
2768350, -65.032889
2769000, -65.030209
2769650, -65.029922
2770300, -65.027239
2770950, -65.026950
2771600, -65.024270
2772250, -65.023984
2772900, -65.021310
2773550, -65.021031
2774200, -65.018368
2774850, -65.018100
2775500, -65.015452
2776150, -65.015199
2776800, -65.012569
2777450, -65.012334
2778100, -65.009726
2778750, -65.009513
2779400, -65.006930
2780050, -65.006742
2780700, -65.004186
2781350, -65.004026
2782000, -65.001501
2782650, -65.001370
2783300, -64.998878
2783950, -64.998780
2784600, -64.996322
2785250, -64.996256
2785900, -64.993831
2786550, -64.993797
2787200, -64.991407
2787850, -64.991407
2788500, -64.989052
2789150, -64.989086
2789800, -64.986768
2790450, -64.986839
2791100, -64.984559
2791750, -64.984667
2792400, -64.982427
2793050, -64.982573
2793700, -64.980373
2794350, -64.980559
2795000, -64.978401
2795650, -64.978627
2796300, -64.976511
2796950, -64.976779
2797600, -64.974706
2798250, -64.975016
2798900, -64.972987
2799550, -64.973339
2800200, -64.971354
2800850, -64.971748
2801500, -64.969808
2802150, -64.970246
2802800, -64.968350
2803450, -64.968830
2804100, -64.966979
2804750, -64.967503
2805400, -64.965696
2806050, -64.966262
2806700, -64.964499
2807350, -64.965108
2808000, -64.963389
2808650, -64.964040
2809300, -64.962364
2809950, -64.963057
2810600, -64.961424
2811250, -64.962157
2811900, -64.960566
2812550, -64.961340
2813200, -64.959790
2813850, -64.960603
2814500, -64.959094
2815150, -64.959946
2815800, -64.958476
2816450, -64.959365
2817100, -64.957934
2817750, -64.958859
2818400, -64.957466
2819050, -64.958427
2819700, -64.957070
2820350, -64.958065
2821000, -64.956743
2821650, -64.957771
2822300, -64.956484
2822950, -64.957544
2823600, -64.956289
2824250, -64.957380
2824900, -64.956156
2825550, -64.957276
2826200, -64.956083
2826850, -64.957231
2827500, -64.956066
2828150, -64.957241
2828800, -64.956104
2829450, -64.957304
2830100, -64.956193
2830750, -64.957416
2831400, -64.956330
2832050, -64.957576
2832700, -64.956513
2833350, -64.957781
2834000, -64.956740
2834650, -64.958027
2835300, -64.957006
2835950, -64.958312
2836600, -64.957310
2837250, -64.958633
2837900, -64.957649
2838550, -64.958987
2839200, -64.958020
2839850, -64.959372
2840500, -64.958420
2841150, -64.959785
2841800, -64.958847
2842450, -64.960224
2843100, -64.959298
2843750, -64.960685
2844400, -64.959770
2845050, -64.961166
2845700, -64.960262
2846350, -64.961666
2847000, -64.960770
2847650, -64.962181
2848300, -64.961292
2848950, -64.962709
2849600, -64.961827
2850250, -64.963248
2850900, -64.962371
2851550, -64.963796
2852200, -64.962924
2852850, -64.964350
2853500, -64.963481
2854150, -64.964909
2854800, -64.964043
2855450, -64.965471
2856100, -64.964606
2856750, -64.966034
2857400, -64.965169
2858050, -64.966595
2858700, -64.965730
2859350, -64.967155
2860000, -64.966288
2860650, -64.967710
2861300, -64.966842
2861950, -64.968259
2862600, -64.967389
2863250, -64.968802
2863900, -64.967928
2864550, -64.969336
2865200, -64.968458
2865850, -64.969860
2866500, -64.968978
2867150, -64.970374
2867800, -64.969487
2868450, -64.970876
2869100, -64.969983
2869750, -64.971365
2870400, -64.970467
2871050, -64.971841
2871700, -64.970936
2872350, -64.972303
2873000, -64.971391
2873650, -64.972749
2874300, -64.971830
2874950, -64.973180
2875600, -64.972253
2876250, -64.973594
2876900, -64.972660
2877550, -64.973991
2878200, -64.973050
2878850, -64.974372
2879500, -64.973422
2880150, -64.974735
2880800, -64.973777
2881450, -64.975080
2882100, -64.974114
2882750, -64.975407
2883400, -64.974433
2884050, -64.975716
2884700, -64.974734
2885350, -64.976007
2886000, -64.975016
2886650, -64.976280
2887300, -64.975281
2887950, -64.976535
2888600, -64.975527
2889250, -64.976771
2889900, -64.975756
2890550, -64.976990
2891200, -64.975966
2891850, -64.977191
2892500, -64.976159
2893150, -64.977375
2893800, -64.976335
2894450, -64.977541
2895100, -64.976494
2895750, -64.977691
2896400, -64.976636
2897050, -64.977824
2897700, -64.976762
2898350, -64.977941
2899000, -64.976871
2899650, -64.978042
2900300, -64.976966
2900950, -64.978128
2901600, -64.977045
2902250, -64.978199
2902900, -64.977109
2903550, -64.978256
2904200, -64.977160
2904850, -64.978299
2905500, -64.977197
2906150, -64.978329
2906800, -64.977221
2907450, -64.978346
2908100, -64.977232
2908750, -64.978350
2909400, -64.977232
2910050, -64.978343
2910700, -64.977220
2911350, -64.978325
2912000, -64.977197
2912650, -64.978297
2913300, -64.977164
2913950, -64.978258
2914600, -64.977122
2915250, -64.978211
2915900, -64.977070
2916550, -64.978154
2917200, -64.977010
2917850, -64.978089
2918500, -64.976942
2919150, -64.978017
2919800, -64.976867
2920450, -64.977937
2921100, -64.976785
2921750, -64.977852
2922400, -64.976697
2923050, -64.977760
2923700, -64.976603
2924350, -64.977662
2925000, -64.976504
2925650, -64.977560
2926300, -64.976401
2926950, -64.977454
2927600, -64.976293
2928250, -64.977344
2928900, -64.976182
2929550, -64.977231
2930200, -64.976068
2930850, -64.977114
2931500, -64.975951
2932150, -64.976996
2932800, -64.975832
2933450, -64.976875
2934100, -64.975711
2934750, -64.976753
2935400, -64.975590
2936050, -64.976630
2936700, -64.975467
2937350, -64.976507
2938000, -64.975344
2938650, -64.976383
2939300, -64.975221
2939950, -64.976259
2940600, -64.975098
2941250, -64.976136
2941900, -64.974976
2942550, -64.976014
2943200, -64.974855
2943850, -64.975893
2944500, -64.974735
2945150, -64.975773
2945800, -64.974617
2946450, -64.975655
2947100, -64.974501
2947750, -64.975539
2948400, -64.974386
2949050, -64.975425
2949700, -64.974275
2950350, -64.975314
2951000, -64.974165
2951650, -64.975205
2952300, -64.974058
2952950, -64.975099
2953600, -64.973955
2954250, -64.974996
2954900, -64.973854
2955550, -64.974896
2956200, -64.973757
2956850, -64.974800
2957500, -64.973663
2958150, -64.974707
2958800, -64.973572
2959450, -64.974617
2960100, -64.973485
2960750, -64.974531
2961400, -64.973402
2962050, -64.974449
2962700, -64.973322
2963350, -64.974370
2964000, -64.973246
2964650, -64.974296
2965300, -64.973174
2965950, -64.974225
2966600, -64.973106
2967250, -64.974158
2967900, -64.973041
2968550, -64.974095
2969200, -64.972981
2969850, -64.974035
2970500, -64.972924
2971150, -64.973980
2971800, -64.972871
2972450, -64.973928
2973100, -64.972822
2973750, -64.973880
2974400, -64.972776
2975050, -64.973836
2975700, -64.972735
2976350, -64.973795
2977000, -64.972696
2977650, -64.973758
2978300, -64.972662
2978950, -64.973725
2979600, -64.972631
2980250, -64.973695
2980900, -64.972603
2981550, -64.973668
2982200, -64.972579
2982850, -64.973645
2983500, -64.972558
2984150, -64.973624
2984800, -64.972540
2985450, -64.973607
2986100, -64.972525
2986750, -64.973593
2987400, -64.972513
2988050, -64.973582
2988700, -64.972504
2989350, -64.973574
2990000, -64.972498
2990650, -64.973568
2991300, -64.972494
2991950, -64.973564
2992600, -64.972492
2993250, -64.973564
2993900, -64.972493
2994550, -64.973565
2995200, -64.972497
2995850, -64.973569
2996500, -64.972502
2997150, -64.973574
2997800, -64.972509
2998450, -64.973582
2999100, -64.972518
2999750, -64.973591
3000400, -64.972529
