# ./result/hh_impl_0630.txt
# dt = 630 [usec]
# t [usec], V [mV]
0, -65.000000
630, -64.998130
1260, -64.996327
1890, -64.994583
2520, -64.992890
3150, -64.991242
3780, -64.989634
4410, -64.988064
5040, -64.986529
5670, -64.985028
6300, -64.983559
6930, -64.982121
7560, -64.980714
8190, -64.979337
8820, -64.977990
9450, -64.976673
10080, -64.975385
10710, -64.974128
11340, -64.972900
11970, -64.971702
12600, -64.970534
13230, -64.969396
13860, -64.968287
14490, -64.967209
15120, -64.966160
15750, -64.965142
16380, -64.964153
17010, -64.963194
17640, -64.962265
18270, -64.961366
18900, -64.960497
19530, -64.959657
20160, -64.958847
20790, -64.958066
21420, -64.957315
22050, -64.956593
22680, -64.955899
23310, -64.955235
23940, -64.954599
24570, -64.953991
25200, -64.953412
25830, -64.952860
26460, -64.952336
27090, -64.951840
27720, -64.951370
28350, -64.950927
28980, -64.950511
29610, -64.950120
30240, -64.949756
30870, -64.949416
31500, -64.949102
32130, -64.948813
32760, -64.948548
33390, -64.948307
34020, -64.948089
34650, -64.947895
35280, -64.947724
35910, -64.947574
36540, -64.947447
37170, -64.947342
37800, -64.947257
38430, -64.947193
39060, -64.947149
39690, -64.947125
40320, -64.947121
40950, -64.947135
41580, -64.947168
42210, -64.947218
42840, -64.947287
43470, -64.947372
44100, -64.947474
44730, -64.947592
45360, -64.947726
45990, -64.947875
46620, -64.948038
47250, -64.948216
47880, -64.948408
48510, -64.948614
49140, -64.948832
49770, -64.949062
50400, -64.949305
51030, -64.949559
51660, -64.949824
52290, -64.950100
52920, -64.950386
53550, -64.950682
54180, -64.950987
54810, -64.951301
55440, -64.951624
56070, -64.951954
56700, -64.952293
57330, -64.952638
57960, -64.952990
58590, -64.953348
59220, -64.953713
59850, -64.954083
60480, -64.954458
61110, -64.954838
61740, -64.955222
62370, -64.955610
63000, -64.956002
63630, -64.956397
64260, -64.956795
64890, -64.957196
65520, -64.957598
66150, -64.958003
66780, -64.958409
67410, -64.958817
68040, -64.959225
68670, -64.959634
69300, -64.960043
69930, -64.960452
70560, -64.960861
71190, -64.961269
71820, -64.961677
72450, -64.962083
73080, -64.962488
73710, -64.962891
74340, -64.963292
74970, -64.963691
75600, -64.964088
76230, -64.964482
76860, -64.964873
77490, -64.965261
78120, -64.965646
78750, -64.966028
79380, -64.966406
80010, -64.966780
80640, -64.967150
81270, -64.967516
81900, -64.967877
82530, -64.968234
83160, -64.968587
83790, -64.968934
84420, -64.969277
85050, -64.969615
85680, -64.969947
86310, -64.970275
86940, -64.970596
87570, -64.970913
88200, -64.971224
88830, -64.971529
89460, -64.971828
90090, -64.972122
90720, -64.972409
91350, -64.972691
91980, -64.972967
92610, -64.973236
93240, -64.973500
93870, -64.973757
94500, -64.974008
95130, -64.974253
95760, -64.974492
96390, -64.974724
97020, -64.974950
97650, -64.975169
98280, -64.975383
98910, -64.975590
99540, -64.975791
100170, -64.975985
100800, -64.976173
101430, -64.976355
102060, -64.976530
102690, -64.976700
103320, -64.976863
103950, -64.977020
104580, -64.977170
105210, -64.977315
105840, -64.977454
106470, -64.977586
107100, -64.977713
107730, -64.977833
108360, -64.977948
108990, -64.978057
109620, -64.978160
110250, -64.978258
110880, -64.978350
111510, -64.978436
112140, -64.978517
112770, -64.978593
113400, -64.978663
114030, -64.978728
114660, -64.978787
115290, -64.978842
115920, -64.978892
116550, -64.978936
117180, -64.978976
117810, -64.979011
118440, -64.979042
119070, -64.979067
119700, -64.979089
120330, -64.979106
120960, -64.979118
121590, -64.979127
122220, -64.979131
122850, -64.979131
123480, -64.979128
124110, -64.979120
124740, -64.979109
125370, -64.979094
126000, -64.979076
126630, -64.979054
127260, -64.979029
127890, -64.979000
128520, -64.978969
129150, -64.978934
129780, -64.978897
130410, -64.978856
131040, -64.978813
131670, -64.978767
132300, -64.978719
132930, -64.978668
133560, -64.978614
134190, -64.978559
134820, -64.978501
135450, -64.978441
136080, -64.978379
136710, -64.978316
137340, -64.978250
137970, -64.978183
138600, -64.978114
139230, -64.978043
139860, -64.977971
140490, -64.977898
141120, -64.977823
141750, -64.977747
142380, -64.977670
143010, -64.977592
143640, -64.977513
144270, -64.977433
144900, -64.977352
145530, -64.977271
146160, -64.977189
146790, -64.977106
147420, -64.977023
148050, -64.976939
148680, -64.976855
149310, -64.976771
149940, -64.976686
150570, -64.976602
151200, -64.976517
151830, -64.976432
152460, -64.976347
153090, -64.976262
153720, -64.976178
154350, -64.976093
154980, -64.976009
155610, -64.975925
156240, -64.975842
156870, -64.975759
157500, -64.975676
158130, -64.975594
158760, -64.975512
159390, -64.975431
160020, -64.975351
160650, -64.975271
161280, -64.975192
161910, -64.975114
162540, -64.975037
163170, -64.974961
163800, -64.974885
164430, -64.974810
165060, -64.974736
165690, -64.974664
166320, -64.974592
166950, -64.974521
167580, -64.974451
168210, -64.974383
168840, -64.974315
169470, -64.974249
170100, -64.974183
170730, -64.974119
171360, -64.974056
171990, -64.973994
172620, -64.973934
173250, -64.973875
173880, -64.973817
174510, -64.973760
175140, -64.973704
175770, -64.973650
176400, -64.973597
177030, -64.973545
177660, -64.973495
178290, -64.973446
178920, -64.973398
179550, -64.973351
180180, -64.973306
180810, -64.973262
181440, -64.973220
182070, -64.973179
182700, -64.973139
183330, -64.973100
183960, -64.973063
184590, -64.973027
185220, -64.972992
185850, -64.972959
186480, -64.972927
187110, -64.972896
187740, -64.972866
188370, -64.972838
189000, -64.972811
189630, -64.972785
190260, -64.972760
190890, -64.972737
191520, -64.972715
192150, -64.972694
192780, -64.972674
193410, -64.972655
194040, -64.972638
194670, -64.972621
195300, -64.972606
195930, -64.972592
196560, -64.972579
197190, -64.972567
197820, -64.972556
198450, -64.972546
199080, -64.972537
199710, -64.972530
200340, -64.972523
200970, -64.972517
201600, -64.972512
202230, -64.972508
202860, -64.972505
203490, -64.972503
204120, -64.972501
204750, -64.972501
205380, -64.972501
206010, -64.972502
206640, -64.972504
207270, -64.972507
207900, -64.972511
208530, -64.972515
209160, -64.972520
209790, -64.972525
210420, -64.972532
211050, -64.972539
211680, -64.972546
212310, -64.972554
212940, -64.972563
213570, -64.972573
214200, -64.972582
214830, -64.972593
215460, -64.972604
216090, -64.972615
216720, -64.972627
217350, -64.972640
217980, -64.972652
218610, -64.972666
219240, -64.972679
219870, -64.972693
220500, -64.972708
221130, -64.972722
221760, -64.972737
222390, -64.972753
223020, -64.972768
223650, -64.972784
224280, -64.972800
224910, -64.972817
225540, -64.972833
226170, -64.972850
226800, -64.972867
227430, -64.972884
228060, -64.972901
228690, -64.972919
229320, -64.972936
229950, -64.972954
230580, -64.972971
231210, -64.972989
231840, -64.973007
232470, -64.973025
233100, -64.973043
233730, -64.973061
234360, -64.973079
234990, -64.973097
235620, -64.973115
236250, -64.973132
236880, -64.973150
237510, -64.973168
238140, -64.973186
238770, -64.973203
239400, -64.973221
240030, -64.973238
240660, -64.973256
241290, -64.973273
241920, -64.973290
242550, -64.973307
243180, -64.973324
243810, -64.973340
244440, -64.973357
245070, -64.973373
245700, -64.973389
246330, -64.973405
246960, -64.973421
247590, -64.973436
248220, -64.973452
248850, -64.973467
249480, -64.973482
250110, -64.973496
250740, -64.973511
251370, -64.973525
252000, -64.973539
252630, -64.973553
253260, -64.973566
253890, -64.973580
254520, -64.973593
255150, -64.973605
255780, -64.973618
256410, -64.973630
257040, -64.973642
257670, -64.973654
258300, -64.973665
258930, -64.973677
259560, -64.973687
260190, -64.973698
260820, -64.973708
261450, -64.973718
262080, -64.973728
262710, -64.973738
263340, -64.973747
263970, -64.973756
264600, -64.973765
265230, -64.973773
265860, -64.973781
266490, -64.973789
267120, -64.973797
267750, -64.973804
268380, -64.973811
269010, -64.973818
269640, -64.973825
270270, -64.973831
270900, -64.973837
271530, -64.973843
272160, -64.973848
272790, -64.973853
273420, -64.973858
274050, -64.973863
274680, -64.973867
275310, -64.973872
275940, -64.973876
276570, -64.973879
277200, -64.973883
277830, -64.973886
278460, -64.973889
279090, -64.973892
279720, -64.973895
280350, -64.973897
280980, -64.973899
281610, -64.973901
282240, -64.973903
282870, -64.973904
283500, -64.973906
284130, -64.973907
284760, -64.973908
285390, -64.973908
286020, -64.973909
286650, -64.973909
287280, -64.973909
287910, -64.973909
288540, -64.973909
289170, -64.973909
289800, -64.973908
290430, -64.973908
291060, -64.973907
291690, -64.973906
292320, -64.973905
292950, -64.973904
293580, -64.973902
294210, -64.973901
294840, -64.973899
295470, -64.973897
296100, -64.973895
296730, -64.973893
297360, -64.973891
297990, -64.973889
298620, -64.973887
299250, -64.973884
299880, -64.973882
300510, -64.973879
301140, -64.973877
301770, -64.973874
302400, -64.973871
303030, -64.973868
303660, -64.973865
304290, -64.973862
304920, -64.973859
305550, -64.973856
306180, -64.973853
306810, -64.973849
307440, -64.973846
308070, -64.973843
308700, -64.973839
309330, -64.973836
309960, -64.973832
310590, -64.973829
311220, -64.973825
311850, -64.973822
312480, -64.973818
313110, -64.973814
313740, -64.973811
314370, -64.973807
315000, -64.973803
315630, -64.973800
316260, -64.973796
316890, -64.973792
317520, -64.973789
318150, -64.973785
318780, -64.973781
319410, -64.973778
320040, -64.973774
320670, -64.973771
321300, -64.973767
321930, -64.973763
322560, -64.973760
323190, -64.973756
323820, -64.973753
324450, -64.973749
325080, -64.973746
325710, -64.973742
326340, -64.973739
326970, -64.973736
327600, -64.973732
328230, -64.973729
328860, -64.973726
329490, -64.973723
330120, -64.973719
330750, -64.973716
331380, -64.973713
332010, -64.973710
332640, -64.973707
333270, -64.973704
333900, -64.973701
334530, -64.973698
335160, -64.973696
335790, -64.973693
336420, -64.973690
337050, -64.973688
337680, -64.973685
338310, -64.973682
338940, -64.973680
339570, -64.973678
340200, -64.973675
340830, -64.973673
341460, -64.973671
342090, -64.973668
342720, -64.973666
343350, -64.973664
343980, -64.973662
344610, -64.973660
345240, -64.973658
345870, -64.973656
346500, -64.973655
347130, -64.973653
347760, -64.973651
348390, -64.973649
349020, -64.973648
349650, -64.973646
350280, -64.973645
350910, -64.973643
351540, -64.973642
352170, -64.973641
352800, -64.973640
353430, -64.973638
354060, -64.973637
354690, -64.973636
355320, -64.973635
355950, -64.973634
356580, -64.973633
357210, -64.973632
357840, -64.973631
358470, -64.973631
359100, -64.973630
359730, -64.973629
360360, -64.973629
360990, -64.973628
361620, -64.973628
362250, -64.973627
362880, -64.973627
363510, -64.973626
364140, -64.973626
364770, -64.973626
365400, -64.973625
366030, -64.973625
366660, -64.973625
367290, -64.973625
367920, -64.973625
368550, -64.973625
369180, -64.973625
369810, -64.973625
370440, -64.973625
371070, -64.973625
371700, -64.973625
372330, -64.973625
372960, -64.973625
373590, -64.973625
374220, -64.973626
374850, -64.973626
375480, -64.973626
376110, -64.973627
376740, -64.973627
377370, -64.973627
378000, -64.973628
378630, -64.973628
379260, -64.973629
379890, -64.973629
380520, -64.973630
381150, -64.973630
381780, -64.973631
382410, -64.973631
383040, -64.973632
383670, -64.973632
384300, -64.973633
384930, -64.973634
385560, -64.973634
386190, -64.973635
386820, -64.973636
387450, -64.973636
388080, -64.973637
388710, -64.973638
389340, -64.973638
389970, -64.973639
390600, -64.973640
391230, -64.973641
391860, -64.973641
392490, -64.973642
393120, -64.973643
393750, -64.973644
394380, -64.973644
395010, -64.973645
395640, -64.973646
396270, -64.973647
396900, -64.973648
397530, -64.973648
398160, -64.973649
398790, -64.973650
399420, -64.973651
400050, -64.973652
400680, -64.973652
401310, -64.973653
401940, -64.973654
402570, -64.973655
403200, -64.973656
403830, -64.973656
404460, -64.973657
405090, -64.973658
405720, -64.973659
406350, -64.973659
406980, -64.973660
407610, -64.973661
408240, -64.973662
408870, -64.973662
409500, -64.973663
410130, -64.973664
410760, -64.973665
411390, -64.973665
412020, -64.973666
412650, -64.973667
413280, -64.973667
413910, -64.973668
414540, -64.973669
415170, -64.973669
415800, -64.973670
416430, -64.973671
417060, -64.973671
417690, -64.973672
418320, -64.973672
418950, -64.973673
419580, -64.973673
420210, -64.973674
420840, -64.973675
421470, -64.973675
422100, -64.973676
422730, -64.973676
423360, -64.973677
423990, -64.973677
424620, -64.973678
425250, -64.973678
425880, -64.973679
426510, -64.973679
427140, -64.973679
427770, -64.973680
428400, -64.973680
429030, -64.973681
429660, -64.973681
430290, -64.973681
430920, -64.973682
431550, -64.973682
432180, -64.973682
432810, -64.973683
433440, -64.973683
434070, -64.973683
434700, -64.973684
435330, -64.973684
435960, -64.973684
436590, -64.973685
437220, -64.973685
437850, -64.973685
438480, -64.973685
439110, -64.973685
439740, -64.973686
440370, -64.973686
441000, -64.973686
441630, -64.973686
442260, -64.973686
442890, -64.973686
443520, -64.973687
444150, -64.973687
444780, -64.973687
445410, -64.973687
446040, -64.973687
446670, -64.973687
447300, -64.973687
447930, -64.973687
448560, -64.973687
449190, -64.973687
449820, -64.973687
450450, -64.973687
451080, -64.973687
451710, -64.973687
452340, -64.973688
452970, -64.973688
453600, -64.973688
454230, -64.973687
454860, -64.973687
455490, -64.973687
456120, -64.973687
456750, -64.973687
457380, -64.973687
458010, -64.973687
458640, -64.973687
459270, -64.973687
459900, -64.973687
460530, -64.973687
461160, -64.973687
461790, -64.973687
462420, -64.973687
463050, -64.973687
463680, -64.973687
464310, -64.973687
464940, -64.973686
465570, -64.973686
466200, -64.973686
466830, -64.973686
467460, -64.973686
468090, -64.973686
468720, -64.973686
469350, -64.973686
469980, -64.973685
470610, -64.973685
471240, -64.973685
471870, -64.973685
472500, -64.973685
473130, -64.973685
473760, -64.973685
474390, -64.973684
475020, -64.973684
475650, -64.973684
476280, -64.973684
476910, -64.973684
477540, -64.973684
478170, -64.973684
478800, -64.973683
479430, -64.973683
480060, -64.973683
480690, -64.973683
481320, -64.973683
481950, -64.973683
482580, -64.973682
483210, -64.973682
483840, -64.973682
484470, -64.973682
485100, -64.973682
485730, -64.973682
486360, -64.973682
486990, -64.973681
487620, -64.973681
488250, -64.973681
488880, -64.973681
489510, -64.973681
490140, -64.973681
490770, -64.973681
491400, -64.973680
492030, -64.973680
492660, -64.973680
493290, -64.973680
493920, -64.973680
494550, -64.973680
495180, -64.973680
495810, -64.973679
496440, -64.973679
497070, -64.973679
497700, -64.973679
498330, -64.973679
498960, -64.973679
499590, -64.973679
500220, -64.973679
500850, -62.027658
501480, -59.191711
502110, -56.439568
502740, -53.743427
503370, -51.048654
504000, -48.276655
504630, -45.288394
505260, -41.868761
505890, -37.656004
506520, -32.063947
507150, -24.129209
507780, -12.468160
508410, 4.008865
509040, 23.035797
509670, 37.038175
510300, 41.950025
510930, 41.978751
511560, 40.789908
512190, 39.178308
512820, 37.235305
513450, 35.013550
514080, 32.551298
514710, 29.893351
515340, 27.075382
515970, 24.139131
516600, 21.115358
517230, 18.038936
517860, 14.932552
518490, 11.822505
519120, 8.722957
519750, 5.652148
520380, 2.616941
521010, -0.370861
521640, -3.309920
522270, -6.193087
522900, -9.022868
523530, -11.795265
524160, -14.515987
524790, -17.183688
525420, -19.805945
526050, -22.384512
526680, -24.931045
527310, -27.450902
527940, -29.961814
528570, -32.475413
529200, -35.017041
529830, -37.606424
530460, -40.276236
531090, -43.051795
531720, -45.964266
532350, -49.026756
532980, -52.237067
533610, -55.544046
534240, -58.847911
534870, -61.982860
535500, -64.761828
536130, -67.022706
536760, -68.705015
537390, -69.843881
538020, -70.549241
538650, -70.938571
539280, -71.120010
539910, -71.165822
540540, -71.130659
541170, -71.042487
541800, -70.924598
542430, -70.784629
543060, -70.633344
543690, -70.470884
544320, -70.303586
544950, -70.128996
545580, -69.951923
546210, -69.769019
546840, -69.584556
547470, -69.394874
548100, -69.204058
548730, -69.008341
549360, -68.811739
549990, -68.610442
550620, -68.408440
551250, -68.201919
551880, -67.994865
552510, -67.783467
553140, -67.571701
553770, -67.355757
554400, -67.139620
555030, -66.919495
555660, -66.699367
556290, -66.475434
556920, -66.251681
557550, -66.024326
558180, -65.797364
558810, -65.566999
559440, -65.337211
560070, -65.104226
560700, -64.872036
561330, -64.636860
561960, -64.402661
562590, -64.165664
563220, -63.929853
563850, -63.691452
564480, -63.454402
565110, -63.214913
565740, -62.976954
566370, -62.736752
567000, -62.498207
567630, -62.257510
568260, -62.018598
568890, -61.777695
569520, -61.538658
570150, -61.297639
570780, -61.058540
571410, -60.817559
572040, -60.578514
572670, -60.337510
573300, -60.098393
573930, -59.857327
574560, -59.618092
575190, -59.376722
575820, -59.136996
576450, -58.895032
577080, -58.654565
577710, -58.411538
578340, -58.169644
578970, -57.924935
579600, -57.681091
580230, -57.433935
580860, -57.187047
581490, -56.936385
582120, -56.685532
582750, -56.430152
583380, -56.173668
584010, -55.911903
584640, -55.648237
585270, -55.378108
585900, -55.104719
586530, -54.823680
587160, -54.537918
587790, -54.242548
588420, -53.940422
589050, -53.626646
589680, -53.303355
590310, -52.965128
590940, -52.614124
591570, -52.243913
592200, -51.855745
592830, -51.442726
593460, -51.004634
594090, -50.533503
594720, -50.027053
595350, -49.475066
595980, -48.872392
596610, -48.204953
597240, -47.463082
597870, -46.625840
598500, -45.675309
599130, -44.579488
599760, -43.305226
600390, -41.800272
601020, -40.004634
601650, -37.830943
602280, -35.175208
602910, -31.901229
603540, -27.865157
604170, -22.934303
604800, -17.080318
605430, -10.495442
606060, -3.733867
606690, 2.350644
607320, 6.927260
607950, 9.612368
608580, 10.536469
609210, 10.112208
609840, 8.755151
610470, 6.788178
611100, 4.425224
611730, 1.815648
612360, -0.945117
612990, -3.784356
613620, -6.657598
614250, -9.527251
614880, -12.373909
615510, -15.178571
616140, -17.935810
616770, -20.637591
617400, -23.288012
618030, -25.886705
618660, -28.444529
619290, -30.969196
619920, -33.478597
620550, -35.987898
621180, -38.521584
621810, -41.099352
622440, -43.747305
623070, -46.479777
623700, -49.307674
624330, -52.215017
624960, -55.163412
625590, -58.069362
626220, -60.822026
626850, -63.287561
627480, -65.360115
628110, -66.980049
628740, -68.160436
629370, -68.956406
630000, -69.453209
630630, -69.727270
631260, -69.848890
631890, -69.864050
632520, -69.811284
633150, -69.710262
633780, -69.580075
634410, -69.426950
635040, -69.261035
635670, -69.082747
636300, -68.898504
636930, -68.706341
637560, -68.511152
638190, -68.310012
638820, -68.107199
639450, -67.899392
640080, -67.690607
640710, -67.477356
641340, -67.263543
641970, -67.045619
642600, -66.827445
643230, -66.605436
643860, -66.383424
644490, -66.157820
645120, -65.932457
645750, -65.703743
646380, -65.475488
647010, -65.244099
647640, -65.013398
648270, -64.779803
648900, -64.547110
649530, -64.311719
650160, -64.077442
650790, -63.840698
651420, -63.605274
652050, -63.367558
652680, -63.131343
653310, -62.893042
653940, -62.656429
654570, -62.417868
655200, -62.181123
655830, -61.942591
656460, -61.706035
657090, -61.467780
657720, -61.231549
658350, -60.993715
658980, -60.758030
659610, -60.520765
660240, -60.285592
660870, -60.048848
661500, -59.814247
662130, -59.578035
662760, -59.343813
663390, -59.107869
664020, -58.873867
664650, -58.638036
665280, -58.403887
665910, -58.167641
666540, -57.932897
667170, -57.695875
667800, -57.459970
668430, -57.221315
669060, -56.983421
669690, -56.742494
670320, -56.501779
670950, -56.257287
671580, -56.012412
672210, -55.763282
672840, -55.512971
673470, -55.257315
674100, -54.999538
674730, -54.735609
675360, -54.468305
675990, -54.193209
676620, -53.913282
677250, -53.624035
677880, -53.327848
678510, -53.019902
679140, -52.702725
679770, -52.370759
680400, -52.025750
681030, -51.662191
681660, -51.280785
682290, -50.874887
682920, -50.444647
683550, -49.981783
684180, -49.485052
684810, -48.943880
685440, -48.354359
686070, -47.702643
686700, -46.980156
687330, -46.168178
687960, -45.250403
688590, -44.198018
689220, -42.982410
689850, -41.558456
690480, -39.875485
691110, -37.860982
691740, -35.431774
692370, -32.480077
693000, -28.895829
693630, -24.575939
694260, -19.492224
694890, -13.762220
695520, -7.756197
696150, -2.091323
696780, 2.530071
697410, 5.630879
698040, 7.120217
698670, 7.228617
699300, 6.295636
699930, 4.641359
700560, 2.503341
701190, 0.055720
701820, -2.586563
702450, -5.337577
703080, -8.143003
703710, -10.958784
704340, -13.760772
704970, -16.527287
705600, -19.250692
706230, -21.921662
706860, -24.542878
707490, -27.114793
708120, -29.648121
708750, -32.151229
709380, -34.642699
710010, -37.137852
710640, -39.661136
711270, -42.231033
711900, -44.870912
712530, -47.590609
713160, -50.393292
713790, -53.253181
714420, -56.120941
715050, -58.905507
715680, -61.496131
716310, -63.771884
716940, -65.649931
717570, -67.094428
718200, -68.133574
718830, -68.826514
719460, -69.253393
720090, -69.482564
720720, -69.576028
721350, -69.573667
721980, -69.509555
722610, -69.400828
723240, -69.264794
723870, -69.106934
724500, -68.936721
725130, -68.754480
725760, -68.566324
726390, -68.370410
727020, -68.171448
727650, -67.966689
728280, -67.760249
728910, -67.548987
729540, -67.336759
730170, -67.120270
730800, -66.903267
731430, -66.682381
732060, -66.461299
732690, -66.236623
733320, -66.012028
733950, -65.784108
734580, -65.556512
735210, -65.325818
735840, -65.095683
736470, -64.862697
737100, -64.630501
737730, -64.395663
738360, -64.161826
738990, -63.925577
739620, -63.690553
740250, -63.453308
740880, -63.217463
741510, -62.979599
742140, -62.743347
742770, -62.505234
743400, -62.268851
744030, -62.030764
744660, -61.794586
745290, -61.556821
745920, -61.321019
746550, -61.083717
747180, -60.848498
747810, -60.611849
748440, -60.377263
749070, -60.141241
749700, -59.907321
750330, -59.671982
750960, -59.438644
751590, -59.203755
752220, -58.970801
752850, -58.736263
753480, -58.503467
754110, -58.268792
754740, -58.035659
755370, -57.800525
756000, -57.566645
756630, -57.330307
757260, -57.094841
757890, -56.856637
758520, -56.618908
759150, -56.377810
759780, -56.136555
760410, -55.891431
761040, -55.645566
761670, -55.394941
762300, -55.142597
762930, -54.884670
763560, -54.624086
764190, -54.356577
764820, -54.084934
765450, -53.805054
766080, -53.519382
766710, -53.223282
767340, -52.919155
767970, -52.602280
768600, -52.274288
769230, -51.929938
769860, -51.570750
770490, -51.190403
771120, -50.789533
771750, -50.361070
772380, -49.904078
773010, -49.410185
773640, -48.876240
774270, -48.291334
774900, -47.649168
775530, -46.934377
776160, -46.135829
776790, -45.231005
777420, -44.199157
778050, -43.005990
778680, -41.615456
779310, -39.972570
779940, -38.015711
780570, -35.659548
781200, -32.809369
781830, -29.354037
782460, -25.201087
783090, -20.308818
783720, -14.778257
784350, -8.926205
784980, -3.321176
785610, 1.368788
786240, 4.634535
786870, 6.331764
787500, 6.630971
788130, 5.854408
788760, 4.313118
789390, 2.258870
790020, -0.132680
790650, -2.732692
791280, -5.457053
791910, -8.240906
792540, -11.044640
793170, -13.835136
793800, -16.596370
794430, -19.312823
795060, -21.981514
795690, -24.597409
796320, -27.167768
796950, -29.696068
797580, -32.197279
798210, -34.682918
798840, -37.174997
799470, -39.690807
800100, -42.255512
800730, -44.885188
801360, -47.596382
801990, -50.385061
802620, -53.232542
803250, -56.083165
803880, -58.854203
804510, -61.429584
805140, -63.697444
805770, -65.568895
806400, -67.014863
807030, -68.055320
807660, -68.754682
808290, -69.184768
808920, -69.420138
809550, -69.515478
810180, -69.517577
810810, -69.453650
811440, -69.347932
812070, -69.210927
812700, -69.055192
813330, -68.883357
813960, -68.702767
814590, -68.512654
815220, -68.318157
815850, -68.117083
816480, -67.913641
817110, -67.705028
817740, -67.495048
818370, -67.280640
819000, -67.065439
819630, -66.846278
820260, -66.626707
820890, -66.403501
821520, -66.180181
822150, -65.953510
822780, -65.726994
823410, -65.497371
824040, -65.268133
824670, -65.036031
825300, -64.804561
825930, -64.570455
826560, -64.337185
827190, -64.101499
827820, -63.866881
828450, -63.630064
829080, -63.394497
829710, -63.156917
830340, -62.920792
830970, -62.682855
831600, -62.446520
832230, -62.208505
832860, -61.972252
833490, -61.734494
834120, -61.498598
834750, -61.261250
835380, -61.025859
836010, -60.789146
836640, -60.554435
837270, -60.318366
837900, -60.084303
838530, -59.848938
839160, -59.615566
839790, -59.380768
840420, -59.147850
841050, -58.913461
841680, -58.680880
842310, -58.446609
842940, -58.213877
843570, -57.979277
844200, -57.746087
844830, -57.510701
845460, -57.276253
846090, -57.039259
846720, -56.802943
847350, -56.563631
847980, -56.324321
848610, -56.081425
849240, -55.838060
849870, -55.590462
850500, -55.341452
851130, -55.087281
851760, -54.830910
852390, -54.568365
853020, -54.302212
853650, -54.028467
854280, -53.749844
854910, -53.461875
855540, -53.166753
856170, -52.860115
856800, -52.543896
857430, -52.212979
858060, -51.868940
858690, -51.506351
859320, -51.125713
859950, -50.720910
860580, -50.291440
861210, -49.829628
861840, -49.333633
862470, -48.793563
863100, -48.204975
863730, -47.554814
864360, -46.834086
864990, -46.024482
865620, -45.110179
866250, -44.063079
866880, -42.854985
867510, -41.441901
868140, -39.774785
868770, -37.784025
869400, -35.390041
870030, -32.490885
870660, -28.983300
871290, -24.772035
871920, -19.833144
872550, -14.278473
873180, -8.453781
873810, -2.934406
874440, 1.615935
875070, 4.726124
875700, 6.278982
876330, 6.469254
876960, 5.613409
877590, 4.022411
878220, 1.933983
878850, -0.475498
879480, -3.088018
880110, -5.815172
880740, -8.600790
881370, -11.400057
882000, -14.187579
882630, -16.941020
883260, -19.652004
883890, -22.311938
884520, -24.923079
885150, -27.485473
885780, -30.010680
886410, -32.506571
887040, -34.992598
887670, -37.483700
888300, -40.004582
888930, -42.573266
889560, -45.212008
890190, -47.929280
890820, -50.726075
891450, -53.573299
892080, -56.417766
892710, -59.166433
893340, -61.709151
893970, -63.929523
894600, -65.750968
895230, -67.144424
895860, -68.141969
896490, -68.804178
897120, -69.209593
897750, -69.424667
898380, -69.508873
899010, -69.500665
899640, -69.432568
900270, -69.321237
900900, -69.183156
901530, -69.023828
902160, -68.852229
902790, -68.668902
903420, -68.479584
904050, -68.282726
904680, -68.082701
905310, -67.877076
905940, -67.669639
906570, -67.457572
907200, -67.244414
907830, -67.027191
908460, -66.809334
909090, -66.587790
909720, -66.365930
910350, -66.140681
910980, -65.915398
911610, -65.686992
912240, -65.458795
912870, -65.227708
913500, -64.997072
914130, -64.763798
914760, -64.531194
915390, -64.296157
916020, -64.062010
916650, -63.825667
917280, -63.590424
917910, -63.353163
918540, -63.117190
919170, -62.879411
919800, -62.643109
920430, -62.405143
921060, -62.168791
921690, -61.930941
922320, -61.694865
922950, -61.457384
923580, -61.221737
924210, -60.984788
924840, -60.749798
925470, -60.513535
926100, -60.279188
926730, -60.043585
927360, -59.809957
927990, -59.575041
928620, -59.341957
929250, -59.107487
929880, -58.874811
930510, -58.640655
931140, -58.408051
931770, -58.173716
932400, -57.940769
933030, -57.705930
933660, -57.472124
934290, -57.235977
934920, -57.000527
935550, -56.762495
936180, -56.524659
936810, -56.283530
937440, -56.042031
938070, -55.796790
938700, -55.550478
939330, -55.299436
939960, -55.046424
940590, -54.787922
941220, -54.526365
941850, -54.257854
942480, -53.984903
943110, -53.703721
943740, -53.416258
944370, -53.118249
945000, -52.811820
945630, -52.492305
946260, -52.161080
946890, -51.813259
947520, -51.449720
948150, -51.064511
948780, -50.657979
949410, -50.222932
950040, -49.758149
950670, -49.255048
951300, -48.710161
951930, -48.112214
952560, -47.454521
953190, -46.721110
953820, -45.899516
954450, -44.966854
955080, -43.900878
955710, -42.665649
956340, -41.222082
956970, -39.513182
957600, -37.473464
958230, -35.014743
958860, -32.039820
959490, -28.439355
960120, -24.130839
960750, -19.097862
961380, -13.485911
962010, -7.669423
962640, -2.253379
963270, 2.115293
963900, 5.004765
964530, 6.353919
965160, 6.378802
965790, 5.406512
966420, 3.733588
967050, 1.593969
967680, -0.850498
968310, -3.481082
968940, -6.220172
969570, -9.007813
970200, -11.807446
970830, -14.589151
971460, -17.338247
972090, -20.040778
972720, -22.694547
973350, -25.296800
973980, -27.854679
974610, -30.373217
975240, -32.868139
975870, -35.352046
976500, -37.847440
977130, -40.372277
977760, -42.951051
978390, -45.599034
979020, -48.329204
979650, -51.133266
980280, -53.985218
980910, -56.820861
981540, -59.548342
982170, -62.049061
982800, -64.216810
983430, -65.974968
984060, -67.309765
984690, -68.253070
985320, -68.874935
985950, -69.247596
986580, -69.442111
987210, -69.509467
987840, -69.492479
988470, -69.415798
989100, -69.301293
989730, -69.158362
990360, -68.998316
990990, -68.823479
991620, -68.640493
992250, -68.448641
992880, -68.252595
993510, -68.050358
994140, -67.845768
994770, -67.636278
995400, -67.425359
996030, -67.210239
996660, -66.994236
997290, -66.774479
997920, -66.554204
998550, -66.330491
999180, -66.106552
999810, -65.879459
1000440, -65.652401
1001070, -65.422428
1001700, -65.192727
1002330, -64.960354
1002960, -64.728498
1003590, -64.494191
1004220, -64.260605
1004850, -64.024793
1005480, -63.789938
1006110, -63.553062
1006740, -63.317315
1007370, -63.079741
1008000, -62.843508
1008630, -62.605632
1009260, -62.369229
1009890, -62.131327
1010520, -61.895068
1011150, -61.657461
1011780, -61.421577
1012410, -61.184414
1013040, -60.949082
1013670, -60.712583
1014300, -60.477930
1014930, -60.242078
1015560, -60.008094
1016190, -59.772978
1016820, -59.539674
1017450, -59.305080
1018080, -59.072210
1018710, -58.838023
1019340, -58.605438
1019970, -58.371278
1020600, -58.138483
1021230, -57.903960
1021860, -57.670612
1022490, -57.435158
1023120, -57.200447
1023750, -56.963312
1024380, -56.726639
1025010, -56.487013
1025640, -56.247158
1026270, -56.003805
1026900, -55.759784
1027530, -55.511510
1028160, -55.261534
1028790, -55.006435
1029420, -54.748890
1030050, -54.485072
1030680, -54.217284
1031310, -53.941868
1031940, -53.661128
1032570, -53.370852
1033200, -53.072965
1033830, -52.763424
1034460, -52.443608
1035090, -52.108736
1035720, -51.760097
1036350, -51.392235
1036980, -51.005369
1037610, -50.593677
1038240, -50.155890
1038870, -49.684616
1039500, -49.177132
1040130, -48.623771
1040760, -48.019011
1041390, -47.349915
1042020, -46.606094
1042650, -45.768282
1043280, -44.818961
1043910, -43.728788
1044540, -42.466781
1045170, -40.986266
1045800, -39.234635
1046430, -37.137708
1047060, -34.610989
1047690, -31.549536
1048320, -27.851111
1048950, -23.433228
1049580, -18.303579
1050210, -12.631854
1050840, -6.835171
1051470, -1.534440
1052100, 2.633164
1052730, 5.292275
1053360, 6.426962
1053990, 6.286002
1054620, 5.192424
1055250, 3.439776
1055880, 1.245299
1056510, -1.231284
1057140, -3.883361
1057770, -6.631140
1058400, -9.423916
1059030, -12.221168
1059660, -15.000203
1060290, -17.741229
1060920, -20.437898
1061550, -23.082909
1062180, -25.679309
1062810, -28.229416
1063440, -30.744914
1064070, -33.235765
1064700, -35.721409
1065330, -38.218474
1065960, -40.751215
1066590, -43.337873
1067220, -45.998749
1067850, -48.739612
1068480, -51.554673
1069110, -54.407179
1069740, -57.233902
1070370, -59.933619
1071000, -62.392955
1071630, -64.501948
1072260, -66.198279
1072890, -67.470587
1073520, -68.363073
1074150, -68.942235
1074780, -69.286002
1075410, -69.457508
1076040, -69.511582
1076670, -69.483053
1077300, -69.401099
1077930, -69.280477
1078560, -69.135877
1079190, -68.972090
1079820, -68.797144
1080450, -68.611447
1081080, -68.420167
1081710, -68.221870
1082340, -68.020518
1082970, -67.813896
1083600, -67.605446
1084230, -67.392611
1084860, -67.178617
1085490, -66.960770
1086120, -66.742196
1086750, -66.520127
1087380, -66.297640
1088010, -66.071952
1088640, -65.846126
1089270, -65.617356
1089900, -65.388685
1090530, -65.157307
1091160, -64.926272
1091790, -64.692775
1092420, -64.459835
1093050, -64.224641
1093680, -63.990231
1094310, -63.753805
1094940, -63.518358
1095570, -63.281067
1096200, -63.044952
1096830, -62.807209
1097460, -62.570815
1098090, -62.332921
1098720, -62.096523
1099350, -61.858800
1099980, -61.622711
1100610, -61.385372
1101240, -61.149739
1101870, -60.912971
1102500, -60.678007
1103130, -60.441912
1103760, -60.207596
1104390, -59.972181
1105020, -59.738596
1105650, -59.503842
1106280, -59.270763
1106910, -59.036439
1107540, -58.803769
1108170, -58.569707
1108800, -58.337017
1109430, -58.102716
1110060, -57.869645
1110690, -57.634744
1111320, -57.400668
1111950, -57.164350
1112580, -56.928552
1113210, -56.690198
1113840, -56.451802
1114470, -56.210182
1115100, -55.967989
1115730, -55.722098
1116360, -55.474837
1116990, -55.222861
1117620, -54.968662
1118250, -54.708960
1118880, -54.445827
1119510, -54.175679
1120140, -53.900765
1120770, -53.617400
1121400, -53.327282
1122030, -53.026456
1122660, -52.716772
1123290, -52.393592
1123920, -52.058033
1124550, -51.705507
1125180, -51.336267
1125810, -50.944659
1126440, -50.530554
1127070, -50.086778
1127700, -49.611786
1128330, -49.096665
1128960, -48.537569
1129590, -47.922684
1130220, -47.244546
1130850, -46.486647
1131480, -45.634883
1132110, -44.665043
1132740, -43.552632
1133370, -42.259569
1134000, -40.743526
1134630, -38.943643
1135260, -36.789495
1135890, -34.188160
1136520, -31.038922
1137150, -27.234931
1137780, -22.708132
1138410, -17.479521
1139040, -11.757739
1139670, -5.991142
1140300, -0.824460
1140930, 3.133510
1141560, 5.555262
1142190, 6.480102
1142820, 6.174047
1143450, 4.965809
1144080, 3.133278
1144710, 0.889020
1145340, -1.621226
1145970, -4.290804
1146600, -7.049672
1147230, -9.843844
1147860, -12.640895
1148490, -15.414010
1149120, -18.150430
1149750, -20.838221
1150380, -23.476851
1151010, -26.064890
1151640, -28.610124
1152270, -31.119828
1152900, -33.609854
1153530, -36.094740
1154160, -38.596894
1154790, -41.135236
1155420, -43.733309
1156050, -46.404772
1156680, -49.158707
1157310, -51.981058
1157940, -54.836629
1158570, -57.650526
1159200, -60.322875
1159830, -62.734071
1160460, -64.785036
1161090, -66.415581
1161720, -67.628319
1162350, -68.467652
1162980, -69.007923
1163610, -69.320669
1164240, -69.472782
1164870, -69.511119
1165500, -69.474338
1166130, -69.384392
1166760, -69.260746
1167390, -69.111628
1168020, -68.947104
1168650, -68.769144
1169280, -68.583701
1169910, -68.390070
1170540, -68.192470
1171170, -67.989073
1171800, -67.783361
1172430, -67.573017
1173060, -67.361203
1173690, -67.145404
1174320, -66.928647
1174950, -66.708326
1175580, -66.487395
1176210, -66.263208
1176840, -66.038700
1177470, -65.811216
1178100, -65.583663
1178730, -65.353368
1179360, -65.123243
1179990, -64.890624
1180620, -64.658410
1181250, -64.423917
1181880, -64.190040
1182510, -63.954112
1183140, -63.719031
1183770, -63.482094
1184400, -63.246178
1185030, -63.008606
1185660, -62.772270
1186290, -62.534445
1186920, -62.297976
1187550, -62.060171
1188180, -61.823899
1188810, -61.586419
1189440, -61.350536
1190070, -61.113528
1190700, -60.878234
1191330, -60.641898
1191960, -60.407269
1192590, -60.171585
1193220, -59.937643
1193850, -59.702682
1194480, -59.469376
1195110, -59.234909
1195740, -59.002028
1196370, -58.767974
1197000, -58.535331
1197630, -58.301214
1198260, -58.068301
1198890, -57.833785
1199520, -57.600222
1200150, -57.364628
1200780, -57.129593
1201410, -56.892238
1202040, -56.655088
1202670, -56.415028
1203300, -56.174526
1203930, -55.930601
1204560, -55.685712
1205190, -55.436565
1205820, -55.185459
1206450, -54.929264
1207080, -54.670260
1207710, -54.404905
1208340, -54.135253
1208970, -53.857937
1209600, -53.574800
1210230, -53.281937
1210860, -52.981019
1211490, -52.668237
1212120, -52.344494
1212750, -52.005305
1213380, -51.651694
1214010, -51.278129
1214640, -50.884569
1215270, -50.465069
1215900, -50.018053
1216530, -49.536340
1217160, -49.016294
1217790, -48.448417
1218420, -47.826058
1219050, -47.135675
1219680, -46.366187
1220310, -45.497166
1220940, -44.509133
1221570, -43.370965
1222200, -42.048896
1222830, -40.493481
1223460, -38.646979
1224090, -36.430913
1224720, -33.755665
1225350, -30.513762
1225980, -26.606344
1226610, -21.968940
1227240, -16.648800
1227870, -10.884086
1228500, -5.164737
1229130, -0.143306
1229760, 3.595429
1230390, 5.784510
1231020, 6.504113
1231650, 6.044161
1232280, 4.725394
1232910, 2.820800
1233540, 0.527439
1234170, -2.011195
1234800, -4.699138
1235430, -7.464901
1236060, -10.262773
1236690, -13.056424
1237320, -15.825802
1237950, -18.554042
1238580, -21.235929
1239210, -23.865744
1239840, -26.447943
1240470, -28.986253
1241100, -31.492931
1241730, -33.979994
1242360, -36.467071
1242990, -38.972172
1243620, -41.519283
1244250, -44.126255
1244880, -46.811202
1245510, -49.575654
1246140, -52.407104
1246770, -55.260007
1247400, -58.060725
1248030, -60.700763
1248660, -63.065257
1249290, -65.054943
1249920, -66.623229
1250550, -67.775282
1251180, -68.566348
1251810, -69.066891
1252440, -69.353040
1253070, -69.484178
1253700, -69.510467
1254330, -69.463227
1254960, -69.368505
1255590, -69.239296
1256220, -69.088644
1256850, -68.920696
1257480, -68.742608
1258110, -68.554667
1258740, -68.361525
1259370, -68.161848
1260000, -67.959226
1260630, -67.751636
1261260, -67.542210
1261890, -67.328628
1262520, -67.113830
1263150, -66.895374
1263780, -66.676109
1264410, -66.453527
1265040, -66.230439
1265670, -66.004323
1266300, -65.777978
1266930, -65.548855
1267560, -65.319733
1268190, -65.088074
1268820, -64.856663
1269450, -64.622950
1270080, -64.389694
1270710, -64.154351
1271340, -63.919695
1271970, -63.683179
1272600, -63.447538
1273230, -63.210216
1273860, -62.973971
1274490, -62.736258
1275120, -62.499779
1275750, -62.261956
1276380, -62.025521
1277010, -61.787924
1277640, -61.551832
1278270, -61.314632
1278900, -61.079024
1279530, -60.842432
1280160, -60.607500
1280790, -60.371567
1281420, -60.137287
1282050, -59.902050
1282680, -59.668482
1283310, -59.433858
1283940, -59.200770
1284570, -58.966568
1285200, -58.733868
1285830, -58.499861
1286460, -58.267066
1287090, -58.032771
1287720, -57.799565
1288350, -57.564576
1288980, -57.330222
1289610, -57.093711
1290240, -56.857557
1290870, -56.618856
1291500, -56.379888
1292130, -56.137751
1292760, -55.894851
1293390, -55.648213
1294020, -55.399933
1294650, -55.146950
1295280, -54.891512
1295910, -54.630458
1296540, -54.365631
1297170, -54.093731
1297800, -53.816762
1298430, -53.531111
1299060, -53.238249
1299690, -52.934499
1300320, -52.621292
1300950, -52.294191
1301580, -51.954069
1302210, -51.596463
1302840, -51.221173
1303470, -50.822803
1304100, -50.400537
1304730, -49.947435
1305360, -49.461449
1305990, -48.933479
1306620, -48.359055
1307250, -47.726020
1307880, -47.025640
1308510, -46.241313
1309140, -45.357172
1309770, -44.347513
1310400, -43.185461
1311030, -41.830614
1311660, -40.236792
1312290, -38.338936
1312920, -36.061307
1313550, -33.306672
1314180, -29.971993
1314810, -25.955700
1315440, -21.209678
1316070, -15.800533
1316700, -10.006813
1317330, -4.347937
1317960, 0.510655
1318590, 4.024795
1319220, 5.979286
1319850, 6.501815
1320480, 5.891567
1321110, 4.470202
1321740, 2.494821
1322370, 0.157848
1323000, -2.409757
1323630, -5.112203
1324260, -7.886474
1324890, -10.684254
1325520, -13.476597
1326150, -16.239631
1326780, -18.962428
1327410, -21.635070
1328040, -24.258620
1328670, -26.832706
1329300, -29.366499
1329930, -31.868411
1330560, -34.355285
1331190, -36.842804
1331820, -39.353918
1332450, -41.907720
1333080, -44.526807
1333710, -47.222587
1334340, -49.999684
1334970, -52.837343
1335600, -55.689693
1336230, -58.472424
1336860, -61.078863
1337490, -63.391012
1338120, -65.319620
1338750, -66.821872
1339380, -67.916418
1340010, -68.657731
1340640, -69.122569
1341270, -69.380615
1341900, -69.494373
1342530, -69.506591
1343160, -69.452024
1343790, -69.350148
1344420, -69.218252
1345050, -69.063520
1345680, -68.894905
1346310, -68.714066
1346940, -68.526337
1347570, -68.331031
1348200, -68.131961
1348830, -67.927450
1349460, -67.720658
1350090, -67.509482
1350720, -67.296801
1351350, -67.080335
1351980, -66.862846
1352610, -66.641970
1353240, -66.420402
1353870, -66.195747
1354500, -65.970687
1355130, -65.742815
1355760, -65.514782
1356390, -65.284170
1357020, -65.053638
1357650, -64.820776
1358280, -64.588223
1358910, -64.353548
1359540, -64.119397
1360170, -63.883359
1360800, -63.648064
1361430, -63.411067
1362060, -63.174996
1362690, -62.937428
1363320, -62.700989
1363950, -62.463206
1364580, -62.226680
1365210, -61.988970
1365840, -61.752695
1366470, -61.515342
1367100, -61.279473
1367730, -61.042621
1368360, -60.807380
1368990, -60.571210
1369620, -60.336619
1370250, -60.101103
1370880, -59.867216
1371510, -59.632403
1372140, -59.399102
1372770, -59.164758
1373400, -58.931874
1374030, -58.697890
1374660, -58.465155
1375290, -58.231045
1375920, -57.998001
1376550, -57.763469
1377180, -57.529686
1377810, -57.293936
1378440, -57.058577
1379070, -56.820990
1379700, -56.583363
1380330, -56.342854
1380960, -56.101703
1381590, -55.857194
1382220, -55.611424
1382850, -55.361378
1383480, -55.109129
1384110, -54.851812
1384740, -54.591314
1385370, -54.324377
1386000, -54.052829
1386630, -53.773567
1387260, -53.487993
1387890, -53.192485
1388520, -52.888486
1389150, -52.572198
1389780, -52.244308
1390410, -51.900587
1391040, -51.541518
1391670, -51.161804
1392300, -50.761142
1392930, -50.333390
1393560, -49.876689
1394190, -49.383609
1394820, -48.850097
1395450, -48.266204
1396080, -47.624755
1396710, -46.911382
1397340, -46.114032
1397970, -45.211350
1398600, -44.181752
1399230, -42.992145
1399860, -41.605820
1400490, -39.969242
1401120, -38.020501
1401750, -35.676186
1402380, -32.841860
1403010, -29.408801
1403640, -25.284915
1404270, -20.429685
1404900, -14.940388
1405530, -9.127186
1406160, -3.547882
1406790, 1.136793
1407420, 4.418382
1408050, 6.142755
1408680, 6.471790
1409310, 5.720714
1409940, 4.199806
1410570, 2.160446
1411200, -0.219680
1411830, -2.811708
1412460, -5.529610
1413090, -8.308971
1413720, -11.108787
1414350, -13.896601
1414980, -16.655051
1415610, -19.369567
1416240, -22.036139
1416870, -24.650592
1417500, -27.219118
1418130, -29.746273
1418760, -32.245910
1419390, -34.730657
1420020, -37.221439
1420650, -39.736563
1421280, -42.300104
1421910, -44.928968
1422540, -47.638576
1423170, -50.425505
1423800, -53.269700
1424430, -56.116114
1425060, -58.880919
1425690, -61.449389
1426320, -63.709231
1426950, -65.573452
1427580, -67.012806
1428210, -68.048633
1428840, -68.744373
1429470, -69.172517
1430100, -69.406319
1430730, -69.501113
1431360, -69.502506
1431990, -69.438526
1432620, -69.332364
1433250, -69.195433
1433880, -69.039308
1434510, -68.867562
1435140, -68.686582
1435770, -68.496552
1436400, -68.301658
1437030, -68.100664
1437660, -67.896824
1438290, -67.688292
1438920, -67.477918
1439550, -67.263598
1440180, -67.048014
1440810, -66.828952
1441440, -66.609010
1442070, -66.385916
1442700, -66.162240
1443330, -65.935697
1443960, -65.708840
1444590, -65.479361
1445220, -65.249799
1445850, -65.017859
1446480, -64.786086
1447110, -64.552159
1447740, -64.318602
1448370, -64.083113
1449000, -63.848227
1449630, -63.611625
1450260, -63.375806
1450890, -63.138457
1451520, -62.902098
1452150, -62.664407
1452780, -62.427851
1453410, -62.190096
1454040, -61.953639
1454670, -61.716153
1455300, -61.480061
1455930, -61.242996
1456560, -61.007423
1457190, -60.771010
1457820, -60.536125
1458450, -60.300356
1459080, -60.066127
1459710, -59.831073
1460340, -59.597535
1460970, -59.363042
1461600, -59.129959
1462230, -58.895879
1462860, -58.663127
1463490, -58.429151
1464120, -58.196241
1464750, -57.961936
1465380, -57.728554
1466010, -57.493438
1466640, -57.258784
1467270, -57.022053
1467900, -56.785533
1468530, -56.546464
1469160, -56.306915
1469790, -56.064240
1470420, -55.820623
1471050, -55.573213
1471680, -55.323899
1472310, -55.069879
1472940, -54.813180
1473570, -54.550734
1474200, -54.284180
1474830, -54.010477
1475460, -53.731411
1476090, -53.443408
1476720, -53.147738
1477350, -52.840980
1477980, -52.524089
1478610, -52.192894
1479240, -51.848045
1479870, -51.484991
1480500, -51.103311
1481130, -50.697828
1481760, -50.267031
1482390, -49.804186
1483020, -49.306430
1483650, -48.764807
1484280, -48.173827
1484910, -47.521358
1485540, -46.797325
1486170, -45.984179
1486800, -45.065070
1487430, -44.012651
1488060, -42.797514
1488690, -41.376086
1489320, -39.698043
1489950, -37.694147
1490580, -35.283411
1491210, -32.364515
1491840, -28.833591
1492470, -24.598304
1493100, -19.637789
1493730, -14.072175
1494360, -8.254507
1494990, -2.767281
1495620, 1.729972
1496250, 4.778376
1496880, 6.274990
1497510, 6.420762
1498140, 5.533739
1498770, 3.921466
1499400, 1.819690
1500030, -0.598404
1500660, -3.215399
1501290, -5.945016
1501920, -8.730736
1502550, -11.529371
1503180, -14.315044
1503810, -17.066664
1504440, -19.775026
1505070, -22.432605
1505700, -25.041149
1506330, -27.601597
1506960, -30.124857
1507590, -32.620058
1508220, -35.105536
1508850, -37.597491
1509480, -40.119603
1510110, -42.690823
1510740, -45.332299
1511370, -48.052835
1512000, -50.851811
1512630, -53.699978
1513260, -56.541541
1513890, -59.282943
1514520, -61.812559
1515150, -64.016189
1515780, -65.818311
1516410, -67.193308
1517040, -68.174298
1517670, -68.823760
1518300, -69.219322
1518930, -69.427810
1519560, -69.507101
1520190, -69.495949
1520820, -69.425482
1521450, -69.312925
1522080, -69.173612
1522710, -69.013802
1523340, -68.841456
1523970, -68.657965
1524600, -68.468111
1525230, -68.271229
1525860, -68.070764
1526490, -67.865182
1527120, -67.657351
1527750, -67.445362
1528380, -67.231839
1529010, -67.014717
1529640, -66.796515
1530270, -66.575088
1530900, -66.352899
1531530, -66.127781
1532160, -65.902184
1532790, -65.673924
1533420, -65.445425
1534050, -65.214498
1534680, -64.983574
1535310, -64.750471
1535940, -64.517592
1536570, -64.282739
1537200, -64.048331
1537830, -63.812186
1538460, -63.576694
1539090, -63.339641
1539720, -63.103431
1540350, -62.865873
1540980, -62.629344
1541610, -62.391606
1542240, -62.155035
1542870, -61.917425
1543500, -61.681138
1544130, -61.443899
1544760, -61.208047
1545390, -60.971349
1546020, -60.736157
1546650, -60.500142
1547280, -60.265595
1547910, -60.030246
1548540, -59.796425
1549170, -59.561760
1549800, -59.328476
1550430, -59.094254
1551060, -58.861379
1551690, -58.627462
1552320, -58.394643
1552950, -58.160537
1553580, -57.927368
1554210, -57.692742
1554840, -57.458689
1555470, -57.222737
1556100, -56.987029
1556730, -56.749166
1557360, -56.511035
1557990, -56.270047
1558620, -56.028232
1559250, -55.783115
1559880, -55.536449
1560510, -55.285479
1561140, -55.032071
1561770, -54.773605
1562400, -54.511594
1563030, -54.243039
1563660, -53.969565
1564290, -53.688243
1564920, -53.400138
1565550, -53.101883
1566180, -52.794712
1566810, -52.474808
1567440, -52.142661
1568070, -51.794278
1568700, -51.429590
1569330, -51.043537
1569960, -50.635576
1570590, -50.199323
1571220, -49.732665
1571850, -49.227808
1572480, -48.680382
1573110, -48.079867
1573740, -47.418658
1574370, -46.681480
1575000, -45.854763
1575630, -44.916251
1576260, -43.842494
1576890, -42.598048
1577520, -41.142463
1578150, -39.419063
1578780, -37.360621
1579410, -34.879037
1580040, -31.875704
1580670, -28.242462
1581300, -23.897853
1581930, -18.832127
1582560, -13.200192
1583190, -7.389322
1583820, -2.011820
1584450, 2.289989
1585080, 5.101173
1585710, 6.377553
1586340, 6.345448
1586970, 5.331951
1587600, 3.631438
1588230, 1.473350
1588860, -0.982402
1589490, -3.619944
1590120, -6.362312
1590750, -9.151434
1591380, -11.950578
1592010, -14.730918
1592640, -17.477556
1593270, -20.177816
1593900, -22.828922
1594530, -25.428789
1595160, -27.984297
1595790, -30.501202
1596420, -32.994959
1597050, -35.478892
1597680, -37.975072
1598310, -40.502169
1598940, -43.083859
1599570, -45.735912
1600200, -48.469969
1600830, -51.277408
1601460, -54.129771
1602090, -56.962079
1602720, -59.680845
1603350, -62.167294
1603980, -64.315268
1604610, -66.051891
1605240, -67.365475
1605870, -68.290908
1606500, -68.898277
1607130, -69.260600
1607760, -69.447426
1608390, -69.509858
1609020, -69.489164
1609650, -69.410345
1610280, -69.294021
1610910, -69.150204
1611540, -68.989164
1612170, -68.813983
1612800, -68.630360
1613430, -68.438401
1614060, -68.241877
1614690, -68.039641
1615320, -67.834648
1615950, -67.625213
1616580, -67.413932
1617210, -67.198897
1617840, -66.982556
1618470, -66.762904
1619100, -66.542308
1619730, -66.318715
1620360, -66.094472
1620990, -65.867513
1621620, -65.640163
1622250, -65.410337
1622880, -65.180356
1623510, -64.948144
1624140, -64.716020
1624770, -64.481884
1625400, -64.248042
1626030, -64.012413
1626660, -63.777315
1627290, -63.540633
1627920, -63.304653
1628550, -63.067283
1629180, -62.830828
1629810, -62.593164
1630440, -62.356546
1631070, -62.118864
1631700, -61.882400
1632330, -61.645018
1632960, -61.408932
1633590, -61.171999
1634220, -60.936471
1634850, -60.700204
1635480, -60.465353
1636110, -60.229734
1636740, -59.995556
1637370, -59.760675
1638000, -59.527173
1638630, -59.292807
1639260, -59.059735
1639890, -58.825777
1640520, -58.592982
1641150, -58.359034
1641780, -58.126018
1642410, -57.891701
1643040, -57.658116
1643670, -57.422842
1644300, -57.187875
1644930, -56.950906
1645560, -56.713951
1646190, -56.474454
1646820, -56.234288
1647450, -55.991040
1648080, -55.746676
1648710, -55.498460
1649340, -55.248094
1649970, -54.993013
1650600, -54.735031
1651230, -54.471163
1651860, -54.202863
1652490, -53.927331
1653120, -53.645985
1653750, -53.355472
1654380, -53.056870
1655010, -52.746987
1655640, -52.426309
1656270, -52.090908
1656900, -51.741226
1657530, -51.372597
1658160, -50.984393
1658790, -50.571589
1659420, -50.132044
1660050, -49.659206
1660680, -49.149394
1661310, -48.593774
1661940, -47.985831
1662570, -47.313388
1663200, -46.565065
1663830, -45.722209
1664460, -44.766173
1665090, -43.668117
1665720, -42.395789
1666350, -40.902847
1666980, -39.135018
1667610, -37.018276
1668240, -34.466400
1668870, -31.374716
1669500, -27.640552
1670130, -23.185171
1670760, -18.021321
1671390, -12.330484
1672020, -6.542778
1672650, -1.286875
1673280, 2.808738
1673910, 5.386090
1674540, 6.447329
1675170, 6.248841
1675800, 5.114695
1676430, 3.334264
1677060, 1.121952
1677690, -1.366172
1678320, -4.024764
1678950, -6.776116
1679580, -9.569742
1680210, -12.366734
1680840, -15.144103
1681470, -17.883314
1682100, -20.577100
1682730, -23.219630
1683360, -25.813470
1683990, -28.361549
1684620, -30.875335
1685250, -33.365474
1685880, -35.851105
1686510, -38.349546
1687140, -40.884462
1687770, -43.474742
1688400, -46.139522
1689030, -48.884555
1689660, -51.702644
1690290, -54.556012
1690920, -57.378671
1691550, -60.068733
1692180, -62.512006
1692810, -64.600737
1693440, -66.274558
1694070, -67.525821
1694700, -68.400018
1695330, -68.965248
1695960, -69.298417
1696590, -69.462804
1697220, -69.511638
1697850, -69.479906
1698480, -69.395438
1699110, -69.273455
1699740, -69.127563
1700370, -68.963221
1701000, -68.787514
1701630, -68.601609
1702260, -68.409801
1702890, -68.211453
1703520, -68.009680
1704150, -67.803082
1704780, -67.594264
1705410, -67.381492
1706040, -67.167161
1706670, -66.949401
1707300, -66.730510
1707930, -66.508544
1708560, -66.285757
1709190, -66.060187
1709820, -65.834074
1710450, -65.605437
1711080, -65.376491
1711710, -65.145258
1712340, -64.913962
1712970, -64.680620
1713600, -64.447429
1714230, -64.212403
1714860, -63.977755
1715490, -63.741506
1716120, -63.505831
1716750, -63.268728
1717380, -63.032395
1718010, -62.794852
1718640, -62.558249
1719270, -62.320562
1719900, -62.083963
1720530, -61.846456
1721160, -61.610172
1721790, -61.373050
1722420, -61.137228
1723050, -60.900684
1723680, -60.665531
1724310, -60.429659
1724940, -60.195155
1725570, -59.959964
1726200, -59.726189
1726830, -59.491651
1727460, -59.258378
1728090, -59.024268
1728720, -58.791404
1729350, -58.557549
1729980, -58.324650
1730610, -58.090545
1731240, -57.857259
1731870, -57.622537
1732500, -57.388220
1733130, -57.152062
1733760, -56.916010
1734390, -56.677788
1735020, -56.439100
1735650, -56.197583
1736280, -55.955076
1736910, -55.709247
1737540, -55.461617
1738170, -55.209658
1738800, -54.955051
1739430, -54.695307
1740060, -54.431688
1740690, -54.161427
1741320, -53.885964
1741950, -53.602393
1742580, -53.311607
1743210, -53.010465
1743840, -52.700007
1744470, -52.376360
1745100, -52.039837
1745730, -51.686659
1746360, -51.316209
1746990, -50.923647
1747620, -50.507961
1748250, -50.062784
1748880, -49.585751
1749510, -49.068647
1750140, -48.506797
1750770, -47.889048
1751400, -47.206959
1752030, -46.444774
1752660, -45.587327
1753290, -44.610918
1753920, -43.489886
1754550, -42.186517
1755180, -40.657145
1755810, -38.840863
1756440, -36.665584
1757070, -34.038395
1757700, -30.857241
1758330, -27.016973
1758960, -22.451300
1759590, -17.189922
1760220, -11.452007
1760850, -5.700168
1761480, -0.583482
1762110, 3.298540
1762740, 5.638383
1763370, 6.491087
1764000, 6.130228
1764630, 4.883048
1765260, 3.024611
1765890, 0.763228
1766520, -1.757449
1767150, -4.433331
1767780, -7.195026
1768410, -9.990307
1769040, -12.786348
1769670, -15.557880
1770300, -18.291803
1770930, -20.977329
1771560, -23.612956
1772190, -26.198684
1772820, -28.741839
1773450, -31.250254
1774080, -33.739557
1774710, -36.224935
1775340, -38.728385
1775970, -41.269476
1776600, -43.870885
1777230, -46.546809
1777860, -49.304681
1778490, -52.129903
1779120, -54.984895
1779750, -57.794525
1780380, -60.456274
1781010, -62.851032
1781640, -64.880945
1782270, -66.489382
1782900, -67.680974
1783530, -68.502888
1784160, -69.029304
1784790, -69.332265
1785420, -69.477175
1786050, -69.510910
1786680, -69.470679
1787310, -69.378733
1787940, -69.253391
1788570, -69.103433
1789200, -68.937978
1789830, -68.759683
1790460, -68.573640
1791090, -68.379895
1791720, -68.181845
1792350, -67.978436
1792980, -67.772346
1793610, -67.562041
1794240, -67.349887
1794870, -67.134157
1795500, -66.917085
1796130, -66.696852
1796760, -66.475623
1797390, -66.251539
1798020, -66.026748
1798650, -65.799381
1799280, -65.571558
1799910, -65.341393
1800540, -65.111011
1801170, -64.878534
1801800, -64.646074
1802430, -64.411734
1803060, -64.177623
1803690, -63.941861
1804320, -63.706556
1804950, -63.469793
1805580, -63.233664
1806210, -62.996277
1806840, -62.759740
1807470, -62.522108
1808100, -62.285444
1808730, -62.047840
1809360, -61.811383
1809990, -61.574110
1810620, -61.338044
1811250, -61.101248
1811880, -60.865777
1812510, -60.629655
1813140, -60.394847
1813770, -60.159376
1814400, -59.925259
1815030, -59.690507
1815660, -59.457018
1816290, -59.222756
1816920, -58.989690
1817550, -58.755833
1818180, -58.522992
1818810, -58.289060
1819440, -58.055941
1820070, -57.821607
1820700, -57.587822
1821330, -57.352385
1821960, -57.117111
1822590, -56.879899
1823220, -56.642483
1823850, -56.402528
1824480, -56.161730
1825110, -55.917888
1825740, -55.672663
1826370, -55.423543
1827000, -55.172056
1827630, -54.915849
1828260, -54.656403
1828890, -54.390957
1829520, -54.120793
1830150, -53.843323
1830780, -53.559581
1831410, -53.266442
1832040, -52.964808
1832670, -52.651601
1833300, -52.326957
1833930, -51.987166
1834560, -51.632442
1835190, -51.258007
1835820, -50.863044
1836450, -50.442307
1837080, -49.993440
1837710, -49.510003
1838340, -48.987496
1838970, -48.417126
1839600, -47.791370
1840230, -47.097278
1840860, -46.322936
1841490, -45.448422
1842120, -44.453179
1842750, -43.306480
1843380, -41.973335
1844010, -40.404451
1844640, -38.540521
1845270, -36.302949
1845900, -33.600551
1846530, -30.326313
1847160, -26.381445
1847790, -21.705978
1848420, -16.354931
1849050, -10.578839
1849680, -4.879624
1850310, 0.086972
1850940, 3.748252
1851570, 5.855911
1852200, 6.506073
1852830, 5.993404
1853460, 4.638121
1854090, 2.708734
1854720, 0.399614
1855350, -2.149061
1855980, -4.842486
1856610, -7.611009
1857240, -10.409216
1857870, -13.202231
1858500, -15.969743
1859130, -18.695653
1859760, -21.374619
1860390, -24.002053
1861020, -26.581450
1861650, -29.117918
1862280, -31.623219
1862910, -34.109980
1863540, -36.597456
1864170, -39.104363
1864800, -41.654011
1865430, -44.264873
1866060, -46.953783
1866690, -49.722594
1867320, -52.556561
1867950, -55.409087
1868580, -58.203949
1869210, -60.832223
1869840, -63.179103
1870470, -65.147459
1871100, -66.693094
1871730, -67.824832
1872360, -68.598760
1872990, -69.086508
1873620, -69.363050
1874250, -69.487801
1874880, -69.509408
1875510, -69.459316
1876140, -69.362347
1876770, -69.231922
1877400, -69.080107
1878030, -68.911654
1878660, -68.732871
1879290, -68.544736
1879920, -68.351106
1880550, -68.151373
1881180, -67.948359
1881810, -67.740781
1882440, -67.531012
1883070, -67.317478
1883700, -67.102365
1884330, -66.883980
1884960, -66.664419
1885590, -66.441926
1886220, -66.218557
1886850, -65.992544
1887480, -65.765933
1888110, -65.536925
1888740, -65.307549
1889370, -65.076018
1890000, -64.844366
1890630, -64.610792
1891260, -64.377306
1891890, -64.142114
1892520, -63.907241
1893150, -63.670885
1893780, -63.435036
1894410, -63.197885
1895040, -62.961443
1895670, -62.723910
1896300, -62.487240
1896930, -62.249604
1897560, -62.012989
1898190, -61.775590
1898820, -61.539322
1899450, -61.302323
1900080, -61.066545
1900710, -60.830160
1901340, -60.595059
1901970, -60.359331
1902600, -60.124882
1903230, -59.889853
1903860, -59.656113
1904490, -59.421687
1905120, -59.188424
1905750, -58.954417
1906380, -58.721532
1907010, -58.487706
1907640, -58.254715
1908270, -58.020593
1908900, -57.787187
1909530, -57.552357
1910160, -57.317779
1910790, -57.081407
1911420, -56.845016
1912050, -56.606428
1912680, -56.367185
1913310, -56.125130
1913940, -55.881932
1914570, -55.635335
1915200, -55.386702
1915830, -55.133714
1916460, -54.877883
1917090, -54.616763
1917720, -54.351464
1918350, -54.079427
1918980, -53.801922
1919610, -53.516039
1920240, -53.222518
1920870, -52.918424
1921500, -52.604407
1922130, -52.276775
1922760, -51.935665
1923390, -51.577294
1924020, -51.200729
1924650, -50.801308
1925280, -50.377399
1925910, -49.922795
1926540, -49.434610
1927170, -48.904464
1927800, -48.327019
1928430, -47.690815
1929060, -46.986195
1929690, -46.197169
1930320, -45.306922
1930950, -44.290155
1931580, -43.118873
1932210, -41.752937
1932840, -40.144641
1933470, -38.229013
1934100, -35.928658
1934730, -33.146283
1935360, -29.777799
1935990, -25.724000
1936620, -20.940330
1937250, -15.502025
1937880, -9.700606
1938510, -4.067890
1939140, 0.731610
1939770, 4.165774
1940400, 6.039637
1941030, 6.494390
1941660, 5.834138
1942290, 4.377791
1942920, 2.379449
1943550, 0.027402
1944180, -2.549105
1944810, -5.256848
1945440, -8.033297
1946070, -10.831522
1946700, -13.622562
1947330, -16.383847
1947960, -19.104124
1948590, -21.774413
1949220, -24.395071
1949850, -26.967019
1950480, -29.498526
1951110, -31.999367
1951740, -34.485501
1952370, -36.973847
1953000, -39.486468
1953630, -42.043350
1954260, -44.666098
1954890, -47.366415
1955520, -50.147161
1956150, -52.986837
1956780, -55.837983
1957410, -58.614800
1958040, -61.208617
1958670, -63.502512
1959300, -65.409052
1959930, -66.889125
1960560, -67.963379
1961190, -68.688438
1961820, -69.140611
1962450, -69.389836
1963080, -69.497150
1963710, -69.505276
1964340, -69.447639
1964970, -69.343985
1965600, -69.210570
1966230, -69.055086
1966860, -68.885626
1967490, -68.704479
1968120, -68.516199
1968750, -68.320782
1969380, -68.121294
1970010, -67.916763
1970640, -67.709618
1971270, -67.498468
1971900, -67.285470
1972530, -67.069058
1973160, -66.851275
1973790, -66.630472
1974420, -66.408625
1975050, -66.184059
1975680, -65.958736
1976310, -65.730965
1976940, -65.502681
1977570, -65.272183
1978200, -65.041413
1978830, -64.808678
1979460, -64.575899
1980090, -64.341361
1980720, -64.106996
1981350, -63.871107
1981980, -63.635609
1982610, -63.398770
1983240, -63.162505
1983870, -62.925107
1984500, -62.688483
1985130, -62.450876
1985760, -62.214173
1986390, -61.976648
1987020, -61.740202
1987650, -61.503037
1988280, -61.267002
1988910, -61.030344
1989540, -60.794945
1990170, -60.558972
1990800, -60.324221
1991430, -60.088902
1992060, -59.854859
1992690, -59.620240
1993320, -59.386774
1993950, -59.152619
1994580, -58.919568
1995210, -58.685763
1995840, -58.452846
1996470, -58.218904
1997100, -57.985671
1997730, -57.751291
1998360, -57.517293
1998990, -57.281676
1999620, -57.046089
2000250, -56.808625
2000880, -56.570746
2001510, -56.330324
2002140, -56.088893
2002770, -55.844447
2003400, -55.598356
2004030, -55.348318
2004660, -55.095704
2005290, -54.838355
2005920, -54.577431
2006550, -54.310382
2007180, -54.038336
2007810, -53.758898
2008440, -53.472732
2009070, -53.176924
2009700, -52.872219
2010330, -52.555481
2010960, -52.226696
2011590, -51.882344
2012220, -51.522147
2012850, -51.141513
2013480, -50.739435
2014110, -50.310393
2014740, -49.851821
2015370, -49.356890
2016000, -48.820830
2016630, -48.234257
2017260, -47.589260
2017890, -46.871979
2018520, -46.069439
2019150, -45.160885
2019780, -44.123696
2020410, -42.925082
2021040, -41.526941
2021670, -39.875876
2022300, -37.908421
2022930, -35.541043
2023560, -32.677875
2024190, -29.210883
2024820, -25.048592
2025450, -20.155782
2026080, -14.638723
2026710, -8.822399
2027340, -3.273674
2027970, 1.347368
2028600, 4.547800
2029230, 6.192620
2029860, 6.456801
2030490, 5.657878
2031120, 4.104321
2031750, 2.043068
2032380, -0.350777
2033010, -2.951495
2033640, -5.673824
2034270, -8.455313
2034900, -11.255109
2035530, -14.042052
2036160, -16.798300
2036790, -19.510426
2037420, -22.174189
2038050, -24.786424
2038680, -27.352396
2039310, -29.877987
2039940, -32.376200
2040570, -34.860932
2041200, -37.352269
2041830, -39.869535
2042460, -42.435943
2043090, -45.068902
2043720, -47.782617
2044350, -50.573585
2044980, -53.419455
2045610, -56.264016
2046240, -59.021055
2046870, -61.576329
2047500, -63.817120
2048130, -65.659581
2048760, -67.076718
2049390, -68.093063
2050020, -68.772757
2050650, -69.189152
2051280, -69.414252
2051910, -69.503310
2052540, -69.500510
2053170, -69.433983
2053800, -69.325806
2054430, -69.187784
2055060, -69.030605
2055690, -68.858401
2056320, -68.676783
2056950, -68.486568
2057580, -68.291222
2058210, -68.090169
2058840, -67.885963
2059470, -67.677433
2060100, -67.466738
2060730, -67.252453
2061360, -67.036575
2061990, -66.817571
2062620, -66.597353
2063250, -66.374333
2063880, -66.150396
2064510, -65.923941
2065140, -65.696836
2065770, -65.467457
2066400, -65.237660
2067030, -65.005833
2067660, -64.773838
2068290, -64.540036
2068920, -64.306269
2069550, -64.070916
2070180, -63.835832
2070810, -63.599375
2071440, -63.363366
2072070, -63.126173
2072700, -62.889637
2073330, -62.652110
2073960, -62.415382
2074590, -62.177799
2075220, -61.941180
2075850, -61.703872
2076480, -61.467619
2077110, -61.230737
2077740, -60.995011
2078370, -60.758786
2079000, -60.523748
2079630, -60.288167
2080260, -60.053787
2080890, -59.818923
2081520, -59.585232
2082150, -59.350921
2082780, -59.117680
2083410, -58.883780
2084040, -58.650861
2084670, -58.417049
2085300, -58.183960
2085930, -57.949812
2086560, -57.716236
2087190, -57.481251
2087820, -57.246383
2088450, -57.009770
2089080, -56.773026
2089710, -56.534050
2090340, -56.294241
2090970, -56.051631
2091600, -55.807731
2092230, -55.560344
2092860, -55.310692
2093490, -55.056649
2094120, -54.799573
2094750, -54.537043
2095380, -54.270030
2096010, -53.996172
2096640, -53.716576
2097270, -53.428315
2097900, -53.131994
2098530, -52.824867
2099160, -52.507174
2099790, -52.175421
2100420, -51.829588
2101050, -51.465740
2101680, -51.082785
2102310, -50.676216
2102940, -50.243770
2103570, -49.779380
2104200, -49.279408
2104830, -48.735553
2105460, -48.141519
2106090, -47.485807
2106720, -46.757476
2107350, -45.939423
2107980, -45.013860
2108610, -43.953964
2109240, -42.729081
2109870, -41.295767
2110500, -39.602442
2111130, -37.579647
2111760, -35.144869
2112390, -32.196764
2113020, -28.630832
2113650, -24.357657
2114280, -19.360822
2114910, -13.771288
2115540, -7.954943
2116170, -2.503377
2116800, 1.927125
2117430, 4.894100
2118060, 6.313856
2118690, 6.397511
2119320, 5.465729
2119950, 3.822558
2120580, 1.700632
2121210, -0.730570
2121840, -3.355128
2122470, -6.089087
2123100, -8.876281
2123730, -11.674855
2124360, -14.458995
2124990, -17.208748
2125620, -19.914613
2126250, -22.569582
2126880, -25.175373
2127510, -27.733928
2128140, -30.255259
2128770, -32.749750
2129400, -35.234927
2130030, -37.728090
2130660, -40.252119
2131290, -42.826671
2131920, -45.472014
2132550, -48.196948
2133180, -50.999030
2133810, -53.848922
2134440, -56.688016
2135070, -59.421613
2135700, -61.936665
2136330, -64.121075
2136960, -65.900733
2137590, -67.254092
2138220, -68.215825
2138850, -68.850219
2139480, -69.234274
2140110, -69.434856
2140740, -69.508410
2141370, -69.493637
2142000, -69.420447
2142630, -69.306316
2143260, -69.165646
2143890, -69.005164
2144520, -68.832053
2145150, -68.648280
2145780, -68.457920
2146410, -68.260929
2147040, -68.060077
2147670, -67.854468
2148300, -67.646309
2148930, -67.434335
2149560, -67.220515
2150190, -67.003434
2150820, -66.784958
2151450, -66.563590
2152080, -66.341142
2152710, -66.116099
2153340, -65.890257
2153970, -65.662085
2154600, -65.433353
2155230, -65.202525
2155860, -64.971382
2156490, -64.738390
2157120, -64.505303
2157750, -64.270572
2158380, -64.035968
2159010, -63.799958
2159640, -63.564280
2160270, -63.327372
2160900, -63.090986
2161530, -62.853583
2162160, -62.616887
2162790, -62.379311
2163420, -62.142581
2164050, -61.905141
2164680, -61.668701
2165310, -61.431635
2165940, -61.195635
2166570, -60.959115
2167200, -60.723777
2167830, -60.487940
2168460, -60.253247
2169090, -60.018077
2169720, -59.784116
2170350, -59.549629
2170980, -59.316196
2171610, -59.082148
2172240, -58.849123
2172870, -58.615369
2173500, -58.382384
2174130, -58.148431
2174760, -57.915090
2175390, -57.680599
2176020, -57.446348
2176650, -57.210512
2177280, -56.974592
2177910, -56.736819
2178540, -56.498440
2179170, -56.257511
2179800, -56.015424
2180430, -55.770348
2181060, -55.523374
2181690, -55.272391
2182320, -55.018630
2182950, -54.760113
2183580, -54.497687
2184210, -54.228999
2184840, -53.955039
2185470, -53.673487
2186100, -53.384773
2186730, -53.086176
2187360, -52.778291
2187990, -52.457897
2188620, -52.124847
2189250, -51.775793
2189880, -51.409965
2190510, -51.022946
2191140, -50.613551
2191770, -50.175952
2192400, -49.707392
2193030, -49.200611
2193660, -48.650586
2194290, -48.047293
2194920, -47.382454
2195550, -46.641232
2196180, -45.809191
2196810, -44.864436
2197440, -43.782545
2198070, -42.528293
2198700, -41.060079
2199330, -39.321257
2199960, -37.243044
2200590, -34.737110
2201220, -31.703639
2201850, -28.035459
2202480, -23.652349
2203110, -18.552079
2203740, -12.899418
2204370, -7.094695
2205000, -1.757478
2205630, 2.474030
2206260, 5.203851
2206890, 6.405172
2207520, 6.314316
2208150, 5.258482
2208780, 3.529491
2209410, 1.352433
2210040, -1.115042
2210670, -3.759848
2211300, -6.505686
2211930, -9.296260
2212560, -12.094966
2213190, -14.874053
2213820, -17.618256
2214450, -20.316093
2215080, -22.964511
2215710, -25.561857
2216340, -28.115010
2216970, -30.630618
2217600, -33.123369
2218230, -35.607674
2218860, -38.104850
2219490, -40.634382
2220120, -43.219216
2220750, -45.875392
2221380, -48.613567
2222010, -51.424498
2222640, -54.277456
2223270, -57.106278
2223900, -59.815591
2224530, -62.287192
2225160, -64.415031
2225790, -66.129716
2226420, -67.421860
2227050, -68.329194
2227680, -68.922040
2228310, -69.273916
2228940, -69.453087
2229570, -69.510517
2230200, -69.486167
2230830, -69.405139
2231460, -69.287050
2232090, -69.142282
2232720, -68.980307
2233350, -68.804720
2233980, -68.620521
2234610, -68.428393
2235240, -68.231453
2235870, -68.029159
2236500, -67.823827
2237130, -67.614387
2237760, -67.402806
2238390, -67.187797
2239020, -66.971182
2239650, -66.751575
2240280, -66.530722
2240910, -66.307191
2241540, -66.082705
2242170, -65.855821
2242800, -65.628243
2243430, -65.398504
2244060, -65.168306
2244690, -64.936194
2245320, -64.703864
2245950, -64.469839
2246580, -64.235803
2247210, -64.000297
2247840, -63.765018
2248470, -63.528469
2249100, -63.292316
2249730, -63.055089
2250360, -62.818474
2250990, -62.580961
2251620, -62.344188
2252250, -62.106665
2252880, -61.870055
2253510, -61.632837
2254140, -61.396607
2254770, -61.159843
2255400, -60.924178
2256030, -60.688081
2256660, -60.453091
2257290, -60.217643
2257920, -59.983329
2258550, -59.748615
2259180, -59.514969
2259810, -59.280766
2260440, -59.047550
2261070, -58.813755
2261700, -58.580808
2262330, -58.347008
2262960, -58.113830
2263590, -57.879655
2264220, -57.645890
2264850, -57.410733
2265480, -57.175567
2266110, -56.938702
2266740, -56.701522
2267370, -56.462091
2268000, -56.221671
2268630, -55.978465
2269260, -55.733808
2269890, -55.485581
2270520, -55.234877
2271150, -54.979746
2271780, -54.721367
2272410, -54.457371
2273040, -54.188606
2273670, -53.912884
2274300, -53.630981
2274930, -53.340160
2275560, -53.040891
2276190, -52.730596
2276820, -52.409102
2277450, -52.073099
2278080, -51.722420
2278710, -51.352947
2279340, -50.963447
2279970, -50.549432
2280600, -50.108150
2281230, -49.633647
2281860, -49.121523
2282490, -48.563534
2283120, -47.952409
2283750, -47.276415
2284380, -46.523507
2285010, -45.675389
2285640, -44.712515
2286270, -43.606296
2286900, -42.323437
2287530, -40.817672
2288160, -39.033279
2288790, -36.896133
2289420, -34.318457
2290050, -31.195623
2290680, -27.424780
2291310, -22.930808
2291940, -17.732359
2292570, -12.023953
2293200, -6.246790
2293830, -1.037342
2294460, 2.984677
2295090, 5.479298
2295720, 6.466536
2296350, 6.210405
2296980, 5.035585
2297610, 3.227424
2298240, 0.997224
2298870, -1.502368
2299500, -4.167506
2300130, -6.922490
2300760, -9.716972
2301390, -12.513550
2302020, -15.289216
2302650, -18.026467
2303280, -20.717434
2303910, -23.357371
2304540, -25.948656
2305170, -28.494607
2305800, -31.006725
2306430, -33.496121
2307060, -35.981845
2307690, -38.481669
2308320, -41.018920
2308950, -43.612880
2309580, -46.281768
2310210, -49.031064
2310840, -51.852209
2311470, -54.706372
2312100, -57.524938
2312730, -60.205082
2313360, -62.631748
2313990, -64.699767
2314620, -66.350899
2315250, -67.580950
2315880, -68.436896
2316510, -68.988159
2317140, -69.310826
2317770, -69.468071
2318400, -69.511751
2319030, -69.476775
2319660, -69.389864
2320290, -69.266467
2320920, -69.119348
2321550, -68.954394
2322180, -68.777986
2322810, -68.591818
2323440, -68.399541
2324070, -68.201084
2324700, -67.998949
2325330, -67.792317
2325960, -67.583190
2326590, -67.370423
2327220, -67.155814
2327850, -66.938084
2328480, -66.718935
2329110, -66.497016
2329740, -66.273986
2330370, -66.048479
2331000, -65.822138
2331630, -65.593575
2332260, -65.364413
2332890, -65.133267
2333520, -64.901768
2334150, -64.668525
2334780, -64.435143
2335410, -64.200226
2336040, -63.965398
2336670, -63.729270
2337300, -63.493424
2337930, -63.256451
2338560, -63.019960
2339190, -62.782559
2339820, -62.545805
2340450, -62.308266
2341080, -62.071525
2341710, -61.834175
2342340, -61.597754
2342970, -61.360793
2343600, -61.124839
2344230, -60.888461
2344860, -60.653177
2345490, -60.417468
2346120, -60.182834
2346750, -59.947810
2347380, -59.713901
2348010, -59.479521
2348640, -59.246110
2349270, -59.012157
2349900, -58.779157
2350530, -58.545450
2351160, -58.312400
2351790, -58.078433
2352420, -57.844989
2353050, -57.610387
2353680, -57.375887
2354310, -57.139830
2354940, -56.903581
2355570, -56.665433
2356200, -56.426511
2356830, -56.185038
2357460, -55.942272
2358090, -55.696448
2358720, -55.448505
2359350, -55.196505
2359980, -54.941548
2360610, -54.681703
2361240, -54.417654
2361870, -54.147223
2362500, -53.871268
2363130, -53.587433
2363760, -53.296035
2364390, -52.994518
2365020, -52.683330
2365650, -52.359150
2366280, -52.021709
2366910, -51.667814
2367540, -51.296205
2368170, -50.902624
2368800, -50.485407
2369430, -50.038763
2370060, -49.559738
2370690, -49.040583
2371320, -48.476024
2371950, -47.855339
2372580, -47.169338
2373210, -46.402788
2373840, -45.539688
2374470, -44.556621
2375100, -43.426985
2375730, -42.113202
2376360, -40.570495
2376990, -38.737683
2377620, -36.541239
2378250, -33.888040
2378880, -30.675079
2379510, -26.798612
2380140, -22.195201
2380770, -16.901831
2381400, -11.149247
2382030, -5.413176
2382660, -0.347109
2383290, 3.459217
2383920, 5.718002
2384550, 6.499840
2385180, 6.085250
2385810, 4.800057
2386440, 2.916275
2387070, 0.638166
2387700, -1.892701
2388330, -4.574612
2388960, -7.339035
2389590, -10.135264
2390220, -12.930554
2390850, -15.700410
2391480, -18.431814
2392110, -21.114946
2392740, -23.747958
2393370, -26.331335
2394000, -28.872411
2394630, -31.379423
2395260, -33.868021
2395890, -36.353812
2396520, -38.858613
2397150, -41.402405
2397780, -44.007235
2398410, -46.687574
2399040, -49.449465
2399670, -52.277529
2400300, -55.131909
2400930, -57.936380
2401560, -60.587289
2402190, -62.965539
2402820, -64.974634
2403450, -66.561232
2404080, -67.732141
2404710, -68.536989
2405340, -69.049961
2405970, -69.343362
2406600, -69.481329
2407230, -69.510550
2407860, -69.467024
2408490, -69.373087
2409120, -69.246147
2409750, -69.095324
2410380, -68.929014
2411010, -68.750341
2411640, -68.563765
2412270, -68.369857
2412900, -68.171419
2413530, -67.967946
2414160, -67.761537
2414790, -67.551219
2415420, -67.338784
2416050, -67.123069
2416680, -66.905740
2417310, -66.685542
2417940, -66.464072
2418570, -66.240038
2419200, -66.015021
2419830, -65.787718
2420460, -65.559682
2421090, -65.329593
2421720, -65.099009
2422350, -64.866621
2422980, -64.633972
2423610, -64.399731
2424240, -64.165442
2424870, -63.929790
2425500, -63.694318
2426130, -63.457675
2426760, -63.221388
2427390, -62.984131
2428020, -62.747446
2428650, -62.509950
2429280, -62.273146
2429910, -62.035688
2430540, -61.799100
2431170, -61.561979
2431800, -61.325786
2432430, -61.089146
2433060, -60.853555
2433690, -60.617590
2434320, -60.382659
2434950, -60.147346
2435580, -59.913109
2436210, -59.678512
2436840, -59.444893
2437470, -59.210782
2438100, -58.977586
2438730, -58.743870
2439360, -58.510883
2439990, -58.277082
2440620, -58.043811
2441250, -57.809603
2441880, -57.575652
2442510, -57.340317
2443140, -57.104858
2443770, -56.867736
2444400, -56.630109
2445030, -56.390207
2445660, -56.149169
2446290, -55.905356
2446920, -55.659851
2447550, -55.410705
2448180, -55.158894
2448810, -54.902624
2449440, -54.642794
2450070, -54.377205
2450700, -54.106589
2451330, -53.828914
2451960, -53.544626
2452590, -53.251163
2453220, -52.948873
2453850, -52.635194
2454480, -52.309713
2455110, -51.969274
2455740, -51.613486
2456370, -51.238124
2457000, -50.841817
2457630, -50.419794
2458260, -49.969142
2458890, -49.483877
2459520, -48.958929
2460150, -48.385930
2460780, -47.756766
2461410, -47.058856
2462040, -46.279664
2462670, -45.399553
2463300, -44.397100
2463930, -43.241754
2464560, -41.897517
2465190, -40.314880
2465820, -38.433342
2466450, -36.173955
2467080, -33.444180
2467710, -30.137238
2468340, -26.154666
2468970, -21.440864
2469600, -16.059012
2470230, -10.272008
2470860, -4.594052
2471490, 0.315767
2472120, 3.898016
2472750, 5.924041
2473380, 6.505093
2474010, 5.940316
2474640, 4.548908
2475270, 2.595160
2475900, 0.270511
2476530, -2.287938
2477160, -4.986742
2477790, -7.757849
2478420, -10.556348
2479050, -13.348597
2479680, -16.114235
2480310, -18.838018
2480940, -21.514099
2481570, -24.139020
2482200, -26.716067
2482830, -29.250653
2483460, -31.754613
2484090, -34.240967
2484720, -36.728919
2485350, -39.237591
2485980, -41.789897
2486610, -44.404659
2487240, -47.097671
2487870, -49.870493
2488500, -52.706915
2489130, -55.558907
2489760, -58.347799
2490390, -60.964008
2491020, -63.293040
2491650, -65.239767
2492280, -66.762658
2492910, -67.873978
2493540, -68.630842
2494170, -69.105791
2494800, -69.372836
2495430, -69.491192
2496060, -69.508204
2496690, -69.455231
2497320, -69.356084
2497950, -69.224399
2498580, -69.071479
2499210, -68.902473
2499840, -68.723049
2500470, -71.053888
2501100, -72.581593
2501730, -73.591247
2502360, -74.260041
2502990, -74.705934
2503620, -75.000921
2504250, -75.196358
2504880, -75.321743
2505510, -75.401072
2506140, -75.446079
2506770, -75.469116
2507400, -75.474217
2508030, -75.468594
2508660, -75.452826
2509290, -75.431773
2509920, -75.404407
2510550, -75.374477
2511180, -75.340182
2511810, -75.304726
2512440, -75.265928
2513070, -75.226716
2513700, -75.184715
2514330, -75.142710
2514960, -75.098225
2515590, -75.053968
2516220, -75.007408
2516850, -74.961214
2517480, -74.912825
2518110, -74.864884
2518740, -74.814817
2519370, -74.765252
2520000, -74.713608
2520630, -74.662505
2521260, -74.609358
2521890, -74.556782
2522520, -74.502190
2523150, -74.448194
2523780, -74.392207
2524410, -74.336839
2525040, -74.279504
2525670, -74.222810
2526300, -74.164173
2526930, -74.106198
2527560, -74.046304
2528190, -73.987095
2528820, -73.925992
2529450, -73.865596
2530080, -73.803331
2530710, -73.741796
2531340, -73.678418
2531970, -73.615796
2532600, -73.551360
2533230, -73.487707
2533860, -73.422268
2534490, -73.357640
2535120, -73.291257
2535750, -73.225715
2536380, -73.158449
2537010, -73.092053
2537640, -73.023965
2538270, -72.956778
2538900, -72.887931
2539530, -72.820014
2540160, -72.750467
2540790, -72.681880
2541420, -72.611697
2542050, -72.542505
2542680, -72.471752
2543310, -72.402023
2543940, -72.330767
2544570, -72.260569
2545200, -72.188878
2545830, -72.118278
2546460, -72.046221
2547090, -71.975289
2547720, -71.902933
2548350, -71.831730
2548980, -71.759133
2549610, -71.687720
2550240, -71.614944
2550870, -71.543383
2551500, -71.470492
2552130, -71.398848
2552760, -71.325909
2553390, -71.254247
2554020, -71.181324
2554650, -71.109709
2555280, -71.036864
2555910, -70.965360
2556540, -70.892655
2557170, -70.821313
2557800, -70.748794
2558430, -70.677662
2559060, -70.605380
2559690, -70.534510
2560320, -70.462518
2560950, -70.391965
2561580, -70.320318
2562210, -70.250136
2562840, -70.178887
2563470, -70.109130
2564100, -70.038333
2564730, -69.969052
2565360, -69.898754
2565990, -69.829986
2566620, -69.760215
2567250, -69.691988
2567880, -69.622777
2568510, -69.555128
2569140, -69.486516
2569770, -69.419484
2570400, -69.351510
2571030, -69.285136
2571660, -69.217840
2572290, -69.152163
2572920, -69.085585
2573550, -69.020645
2574180, -68.954823
2574810, -68.890649
2575440, -68.825597
2576070, -68.762195
2576700, -68.697922
2577330, -68.635307
2577960, -68.571833
2578590, -68.510029
2579220, -68.447378
2579850, -68.386410
2580480, -68.324610
2581110, -68.264504
2581740, -68.203581
2582370, -68.144365
2583000, -68.084346
2583630, -68.026047
2584260, -67.966957
2584890, -67.909591
2585520, -67.851430
2586150, -67.794985
2586780, -67.737742
2587410, -67.682215
2588040, -67.625894
2588670, -67.571292
2589300, -67.515905
2589930, -67.462244
2590560, -67.407805
2591190, -67.355100
2591820, -67.301627
2592450, -67.249896
2593080, -67.197406
2593710, -67.146666
2594340, -67.095178
2594970, -67.045447
2595600, -66.994977
2596230, -66.946270
2596860, -66.896816
2597490, -66.849106
2598120, -66.800638
2598750, -66.753906
2599380, -66.706414
2600010, -66.660656
2600640, -66.614139
2601270, -66.569359
2601900, -66.523826
2602530, -66.480032
2603160, -66.435491
2603790, -66.392695
2604420, -66.349159
2605050, -66.307372
2605680, -66.264852
2606310, -66.224087
2606940, -66.182596
2607570, -66.142865
2608200, -66.102414
2608830, -66.063728
2609460, -66.024329
2610090, -65.986699
2610720, -65.948356
2611350, -65.911767
2611980, -65.874444
2612610, -65.838859
2613240, -65.802532
2613870, -65.767936
2614500, -65.732595
2615130, -65.698984
2615760, -65.664629
2616390, -65.632004
2617020, -65.598638
2617650, -65.567004
2618280, -65.534633
2618910, -65.503998
2619540, -65.472630
2620170, -65.443000
2620800, -65.412643
2621430, -65.384026
2622060, -65.354686
2622690, -65.327090
2623320, -65.298774
2623950, -65.272204
2624580, -65.244919
2625210, -65.219381
2625840, -65.193131
2626470, -65.168629
2627100, -65.143418
2627730, -65.119957
2628360, -65.095788
2628990, -65.073369
2629620, -65.050244
2630250, -65.028868
2630880, -65.006788
2631510, -64.986456
2632140, -64.965411
2632770, -64.946095
2633400, -64.926049
2634030, -64.907717
2634660, -64.888646
2635290, -64.871279
2635920, -64.853168
2636550, -64.836756
2637180, -64.819595
2637810, -64.804130
2638440, -64.787913
2639070, -64.773388
2639700, -64.758111
2640330, -64.744522
2640960, -64.730178
2641590, -64.717518
2642220, -64.704102
2642850, -64.692366
2643480, -64.679871
2644110, -64.669051
2644740, -64.657468
2645370, -64.647556
2646000, -64.636877
2646630, -64.627862
2647260, -64.618076
2647890, -64.609948
2648520, -64.601043
2649150, -64.593788
2649780, -64.585751
2650410, -64.579357
2651040, -64.572172
2651670, -64.566622
2652300, -64.560275
2652930, -64.555552
2653560, -64.550024
2654190, -64.546110
2654820, -64.541382
2655450, -64.538258
2656080, -64.534311
2656710, -64.531956
2657340, -64.528767
2657970, -64.527159
2658600, -64.524706
2659230, -64.523821
2659860, -64.522081
2660490, -64.521895
2661120, -64.520842
2661750, -64.521330
2662380, -64.520939
2663010, -64.522074
2663640, -64.522317
2664270, -64.524072
2664900, -64.524922
2665530, -64.527269
2666160, -64.528697
2666790, -64.531607
2667420, -64.533584
2668050, -64.537027
2668680, -64.539524
2669310, -64.543471
2669940, -64.546456
2670570, -64.550876
2671200, -64.554321
2671830, -64.559183
2672460, -64.563056
2673090, -64.568330
2673720, -64.572599
2674350, -64.578253
2674980, -64.582888
2675610, -64.588892
2676240, -64.593861
2676870, -64.600184
2677500, -64.605457
2678130, -64.612068
2678760, -64.617615
2679390, -64.624482
2680020, -64.630272
2680650, -64.637367
2681280, -64.643370
2681910, -64.650663
2682540, -64.656850
2683170, -64.664312
2683800, -64.670655
2684430, -64.678257
2685060, -64.684727
2685690, -64.692442
2686320, -64.699013
2686950, -64.706814
2687580, -64.713459
2688210, -64.721320
2688840, -64.728013
2689470, -64.735910
2690100, -64.742627
2690730, -64.750536
2691360, -64.757254
2691990, -64.765151
2692620, -64.771847
2693250, -64.779711
2693880, -64.786364
2694510, -64.794173
2695140, -64.800763
2695770, -64.808499
2696400, -64.815007
2697030, -64.822651
2697660, -64.829058
2698290, -64.836593
2698920, -64.842883
2699550, -64.850292
2700180, -64.856450
2700810, -64.863719
2701440, -64.869731
2702070, -64.876846
2702700, -64.882698
2703330, -64.889646
2703960, -64.895326
2704590, -64.902096
2705220, -64.907593
2705850, -64.914175
2706480, -64.919480
2707110, -64.925864
2707740, -64.930969
2708370, -64.937147
2709000, -64.942043
2709630, -64.948009
2710260, -64.952691
2710890, -64.958438
2711520, -64.962899
2712150, -64.968424
2712780, -64.972660
2713410, -64.977957
2714040, -64.981965
2714670, -64.987031
2715300, -64.990808
2715930, -64.995642
2716560, -64.999187
2717190, -65.003787
2717820, -65.007096
2718450, -65.011455
2719080, -65.014522
2719710, -65.018637
2720340, -65.021458
2720970, -65.025327
2721600, -65.027903
2722230, -65.031526
2722860, -65.033860
2723490, -65.037241
2724120, -65.039334
2724750, -65.042477
2725380, -65.044335
2726010, -65.047243
2726640, -65.048871
2727270, -65.051551
2727900, -65.052954
2728530, -65.055412
2729160, -65.056596
2729790, -65.058837
2730420, -65.059809
2731050, -65.061841
2731680, -65.062607
2732310, -65.064436
2732940, -65.065004
2733570, -65.066638
2734200, -65.067014
2734830, -65.068460
2735460, -65.068653
2736090, -65.069917
2736720, -65.069934
2737350, -65.071025
2737980, -65.070874
2738610, -65.071800
2739240, -65.071488
2739870, -65.072256
2740500, -65.071791
2741130, -65.072410
2741760, -65.071800
2742390, -65.072277
2743020, -65.071530
2743650, -65.071873
2744280, -65.070997
2744910, -65.071214
2745540, -65.070216
2746170, -65.070315
2746800, -65.069203
2747430, -65.069191
2748060, -65.067973
2748690, -65.067857
2749320, -65.066540
2749950, -65.066329
2750580, -65.064921
2751210, -65.064621
2751840, -65.063129
2752470, -65.062748
2753100, -65.061179
2753730, -65.060724
2754360, -65.059085
2754990, -65.058562
2755620, -65.056860
2756250, -65.056276
2756880, -65.054518
2757510, -65.053880
2758140, -65.052071
2758770, -65.051385
2759400, -65.049532
2760030, -65.048804
2760660, -65.046913
2761290, -65.046150
2761920, -65.044226
2762550, -65.043432
2763180, -65.041482
2763810, -65.040663
2764440, -65.038691
2765070, -65.037853
2765700, -65.035865
2766330, -65.035013
2766960, -65.033013
2767590, -65.032151
2768220, -65.030145
2768850, -65.029278
2769480, -65.027269
2770110, -65.026401
2770740, -65.024395
2771370, -65.023530
2772000, -65.021529
2772630, -65.020672
2773260, -65.018681
2773890, -65.017834
2774520, -65.015857
2775150, -65.015024
2775780, -65.013064
2776410, -65.012248
2777040, -65.010308
2777670, -65.009513
2778300, -65.007595
2778930, -65.006824
2779560, -65.004931
2780190, -65.004185
2780820, -65.002321
2781450, -65.001603
2782080, -64.999768
2782710, -64.999081
2783340, -64.997278
2783970, -64.996622
2784600, -64.994850
2785230, -64.994224
2785860, -64.992483
2786490, -64.991889
2787120, -64.990181
2787750, -64.989619
2788380, -64.987945
2789010, -64.987416
2789640, -64.985777
2790270, -64.985284
2790900, -64.983681
2791530, -64.983223
2792160, -64.981658
2792790, -64.981237
2793420, -64.979710
2794050, -64.979327
2794680, -64.977839
2795310, -64.977495
2795940, -64.976047
2796570, -64.975742
2797200, -64.974334
2797830, -64.974069
2798460, -64.972702
2799090, -64.972478
2799720, -64.971152
2800350, -64.970968
2800980, -64.969684
2801610, -64.969540
2802240, -64.968297
2802870, -64.968195
2803500, -64.966993
2804130, -64.966931
2804760, -64.965771
2805390, -64.965750
2806020, -64.964630
2806650, -64.964649
2807280, -64.963570
2807910, -64.963629
2808540, -64.962590
2809170, -64.962688
2809800, -64.961689
2810430, -64.961826
2811060, -64.960866
2811690, -64.961040
2812320, -64.960119
2812950, -64.960331
2813580, -64.959447
2814210, -64.959695
2814840, -64.958848
2815470, -64.959132
2816100, -64.958320
2816730, -64.958639
2817360, -64.957863
2817990, -64.958215
2818620, -64.957472
2819250, -64.957857
2819880, -64.957147
2820510, -64.957564
2821140, -64.956886
2821770, -64.957333
2822400, -64.956686
2823030, -64.957161
2823660, -64.956544
2824290, -64.957048
2824920, -64.956459
2825550, -64.956989
2826180, -64.956427
2826810, -64.956984
2827440, -64.956447
2828070, -64.957028
2828700, -64.956516
2829330, -64.957121
2829960, -64.956632
2830590, -64.957258
2831220, -64.956792
2831850, -64.957439
2832480, -64.956993
2833110, -64.957659
2833740, -64.957233
2834370, -64.957917
2835000, -64.957509
2835630, -64.958210
2836260, -64.957819
2836890, -64.958536
2837520, -64.958161
2838150, -64.958892
2838780, -64.958532
2839410, -64.959276
2840040, -64.958929
2840670, -64.959685
2841300, -64.959350
2841930, -64.960117
2842560, -64.959793
2843190, -64.960570
2843820, -64.960256
2844450, -64.961041
2845080, -64.960736
2845710, -64.961529
2846340, -64.961230
2846970, -64.962030
2847600, -64.961738
2848230, -64.962543
2848860, -64.962257
2849490, -64.963066
2850120, -64.962785
2850750, -64.963597
2851380, -64.963319
2852010, -64.964134
2852640, -64.963859
2853270, -64.964675
2853900, -64.964402
2854530, -64.965219
2855160, -64.964947
2855790, -64.965764
2856420, -64.965491
2857050, -64.966307
2857680, -64.966034
2858310, -64.966849
2858940, -64.966574
2859570, -64.967386
2860200, -64.967110
2860830, -64.967918
2861460, -64.967639
2862090, -64.968444
2862720, -64.968162
2863350, -64.968963
2863980, -64.968677
2864610, -64.969472
2865240, -64.969182
2865870, -64.969972
2866500, -64.969677
2867130, -64.970461
2867760, -64.970160
2868390, -64.970938
2869020, -64.970632
2869650, -64.971403
2870280, -64.971090
2870910, -64.971855
2871540, -64.971535
2872170, -64.972292
2872800, -64.971966
2873430, -64.972715
2874060, -64.972382
2874690, -64.973123
2875320, -64.972783
2875950, -64.973516
2876580, -64.973168
2877210, -64.973892
2877840, -64.973537
2878470, -64.974253
2879100, -64.973889
2879730, -64.974597
2880360, -64.974225
2880990, -64.974924
2881620, -64.974544
2882250, -64.975234
2882880, -64.974846
2883510, -64.975527
2884140, -64.975131
2884770, -64.975803
2885400, -64.975399
2886030, -64.976063
2886660, -64.975650
2887290, -64.976305
2887920, -64.975884
2888550, -64.976530
2889180, -64.976101
2889810, -64.976738
2890440, -64.976302
2891070, -64.976930
2891700, -64.976486
2892330, -64.977106
2892960, -64.976654
2893590, -64.977266
2894220, -64.976806
2894850, -64.977409
2895480, -64.976942
2896110, -64.977537
2896740, -64.977063
2897370, -64.977651
2898000, -64.977169
2898630, -64.977749
2899260, -64.977261
2899890, -64.977833
2900520, -64.977338
2901150, -64.977903
2901780, -64.977402
2902410, -64.977960
2903040, -64.977452
2903670, -64.978003
2904300, -64.977490
2904930, -64.978034
2905560, -64.977515
2906190, -64.978053
2906820, -64.977528
2907450, -64.978060
2908080, -64.977530
2908710, -64.978057
2909340, -64.977522
2909970, -64.978042
2910600, -64.977503
2911230, -64.978018
2911860, -64.977474
2912490, -64.977984
2913120, -64.977436
2913750, -64.977941
2914380, -64.977389
2915010, -64.977890
2915640, -64.977334
2916270, -64.977831
2916900, -64.977272
2917530, -64.977764
2918160, -64.977202
2918790, -64.977691
2919420, -64.977126
2920050, -64.977611
2920680, -64.977043
2921310, -64.977526
2921940, -64.976955
2922570, -64.977435
2923200, -64.976862
2923830, -64.977339
2924460, -64.976764
2925090, -64.977239
2925720, -64.976663
2926350, -64.977135
2926980, -64.976557
2927610, -64.977027
2928240, -64.976448
2928870, -64.976917
2929500, -64.976337
2930130, -64.976804
2930760, -64.976223
2931390, -64.976689
2932020, -64.976108
2932650, -64.976572
2933280, -64.975990
2933910, -64.976454
2934540, -64.975872
2935170, -64.976335
2935800, -64.975753
2936430, -64.976215
2937060, -64.975634
2937690, -64.976095
2938320, -64.975514
2938950, -64.975976
2939580, -64.975395
2940210, -64.975857
2940840, -64.975277
2941470, -64.975738
2942100, -64.975159
2942730, -64.975621
2943360, -64.975043
2943990, -64.975505
2944620, -64.974928
2945250, -64.975390
2945880, -64.974815
2946510, -64.975278
2947140, -64.974703
2947770, -64.975167
2948400, -64.974594
2949030, -64.975059
2949660, -64.974487
2950290, -64.974953
2950920, -64.974383
2951550, -64.974849
2952180, -64.974281
2952810, -64.974749
2953440, -64.974183
2954070, -64.974651
2954700, -64.974087
2955330, -64.974557
2955960, -64.973994
2956590, -64.974465
2957220, -64.973905
2957850, -64.974377
2958480, -64.973819
2959110, -64.974292
2959740, -64.973736
2960370, -64.974211
2961000, -64.973657
2961630, -64.974133
2962260, -64.973581
2962890, -64.974059
2963520, -64.973509
2964150, -64.973988
2964780, -64.973440
2965410, -64.973921
2966040, -64.973375
2966670, -64.973857
2967300, -64.973313
2967930, -64.973797
2968560, -64.973256
2969190, -64.973741
2969820, -64.973201
2970450, -64.973688
2971080, -64.973151
2971710, -64.973639
2972340, -64.973104
2972970, -64.973593
2973600, -64.973060
2974230, -64.973551
2974860, -64.973020
2975490, -64.973512
2976120, -64.972983
2976750, -64.973477
2977380, -64.972950
2978010, -64.973444
2978640, -64.972919
2979270, -64.973416
2979900, -64.972893
2980530, -64.973390
2981160, -64.972869
2981790, -64.973367
2982420, -64.972848
2983050, -64.973348
2983680, -64.972830
2984310, -64.973331
2984940, -64.972815
2985570, -64.973317
2986200, -64.972803
2986830, -64.973306
2987460, -64.972793
2988090, -64.973297
2988720, -64.972786
2989350, -64.973291
2989980, -64.972782
2990610, -64.973287
2991240, -64.972780
2991870, -64.973286
2992500, -64.972780
2993130, -64.973287
2993760, -64.972782
2994390, -64.973290
2995020, -64.972786
2995650, -64.973295
2996280, -64.972792
2996910, -64.973301
2997540, -64.972800
2998170, -64.973310
2998800, -64.972810
2999430, -64.973320
3000060, -64.972821
