# ./result/hh_impl_0880.txt
# dt = 880 [usec]
# t [usec], V [mV]
0, -65.000000
880, -64.997409
1760, -64.994943
2640, -64.992581
3520, -64.990306
4400, -64.988107
5280, -64.985978
6160, -64.983914
7040, -64.981912
7920, -64.979970
8800, -64.978086
9680, -64.976261
10560, -64.974494
11440, -64.972784
12320, -64.971132
13200, -64.969538
14080, -64.968002
14960, -64.966524
15840, -64.965104
16720, -64.963742
17600, -64.962437
18480, -64.961190
19360, -64.960001
20240, -64.958869
21120, -64.957794
22000, -64.956775
22880, -64.955812
23760, -64.954905
24640, -64.954053
25520, -64.953255
26400, -64.952511
27280, -64.951820
28160, -64.951181
29040, -64.950594
29920, -64.950056
30800, -64.949569
31680, -64.949130
32560, -64.948739
33440, -64.948394
34320, -64.948095
35200, -64.947841
36080, -64.947630
36960, -64.947461
37840, -64.947334
38720, -64.947246
39600, -64.947198
40480, -64.947187
41360, -64.947213
42240, -64.947273
43120, -64.947368
44000, -64.947496
44880, -64.947655
45760, -64.947845
46640, -64.948063
47520, -64.948310
48400, -64.948582
49280, -64.948881
50160, -64.949203
51040, -64.949548
51920, -64.949915
52800, -64.950303
53680, -64.950709
54560, -64.951134
55440, -64.951576
56320, -64.952033
57200, -64.952505
58080, -64.952991
58960, -64.953488
59840, -64.953998
60720, -64.954517
61600, -64.955045
62480, -64.955582
63360, -64.956126
64240, -64.956676
65120, -64.957231
66000, -64.957791
66880, -64.958353
67760, -64.958919
68640, -64.959486
69520, -64.960053
70400, -64.960621
71280, -64.961188
72160, -64.961753
73040, -64.962316
73920, -64.962876
74800, -64.963433
75680, -64.963985
76560, -64.964532
77440, -64.965074
78320, -64.965609
79200, -64.966138
80080, -64.966660
80960, -64.967175
81840, -64.967681
82720, -64.968179
83600, -64.968667
84480, -64.969147
85360, -64.969617
86240, -64.970077
87120, -64.970527
88000, -64.970966
88880, -64.971394
89760, -64.971811
90640, -64.972217
91520, -64.972612
92400, -64.972995
93280, -64.973366
94160, -64.973726
95040, -64.974073
95920, -64.974409
96800, -64.974732
97680, -64.975043
98560, -64.975342
99440, -64.975629
100320, -64.975903
101200, -64.976165
102080, -64.976416
102960, -64.976654
103840, -64.976880
104720, -64.977094
105600, -64.977296
106480, -64.977487
107360, -64.977666
108240, -64.977834
109120, -64.977990
110000, -64.978135
110880, -64.978269
111760, -64.978393
112640, -64.978506
113520, -64.978608
114400, -64.978700
115280, -64.978782
116160, -64.978855
117040, -64.978918
117920, -64.978971
118800, -64.979016
119680, -64.979051
120560, -64.979078
121440, -64.979096
122320, -64.979107
123200, -64.979109
124080, -64.979104
124960, -64.979092
125840, -64.979073
126720, -64.979046
127600, -64.979013
128480, -64.978974
129360, -64.978929
130240, -64.978878
131120, -64.978821
132000, -64.978759
132880, -64.978693
133760, -64.978621
134640, -64.978545
135520, -64.978465
136400, -64.978380
137280, -64.978292
138160, -64.978201
139040, -64.978106
139920, -64.978008
140800, -64.977907
141680, -64.977804
142560, -64.977699
143440, -64.977591
144320, -64.977482
145200, -64.977370
146080, -64.977258
146960, -64.977144
147840, -64.977029
148720, -64.976913
149600, -64.976796
150480, -64.976679
151360, -64.976562
152240, -64.976444
153120, -64.976327
154000, -64.976209
154880, -64.976092
155760, -64.975976
156640, -64.975860
157520, -64.975745
158400, -64.975631
159280, -64.975517
160160, -64.975405
161040, -64.975294
161920, -64.975185
162800, -64.975077
163680, -64.974970
164560, -64.974866
165440, -64.974763
166320, -64.974662
167200, -64.974562
168080, -64.974465
168960, -64.974370
169840, -64.974277
170720, -64.974186
171600, -64.974098
172480, -64.974011
173360, -64.973927
174240, -64.973846
175120, -64.973766
176000, -64.973690
176880, -64.973615
177760, -64.973544
178640, -64.973474
179520, -64.973407
180400, -64.973343
181280, -64.973281
182160, -64.973222
183040, -64.973166
183920, -64.973111
184800, -64.973060
185680, -64.973011
186560, -64.972964
187440, -64.972920
188320, -64.972878
189200, -64.972839
190080, -64.972802
190960, -64.972767
191840, -64.972735
192720, -64.972705
193600, -64.972678
194480, -64.972652
195360, -64.972629
196240, -64.972608
197120, -64.972589
198000, -64.972573
198880, -64.972558
199760, -64.972545
200640, -64.972534
201520, -64.972526
202400, -64.972518
203280, -64.972513
204160, -64.972510
205040, -64.972508
205920, -64.972508
206800, -64.972509
207680, -64.972512
208560, -64.972516
209440, -64.972522
210320, -64.972529
211200, -64.972538
212080, -64.972548
212960, -64.972559
213840, -64.972571
214720, -64.972584
215600, -64.972598
216480, -64.972613
217360, -64.972629
218240, -64.972647
219120, -64.972664
220000, -64.972683
220880, -64.972702
221760, -64.972723
222640, -64.972743
223520, -64.972764
224400, -64.972786
225280, -64.972809
226160, -64.972831
227040, -64.972854
227920, -64.972878
228800, -64.972902
229680, -64.972926
230560, -64.972950
231440, -64.972974
232320, -64.972999
233200, -64.973024
234080, -64.973049
234960, -64.973073
235840, -64.973098
236720, -64.973123
237600, -64.973148
238480, -64.973172
239360, -64.973197
240240, -64.973221
241120, -64.973245
242000, -64.973269
242880, -64.973292
243760, -64.973316
244640, -64.973339
245520, -64.973362
246400, -64.973384
247280, -64.973406
248160, -64.973428
249040, -64.973449
249920, -64.973470
250800, -64.973491
251680, -64.973511
252560, -64.973531
253440, -64.973550
254320, -64.973568
255200, -64.973587
256080, -64.973604
256960, -64.973622
257840, -64.973638
258720, -64.973655
259600, -64.973670
260480, -64.973686
261360, -64.973700
262240, -64.973714
263120, -64.973728
264000, -64.973741
264880, -64.973754
265760, -64.973766
266640, -64.973777
267520, -64.973788
268400, -64.973799
269280, -64.973809
270160, -64.973818
271040, -64.973827
271920, -64.973835
272800, -64.973843
273680, -64.973851
274560, -64.973857
275440, -64.973864
276320, -64.973870
277200, -64.973875
278080, -64.973880
278960, -64.973885
279840, -64.973889
280720, -64.973893
281600, -64.973896
282480, -64.973899
283360, -64.973901
284240, -64.973903
285120, -64.973905
286000, -64.973906
286880, -64.973907
287760, -64.973908
288640, -64.973908
289520, -64.973908
290400, -64.973907
291280, -64.973906
292160, -64.973905
293040, -64.973904
293920, -64.973902
294800, -64.973900
295680, -64.973898
296560, -64.973896
297440, -64.973893
298320, -64.973891
299200, -64.973888
300080, -64.973884
300960, -64.973881
301840, -64.973877
302720, -64.973874
303600, -64.973870
304480, -64.973866
305360, -64.973861
306240, -64.973857
307120, -64.973853
308000, -64.973848
308880, -64.973844
309760, -64.973839
310640, -64.973834
311520, -64.973829
312400, -64.973824
313280, -64.973819
314160, -64.973814
315040, -64.973809
315920, -64.973804
316800, -64.973799
317680, -64.973794
318560, -64.973789
319440, -64.973784
320320, -64.973779
321200, -64.973774
322080, -64.973769
322960, -64.973764
323840, -64.973759
324720, -64.973754
325600, -64.973750
326480, -64.973745
327360, -64.973740
328240, -64.973735
329120, -64.973731
330000, -64.973726
330880, -64.973722
331760, -64.973717
332640, -64.973713
333520, -64.973709
334400, -64.973705
335280, -64.973701
336160, -64.973697
337040, -64.973693
337920, -64.973689
338800, -64.973686
339680, -64.973682
340560, -64.973679
341440, -64.973676
342320, -64.973672
343200, -64.973669
344080, -64.973666
344960, -64.973663
345840, -64.973661
346720, -64.973658
347600, -64.973656
348480, -64.973653
349360, -64.973651
350240, -64.973649
351120, -64.973646
352000, -64.973644
352880, -64.973643
353760, -64.973641
354640, -64.973639
355520, -64.973637
356400, -64.973636
357280, -64.973635
358160, -64.973633
359040, -64.973632
359920, -64.973631
360800, -64.973630
361680, -64.973629
362560, -64.973628
363440, -64.973628
364320, -64.973627
365200, -64.973627
366080, -64.973626
366960, -64.973626
367840, -64.973626
368720, -64.973625
369600, -64.973625
370480, -64.973625
371360, -64.973625
372240, -64.973625
373120, -64.973625
374000, -64.973626
374880, -64.973626
375760, -64.973626
376640, -64.973627
377520, -64.973627
378400, -64.973628
379280, -64.973628
380160, -64.973629
381040, -64.973629
381920, -64.973630
382800, -64.973631
383680, -64.973631
384560, -64.973632
385440, -64.973633
386320, -64.973634
387200, -64.973635
388080, -64.973636
388960, -64.973637
389840, -64.973638
390720, -64.973639
391600, -64.973640
392480, -64.973641
393360, -64.973642
394240, -64.973643
395120, -64.973644
396000, -64.973645
396880, -64.973646
397760, -64.973647
398640, -64.973648
399520, -64.973649
400400, -64.973650
401280, -64.973651
402160, -64.973653
403040, -64.973654
403920, -64.973655
404800, -64.973656
405680, -64.973657
406560, -64.973658
407440, -64.973659
408320, -64.973660
409200, -64.973661
410080, -64.973662
410960, -64.973663
411840, -64.973664
412720, -64.973665
413600, -64.973666
414480, -64.973667
415360, -64.973668
416240, -64.973669
417120, -64.973670
418000, -64.973671
418880, -64.973671
419760, -64.973672
420640, -64.973673
421520, -64.973674
422400, -64.973675
423280, -64.973675
424160, -64.973676
425040, -64.973677
425920, -64.973677
426800, -64.973678
427680, -64.973679
428560, -64.973679
429440, -64.973680
430320, -64.973680
431200, -64.973681
432080, -64.973681
432960, -64.973682
433840, -64.973682
434720, -64.973683
435600, -64.973683
436480, -64.973684
437360, -64.973684
438240, -64.973684
439120, -64.973685
440000, -64.973685
440880, -64.973685
441760, -64.973686
442640, -64.973686
443520, -64.973686
444400, -64.973686
445280, -64.973686
446160, -64.973687
447040, -64.973687
447920, -64.973687
448800, -64.973687
449680, -64.973687
450560, -64.973687
451440, -64.973687
452320, -64.973687
453200, -64.973687
454080, -64.973687
454960, -64.973687
455840, -64.973687
456720, -64.973687
457600, -64.973687
458480, -64.973687
459360, -64.973687
460240, -64.973687
461120, -64.973687
462000, -64.973687
462880, -64.973687
463760, -64.973687
464640, -64.973687
465520, -64.973687
466400, -64.973686
467280, -64.973686
468160, -64.973686
469040, -64.973686
469920, -64.973686
470800, -64.973686
471680, -64.973685
472560, -64.973685
473440, -64.973685
474320, -64.973685
475200, -64.973685
476080, -64.973684
476960, -64.973684
477840, -64.973684
478720, -64.973684
479600, -64.973684
480480, -64.973683
481360, -64.973683
482240, -64.973683
483120, -64.973683
484000, -64.973683
484880, -64.973682
485760, -64.973682
486640, -64.973682
487520, -64.973682
488400, -64.973681
489280, -64.973681
490160, -64.973681
491040, -64.973681
491920, -64.973681
492800, -64.973680
493680, -64.973680
494560, -64.973680
495440, -64.973680
496320, -64.973680
497200, -64.973680
498080, -64.973679
498960, -64.973679
499840, -64.973679
500720, -60.892913
501600, -57.010941
502480, -53.252722
503360, -49.489844
504240, -45.457688
505120, -40.652170
506000, -34.079812
506880, -23.825825
507760, -6.691836
508640, 18.356302
509520, 38.580424
510400, 42.357176
511280, 40.591944
512160, 38.379907
513040, 35.511960
513920, 32.177354
514800, 28.467121
515680, 24.483340
516560, 20.323179
517440, 16.064427
518320, 11.777517
519200, 7.509590
520080, 3.301598
520960, -0.825547
521840, -4.852841
522720, -8.777053
523600, -12.593082
524480, -16.308681
525360, -19.927995
526240, -23.468259
527120, -26.947365
528000, -30.397674
528880, -33.858733
529760, -37.388960
530640, -41.053523
531520, -44.929802
532400, -49.071755
533280, -53.477379
534160, -57.997128
535040, -62.294457
535920, -65.894966
536800, -68.467339
537680, -70.010234
538560, -70.786464
539440, -71.086859
540320, -71.129224
541200, -71.034470
542080, -70.871953
542960, -70.670182
543840, -70.448945
544720, -70.212016
545600, -69.967201
546480, -69.712525
547360, -69.453007
548240, -69.185328
549120, -68.913861
550000, -68.634964
550880, -68.352839
551760, -68.063780
552640, -67.771976
553520, -67.473705
554400, -67.173152
555280, -66.866631
556160, -66.558341
557040, -66.244590
557920, -65.929601
558800, -65.609717
559680, -65.289131
560560, -64.964193
561440, -64.639145
562320, -64.310279
563200, -63.981810
564080, -63.650105
564960, -63.319279
565840, -62.985644
566720, -62.653406
567600, -62.318737
568480, -61.985752
569360, -61.650742
570240, -61.317629
571120, -60.982579
572000, -60.649666
572880, -60.314807
573760, -59.981908
574640, -59.647084
575520, -59.313920
576400, -58.978322
577280, -58.644122
578160, -58.306824
579040, -57.969988
579920, -57.629413
580800, -57.288149
581680, -56.941663
582560, -56.593282
583440, -56.237827
584320, -55.878247
585200, -55.509456
586080, -55.133561
586960, -54.745146
587840, -54.345792
588720, -53.928960
589600, -53.495853
590480, -53.038270
591360, -52.556082
592240, -52.038957
593120, -51.484219
594000, -50.877992
594880, -50.212799
595760, -49.468848
596640, -48.628985
597520, -47.661298
598400, -46.531015
599280, -45.179891
600160, -43.534965
601040, -41.480593
601920, -38.859400
602800, -35.437383
603680, -30.907823
604560, -24.913891
605440, -17.252534
606320, -8.318926
607200, 0.377923
608080, 6.708337
608960, 9.571319
609840, 9.509335
610720, 7.608852
611600, 4.682699
612480, 1.196260
613360, -2.574554
614240, -6.467807
615120, -10.376353
616000, -14.241359
616880, -18.023634
617760, -21.711130
618640, -25.300550
619520, -28.808568
620400, -32.257585
621280, -35.691317
622160, -39.156949
623040, -42.715709
623920, -46.416239
624800, -50.286025
625680, -54.278450
626560, -58.243486
627440, -61.902489
628320, -64.944640
629200, -67.167080
630080, -68.586355
630960, -69.368092
631840, -69.721988
632720, -69.810309
633600, -69.747018
634480, -69.593890
635360, -69.391833
636240, -69.157396
637120, -68.905629
638000, -68.638863
638880, -68.364451
639760, -68.080594
640640, -67.792420
641520, -67.496901
642400, -67.198486
643280, -66.893796
644160, -66.587078
645040, -66.274824
645920, -65.961222
646800, -65.642758
647680, -65.323567
648560, -65.000116
649440, -64.676585
650320, -64.349385
651200, -64.022658
652080, -63.692882
652960, -63.364122
653840, -63.032797
654720, -62.703044
655600, -62.371182
656480, -62.041251
657360, -61.709662
658240, -61.380318
659120, -61.049501
660000, -60.721223
660880, -60.391602
661760, -60.064473
662640, -59.736090
663520, -59.410098
664400, -59.082526
665280, -58.757172
666160, -58.429868
667040, -58.104116
667920, -57.775912
668800, -57.448558
669680, -57.117671
670560, -56.786703
671440, -56.451058
672320, -56.113689
673200, -55.770134
674080, -55.423029
674960, -55.067257
675840, -54.705598
676720, -54.332270
677600, -53.949170
678480, -53.550592
679360, -53.137102
680240, -52.701963
681120, -52.244718
682000, -51.756723
682880, -51.235673
683760, -50.670066
684640, -50.053793
685520, -49.370972
686400, -48.608199
687280, -47.739843
688160, -46.740443
689040, -45.565895
689920, -44.163945
690800, -42.452759
691680, -40.325032
692560, -37.621538
693440, -34.134454
694320, -29.596827
695200, -23.760628
696080, -16.577612
696960, -8.585061
697840, -1.141489
698720, 4.105089
699600, 6.399104
700480, 6.161612
701360, 4.254270
702240, 1.367273
703120, -2.057390
704000, -5.758373
704880, -9.569410
705760, -13.393845
706640, -17.167870
707520, -20.862819
708400, -24.463101
709280, -27.977454
710160, -31.420380
711040, -34.830116
711920, -38.247602
712800, -41.730253
713680, -45.326388
714560, -49.071837
715440, -52.944629
716320, -56.838324
717200, -60.524832
718080, -63.715066
718960, -66.171062
719840, -67.837586
720720, -68.824590
721600, -69.324027
722480, -69.505866
723360, -69.498996
724240, -69.378572
725120, -69.194723
726000, -68.969987
726880, -68.722869
727760, -68.457881
728640, -68.183522
729520, -67.898813
730400, -67.609212
731280, -67.312045
732160, -67.011834
733040, -66.705402
733920, -66.396945
734800, -66.083109
735680, -65.768024
736560, -65.448265
737440, -65.127907
738320, -64.803535
739200, -64.479200
740080, -64.151441
740960, -63.824326
741840, -63.494379
742720, -63.165595
743600, -62.834514
744480, -62.505110
745360, -62.173821
746240, -61.844625
747120, -61.513940
748000, -61.185598
748880, -60.856016
749760, -60.529011
750640, -60.200809
751520, -59.875210
752400, -59.548452
753280, -59.224081
754160, -58.898298
755040, -58.574709
755920, -58.249193
756800, -57.925262
757680, -57.598939
758560, -57.273320
759440, -56.944252
760320, -56.615064
761200, -56.281069
762080, -55.945302
762960, -55.603364
763840, -55.257594
764720, -54.903182
765600, -54.542633
766480, -54.170226
767360, -53.788001
768240, -53.389852
769120, -52.976580
770000, -52.541685
770880, -52.084173
771760, -51.595868
772640, -51.073790
773520, -50.507012
774400, -49.888739
775280, -49.203074
776160, -48.436811
777040, -47.563924
777920, -46.558549
778800, -45.376549
779680, -43.965704
780560, -42.244669
781440, -40.106487
782320, -37.394223
783200, -33.904847
784080, -29.382615
784960, -23.599670
785840, -16.535509
786720, -8.739957
787600, -1.530754
788480, 3.530663
789360, 5.736263
790240, 5.480956
791120, 3.583969
792000, 0.714934
792880, -2.690099
793760, -6.371064
794640, -10.161776
795520, -13.965592
796400, -17.719158
797280, -21.394950
798160, -24.977696
799040, -28.475699
799920, -31.906951
800800, -35.308488
801680, -38.723475
802560, -42.208675
803440, -45.810341
804320, -49.559297
805200, -53.422969
806080, -57.282506
806960, -60.901439
807840, -63.995145
808720, -66.345049
809600, -67.918707
810480, -68.838699
811360, -69.295534
812240, -69.452345
813120, -69.431143
814000, -69.302464
814880, -69.113545
815760, -68.885485
816640, -68.635884
817520, -68.368945
818400, -68.092869
819280, -67.806668
820160, -67.515650
821040, -67.217216
821920, -66.915790
822800, -66.608273
823680, -66.298777
824560, -65.984043
825440, -65.668113
826320, -65.347641
827200, -65.026624
828080, -64.701745
828960, -64.376941
829840, -64.048857
830720, -63.721477
831600, -63.391386
832480, -63.062504
833360, -62.731472
834240, -62.402128
835120, -62.071022
836000, -61.742054
836880, -61.411673
837760, -61.083645
838640, -60.754499
839520, -60.427877
840400, -60.100133
841280, -59.775000
842160, -59.448703
843040, -59.124745
843920, -58.799449
844800, -58.476200
845680, -58.151026
846560, -57.827392
847440, -57.501250
848320, -57.175677
849200, -56.846666
850080, -56.517254
850960, -56.182935
851840, -55.846716
852720, -55.504043
853600, -55.157266
854480, -54.801741
855360, -54.439568
856240, -54.065236
857120, -53.680776
858000, -53.279761
858880, -52.863031
859760, -52.423712
860640, -51.960854
861520, -51.466233
862400, -50.936317
863280, -50.359965
864160, -49.729805
865040, -49.028978
865920, -48.244097
866800, -47.347561
867680, -46.311454
868560, -45.089243
869440, -43.625402
870320, -41.832331
871200, -39.596852
872080, -36.752671
872960, -33.088023
873840, -28.345606
874720, -22.322626
875600, -15.081149
876480, -7.316443
877360, -0.453345
878240, 4.047715
879120, 5.716988
880000, 5.084587
880880, 2.962053
881760, -0.032197
882640, -3.501673
883520, -7.210007
884400, -11.004943
885280, -14.798844
886160, -18.535209
887040, -22.190200
887920, -25.751924
888800, -29.232821
889680, -32.652596
890560, -36.052044
891440, -39.475315
892320, -42.980103
893200, -46.609805
894080, -50.385508
894960, -54.258115
895840, -58.084998
896720, -61.610873
897600, -64.554281
898480, -66.731251
899360, -68.150424
900240, -68.955385
901120, -69.336627
902000, -69.447351
902880, -69.398986
903760, -69.254442
904640, -69.056020
905520, -68.822089
906400, -68.568580
907280, -68.298922
908160, -68.020751
909040, -67.732909
909920, -67.440464
910800, -67.140831
911680, -66.838299
912560, -66.529830
913440, -66.219434
914320, -65.903940
915200, -65.587283
916080, -65.266213
916960, -64.944640
917840, -64.619325
918720, -64.294115
919600, -63.965753
920480, -63.638125
921360, -63.307893
922240, -62.978898
923120, -62.647869
924000, -62.318526
924880, -61.987525
925760, -61.658678
926640, -61.328479
927520, -61.000627
928400, -60.671754
929280, -60.345341
930160, -60.017860
931040, -59.692976
931920, -59.366914
932800, -59.043123
933680, -58.718044
934560, -58.394860
935440, -58.069736
936320, -57.746083
937200, -57.419801
938080, -57.093937
938960, -56.764617
939840, -56.434613
940720, -56.099579
941600, -55.762484
942480, -55.418640
943360, -55.070392
944240, -54.713240
945120, -54.348907
946000, -53.972062
946880, -53.584594
947760, -53.179916
948640, -52.758859
949520, -52.314168
950400, -51.844884
951280, -51.342265
952160, -50.802723
953040, -50.214352
953920, -49.569614
954800, -48.850464
955680, -48.042138
956560, -47.116355
957440, -46.042572
958320, -44.771182
959200, -43.240941
960080, -41.358229
960960, -39.000170
961840, -35.989584
962720, -32.103059
963600, -27.083426
964480, -20.764165
965360, -13.319918
966240, -5.626830
967120, 0.794060
968000, 4.640353
968880, 5.714696
969760, 4.675062
970640, 2.309796
971520, -0.819863
972400, -4.359292
973280, -8.097168
974160, -11.896765
975040, -15.680636
975920, -19.398814
976800, -23.032140
977680, -26.572582
978560, -30.036873
979440, -33.447045
980320, -36.847568
981200, -40.284407
982080, -43.814574
982960, -47.477301
983840, -51.282370
984720, -55.160401
985600, -58.942302
986480, -62.355344
987360, -65.129879
988240, -67.122732
989120, -68.383076
990000, -69.072657
990880, -69.379158
991760, -69.444637
992640, -69.369634
993520, -69.209494
994400, -69.001695
995280, -68.761953
996160, -68.504575
997040, -68.232231
997920, -67.952001
998800, -67.662552
999680, -67.368722
1000560, -67.067935
1001440, -66.764346
1002320, -66.454970
1003200, -66.143722
1004080, -65.827511
1004960, -65.510170
1005840, -65.188541
1006720, -64.866447
1007600, -64.540721
1008480, -64.215131
1009360, -63.886512
1010240, -63.558639
1011120, -63.228272
1012000, -62.899173
1012880, -62.568121
1013760, -62.238766
1014640, -61.907859
1015520, -61.579079
1016400, -61.249025
1017280, -60.921323
1018160, -60.592628
1019040, -60.266361
1019920, -59.939097
1020800, -59.614356
1021680, -59.288451
1022560, -58.964771
1023440, -58.639809
1024320, -58.316615
1025200, -57.991480
1026080, -57.667740
1026960, -57.341256
1027840, -57.015045
1028720, -56.685356
1029600, -56.354697
1030480, -56.018881
1031360, -55.680835
1032240, -55.335737
1033120, -54.985925
1034000, -54.626994
1034880, -54.260350
1035760, -53.880833
1036640, -53.489918
1037520, -53.081194
1038400, -52.655456
1039280, -52.205026
1040160, -51.728923
1041040, -51.217850
1041920, -50.668152
1042800, -50.067110
1043680, -49.407004
1044560, -48.668531
1045440, -47.835268
1046320, -46.877312
1047200, -45.761841
1048080, -44.435135
1048960, -42.830844
1049840, -40.848271
1050720, -38.354186
1051600, -35.158328
1052480, -31.026893
1053360, -25.707695
1054240, -19.086980
1055120, -11.474305
1056000, -3.934240
1056880, 1.962120
1057760, 5.126364
1058640, 5.626183
1059520, 4.207891
1060400, 1.620406
1061280, -1.632140
1062160, -5.233883
1063040, -8.996416
1063920, -12.797561
1064800, -16.569518
1065680, -20.268520
1066560, -23.879974
1067440, -27.400364
1068320, -30.849381
1069200, -34.252917
1070080, -37.657492
1070960, -41.111361
1071840, -44.670273
1072720, -48.367652
1073600, -52.199849
1074480, -56.074632
1075360, -59.796238
1076240, -63.078869
1077120, -65.674310
1078000, -67.482519
1078880, -68.590631
1079760, -69.173245
1080640, -69.411725
1081520, -69.436419
1082400, -69.337462
1083280, -69.163262
1084160, -68.946950
1085040, -68.701880
1085920, -68.440912
1086800, -68.166048
1087680, -67.883867
1088560, -67.592882
1089440, -67.297721
1090320, -66.995820
1091200, -66.691211
1092080, -66.380961
1092960, -66.068892
1093840, -65.751991
1094720, -65.433994
1095600, -65.111829
1096480, -64.789239
1097360, -64.463125
1098240, -64.137177
1099120, -63.808320
1100000, -63.480220
1100880, -63.149734
1101760, -62.820545
1102640, -62.489483
1103520, -62.160127
1104400, -61.829323
1105280, -61.500617
1106160, -61.170712
1107040, -60.843162
1107920, -60.514645
1108800, -60.188521
1109680, -59.861469
1110560, -59.536842
1111440, -59.211071
1112320, -58.887484
1113200, -58.562556
1114080, -58.239295
1114960, -57.914106
1115840, -57.590112
1116720, -57.263312
1117600, -56.936675
1118480, -56.606409
1119360, -56.274953
1120240, -55.938250
1121120, -55.599001
1122000, -55.252465
1122880, -54.900951
1123760, -54.539875
1124640, -54.170642
1125520, -53.788227
1126400, -53.393654
1127280, -52.980676
1128160, -52.549952
1129040, -52.093467
1129920, -51.610206
1130800, -51.090274
1131680, -50.529945
1132560, -49.915637
1133440, -49.238915
1134320, -48.479791
1135200, -47.620026
1136080, -46.627634
1136960, -45.466868
1137840, -44.080274
1138720, -42.396326
1139600, -40.305160
1140480, -37.662558
1141360, -34.265759
1142240, -29.871969
1143120, -24.241980
1144000, -17.331544
1144880, -9.609574
1145760, -2.317901
1146640, 2.983344
1147520, 5.465553
1148400, 5.431196
1149280, 3.673899
1150160, 0.890581
1151040, -2.468422
1151920, -6.122328
1152800, -9.903167
1153680, -13.702195
1154560, -17.459886
1155440, -21.138521
1156320, -24.727862
1157200, -28.229021
1158080, -31.664230
1158960, -35.063526
1159840, -38.475114
1160720, -41.949104
1161600, -45.539314
1162480, -49.271513
1163360, -53.126336
1164240, -56.986645
1165120, -60.631143
1166000, -63.767836
1166880, -66.176833
1167760, -67.804685
1168640, -68.770437
1169520, -69.255705
1170400, -69.433265
1171280, -69.421701
1172160, -69.301465
1173040, -69.114725
1173920, -68.890752
1174800, -68.640832
1175680, -68.376546
1176560, -68.099320
1177440, -67.815283
1178320, -67.522823
1179200, -67.226373
1180080, -66.923390
1180960, -66.617778
1181840, -66.306672
1182720, -65.993801
1183600, -65.676230
1184480, -65.357595
1185360, -65.034915
1186240, -64.711850
1187120, -64.385365
1188000, -64.059079
1188880, -63.730003
1189760, -63.401696
1190640, -63.071107
1191520, -62.741846
1192400, -62.410789
1193280, -62.081448
1194160, -61.750761
1195040, -61.422141
1195920, -61.092397
1196800, -60.765011
1197680, -60.436680
1198560, -60.110707
1199440, -59.783872
1200320, -59.459363
1201200, -59.133727
1202080, -58.810235
1202960, -58.485339
1203840, -58.162007
1204720, -57.836758
1205600, -57.512503
1206480, -57.185375
1207360, -56.858299
1208240, -56.527403
1209120, -56.195105
1210000, -55.857479
1210880, -55.516931
1211760, -55.168877
1212640, -54.815595
1213520, -54.452308
1214400, -54.080418
1215280, -53.695035
1216160, -53.296720
1217040, -52.879390
1217920, -52.443176
1218800, -51.980214
1219680, -51.489316
1220560, -50.960056
1221440, -50.388386
1222320, -49.760080
1223200, -49.065471
1224080, -48.284386
1224960, -47.396597
1225840, -46.367878
1226720, -45.159376
1227600, -43.709710
1228480, -41.940137
1229360, -39.733014
1230240, -36.931919
1231120, -33.321581
1232000, -28.653359
1232880, -22.710974
1233760, -15.538979
1234640, -7.780980
1235520, -0.831184
1236400, 3.830004
1237280, 5.654583
1238160, 5.137381
1239040, 3.082904
1239920, 0.130402
1240800, -3.319141
1241680, -7.015295
1242560, -10.808343
1243440, -14.601665
1244320, -18.343177
1245200, -22.000709
1246080, -25.568113
1246960, -29.051077
1247840, -32.474265
1248720, -35.871746
1249600, -39.293752
1250480, -42.790762
1251360, -46.413770
1252240, -50.179535
1253120, -54.050593
1254000, -57.883563
1254880, -61.433577
1255760, -64.411645
1256640, -66.632286
1257520, -68.087329
1258400, -68.922121
1259280, -69.320201
1260160, -69.444015
1261040, -69.400675
1261920, -69.261786
1262800, -69.064000
1263680, -68.833211
1264560, -68.578916
1265440, -68.311588
1266320, -68.032163
1267200, -67.746372
1268080, -67.452503
1268960, -67.154811
1269840, -66.850780
1270720, -66.544194
1271600, -66.232256
1272480, -65.918606
1273360, -65.600374
1274240, -65.281119
1275120, -64.957940
1276000, -64.634411
1276880, -64.307572
1277760, -63.980967
1278640, -63.651686
1279520, -63.323189
1280400, -62.992518
1281280, -62.663203
1282160, -62.332169
1283040, -62.002861
1283920, -61.672308
1284800, -61.343793
1285680, -61.014224
1286560, -60.687018
1287440, -60.358884
1288320, -60.033074
1289200, -59.706467
1290080, -59.382083
1290960, -59.056589
1291840, -58.733196
1292720, -58.408333
1293600, -58.084931
1294480, -57.759623
1295360, -57.435102
1296240, -57.107641
1297120, -56.780121
1298000, -56.448584
1298880, -56.115434
1299760, -55.776871
1300640, -55.435007
1301520, -55.085415
1302400, -54.730344
1303280, -54.364815
1304160, -53.990236
1305040, -53.601807
1305920, -53.199676
1306800, -52.777918
1307680, -52.336124
1308560, -51.866581
1309440, -51.367418
1310320, -50.828307
1311200, -50.244263
1312080, -49.601035
1312960, -48.887591
1313840, -48.082754
1314720, -47.165108
1315600, -46.097943
1316480, -44.839088
1317360, -43.321947
1318240, -41.460848
1319120, -39.128368
1320000, -36.156533
1320880, -32.317850
1321760, -27.361908
1322640, -21.106946
1323520, -13.707330
1324400, -5.993596
1325280, 0.525582
1326160, 4.514901
1327040, 5.712947
1327920, 4.759937
1328800, 2.443525
1329680, -0.656280
1330560, -4.182848
1331440, -7.912727
1332320, -11.712953
1333200, -15.497426
1334080, -19.221079
1334960, -22.856918
1335840, -26.403457
1336720, -29.869325
1337600, -33.283002
1338480, -36.681152
1339360, -40.116547
1340240, -43.639331
1341120, -47.296354
1342000, -51.093606
1342880, -54.973125
1343760, -58.764291
1344640, -62.203086
1345520, -65.011726
1346400, -67.044564
1347280, -68.335610
1348160, -69.049997
1349040, -69.369694
1349920, -69.445807
1350800, -69.374404
1351680, -69.219022
1352560, -69.011410
1353440, -68.774490
1354320, -68.516211
1355200, -68.246067
1356080, -67.964576
1356960, -67.677112
1357840, -67.381887
1358720, -67.082993
1359600, -66.777944
1360480, -66.470411
1361360, -66.157664
1362240, -65.843257
1363120, -65.524385
1364000, -65.204529
1364880, -64.880872
1365760, -64.556889
1366640, -64.229710
1367520, -63.902803
1368400, -63.573316
1369280, -63.244637
1370160, -62.913897
1371040, -62.584511
1371920, -62.253498
1372800, -61.924234
1373680, -61.593783
1374560, -61.265362
1375440, -60.935973
1376320, -60.608905
1377200, -60.280954
1378080, -59.955310
1378960, -59.628891
1379840, -59.304619
1380720, -58.979268
1381600, -58.655959
1382480, -58.331125
1383360, -58.007661
1384240, -57.682304
1385120, -57.357532
1386000, -57.029750
1386880, -56.701800
1387760, -56.369629
1388640, -56.035633
1389520, -55.696136
1390400, -55.352953
1391280, -55.001813
1392160, -54.644943
1393040, -54.277152
1393920, -53.899858
1394800, -53.508017
1395680, -53.101788
1396560, -52.675373
1397440, -52.227782
1398320, -51.751443
1399200, -51.243767
1400080, -50.694521
1400960, -50.097748
1401840, -49.439173
1402720, -48.706343
1403600, -47.876592
1404480, -46.926999
1405360, -45.818726
1406240, -44.505365
1407120, -42.915005
1408000, -40.955328
1408880, -38.488707
1409760, -35.333892
1410640, -31.252728
1411520, -25.998375
1412400, -19.437079
1413280, -11.857484
1414160, -4.277105
1415040, 1.730591
1415920, 5.036546
1416800, 5.649864
1417680, 4.307969
1418560, 1.762447
1419440, -1.464377
1420320, -5.055713
1421200, -8.811816
1422080, -12.614745
1422960, -16.387791
1423840, -20.092344
1424720, -23.706238
1425600, -27.232571
1426480, -30.682746
1427360, -34.089313
1428240, -37.490914
1429120, -40.942636
1430000, -44.493848
1430880, -48.185608
1431760, -52.011177
1432640, -55.889864
1433520, -59.623479
1434400, -62.935119
1435280, -65.565967
1436160, -67.413005
1437040, -68.549668
1437920, -69.154902
1438800, -69.405018
1439680, -69.439274
1440560, -69.343345
1441440, -69.173511
1442320, -68.957233
1443200, -68.714836
1444080, -68.452947
1444960, -68.180209
1445840, -67.896788
1446720, -67.607736
1447600, -67.311214
1448480, -67.011162
1449360, -66.705131
1450240, -66.396681
1451120, -66.083150
1452000, -65.768012
1452880, -65.448521
1453760, -65.128087
1454640, -64.803972
1455520, -64.479557
1456400, -64.152058
1457280, -63.824870
1458160, -63.495193
1459040, -63.166351
1459920, -62.835558
1460800, -62.506118
1461680, -62.175141
1462560, -61.845935
1463440, -61.515594
1464320, -61.187279
1465200, -60.858079
1466080, -60.531145
1466960, -60.203375
1467840, -59.877898
1468720, -59.551631
1469600, -59.227451
1470480, -58.902230
1471360, -58.578913
1472240, -58.254052
1473120, -57.930491
1474000, -57.604936
1474880, -57.279817
1475760, -56.951655
1476640, -56.623130
1477520, -56.290230
1478400, -55.955327
1479280, -55.614727
1480160, -55.270108
1481040, -54.917338
1481920, -54.558319
1482800, -54.188009
1483680, -53.807802
1484560, -53.412371
1485440, -53.001877
1486320, -52.570637
1487200, -52.117054
1488080, -51.633693
1488960, -51.117221
1489840, -50.557498
1490720, -49.947555
1491600, -49.272764
1492480, -48.519601
1493360, -47.663790
1494240, -46.680216
1495120, -45.527320
1496000, -44.154855
1496880, -42.485951
1497760, -40.419079
1498640, -37.805878
1499520, -34.452702
1500400, -30.111956
1501280, -24.547350
1502160, -17.692837
1503040, -9.989382
1503920, -2.636758
1504800, 2.788634
1505680, 5.409646
1506560, 5.478446
1507440, 3.788399
1508320, 1.041221
1509200, -2.295770
1510080, -5.941481
1510960, -9.717470
1511840, -13.519094
1512720, -17.278372
1513600, -20.962687
1514480, -24.554633
1515360, -28.061423
1516240, -31.497363
1517120, -34.899028
1518000, -38.307427
1518880, -41.778660
1519760, -45.360688
1520640, -49.087433
1521520, -52.937029
1522400, -56.803330
1523280, -60.462757
1524160, -63.631652
1525040, -66.077118
1525920, -67.742923
1526800, -68.735253
1527680, -69.241156
1528560, -69.428967
1529440, -69.426021
1530320, -69.308318
1531200, -69.125602
1532080, -68.901533
1532960, -68.654151
1533840, -68.388931
1534720, -68.113762
1535600, -67.828507
1536480, -67.537931
1537360, -67.240153
1538240, -66.938974
1539120, -66.631979
1540000, -66.322631
1540880, -66.008336
1541760, -65.692486
1542640, -65.372396
1543520, -65.051403
1544400, -64.726849
1545280, -64.402022
1546160, -64.074220
1547040, -63.746770
1547920, -63.416921
1548800, -63.087934
1549680, -62.757104
1550560, -62.427626
1551440, -62.096700
1552320, -61.767568
1553200, -61.437349
1554080, -61.109151
1554960, -60.780151
1555840, -60.453360
1556720, -60.125777
1557600, -59.800476
1558480, -59.474364
1559360, -59.150278
1560240, -58.825189
1561120, -58.501863
1562000, -58.176969
1562880, -57.853309
1563760, -57.527531
1564640, -57.202046
1565520, -56.873485
1566400, -56.544293
1567280, -56.210594
1568160, -55.874731
1569040, -55.532876
1569920, -55.186706
1570800, -54.832214
1571680, -54.470952
1572560, -54.098036
1573440, -53.714832
1574320, -53.315714
1575200, -52.900847
1576080, -52.464188
1576960, -52.004124
1577840, -51.513303
1578720, -50.987585
1579600, -50.416830
1580480, -49.793090
1581360, -49.100700
1582240, -48.325807
1583120, -47.442336
1584000, -46.422804
1584880, -45.222743
1585760, -43.787861
1586640, -42.034770
1587520, -39.853824
1588400, -37.084867
1589280, -33.521291
1590160, -28.909242
1591040, -23.032589
1591920, -15.909516
1592800, -8.153282
1593680, -1.124243
1594560, 3.669323
1595440, 5.627280
1596320, 5.203210
1597200, 3.207975
1598080, 0.286558
1598960, -3.144116
1599840, -6.833746
1600720, -10.623272
1601600, -14.419675
1602480, -18.163004
1603360, -21.826139
1604240, -25.396691
1605120, -28.884803
1606000, -32.308742
1606880, -35.707794
1607760, -39.125992
1608640, -42.619550
1609520, -46.234031
1610400, -49.994727
1611280, -53.862172
1612160, -57.703228
1613040, -61.271643
1613920, -64.284555
1614800, -66.542167
1615680, -68.033289
1616560, -68.892375
1617440, -69.309026
1618320, -69.441717
1619200, -69.406079
1620080, -69.269250
1620960, -69.075158
1621840, -68.844145
1622720, -68.592256
1623600, -68.323978
1624480, -68.046536
1625360, -67.759545
1626240, -67.467505
1627120, -67.168513
1628000, -66.866239
1628880, -66.558301
1629760, -66.248076
1630640, -65.933035
1631520, -65.616482
1632400, -65.295805
1633280, -64.974271
1634160, -64.649291
1635040, -64.324067
1635920, -63.995981
1636800, -63.668289
1637680, -63.338287
1638560, -63.009175
1639440, -62.678329
1640320, -62.348833
1641200, -62.017975
1642080, -61.688935
1642960, -61.358856
1643840, -61.030791
1644720, -60.702006
1645600, -60.375371
1646480, -60.047987
1647360, -59.722872
1648240, -59.396922
1649120, -59.072938
1650000, -58.747987
1650880, -58.424655
1651760, -58.099730
1652640, -57.775971
1653520, -57.449968
1654400, -57.124112
1655280, -56.795147
1656160, -56.465277
1657040, -56.130767
1657920, -55.793930
1658800, -55.450801
1659680, -55.103057
1660560, -54.746818
1661440, -54.383280
1662320, -54.007717
1663200, -53.621475
1664080, -53.218613
1664960, -52.799308
1665840, -52.357134
1666720, -51.890478
1667600, -51.391483
1668480, -50.855927
1669360, -50.272894
1670240, -49.634261
1671120, -48.923156
1672000, -48.124818
1672880, -47.211849
1673760, -46.154176
1674640, -44.904209
1675520, -43.402763
1676400, -41.559234
1677280, -39.254363
1678160, -36.316444
1679040, -32.526571
1679920, -27.628229
1680800, -21.437583
1681680, -14.079552
1682560, -6.350684
1683440, 0.263670
1684320, 4.389245
1685200, 5.712728
1686080, 4.842675
1686960, 2.578124
1687840, -0.495107
1688720, -4.005644
1689600, -7.730689
1690480, -11.528555
1691360, -15.316683
1692240, -19.042467
1693120, -22.683887
1694000, -26.233439
1694880, -29.704051
1695760, -33.118268
1696640, -36.517357
1697520, -39.948307
1698400, -43.467199
1699280, -47.115675
1700160, -50.908653
1701040, -54.785863
1701920, -58.587645
1702800, -62.048402
1703680, -64.894153
1704560, -66.963551
1705440, -68.288750
1706320, -69.025205
1707200, -69.361635
1708080, -69.445446
1708960, -69.380964
1709840, -69.227249
1710720, -69.023050
1711600, -68.785808
1712480, -68.529819
1713360, -68.258718
1714240, -67.979148
1715120, -67.690507
1716000, -67.397065
1716880, -67.096901
1717760, -66.793567
1718640, -66.484716
1719520, -66.173641
1720400, -65.857877
1721280, -65.540642
1722160, -65.219399
1723040, -64.897345
1723920, -64.571946
1724800, -64.246342
1725680, -63.917988
1726560, -63.590047
1727440, -63.259899
1728320, -62.930676
1729200, -62.599798
1730080, -62.270285
1730960, -61.939506
1731840, -61.610537
1732720, -61.280593
1733600, -60.952670
1734480, -60.624072
1735360, -60.297587
1736240, -59.970407
1737120, -59.645459
1738000, -59.319667
1738880, -58.995790
1739760, -58.670982
1740640, -58.347653
1741520, -58.022707
1742400, -57.698863
1743280, -57.372644
1744160, -57.046425
1745040, -56.717063
1745920, -56.386518
1746800, -56.051195
1747680, -55.713384
1748560, -55.368971
1749440, -55.019643
1750320, -54.661643
1751200, -54.295809
1752080, -53.917573
1752960, -53.527925
1753840, -53.121039
1754720, -52.697071
1755600, -52.249173
1756480, -51.775719
1757360, -51.268294
1758240, -50.722618
1759120, -50.126962
1760000, -49.473027
1760880, -48.742681
1761760, -47.919536
1762640, -46.975128
1763520, -45.877114
1764400, -44.573879
1765280, -43.000456
1766160, -41.060373
1767040, -38.623832
1767920, -35.506382
1768800, -31.477978
1769680, -26.284700
1770560, -19.788056
1771440, -12.240043
1772320, -4.626544
1773200, 1.493809
1774080, 4.939588
1774960, 5.671848
1775840, 4.405362
1776720, 1.906315
1777600, -1.297057
1778480, -4.874365
1779360, -8.627118
1780240, -12.428457
1781120, -16.205510
1782000, -19.912379
1782880, -23.532192
1783760, -27.061311
1784640, -30.515696
1785520, -33.922179
1786400, -37.324286
1787280, -40.770869
1788160, -44.317485
1789040, -48.000585
1789920, -51.822727
1790800, -55.700562
1791680, -59.448134
1792560, -62.785621
1793440, -65.455087
1794320, -67.338769
1795200, -68.508151
1796080, -69.133784
1796960, -69.399237
1797840, -69.440331
1798720, -69.350748
1799600, -69.182312
1800480, -68.969238
1801360, -68.726463
1802240, -68.466776
1803120, -68.193088
1804000, -67.911533
1804880, -67.621331
1805760, -67.326547
1806640, -67.025258
1807520, -66.720901
1808400, -66.411166
1809280, -66.099268
1810160, -65.782807
1811040, -65.464913
1811920, -65.143126
1812800, -64.820574
1813680, -64.494777
1814560, -64.168812
1815440, -63.840211
1816320, -63.512041
1817200, -63.181763
1818080, -62.852447
1818960, -62.521549
1819840, -62.192032
1820720, -61.861345
1821600, -61.532447
1822480, -61.202642
1823360, -60.874869
1824240, -60.546440
1825120, -60.220098
1826000, -59.893120
1826880, -59.568287
1827760, -59.242623
1828640, -58.918839
1829520, -58.594059
1830400, -58.270667
1831280, -57.945663
1832160, -57.621616
1833040, -57.295108
1833920, -56.968488
1834800, -56.638636
1835680, -56.307359
1836560, -55.971189
1837440, -55.632305
1838320, -55.286541
1839200, -54.935580
1840080, -54.575556
1840960, -54.207236
1841840, -53.826179
1842720, -53.432956
1843600, -53.021893
1844480, -52.593116
1845360, -52.139324
1846240, -51.658883
1847120, -51.142788
1848000, -50.586705
1848880, -49.978052
1849760, -49.308228
1850640, -48.557950
1851520, -47.709121
1852400, -46.731276
1853280, -45.589257
1854160, -44.227810
1855040, -42.576924
1855920, -40.531194
1856800, -37.950316
1857680, -34.637569
1858560, -30.352806
1859440, -24.851372
1860320, -18.056770
1861200, -10.370954
1862080, -2.965672
1862960, 2.586122
1863840, 5.345197
1864720, 5.523258
1865600, 3.899751
1866480, 1.193219
1867360, -2.124082
1868240, -5.757943
1869120, -9.532008
1870000, -13.332853
1870880, -17.096500
1871760, -20.783295
1872640, -24.381517
1873520, -27.890812
1874400, -31.331002
1875280, -34.731943
1876160, -38.140337
1877040, -41.605788
1877920, -45.182674
1878800, -48.900990
1879680, -52.747638
1880560, -56.615382
1881440, -60.292312
1882320, -63.490408
1883200, -65.975818
1884080, -67.677234
1884960, -68.699941
1885840, -69.224086
1886720, -69.425601
1887600, -69.428516
1888480, -69.316524
1889360, -69.134901
1890240, -68.913807
1891120, -68.665974
1892000, -68.402857
1892880, -68.126737
1893760, -67.843290
1894640, -67.551584
1895520, -67.255498
1896400, -66.953112
1897280, -66.647749
1898160, -66.337148
1899040, -66.024444
1899920, -65.707303
1900800, -65.388770
1901680, -65.066455
1902560, -64.743425
1903440, -64.417246
1904320, -64.090939
1905200, -63.762107
1906080, -63.433726
1906960, -63.103334
1907840, -62.773943
1908720, -62.443039
1909600, -62.113533
1910480, -61.782953
1911360, -61.454139
1912240, -61.124485
1913120, -60.796874
1914000, -60.468622
1914880, -60.142430
1915760, -59.815662
1916640, -59.490946
1917520, -59.165412
1918400, -58.841724
1919280, -58.516971
1920160, -58.193511
1921040, -57.868444
1921920, -57.544140
1922800, -57.217303
1923680, -56.890251
1924560, -56.559769
1925440, -56.227661
1926320, -55.890570
1927200, -55.550400
1928080, -55.203125
1928960, -54.850413
1929840, -54.488189
1930720, -54.117234
1931600, -53.733225
1932480, -53.336290
1933360, -52.920902
1934240, -52.486786
1935120, -52.026639
1936000, -51.538780
1936880, -51.013549
1937760, -50.446550
1938640, -49.824282
1939520, -49.136986
1940400, -48.365197
1941280, -47.488901
1942160, -46.475427
1943040, -45.286592
1943920, -43.863266
1944800, -42.129293
1945680, -39.970793
1946560, -37.236063
1947440, -33.715152
1948320, -29.160907
1949200, -23.346785
1950080, -16.278317
1950960, -8.525986
1951840, -1.425311
1952720, 3.502180
1953600, 5.592678
1954480, 5.267426
1955360, 3.330470
1956240, 0.444363
1957120, -2.969636
1958000, -6.649353
1958880, -10.438049
1959760, -14.234357
1960640, -17.982331
1961520, -21.648112
1962400, -25.224753
1963280, -28.715053
1964160, -32.143029
1965040, -35.540778
1965920, -38.958200
1966800, -42.445520
1967680, -46.054570
1968560, -49.807406
1969440, -53.672725
1970320, -57.518013
1971200, -61.107599
1972080, -64.152645
1972960, -66.450799
1973840, -67.975857
1974720, -68.862909
1975600, -69.295743
1976480, -69.440631
1977360, -69.409972
1978240, -69.278283
1979120, -69.085013
1980000, -68.856769
1980880, -68.604366
1981760, -68.338100
1982640, -68.059710
1983520, -67.774471
1984400, -67.481325
1985280, -67.183981
1986160, -66.880528
1987040, -66.574183
1987920, -66.262736
1988800, -65.949248
1989680, -65.631437
1990560, -65.312279
1991440, -64.989455
1992320, -64.665963
1993200, -64.339422
1994080, -64.012792
1994960, -63.683750
1995840, -63.355177
1996720, -63.024691
1997600, -62.695245
1998480, -62.364353
1999360, -62.034876
2000240, -61.704419
2001120, -61.375706
2002000, -61.046216
2002880, -60.718781
2003760, -60.390717
2004640, -60.064686
2005520, -59.738137
2006400, -59.413548
2007280, -59.088148
2008160, -58.764562
2009040, -58.439838
2009920, -58.116312
2010800, -57.791181
2011680, -57.466617
2012560, -57.139446
2013440, -56.811957
2014320, -56.480836
2015200, -56.147885
2016080, -55.809859
2016960, -55.468384
2017840, -55.119577
2018720, -54.765089
2019600, -54.400633
2020480, -54.027007
2021360, -53.640006
2022240, -53.239307
2023120, -52.819533
2024000, -52.379889
2024880, -51.913211
2025760, -51.417301
2026640, -50.882401
2027520, -50.303302
2028400, -49.666373
2029280, -48.960538
2030160, -48.165820
2031040, -47.260468
2031920, -46.209428
2032800, -44.971311
2033680, -43.482735
2034560, -41.659788
2035440, -39.379780
2036320, -36.478920
2037200, -32.735339
2038080, -27.898102
2038960, -21.769841
2039840, -14.457806
2040720, -6.715699
2041600, -0.010684
2042480, 4.255741
2043360, 5.705238
2044240, 4.924147
2045120, 2.710636
2046000, -0.331874
2046880, -3.828522
2047760, -7.545744
2048640, -11.343764
2049520, -15.132378
2050400, -18.863006
2051280, -22.507675
2052160, -26.063023
2053040, -29.535354
2053920, -32.952917
2054800, -36.350255
2055680, -39.779676
2056560, -43.291822
2057440, -46.934647
2058320, -50.720074
2059200, -54.596824
2060080, -58.405989
2060960, -61.891524
2061840, -64.771146
2062720, -66.880572
2063600, -68.237910
2064480, -69.000204
2065360, -69.351164
2066240, -69.445985
2067120, -69.385812
2068000, -69.236794
2068880, -69.033221
2069760, -68.798585
2070640, -68.542044
2071520, -68.272878
2072400, -67.992368
2073280, -67.705430
2074160, -67.410904
2075040, -67.112347
2075920, -66.807862
2076800, -66.500563
2077680, -66.188294
2078560, -65.874045
2079440, -65.555582
2080320, -65.235819
2081200, -64.912505
2082080, -64.588556
2082960, -64.261663
2083840, -63.934728
2084720, -63.605473
2085600, -63.276717
2086480, -62.946152
2087360, -62.616643
2088240, -62.285769
2089120, -61.956336
2090000, -61.625991
2090880, -61.297382
2091760, -60.968067
2092640, -60.640797
2093520, -60.312922
2094400, -59.987061
2095280, -59.660730
2096160, -59.336272
2097040, -59.011016
2097920, -58.687542
2098800, -58.362857
2099680, -58.039274
2100560, -57.714087
2101440, -57.389269
2102320, -57.061765
2103200, -56.733840
2104080, -56.402075
2104960, -56.068274
2105840, -55.729305
2106720, -55.386511
2107600, -55.036152
2108480, -54.679868
2109360, -54.313152
2110240, -53.936821
2111120, -53.546527
2112000, -53.141830
2112880, -52.717474
2113760, -52.272113
2114640, -51.798712
2115520, -51.294384
2116400, -50.749449
2117280, -50.157758
2118160, -49.505637
2119040, -48.780627
2119920, -47.961269
2120800, -47.024901
2121680, -45.934168
2122560, -44.643783
2123440, -43.084368
2124320, -41.166126
2125200, -38.756101
2126080, -35.678075
2126960, -31.698727
2127840, -26.568425
2128720, -20.132966
2129600, -12.621181
2130480, -4.975531
2131360, 1.251990
2132240, 4.839788
2133120, 5.688874
2134000, 4.501631
2134880, 2.046950
2135760, -1.129770
2136640, -4.695551
2137520, -8.442021
2138400, -12.244381
2139280, -16.022446
2140160, -19.734318
2141040, -23.357605
2141920, -26.892237
2142800, -30.348543
2143680, -33.757737
2144560, -37.157888
2145440, -40.602257
2146320, -44.141597
2147200, -47.819056
2148080, -51.633794
2148960, -55.513091
2149840, -59.271391
2150720, -62.637053
2151600, -65.341962
2152480, -67.265028
2153360, -68.464477
2154240, -69.113530
2155120, -69.391692
2156000, -69.442549
2156880, -69.356577
2157760, -69.192384
2158640, -68.979730
2159520, -68.739392
2160400, -68.479107
2161280, -68.207275
2162160, -67.924785
2163040, -67.636234
2163920, -67.340388
2164800, -67.040662
2165680, -66.735179
2166560, -66.426958
2167440, -66.113893
2168320, -65.798907
2169200, -65.479815
2170080, -65.159470
2170960, -64.835687
2171840, -64.511302
2172720, -64.184078
2173600, -63.856857
2174480, -63.527402
2175360, -63.198480
2176240, -62.867852
2177120, -62.538286
2178000, -62.207438
2178880, -61.878061
2179760, -61.547818
2180640, -61.219312
2181520, -60.890179
2182400, -60.563043
2183280, -60.235342
2184160, -59.909650
2185040, -59.583465
2185920, -59.259101
2186800, -58.933971
2187680, -58.610511
2188560, -58.285806
2189440, -57.962139
2190320, -57.636817
2191200, -57.311700
2192080, -56.983841
2192960, -56.655440
2193840, -56.323006
2194720, -55.988345
2195600, -55.648396
2196480, -55.304258
2197360, -54.952328
2198240, -54.594070
2199120, -54.224958
2200000, -53.845818
2200880, -53.452023
2201760, -53.043153
2202640, -52.614058
2203520, -52.162814
2204400, -51.682508
2205280, -51.169538
2206160, -50.614304
2207040, -50.009679
2207920, -49.341953
2208800, -48.597231
2209680, -47.752513
2210560, -46.783038
2211440, -45.648973
2212320, -44.301102
2213200, -42.665202
2214080, -40.643018
2214960, -38.091225
2215840, -34.820888
2216720, -30.588440
2217600, -25.152049
2218480, -18.415620
2219360, -10.754897
2220240, -3.297667
2221120, 2.374398
2222000, 5.275165
2222880, 5.562038
2223760, 4.009780
2224640, 1.342407
2225520, -1.951643
2226400, -5.575976
2227280, -9.344995
2228160, -13.147555
2229040, -16.912645
2229920, -20.604935
2230800, -24.206570
2231680, -27.721009
2232560, -31.162997
2233440, -34.565979
2234320, -37.971648
2235200, -41.434221
2236080, -45.003367
2236960, -48.716185
2237840, -52.556535
2238720, -56.428217
2239600, -60.119605
2240480, -63.349343
2241360, -65.871856
2242240, -67.611577
2243120, -68.662255
2244000, -69.207745
2244880, -69.420500
2245760, -69.432188
2246640, -69.323274
2247520, -69.145538
2248400, -68.924719
2249280, -68.679189
2250160, -68.415451
2251040, -68.141121
2251920, -67.856753
2252800, -67.566654
2253680, -67.269531
2254560, -66.968669
2255440, -66.662211
2256320, -66.353088
2257200, -66.039248
2258080, -65.723546
2258960, -65.403843
2259840, -65.082935
2260720, -64.758702
2261600, -64.433900
2262480, -64.106363
2263360, -63.778876
2264240, -63.449238
2265120, -63.120166
2266000, -62.789491
2266880, -62.459885
2267760, -62.129078
2268640, -61.799771
2269520, -61.469643
2270400, -61.141252
2271280, -60.812311
2272160, -60.485317
2273040, -60.157798
2273920, -59.832281
2274800, -59.506246
2275680, -59.181979
2276560, -58.856977
2277440, -58.533512
2278320, -58.208773
2279200, -57.885012
2280080, -57.559468
2280960, -57.233992
2281840, -56.905738
2282720, -56.576679
2283600, -56.243452
2284480, -55.907843
2285360, -55.566649
2286240, -55.220978
2287120, -54.867339
2288000, -54.506861
2288880, -54.135163
2289760, -53.753055
2290640, -53.355601
2291520, -52.942399
2292400, -52.508125
2293280, -52.050601
2294160, -51.563005
2295040, -51.040969
2295920, -50.474959
2296800, -49.856815
2297680, -49.171873
2298560, -48.405853
2299440, -47.533995
2300320, -46.529233
2301200, -45.348873
2302080, -43.939730
2302960, -42.222087
2303840, -40.088613
2304720, -37.384953
2305600, -33.908955
2306480, -29.409386
2307360, -23.660834
2308240, -16.644911
2309120, -8.901655
2310000, -1.729105
2310880, 3.328542
2311760, 5.555028
2312640, 5.327283
2313520, 3.452367
2314400, 0.599550
2315280, -2.794677
2316160, -6.467180
2317040, -10.252081
2317920, -14.050740
2318800, -17.800499
2319680, -21.472243
2320560, -25.052122
2321440, -28.547093
2322320, -31.976302
2323200, -35.375516
2324080, -38.789541
2324960, -42.273530
2325840, -45.874627
2326720, -49.621737
2327600, -53.482100
2328480, -57.334079
2329360, -60.941778
2330240, -64.020855
2331120, -66.356717
2332000, -67.918586
2332880, -68.831217
2333760, -69.283202
2334640, -69.437837
2335520, -69.414966
2336400, -69.285828
2337280, -69.096095
2338160, -68.867977
2339040, -68.617744
2339920, -68.350829
2340800, -68.074163
2341680, -67.788013
2342560, -67.496427
2343440, -67.198068
2344320, -66.896101
2345200, -66.588686
2346080, -66.278680
2346960, -65.964082
2347840, -65.647677
2348720, -65.327377
2349600, -65.005925
2350480, -64.681260
2351360, -64.356060
2352240, -64.028228
2353120, -63.700494
2354000, -63.370692
2354880, -63.041490
2355760, -62.710787
2356640, -62.381156
2357520, -62.050406
2358400, -61.721187
2359280, -61.391187
2360160, -61.062927
2361040, -60.734190
2361920, -60.407351
2362800, -60.080022
2363680, -59.754691
2364560, -59.428812
2365440, -59.104647
2366320, -58.779777
2367200, -58.456308
2368080, -58.131535
2368960, -57.807678
2369840, -57.481907
2370720, -57.156065
2371600, -56.827406
2372480, -56.497677
2373360, -56.163640
2374240, -55.827067
2375120, -55.484602
2376000, -55.137371
2376880, -54.781991
2377760, -54.419254
2378640, -54.044922
2379520, -53.659796
2380400, -53.258617
2381280, -52.841006
2382160, -52.401247
2383040, -51.937175
2383920, -51.441702
2384800, -50.910079
2385680, -50.332261
2386560, -49.699649
2387440, -48.996422
2388320, -48.207919
2389200, -47.307506
2390080, -46.265671
2390960, -45.036696
2391840, -43.563263
2392720, -41.757914
2393600, -39.504987
2394480, -36.638060
2395360, -32.942799
2396240, -28.163413
2397120, -22.101006
2398000, -14.834410
2398880, -7.084077
2399760, -0.288761
2400640, 4.113954
2401520, 5.693484
2402400, 5.000690
2403280, 2.842282
2404160, -0.171212
2405040, -3.650773
2405920, -7.362431
2406800, -11.157730
2407680, -14.949272
2408560, -18.682207
2409440, -22.332843
2410320, -25.891259
2411200, -29.368460
2412080, -32.786725
2412960, -36.185435
2413840, -39.610796
2414720, -43.118882
2415600, -46.753593
2416480, -50.533452
2417360, -54.406925
2418240, -58.225792
2419120, -61.733041
2420000, -64.648408
2420880, -66.795086
2421760, -68.187341
2422640, -68.973152
2423520, -69.341478
2424400, -69.444877
2425280, -69.391725
2426160, -69.244862
2427040, -69.044555
2427920, -68.809939
2428800, -68.555459
2429680, -68.285631
2430560, -68.006786
2431440, -67.718951
2432320, -67.425943
2433200, -67.126393
2434080, -66.823355
2434960, -66.515011
2435840, -66.204146
2436720, -65.888813
2437600, -65.571719
2438480, -65.250841
2439360, -64.928863
2440240, -64.603769
2441120, -64.278183
2442000, -63.950073
2442880, -63.622096
2443760, -63.292141
2444640, -62.962826
2445520, -62.632097
2446400, -62.302453
2447280, -61.971776
2448160, -61.642646
2449040, -61.312783
2449920, -60.984666
2450800, -60.656136
2451680, -60.329459
2452560, -60.002332
2453440, -59.677199
2454320, -59.351489
2455200, -59.027437
2456080, -58.702709
2456960, -58.379244
2457840, -58.054440
2458720, -57.730493
2459600, -57.404493
2460480, -57.078284
2461360, -56.749216
2462240, -56.418809
2463120, -56.083951
2464000, -55.746401
2464880, -55.402647
2465760, -55.053833
2466640, -54.696687
2467520, -54.331660
2468400, -53.954655
2469280, -53.566285
2470160, -53.161196
2471040, -52.739017
2471920, -52.293612
2472800, -51.822824
2473680, -51.319006
2474560, -50.777365
2475440, -50.187044
2476320, -49.539280
2477200, -48.816999
2478080, -48.003947
2478960, -47.072960
2479840, -45.991802
2480720, -44.711431
2481600, -43.168281
2482480, -41.268938
2483360, -38.887512
2484240, -35.845715
2485120, -31.917214
2486000, -26.846534
2486880, -20.474395
2487760, -12.999169
2488640, -5.327118
2489520, 1.005067
2490400, 4.731472
2491280, 5.701264
2492160, 4.592273
2493040, 2.185645
2493920, -0.966385
2494800, -4.517588
2495680, -8.259904
2496560, -12.060407
2497440, -15.841798
2498320, -19.556607
2499200, -23.185692
2500080, -26.723040
2500960, -32.714310
2501840, -36.987278
2502720, -41.073184
2503600, -45.303118
2504480, -49.816106
2505360, -54.644497
2506240, -59.674238
2507120, -64.540402
2508000, -68.715090
2508880, -71.785150
2509760, -73.738241
2510640, -74.844395
2511520, -75.429253
2512400, -75.718169
2513280, -75.854623
2514160, -75.906282
2515040, -75.917820
2515920, -75.902704
2516800, -75.877447
2517680, -75.841141
2518560, -75.802938
2519440, -75.758119
2520320, -75.713830
2521200, -75.664279
2522080, -75.616023
2522960, -75.562947
2523840, -75.511420
2524720, -75.455225
2525600, -75.400667
2526480, -75.341497
2527360, -75.283994
2528240, -75.221904
2529120, -75.161498
2530000, -75.096518
2530880, -75.033235
2531760, -74.965395
2532640, -74.899265
2533520, -74.828599
2534400, -74.759664
2535280, -74.686219
2536160, -74.614532
2537040, -74.538370
2537920, -74.464000
2538800, -74.385196
2539680, -74.308226
2540560, -74.226869
2541440, -74.147394
2542320, -74.063586
2543200, -73.981715
2544080, -73.895572
2544960, -73.811422
2545840, -73.723064
2546720, -73.636765
2547600, -73.546328
2548480, -73.458022
2549360, -73.365657
2550240, -73.275499
2551120, -73.181362
2552000, -73.089514
2552880, -72.993772
2553760, -72.900402
2554640, -72.803221
2555520, -72.708492
2556400, -72.610038
2557280, -72.514121
2558160, -72.414573
2559040, -72.317651
2559920, -72.217190
2560800, -72.119447
2561680, -72.018259
2562560, -71.919880
2563440, -71.818143
2564320, -71.719292
2565200, -71.617168
2566080, -71.518016
2566960, -71.415678
2567840, -71.316398
2568720, -71.214023
2569600, -71.114791
2570480, -71.012552
2571360, -70.913541
2572240, -70.811597
2573120, -70.712942
2574000, -70.611422
2574880, -70.513260
2575760, -70.412309
2576640, -70.314788
2577520, -70.214552
2578400, -70.117818
2579280, -70.018442
2580160, -69.922636
2581040, -69.824241
2581920, -69.729454
2582800, -69.632123
2583680, -69.538446
2584560, -69.442278
2585440, -69.349817
2586320, -69.254921
2587200, -69.163784
2588080, -69.070268
2588960, -68.980561
2589840, -68.888521
2590720, -68.800309
2591600, -68.709774
2592480, -68.623085
2593360, -68.534103
2594240, -68.448997
2595120, -68.361634
2596000, -68.278183
2596880, -68.192512
2597760, -68.110788
2598640, -68.026881
2599520, -67.946954
2600400, -67.864858
2601280, -67.786726
2602160, -67.706416
2603040, -67.630071
2603920, -67.551560
2604800, -67.477029
2605680, -67.400354
2606560, -67.327679
2607440, -67.252884
2608320, -67.182112
2609200, -67.109246
2610080, -67.040424
2610960, -66.969531
2611840, -66.902688
2612720, -66.833748
2613600, -66.768822
2614480, -66.701783
2615360, -66.638751
2616240, -66.573611
2617120, -66.512484
2618000, -66.449263
2618880, -66.390068
2619760, -66.328795
2620640, -66.271564
2621520, -66.212272
2622400, -66.157037
2623280, -66.099759
2624160, -66.046551
2625040, -65.991317
2625920, -65.940161
2626800, -65.886950
2627680, -65.837763
2628560, -65.786492
2629440, -65.739227
2630320, -65.689872
2631200, -65.644522
2632080, -65.597087
2632960, -65.553662
2633840, -65.508163
2634720, -65.466682
2635600, -65.423138
2636480, -65.383621
2637360, -65.342053
2638240, -65.304520
2639120, -65.264945
2640000, -65.229412
2640880, -65.191847
2641760, -65.158328
2642640, -65.122783
2643520, -65.091287
2644400, -65.057771
2645280, -65.028304
2646160, -64.996819
2647040, -64.969380
2647920, -64.939890
2648800, -64.914394
2649680, -64.886815
2650560, -64.863203
2651440, -64.837492
2652320, -64.815733
2653200, -64.791868
2654080, -64.771946
2654960, -64.749910
2655840, -64.731810
2656720, -64.711590
2657600, -64.695296
2658480, -64.676876
2659360, -64.662370
2660240, -64.645728
2661120, -64.632988
2662000, -64.618099
2662880, -64.607096
2663760, -64.593930
2664640, -64.584631
2665520, -64.573153
2666400, -64.565520
2667280, -64.555688
2668160, -64.549678
2669040, -64.541446
2669920, -64.537010
2670800, -64.530327
2671680, -64.527410
2672560, -64.522219
2673440, -64.520763
2674320, -64.517004
2675200, -64.516946
2676080, -64.514553
2676960, -64.515826
2677840, -64.514729
2678720, -64.517261
2679600, -64.517388
2680480, -64.521104
2681360, -64.522379
2682240, -64.527202
2683120, -64.529546
2684000, -64.535396
2684880, -64.538727
2685760, -64.545522
2686640, -64.549758
2687520, -64.557415
2688400, -64.562472
2689280, -64.570906
2690160, -64.576701
2691040, -64.585828
2691920, -64.592275
2692800, -64.602012
2693680, -64.609028
2694560, -64.619291
2695440, -64.626793
2696320, -64.637501
2697200, -64.645408
2698080, -64.656479
2698960, -64.664713
2699840, -64.676070
2700720, -64.684554
2701600, -64.696122
2702480, -64.704782
2703360, -64.716490
2704240, -64.725255
2705120, -64.737034
2706000, -64.745839
2706880, -64.757623
2707760, -64.766404
2708640, -64.778134
2709520, -64.786833
2710400, -64.798451
2711280, -64.807012
2712160, -64.818466
2713040, -64.826841
2713920, -64.838083
2714800, -64.846225
2715680, -64.857211
2716560, -64.865079
2717440, -64.875771
2718320, -64.883327
2719200, -64.893690
2720080, -64.900904
2720960, -64.910908
2721840, -64.917750
2722720, -64.927369
2723600, -64.933817
2724480, -64.943029
2725360, -64.949061
2726240, -64.957849
2727120, -64.963451
2728000, -64.971801
2728880, -64.976961
2729760, -64.984862
2730640, -64.989571
2731520, -64.997016
2732400, -65.001270
2733280, -65.008255
2734160, -65.012041
2735040, -65.018549
2735920, -65.021856
2736800, -65.027883
2737680, -65.030711
2738560, -65.036259
2739440, -65.038615
2740320, -65.043695
2741200, -65.045589
2742080, -65.050213
2742960, -65.051659
2743840, -65.055842
2744720, -65.056858
2745600, -65.060617
2746480, -65.061218
2747360, -65.064571
2748240, -65.064778
2749120, -65.067744
2750000, -65.067575
2750880, -65.070175
2751760, -65.069652
2752640, -65.071906
2753520, -65.071048
2754400, -65.072977
2755280, -65.071807
2756160, -65.073433
2757040, -65.071972
2757920, -65.073315
2758800, -65.071584
2759680, -65.072667
2760560, -65.070687
2761440, -65.071531
2762320, -65.069324
2763200, -65.069949
2764080, -65.067535
2764960, -65.067963
2765840, -65.065362
2766720, -65.065612
2767600, -65.062846
2768480, -65.062938
2769360, -65.060024
2770240, -65.059977
2771120, -65.056936
2772000, -65.056768
2772880, -65.053616
2773760, -65.053346
2774640, -65.050101
2775520, -65.049745
2776400, -65.046424
2777280, -65.045998
2778160, -65.042616
2779040, -65.042135
2779920, -65.038708
2780800, -65.038188
2781680, -65.034729
2782560, -65.034182
2783440, -65.030705
2784320, -65.030145
2785200, -65.026662
2786080, -65.026100
2786960, -65.022623
2787840, -65.022071
2788720, -65.018610
2789600, -65.018078
2790480, -65.014643
2791360, -65.014140
2792240, -65.010740
2793120, -65.010275
2794000, -65.006918
2794880, -65.006499
2795760, -65.003193
2796640, -65.002826
2797520, -64.999577
2798400, -64.999269
2799280, -64.996081
2800160, -64.995833
2801040, -64.992706
2801920, -64.992519
2802800, -64.989456
2803680, -64.989332
2804560, -64.986336
2805440, -64.986279
2806320, -64.983353
2807200, -64.983366
2808080, -64.980512
2808960, -64.980598
2809840, -64.977820
2810720, -64.977982
2811600, -64.975281
2812480, -64.975520
2813360, -64.972898
2814240, -64.973215
2815120, -64.970674
2816000, -64.971070
2816880, -64.968611
2817760, -64.969087
2818640, -64.966708
2819520, -64.967264
2820400, -64.964966
2821280, -64.965601
2822160, -64.963384
2823040, -64.964097
2823920, -64.961959
2824800, -64.962750
2825680, -64.960690
2826560, -64.961556
2827440, -64.959572
2828320, -64.960512
2829200, -64.958603
2830080, -64.959615
2830960, -64.957777
2831840, -64.958858
2832720, -64.957090
2833600, -64.958238
2834480, -64.956537
2835360, -64.957749
2836240, -64.956111
2837120, -64.957384
2838000, -64.955807
2838880, -64.957138
2839760, -64.955619
2840640, -64.957005
2841520, -64.955540
2842400, -64.956978
2843280, -64.955564
2844160, -64.957049
2845040, -64.955683
2845920, -64.957213
2846800, -64.955891
2847680, -64.957462
2848560, -64.956181
2849440, -64.957790
2850320, -64.956546
2851200, -64.958189
2852080, -64.956979
2852960, -64.958653
2853840, -64.957474
2854720, -64.959175
2855600, -64.958023
2856480, -64.959749
2857360, -64.958621
2858240, -64.960367
2859120, -64.959260
2860000, -64.961025
2860880, -64.959935
2861760, -64.961714
2862640, -64.960640
2863520, -64.962431
2864400, -64.961368
2865280, -64.963168
2866160, -64.962114
2867040, -64.963921
2867920, -64.962874
2868800, -64.964685
2869680, -64.963642
2870560, -64.965454
2871440, -64.964413
2872320, -64.966224
2873200, -64.965182
2874080, -64.966991
2874960, -64.965947
2875840, -64.967751
2876720, -64.966702
2877600, -64.968499
2878480, -64.967445
2879360, -64.969234
2880240, -64.968172
2881120, -64.969951
2882000, -64.968880
2882880, -64.970648
2883760, -64.969566
2884640, -64.971322
2885520, -64.970228
2886400, -64.971971
2887280, -64.970865
2888160, -64.972593
2889040, -64.971474
2889920, -64.973187
2890800, -64.972053
2891680, -64.973750
2892560, -64.972602
2893440, -64.974283
2894320, -64.973120
2895200, -64.974784
2896080, -64.973605
2896960, -64.975251
2897840, -64.974057
2898720, -64.975686
2899600, -64.974475
2900480, -64.976087
2901360, -64.974860
2902240, -64.976455
2903120, -64.975212
2904000, -64.976790
2904880, -64.975531
2905760, -64.977091
2906640, -64.975817
2907520, -64.977360
2908400, -64.976070
2909280, -64.977597
2910160, -64.976292
2911040, -64.977803
2911920, -64.976484
2912800, -64.977979
2913680, -64.976645
2914560, -64.978125
2915440, -64.976778
2916320, -64.978243
2917200, -64.976883
2918080, -64.978334
2918960, -64.976962
2919840, -64.978399
2920720, -64.977015
2921600, -64.978440
2922480, -64.977045
2923360, -64.978457
2924240, -64.977052
2925120, -64.978453
2926000, -64.977037
2926880, -64.978428
2927760, -64.977004
2928640, -64.978384
2929520, -64.976951
2930400, -64.978323
2931280, -64.976882
2932160, -64.978245
2933040, -64.976798
2933920, -64.978153
2934800, -64.976699
2935680, -64.978047
2936560, -64.976588
2937440, -64.977930
2938320, -64.976466
2939200, -64.977802
2940080, -64.976334
2940960, -64.977665
2941840, -64.976194
2942720, -64.977520
2943600, -64.976046
2944480, -64.977368
2945360, -64.975892
2946240, -64.977212
2947120, -64.975734
2948000, -64.977050
2948880, -64.975572
2949760, -64.976886
2950640, -64.975407
2951520, -64.976720
2952400, -64.975241
2953280, -64.976553
2954160, -64.975074
2955040, -64.976386
2955920, -64.974908
2956800, -64.976219
2957680, -64.974743
2958560, -64.976055
2959440, -64.974580
2960320, -64.975892
2961200, -64.974420
2962080, -64.975733
2962960, -64.974263
2963840, -64.975577
2964720, -64.974110
2965600, -64.975426
2966480, -64.973962
2967360, -64.975280
2968240, -64.973819
2969120, -64.975139
2970000, -64.973682
2970880, -64.975004
2971760, -64.973550
2972640, -64.974874
2973520, -64.973424
2974400, -64.974751
2975280, -64.973305
2976160, -64.974635
2977040, -64.973193
2977920, -64.974525
2978800, -64.973087
2979680, -64.974422
2980560, -64.972989
2981440, -64.974327
2982320, -64.972897
2983200, -64.974238
2984080, -64.972813
2984960, -64.974156
2985840, -64.972735
2986720, -64.974082
2987600, -64.972665
2988480, -64.974014
2989360, -64.972601
2990240, -64.973953
2991120, -64.972544
2992000, -64.973899
2992880, -64.972494
2993760, -64.973851
2994640, -64.972450
2995520, -64.973810
2996400, -64.972413
2997280, -64.973775
2998160, -64.972382
2999040, -64.973746
2999920, -64.972356
3000800, -64.973723
