# ./result/hh_runge_0660.txt
# dt = 660 [usec]
# t [usec], V [mV]
0, -65.000000
660, -64.998042
1320, -64.996158
1980, -64.994334
2640, -64.992563
3300, -64.990838
3960, -64.989155
4620, -64.987510
5280, -64.985903
5940, -64.984330
6600, -64.982792
7260, -64.981287
7920, -64.979815
8580, -64.978376
9240, -64.976971
9900, -64.975598
10560, -64.974258
11220, -64.972952
11880, -64.971678
12540, -64.970438
13200, -64.969231
13860, -64.968057
14520, -64.966917
15180, -64.965811
15840, -64.964738
16500, -64.963698
17160, -64.962693
17820, -64.961720
18480, -64.960781
19140, -64.959876
19800, -64.959004
20460, -64.958164
21120, -64.957358
21780, -64.956584
22440, -64.955844
23100, -64.955135
23760, -64.954458
24420, -64.953814
25080, -64.953201
25740, -64.952619
26400, -64.952068
27060, -64.951548
27720, -64.951058
28380, -64.950598
29040, -64.950168
29700, -64.949766
30360, -64.949394
31020, -64.949050
31680, -64.948734
32340, -64.948445
33000, -64.948184
33660, -64.947949
34320, -64.947740
34980, -64.947556
35640, -64.947398
36300, -64.947265
36960, -64.947156
37620, -64.947070
38280, -64.947008
38940, -64.946968
39600, -64.946950
40260, -64.946954
40920, -64.946979
41580, -64.947024
42240, -64.947090
42900, -64.947174
43560, -64.947278
44220, -64.947400
44880, -64.947539
45540, -64.947696
46200, -64.947870
46860, -64.948059
47520, -64.948265
48180, -64.948485
48840, -64.948720
49500, -64.948968
50160, -64.949230
50820, -64.949505
51480, -64.949792
52140, -64.950091
52800, -64.950401
53460, -64.950722
54120, -64.951053
54780, -64.951394
55440, -64.951744
56100, -64.952103
56760, -64.952469
57420, -64.952844
58080, -64.953226
58740, -64.953614
59400, -64.954008
60060, -64.954409
60720, -64.954814
61380, -64.955225
62040, -64.955640
62700, -64.956059
63360, -64.956481
64020, -64.956906
64680, -64.957334
65340, -64.957765
66000, -64.958197
66660, -64.958631
67320, -64.959066
67980, -64.959501
68640, -64.959937
69300, -64.960373
69960, -64.960809
70620, -64.961244
71280, -64.961677
71940, -64.962110
72600, -64.962541
73260, -64.962970
73920, -64.963397
74580, -64.963821
75240, -64.964242
75900, -64.964660
76560, -64.965075
77220, -64.965487
77880, -64.965894
78540, -64.966298
79200, -64.966697
79860, -64.967092
80520, -64.967482
81180, -64.967867
81840, -64.968248
82500, -64.968623
83160, -64.968992
83820, -64.969356
84480, -64.969715
85140, -64.970067
85800, -64.970413
86460, -64.970754
87120, -64.971088
87780, -64.971416
88440, -64.971737
89100, -64.972052
89760, -64.972360
90420, -64.972661
91080, -64.972956
91740, -64.973243
92400, -64.973524
93060, -64.973798
93720, -64.974065
94380, -64.974325
95040, -64.974578
95700, -64.974824
96360, -64.975062
97020, -64.975294
97680, -64.975518
98340, -64.975735
99000, -64.975945
99660, -64.976148
100320, -64.976344
100980, -64.976533
101640, -64.976715
102300, -64.976889
102960, -64.977057
103620, -64.977218
104280, -64.977372
104940, -64.977519
105600, -64.977659
106260, -64.977793
106920, -64.977920
107580, -64.978040
108240, -64.978154
108900, -64.978261
109560, -64.978362
110220, -64.978457
110880, -64.978545
111540, -64.978627
112200, -64.978704
112860, -64.978774
113520, -64.978838
114180, -64.978897
114840, -64.978950
115500, -64.978997
116160, -64.979039
116820, -64.979076
117480, -64.979107
118140, -64.979133
118800, -64.979154
119460, -64.979171
120120, -64.979182
120780, -64.979189
121440, -64.979191
122100, -64.979188
122760, -64.979182
123420, -64.979171
124080, -64.979156
124740, -64.979136
125400, -64.979113
126060, -64.979086
126720, -64.979056
127380, -64.979022
128040, -64.978984
128700, -64.978943
129360, -64.978899
130020, -64.978852
130680, -64.978802
131340, -64.978749
132000, -64.978693
132660, -64.978635
133320, -64.978574
133980, -64.978511
134640, -64.978445
135300, -64.978377
135960, -64.978307
136620, -64.978235
137280, -64.978162
137940, -64.978086
138600, -64.978009
139260, -64.977930
139920, -64.977850
140580, -64.977769
141240, -64.977686
141900, -64.977602
142560, -64.977517
143220, -64.977431
143880, -64.977344
144540, -64.977257
145200, -64.977169
145860, -64.977080
146520, -64.976990
147180, -64.976900
147840, -64.976810
148500, -64.976720
149160, -64.976629
149820, -64.976538
150480, -64.976448
151140, -64.976357
151800, -64.976266
152460, -64.976176
153120, -64.976085
153780, -64.975995
154440, -64.975906
155100, -64.975817
155760, -64.975728
156420, -64.975640
157080, -64.975552
157740, -64.975466
158400, -64.975380
159060, -64.975294
159720, -64.975210
160380, -64.975126
161040, -64.975043
161700, -64.974961
162360, -64.974881
163020, -64.974801
163680, -64.974722
164340, -64.974645
165000, -64.974568
165660, -64.974493
166320, -64.974419
166980, -64.974346
167640, -64.974274
168300, -64.974204
168960, -64.974135
169620, -64.974067
170280, -64.974001
170940, -64.973936
171600, -64.973873
172260, -64.973811
172920, -64.973750
173580, -64.973691
174240, -64.973633
174900, -64.973576
175560, -64.973521
176220, -64.973468
176880, -64.973416
177540, -64.973366
178200, -64.973317
178860, -64.973269
179520, -64.973223
180180, -64.973178
180840, -64.973135
181500, -64.973094
182160, -64.973054
182820, -64.973015
183480, -64.972978
184140, -64.972942
184800, -64.972908
185460, -64.972875
186120, -64.972844
186780, -64.972814
187440, -64.972786
188100, -64.972758
188760, -64.972733
189420, -64.972708
190080, -64.972685
190740, -64.972664
191400, -64.972643
192060, -64.972624
192720, -64.972607
193380, -64.972590
194040, -64.972575
194700, -64.972561
195360, -64.972548
196020, -64.972537
196680, -64.972526
197340, -64.972517
198000, -64.972509
198660, -64.972502
199320, -64.972496
199980, -64.972492
200640, -64.972488
201300, -64.972485
201960, -64.972483
202620, -64.972483
203280, -64.972483
203940, -64.972484
204600, -64.972486
205260, -64.972489
205920, -64.972493
206580, -64.972497
207240, -64.972503
207900, -64.972509
208560, -64.972516
209220, -64.972523
209880, -64.972532
210540, -64.972541
211200, -64.972551
211860, -64.972561
212520, -64.972572
213180, -64.972584
213840, -64.972596
214500, -64.972609
215160, -64.972622
215820, -64.972635
216480, -64.972650
217140, -64.972664
217800, -64.972679
218460, -64.972695
219120, -64.972711
219780, -64.972727
220440, -64.972743
221100, -64.972760
221760, -64.972777
222420, -64.972795
223080, -64.972813
223740, -64.972830
224400, -64.972849
225060, -64.972867
225720, -64.972885
226380, -64.972904
227040, -64.972923
227700, -64.972942
228360, -64.972961
229020, -64.972980
229680, -64.972999
230340, -64.973018
231000, -64.973038
231660, -64.973057
232320, -64.973076
232980, -64.973095
233640, -64.973115
234300, -64.973134
234960, -64.973153
235620, -64.973172
236280, -64.973191
236940, -64.973210
237600, -64.973229
238260, -64.973247
238920, -64.973266
239580, -64.973284
240240, -64.973302
240900, -64.973320
241560, -64.973338
242220, -64.973356
242880, -64.973373
243540, -64.973391
244200, -64.973408
244860, -64.973424
245520, -64.973441
246180, -64.973457
246840, -64.973474
247500, -64.973490
248160, -64.973505
248820, -64.973521
249480, -64.973536
250140, -64.973550
250800, -64.973565
251460, -64.973579
252120, -64.973593
252780, -64.973607
253440, -64.973620
254100, -64.973633
254760, -64.973646
255420, -64.973659
256080, -64.973671
256740, -64.973683
257400, -64.973694
258060, -64.973706
258720, -64.973717
259380, -64.973727
260040, -64.973737
260700, -64.973748
261360, -64.973757
262020, -64.973767
262680, -64.973776
263340, -64.973784
264000, -64.973793
264660, -64.973801
265320, -64.973809
265980, -64.973816
266640, -64.973824
267300, -64.973830
267960, -64.973837
268620, -64.973843
269280, -64.973849
269940, -64.973855
270600, -64.973861
271260, -64.973866
271920, -64.973871
272580, -64.973875
273240, -64.973879
273900, -64.973883
274560, -64.973887
275220, -64.973891
275880, -64.973894
276540, -64.973897
277200, -64.973900
277860, -64.973902
278520, -64.973904
279180, -64.973906
279840, -64.973908
280500, -64.973909
281160, -64.973911
281820, -64.973912
282480, -64.973913
283140, -64.973913
283800, -64.973914
284460, -64.973914
285120, -64.973914
285780, -64.973914
286440, -64.973913
287100, -64.973913
287760, -64.973912
288420, -64.973911
289080, -64.973910
289740, -64.973909
290400, -64.973907
291060, -64.973906
291720, -64.973904
292380, -64.973902
293040, -64.973900
293700, -64.973898
294360, -64.973896
295020, -64.973894
295680, -64.973891
296340, -64.973888
297000, -64.973886
297660, -64.973883
298320, -64.973880
298980, -64.973877
299640, -64.973874
300300, -64.973871
300960, -64.973868
301620, -64.973864
302280, -64.973861
302940, -64.973857
303600, -64.973854
304260, -64.973850
304920, -64.973847
305580, -64.973843
306240, -64.973839
306900, -64.973835
307560, -64.973832
308220, -64.973828
308880, -64.973824
309540, -64.973820
310200, -64.973816
310860, -64.973812
311520, -64.973808
312180, -64.973804
312840, -64.973800
313500, -64.973796
314160, -64.973792
314820, -64.973789
315480, -64.973785
316140, -64.973781
316800, -64.973777
317460, -64.973773
318120, -64.973769
318780, -64.973765
319440, -64.973761
320100, -64.973757
320760, -64.973754
321420, -64.973750
322080, -64.973746
322740, -64.973742
323400, -64.973739
324060, -64.973735
324720, -64.973732
325380, -64.973728
326040, -64.973725
326700, -64.973721
327360, -64.973718
328020, -64.973714
328680, -64.973711
329340, -64.973708
330000, -64.973705
330660, -64.973702
331320, -64.973698
331980, -64.973695
332640, -64.973693
333300, -64.973690
333960, -64.973687
334620, -64.973684
335280, -64.973681
335940, -64.973679
336600, -64.973676
337260, -64.973673
337920, -64.973671
338580, -64.973669
339240, -64.973666
339900, -64.973664
340560, -64.973662
341220, -64.973660
341880, -64.973658
342540, -64.973656
343200, -64.973654
343860, -64.973652
344520, -64.973650
345180, -64.973648
345840, -64.973646
346500, -64.973645
347160, -64.973643
347820, -64.973642
348480, -64.973640
349140, -64.973639
349800, -64.973638
350460, -64.973636
351120, -64.973635
351780, -64.973634
352440, -64.973633
353100, -64.973632
353760, -64.973631
354420, -64.973630
355080, -64.973629
355740, -64.973629
356400, -64.973628
357060, -64.973627
357720, -64.973627
358380, -64.973626
359040, -64.973626
359700, -64.973625
360360, -64.973625
361020, -64.973624
361680, -64.973624
362340, -64.973624
363000, -64.973624
363660, -64.973623
364320, -64.973623
364980, -64.973623
365640, -64.973623
366300, -64.973623
366960, -64.973623
367620, -64.973623
368280, -64.973624
368940, -64.973624
369600, -64.973624
370260, -64.973624
370920, -64.973625
371580, -64.973625
372240, -64.973625
372900, -64.973626
373560, -64.973626
374220, -64.973626
374880, -64.973627
375540, -64.973627
376200, -64.973628
376860, -64.973628
377520, -64.973629
378180, -64.973630
378840, -64.973630
379500, -64.973631
380160, -64.973631
380820, -64.973632
381480, -64.973633
382140, -64.973634
382800, -64.973634
383460, -64.973635
384120, -64.973636
384780, -64.973637
385440, -64.973637
386100, -64.973638
386760, -64.973639
387420, -64.973640
388080, -64.973641
388740, -64.973641
389400, -64.973642
390060, -64.973643
390720, -64.973644
391380, -64.973645
392040, -64.973646
392700, -64.973646
393360, -64.973647
394020, -64.973648
394680, -64.973649
395340, -64.973650
396000, -64.973651
396660, -64.973652
397320, -64.973652
397980, -64.973653
398640, -64.973654
399300, -64.973655
399960, -64.973656
400620, -64.973657
401280, -64.973658
401940, -64.973658
402600, -64.973659
403260, -64.973660
403920, -64.973661
404580, -64.973662
405240, -64.973662
405900, -64.973663
406560, -64.973664
407220, -64.973665
407880, -64.973665
408540, -64.973666
409200, -64.973667
409860, -64.973668
410520, -64.973668
411180, -64.973669
411840, -64.973670
412500, -64.973670
413160, -64.973671
413820, -64.973672
414480, -64.973672
415140, -64.973673
415800, -64.973674
416460, -64.973674
417120, -64.973675
417780, -64.973675
418440, -64.973676
419100, -64.973677
419760, -64.973677
420420, -64.973678
421080, -64.973678
421740, -64.973679
422400, -64.973679
423060, -64.973680
423720, -64.973680
424380, -64.973680
425040, -64.973681
425700, -64.973681
426360, -64.973682
427020, -64.973682
427680, -64.973682
428340, -64.973683
429000, -64.973683
429660, -64.973683
430320, -64.973684
430980, -64.973684
431640, -64.973684
432300, -64.973685
432960, -64.973685
433620, -64.973685
434280, -64.973685
434940, -64.973686
435600, -64.973686
436260, -64.973686
436920, -64.973686
437580, -64.973686
438240, -64.973687
438900, -64.973687
439560, -64.973687
440220, -64.973687
440880, -64.973687
441540, -64.973687
442200, -64.973687
442860, -64.973687
443520, -64.973687
444180, -64.973688
444840, -64.973688
445500, -64.973688
446160, -64.973688
446820, -64.973688
447480, -64.973688
448140, -64.973688
448800, -64.973688
449460, -64.973688
450120, -64.973688
450780, -64.973688
451440, -64.973688
452100, -64.973688
452760, -64.973688
453420, -64.973688
454080, -64.973687
454740, -64.973687
455400, -64.973687
456060, -64.973687
456720, -64.973687
457380, -64.973687
458040, -64.973687
458700, -64.973687
459360, -64.973687
460020, -64.973687
460680, -64.973687
461340, -64.973686
462000, -64.973686
462660, -64.973686
463320, -64.973686
463980, -64.973686
464640, -64.973686
465300, -64.973686
465960, -64.973685
466620, -64.973685
467280, -64.973685
467940, -64.973685
468600, -64.973685
469260, -64.973685
469920, -64.973685
470580, -64.973684
471240, -64.973684
471900, -64.973684
472560, -64.973684
473220, -64.973684
473880, -64.973684
474540, -64.973683
475200, -64.973683
475860, -64.973683
476520, -64.973683
477180, -64.973683
477840, -64.973683
478500, -64.973682
479160, -64.973682
479820, -64.973682
480480, -64.973682
481140, -64.973682
481800, -64.973682
482460, -64.973681
483120, -64.973681
483780, -64.973681
484440, -64.973681
485100, -64.973681
485760, -64.973681
486420, -64.973680
487080, -64.973680
487740, -64.973680
488400, -64.973680
489060, -64.973680
489720, -64.973680
490380, -64.973680
491040, -64.973679
491700, -64.973679
492360, -64.973679
493020, -64.973679
493680, -64.973679
494340, -64.973679
495000, -64.973679
495660, -64.973678
496320, -64.973678
496980, -64.973678
497640, -64.973678
498300, -64.973678
498960, -64.973678
499620, -64.973678
500280, -64.973678
500940, -61.890493
501600, -58.924660
502260, -56.043621
502920, -53.208498
503580, -50.344015
504240, -47.334213
504900, -43.973645
505560, -39.926653
506220, -34.605802
506880, -27.004118
507540, -15.458000
508200, 1.927984
508860, 23.599947
509520, 39.390521
510180, 43.393270
510840, 42.605145
511500, 41.084313
512160, 39.131756
512820, 36.821051
513480, 34.209314
514140, 31.355956
514800, 28.309855
515460, 25.124055
516120, 21.838663
516780, 18.495989
517440, 15.124313
518100, 11.753927
518760, 8.401631
519420, 5.087256
520080, 1.818481
520740, -1.392908
521400, -4.545962
522060, -7.634162
522720, -10.660992
523380, -13.623783
524040, -16.529446
524700, -19.378681
525360, -22.182107
526020, -24.944954
526680, -27.683999
527340, -30.413392
528000, -33.159356
528660, -35.946159
529320, -38.812644
529980, -41.794900
530640, -44.937273
531300, -48.268357
531960, -51.798920
532620, -55.479419
533280, -59.182294
533940, -62.675781
534600, -65.685634
535260, -67.997026
535920, -69.570973
536580, -70.518108
537240, -71.021939
537900, -71.240663
538560, -71.293072
539220, -71.246784
539880, -71.147206
540540, -71.013587
541200, -70.862611
541860, -70.697346
542520, -70.525587
543180, -70.345573
543840, -70.162463
544500, -69.973056
545160, -69.781714
545820, -69.584792
546480, -69.386401
547140, -69.182766
547800, -68.977920
548460, -68.768049
549120, -68.557153
549780, -68.341409
550440, -68.124820
551100, -67.903572
551760, -67.681667
552420, -67.455286
553080, -67.228438
553740, -66.997323
554400, -66.765962
555060, -66.530544
555720, -66.295080
556380, -66.055789
557040, -65.816697
557700, -65.574009
558360, -65.331731
559020, -65.086091
559680, -64.841115
560340, -64.593014
561000, -64.345780
561660, -64.095641
562320, -63.846614
562980, -63.594905
563640, -63.344478
564300, -63.091551
564960, -62.840127
565620, -62.586384
566280, -62.334251
566940, -62.079924
567600, -61.827380
568260, -61.572753
568920, -61.319923
569580, -61.065053
570240, -60.812082
570900, -60.557084
571560, -60.303872
572220, -60.048566
572880, -59.795058
573540, -59.539334
574200, -59.285128
574860, -59.028501
575520, -58.773286
576180, -58.515348
576840, -58.258320
577500, -57.998187
578160, -57.738703
578820, -57.475551
579480, -57.212238
580140, -56.944642
580800, -56.676312
581460, -56.402749
582120, -56.127282
582780, -55.845626
583440, -55.560918
584100, -55.268402
584760, -54.971137
585420, -54.664497
586080, -54.350861
586740, -54.025069
587400, -53.689725
588060, -53.338825
588720, -52.974073
589380, -52.589448
590040, -52.185317
590700, -51.754401
591360, -51.296042
592020, -50.800955
592680, -50.266419
593340, -49.680192
594000, -49.035602
594660, -48.315938
595320, -47.507402
595980, -46.583841
596640, -45.519780
597300, -44.272285
597960, -42.792667
598620, -41.005832
599280, -38.818904
599940, -36.097400
600600, -32.674880
601260, -28.341561
601920, -22.894774
602580, -16.229420
603240, -8.569046
603900, -0.697970
604560, 6.083991
605220, 10.637713
605880, 12.667540
606540, 12.653094
607200, 11.266958
607860, 9.043084
608520, 6.319187
609180, 3.310507
609840, 0.147300
610500, -3.079508
611160, -6.316647
611820, -9.523498
612480, -12.680641
613140, -15.770857
613800, -18.791775
614460, -21.739178
615120, -24.621399
615780, -27.443924
616440, -30.224630
617100, -32.978838
617760, -35.734673
618420, -38.518113
619080, -41.364901
619740, -44.302853
620400, -47.360620
621060, -50.541341
621720, -53.821549
622380, -57.118096
623040, -60.292956
623700, -63.156264
624360, -65.538298
625020, -67.341109
625680, -68.584436
626340, -69.361050
627000, -69.797841
627660, -70.001014
628320, -70.056443
628980, -70.015728
629640, -69.917902
630300, -69.780971
630960, -69.621944
631620, -69.445098
632280, -69.259082
632940, -69.063149
633600, -68.862929
634260, -68.655857
634920, -68.446462
635580, -68.231521
636240, -68.015158
636900, -67.793905
637560, -67.571719
638220, -67.345032
638880, -67.117752
639540, -66.886282
640200, -66.654502
640860, -66.418793
641520, -66.183026
642180, -65.943597
642840, -65.704375
643500, -65.461736
644160, -65.219541
644820, -64.974189
645480, -64.729552
646140, -64.481997
646800, -64.235374
647460, -63.986083
648120, -63.737991
648780, -63.487447
649440, -63.238281
650100, -62.986887
650760, -62.737114
651420, -62.485284
652080, -62.235196
652740, -61.983225
653400, -61.733194
654060, -61.481383
654720, -61.231546
655380, -60.980032
656040, -60.730627
656700, -60.479552
657360, -60.230507
658020, -59.979802
658680, -59.731177
659340, -59.480783
660000, -59.232245
660660, -58.981826
661320, -58.733213
661980, -58.482461
662640, -58.233111
663300, -57.981358
663960, -57.730822
664620, -57.477435
665280, -57.224629
665940, -56.968511
666600, -56.712584
667260, -56.452627
667920, -56.191921
668580, -55.926446
669240, -55.659482
669900, -55.386594
670560, -55.110852
671220, -54.828036
671880, -54.540951
672540, -54.244852
673200, -53.942481
673860, -53.629123
674520, -53.306763
675180, -52.970147
675840, -52.621355
676500, -52.254073
677160, -51.869435
677820, -51.460741
678480, -51.027588
679140, -50.562154
679800, -50.061990
680460, -49.516929
681120, -48.921583
681780, -48.261920
682440, -47.527605
683100, -46.697354
683760, -45.752301
684420, -44.659226
685080, -43.382657
685740, -41.867063
686400, -40.047301
687060, -37.828156
687720, -35.093932
688380, -31.692535
689040, -27.461195
689700, -22.253161
690360, -16.051196
691020, -9.120644
691680, -2.176516
692340, 3.739366
693000, 7.737443
693660, 9.567240
694320, 9.557497
694980, 8.248996
695640, 6.103999
696300, 3.452212
696960, 0.502690
697620, -2.602987
698280, -5.778438
698940, -8.961187
699600, -12.116982
700260, -15.219100
700920, -18.258211
701580, -21.225299
702240, -24.124827
702900, -26.959525
703560, -29.744860
704220, -32.494960
704880, -35.235809
705540, -37.990639
706200, -40.793374
706860, -43.671308
707520, -46.653257
708180, -49.746297
708840, -52.936506
709500, -56.158107
710160, -59.295652
710820, -62.180212
711480, -64.646037
712140, -66.576739
712800, -67.960437
713460, -68.863722
714120, -69.400496
714780, -69.676112
715440, -69.780998
716100, -69.772864
716760, -69.695730
717420, -69.571625
718080, -69.420102
718740, -69.247411
719400, -69.063245
720060, -68.867794
720720, -68.667043
721380, -68.458920
722040, -68.248024
722700, -68.031439
723360, -67.813235
724020, -67.590156
724680, -67.366058
725340, -67.137567
726000, -66.908461
726660, -66.675312
727320, -66.441851
727980, -66.204633
728640, -65.967388
729300, -65.726671
729960, -65.486184
730620, -65.242473
731280, -64.999255
731940, -64.753095
732600, -64.507672
733260, -64.259530
733920, -64.012376
734580, -63.762775
735240, -63.514386
735900, -63.263739
736560, -63.014525
737220, -62.763302
737880, -62.513695
738540, -62.262209
739200, -62.012509
739860, -61.761139
740520, -61.511671
741180, -61.260578
741840, -61.011487
742500, -60.760919
743160, -60.512380
743820, -60.262296
744480, -60.014246
745140, -59.764720
745800, -59.517146
746460, -59.267888
747120, -59.020465
747780, -58.771327
748440, -58.523810
749100, -58.274199
749760, -58.025939
750420, -57.775424
751080, -57.525876
751740, -57.273479
752400, -57.021582
753060, -56.766500
753720, -56.511292
754380, -56.252005
755040, -55.991853
755700, -55.727024
756360, -55.460314
757020, -55.187574
757680, -54.911826
758340, -54.628879
759000, -54.341223
759660, -54.044411
760320, -53.741143
760980, -53.426384
761640, -53.102148
762300, -52.763480
762960, -52.411757
763620, -52.041029
764280, -51.652433
764940, -51.238763
765600, -50.799685
766260, -50.326921
766920, -49.817983
767580, -49.262276
768240, -48.654184
768900, -47.978809
769560, -47.225776
770220, -46.372744
770880, -45.399314
771540, -44.270905
772200, -42.950178
772860, -41.379657
773520, -39.490492
774180, -37.184527
774840, -34.343677
775500, -30.816665
776160, -26.448984
776820, -21.119512
777480, -14.862250
778140, -8.018425
778800, -1.358829
779460, 4.106892
780120, 7.619564
780780, 9.052603
781440, 8.775063
782100, 7.304310
782760, 5.067058
783420, 2.366537
784080, -0.604213
784740, -3.713436
785400, -6.880673
786060, -10.047646
786720, -13.182885
787380, -16.261857
788040, -19.276584
788700, -22.219571
789360, -25.096470
790020, -27.911552
790680, -30.681821
791340, -33.422938
792000, -36.162086
792660, -38.923706
793320, -41.741972
793980, -44.642798
794640, -47.650964
795300, -50.765947
795960, -53.961035
796620, -57.153935
797280, -60.213306
797940, -62.965629
798600, -65.259192
799260, -67.007321
799920, -68.228123
800580, -69.004270
801240, -69.451129
801900, -69.667155
802560, -69.733836
803220, -69.701626
803880, -69.609141
804540, -69.475138
805200, -69.316897
805860, -69.139531
806520, -68.951814
807180, -68.753628
807840, -68.550532
808500, -68.340446
809160, -68.127722
809820, -67.909536
810480, -67.689770
811140, -67.465298
811800, -67.239817
812460, -67.010097
813120, -66.779764
813780, -66.545527
814440, -66.310974
815100, -66.072812
815760, -65.834624
816420, -65.593102
817080, -65.351804
817740, -65.107433
818400, -64.863561
819060, -64.616878
819720, -64.370929
820380, -64.122410
821040, -63.874885
821700, -63.625041
822360, -63.376396
823020, -63.125638
823680, -62.876315
824340, -62.625097
825000, -62.375467
825660, -62.124093
826320, -61.874499
826980, -61.623325
827640, -61.374007
828300, -61.123183
828960, -60.874342
829620, -60.624083
830280, -60.375784
830940, -60.126036
831600, -59.878288
832260, -59.629088
832920, -59.381737
833580, -59.132773
834240, -58.885589
834900, -58.636676
835560, -58.389240
836220, -58.139748
836880, -57.891523
837540, -57.640986
838200, -57.391220
838860, -57.138601
839520, -56.886363
840180, -56.630808
840840, -56.374871
841500, -56.114795
842160, -55.853688
842820, -55.587638
843480, -55.319369
844140, -55.044938
844800, -54.767260
845460, -54.481973
846120, -54.191503
846780, -53.891608
847440, -53.584590
848100, -53.265498
848760, -52.936266
849420, -52.591926
850080, -52.233406
850740, -51.854964
851400, -51.457106
852060, -51.032647
852720, -50.581108
853380, -50.093424
854040, -49.566921
854700, -48.989940
855360, -48.356507
856020, -47.650227
856680, -46.858651
857340, -45.958257
858000, -44.926045
858660, -43.723791
859320, -42.308726
859980, -40.616718
860640, -38.570792
861300, -36.062739
861960, -32.963793
862620, -29.116575
863280, -24.376077
863940, -18.667710
864600, -12.134335
865260, -5.284795
865920, 0.973025
866580, 5.677855
867240, 8.310878
867900, 8.986291
868560, 8.165984
869220, 6.344320
869880, 3.892677
870540, 1.067484
871200, -1.969379
871860, -5.106595
872520, -8.276886
873180, -11.431112
873840, -14.543713
874500, -17.594384
875160, -20.578299
875820, -23.490873
876480, -26.340116
877140, -29.132846
877800, -31.887902
878460, -34.623190
879120, -37.368238
879780, -40.148966
880440, -42.999134
881100, -45.942410
881760, -48.997036
882420, -52.150250
883080, -55.355011
883740, -58.504508
884400, -61.448666
885060, -64.013635
885720, -66.073655
886380, -67.584488
887040, -68.599849
887700, -69.219133
888360, -69.555940
889020, -69.698986
889680, -69.718578
890340, -69.656405
891000, -69.544685
891660, -69.398236
892320, -69.231628
892980, -69.048534
893640, -68.856618
894300, -68.655310
894960, -68.449671
895620, -68.237540
896280, -68.022993
896940, -67.803261
897600, -67.582025
898260, -67.356272
898920, -67.129538
899580, -66.898723
900240, -66.667294
900900, -66.432104
901560, -66.196594
902220, -65.957617
902880, -65.718607
903540, -65.476393
904200, -65.234396
904860, -64.989463
905520, -64.745027
906180, -64.497903
906840, -64.251499
907500, -64.002661
908160, -63.754816
908820, -63.504762
909480, -63.255886
910140, -63.005028
910800, -62.755597
911460, -62.504366
912120, -62.254690
912780, -62.003390
913440, -61.753854
914100, -61.502810
914760, -61.253572
915420, -61.002931
916080, -60.754245
916740, -60.504184
917400, -60.256006
918060, -60.006465
918720, -59.758878
919380, -59.509844
920040, -59.262555
920700, -59.013711
921360, -58.766581
922020, -58.517683
922680, -58.270118
923340, -58.020526
924000, -57.772109
924660, -57.521283
925320, -57.271039
925980, -57.017928
926640, -56.765070
927300, -56.508726
927960, -56.251745
928620, -55.990554
929280, -55.728134
929940, -55.460501
930600, -55.190303
931260, -54.913783
931920, -54.633549
932580, -54.345320
933240, -54.051439
933900, -53.747846
934560, -53.436314
935220, -53.112106
935880, -52.777055
936540, -52.425840
937200, -52.059304
937860, -51.671860
938520, -51.263183
939180, -50.826239
939840, -50.359684
940500, -49.854370
941160, -49.306730
941820, -48.704557
942480, -48.040142
943140, -47.296727
943800, -46.459317
944460, -45.501673
945120, -44.397110
945780, -43.103059
946440, -41.570925
947100, -39.728130
947760, -37.487089
948420, -34.727389
949080, -31.308844
949740, -27.071723
950400, -21.893407
951060, -15.775442
951720, -9.013832
952380, -2.310852
953040, 3.336566
953700, 7.118969
954360, 8.814665
955020, 8.744916
955680, 7.413438
956340, 5.267881
957000, 2.620826
957660, -0.315967
958320, -3.409585
958980, -6.567768
959640, -9.735519
960300, -12.872232
960960, -15.958135
961620, -18.977419
962280, -21.928525
962940, -24.809911
963600, -27.632120
964260, -30.404693
964920, -33.148824
965580, -35.884392
966240, -38.642530
966900, -41.450619
967560, -44.341245
968220, -47.333742
968880, -50.436746
969540, -53.620942
970200, -56.816242
970860, -59.891442
971520, -62.682175
972180, -65.025379
972840, -66.832523
973500, -68.104344
974160, -68.924512
974820, -69.400500
975480, -69.639189
976140, -69.717999
976800, -69.696324
977460, -69.607863
978120, -69.479169
978780, -69.321646
979440, -69.147507
980100, -68.959200
980760, -68.763412
981420, -68.559198
982080, -68.351168
982740, -68.137104
983400, -67.920823
984060, -67.699616
984720, -67.476977
985380, -67.250004
986040, -67.022077
986700, -66.790222
987360, -66.557754
988020, -66.321660
988680, -66.085247
989340, -65.845503
990000, -65.605714
990660, -65.362849
991320, -65.120196
991980, -64.874744
992640, -64.629769
993300, -64.382230
993960, -64.135405
994620, -63.886281
995280, -63.638121
995940, -63.387870
996600, -63.138786
997260, -62.887848
997920, -62.638297
998580, -62.387049
999240, -62.137336
999900, -61.886118
1000560, -61.636601
1001220, -61.385663
1001880, -61.136494
1002540, -60.886031
1003200, -60.637430
1003860, -60.387518
1004520, -60.139432
1005180, -59.890075
1005840, -59.642547
1006500, -59.393606
1007160, -59.146326
1007820, -58.897562
1008480, -58.650352
1009140, -58.401367
1009800, -58.153600
1010460, -57.903846
1011120, -57.655066
1011780, -57.403816
1012440, -57.152991
1013100, -56.899301
1013760, -56.645589
1014420, -56.388268
1015080, -56.130091
1015740, -55.867652
1016400, -55.603578
1017060, -55.334079
1017720, -55.061713
1018380, -54.782890
1019040, -54.499788
1019700, -54.208329
1020360, -53.910766
1021020, -53.602954
1021680, -53.286431
1022340, -52.956640
1023000, -52.615171
1023660, -52.256465
1024320, -51.881269
1024980, -51.483711
1025640, -51.063096
1026300, -50.612489
1026960, -50.129460
1027620, -49.604899
1028280, -49.033839
1028940, -48.403943
1029600, -47.705561
1030260, -46.920167
1030920, -46.031180
1031580, -45.009609
1032240, -43.824593
1032900, -42.427965
1033560, -40.763334
1034220, -38.749326
1034880, -36.286483
1035540, -33.241982
1036200, -29.466546
1036860, -24.806921
1037520, -19.184159
1038180, -12.710961
1038840, -5.867178
1039500, 0.473841
1040160, 5.330312
1040820, 8.139799
1041480, 8.962868
1042140, 8.250875
1042800, 6.496931
1043460, 4.089673
1044120, 1.288103
1044780, -1.733507
1045440, -4.866224
1046100, -8.033598
1046760, -11.191067
1047420, -14.305730
1048080, -17.362855
1048740, -20.350515
1049400, -23.269937
1050060, -26.122179
1050720, -28.919946
1051380, -31.675549
1052040, -34.413088
1052700, -37.154818
1053360, -39.932820
1054020, -42.774748
1054680, -45.711035
1055340, -48.754708
1056000, -51.901735
1056660, -55.103177
1057320, -58.263027
1057980, -61.227501
1058640, -63.828718
1059300, -65.928911
1059960, -67.483057
1060620, -68.532327
1061280, -69.180049
1061940, -69.534003
1062600, -69.691067
1063260, -69.717090
1063920, -69.661635
1064580, -69.551614
1065240, -69.408891
1065900, -69.242116
1066560, -69.061583
1067220, -68.868773
1067880, -68.669568
1068540, -68.462743
1069200, -68.252522
1069860, -68.036662
1070520, -67.818751
1071180, -67.596143
1071840, -67.372164
1072500, -67.144023
1073160, -66.914951
1073820, -66.682091
1074480, -66.448621
1075140, -66.211660
1075800, -65.974382
1076460, -65.733904
1077120, -65.493372
1077780, -65.249889
1078440, -65.006618
1079100, -64.760680
1079760, -64.515201
1080420, -64.267280
1081080, -64.020069
1081740, -63.770690
1082400, -63.522246
1083060, -63.271826
1083720, -63.022563
1084380, -62.771572
1085040, -62.521924
1085700, -62.270681
1086360, -62.020953
1087020, -61.769838
1087680, -61.520358
1088340, -61.269540
1089000, -61.020457
1089660, -60.770183
1090320, -60.521678
1090980, -60.271921
1091640, -60.023936
1092300, -59.774766
1092960, -59.527296
1093620, -59.278442
1094280, -59.031170
1094940, -58.782480
1095600, -58.535170
1096260, -58.286076
1096920, -58.038091
1097580, -57.788158
1098240, -57.538968
1098900, -57.287255
1099560, -57.035813
1100220, -56.781511
1100880, -56.526883
1101540, -56.268525
1102200, -56.009102
1102860, -55.745367
1103520, -55.479586
1104180, -55.208164
1104840, -54.933573
1105500, -54.652230
1106160, -54.366074
1106820, -54.071215
1107480, -53.769812
1108140, -53.457477
1108800, -53.135684
1109460, -52.800042
1110120, -52.451525
1110780, -52.084754
1111440, -51.700357
1112100, -51.291905
1112760, -50.858575
1113420, -50.392952
1114080, -49.892109
1114740, -49.346461
1115400, -48.750048
1116060, -48.089227
1116720, -47.353532
1117380, -46.522174
1118040, -45.575584
1118700, -44.481480
1119360, -43.204232
1120020, -41.690006
1120680, -39.874024
1121340, -37.664312
1122000, -34.948585
1122660, -31.582151
1123320, -27.411675
1123980, -22.304040
1124640, -16.252507
1125300, -9.519673
1125960, -2.784070
1126620, 2.973631
1127280, 6.906528
1127940, 8.750473
1128600, 8.792041
1129260, 7.538227
1129920, 5.438975
1130580, 2.822163
1131240, -0.099879
1131900, -3.183813
1132560, -6.340770
1133220, -9.507772
1133880, -12.649094
1134540, -15.737917
1135200, -18.763891
1135860, -21.718761
1136520, -24.606622
1137180, -27.431408
1137840, -30.208334
1138500, -32.952043
1139160, -35.688406
1139820, -38.442479
1140480, -41.247270
1141140, -44.129513
1141800, -47.115593
1142460, -50.209751
1143120, -53.391462
1143780, -56.588093
1144440, -59.678216
1145100, -62.493187
1145760, -64.873858
1146420, -66.719019
1147080, -68.028743
1147740, -68.876560
1148400, -69.375169
1149060, -69.626635
1149720, -69.716297
1150380, -69.699076
1151040, -69.615957
1151700, -69.488204
1152360, -69.333824
1153020, -69.159262
1153680, -68.973247
1154340, -68.776505
1155000, -68.574247
1155660, -68.365045
1156320, -68.152792
1156980, -67.935245
1157640, -67.715779
1158300, -67.491825
1158960, -67.266555
1159620, -67.037282
1160280, -66.807102
1160940, -66.573266
1161600, -66.338825
1162260, -66.101025
1162920, -65.862913
1163580, -65.621719
1164240, -65.380467
1164900, -65.136393
1165560, -64.892534
1166220, -64.646120
1166880, -64.400158
1167540, -64.151878
1168200, -63.904311
1168860, -63.654682
1169520, -63.405974
1170180, -63.155406
1170840, -62.905993
1171500, -62.654946
1172160, -62.405213
1172820, -62.153993
1173480, -61.904274
1174140, -61.653244
1174800, -61.403802
1175460, -61.153113
1176120, -60.904133
1176780, -60.654012
1177440, -60.405588
1178100, -60.155982
1178760, -59.908107
1179420, -59.659066
1180080, -59.411622
1180740, -59.162837
1181400, -58.915571
1182060, -58.666874
1182720, -58.419412
1183380, -58.170177
1184040, -57.921957
1184700, -57.671737
1185360, -57.422063
1186020, -57.169830
1186680, -56.917737
1187340, -56.662665
1188000, -56.407003
1188660, -56.147516
1189320, -55.886776
1189980, -55.621461
1190640, -55.353754
1191300, -55.080227
1191960, -54.803261
1192620, -54.519107
1193280, -54.229647
1193940, -53.931158
1194600, -53.625518
1195260, -53.308288
1195920, -52.980870
1196580, -52.638963
1197240, -52.282960
1197900, -51.907651
1198560, -51.513219
1199220, -51.093016
1199880, -50.646069
1200540, -50.164152
1201200, -49.644118
1201860, -49.075255
1202520, -48.451215
1203180, -47.756690
1203840, -46.979425
1204500, -46.097301
1205160, -45.087483
1205820, -43.913835
1206480, -42.535305
1207140, -40.890575
1207800, -38.905843
1208460, -36.477533
1209120, -33.480605
1209780, -29.761079
1210440, -25.169727
1211100, -19.613521
1211760, -13.191977
1212420, -6.348550
1213080, 0.060077
1213740, 5.049364
1214400, 8.007719
1215060, 8.960801
1215720, 8.339160
1216380, 6.646153
1217040, 4.273942
1217700, 1.495147
1218360, -1.516474
1219020, -4.642722
1219680, -7.810851
1220340, -10.968863
1221000, -14.088391
1221660, -17.148326
1222320, -20.142177
1222980, -23.064791
1223640, -25.922635
1224300, -28.722407
1224960, -31.482095
1225620, -34.218996
1226280, -36.960833
1226940, -39.733820
1227600, -42.571684
1228260, -45.499205
1228920, -48.536421
1229580, -51.675534
1230240, -54.876601
1230900, -58.042271
1231560, -61.028001
1232220, -63.659294
1232880, -65.799038
1233540, -67.389823
1234200, -68.473216
1234860, -69.144271
1235520, -69.517017
1236180, -69.684111
1236840, -69.719007
1237500, -69.666824
1238160, -69.561296
1238820, -69.419087
1239480, -69.255087
1240140, -69.074004
1240800, -68.883305
1241460, -68.683132
1242120, -68.478151
1242780, -68.266791
1243440, -68.052658
1244100, -67.833529
1244760, -67.612589
1245420, -67.387351
1246080, -67.160843
1246740, -66.930484
1247400, -66.699233
1248060, -66.464455
1248720, -66.229081
1249380, -65.990475
1250040, -65.751565
1250700, -65.509688
1251360, -65.267753
1252020, -65.023119
1252680, -64.778708
1253340, -64.531849
1254000, -64.285437
1254660, -64.036829
1255320, -63.788939
1255980, -63.539085
1256640, -63.290140
1257300, -63.039451
1257960, -62.789917
1258620, -62.538832
1259280, -62.289037
1259940, -62.037860
1260600, -61.788177
1261260, -61.537242
1261920, -61.287853
1262580, -61.037308
1263240, -60.788452
1263900, -60.538485
1264560, -60.290150
1265220, -60.040704
1265880, -59.792951
1266540, -59.544028
1267200, -59.296605
1267860, -59.047888
1268520, -58.800632
1269180, -58.551895
1269840, -58.304261
1270500, -58.054868
1271160, -57.806405
1271820, -57.555838
1272480, -57.305638
1273140, -57.052852
1273800, -56.800085
1274460, -56.544160
1275120, -56.287402
1275780, -56.026733
1276440, -55.764637
1277100, -55.497682
1277760, -55.227995
1278420, -54.952310
1279080, -54.672814
1279740, -54.385710
1280400, -54.092823
1281060, -53.790587
1281720, -53.480391
1282380, -53.157983
1283040, -52.824683
1283700, -52.475825
1284360, -52.111736
1285020, -51.727332
1285680, -51.321999
1286340, -50.889207
1287000, -50.427379
1287660, -49.927897
1288320, -49.387055
1288980, -48.793234
1289640, -48.138744
1290300, -47.407510
1290960, -46.584818
1291620, -45.645863
1292280, -44.564615
1292940, -43.300468
1293600, -41.806173
1294260, -40.012794
1294920, -37.835708
1295580, -35.158820
1296240, -31.844810
1296900, -27.734665
1297560, -22.696882
1298220, -16.706206
1298880, -10.005946
1299540, -3.238238
1300200, 2.619469
1300860, 6.698296
1301520, 8.683077
1302180, 8.836937
1302840, 7.656973
1303500, 5.606579
1304160, 3.016883
1304820, 0.112488
1305480, -2.964784
1306140, -6.117464
1306800, -9.286439
1307460, -12.429173
1308120, -15.523618
1308780, -18.553108
1309440, -21.514486
1310100, -24.405719
1310760, -27.235916
1311420, -30.014212
1312080, -32.760488
1312740, -35.495376
1313400, -38.248652
1314060, -41.047540
1314720, -43.924756
1315380, -46.901833
1316040, -49.990115
1316700, -53.166497
1317360, -56.367257
1318020, -59.468784
1318680, -62.309884
1319340, -64.723857
1320000, -66.608804
1320660, -67.952743
1321320, -68.830665
1321980, -69.348743
1322640, -69.615804
1323300, -69.713336
1323960, -69.703456
1324620, -69.622732
1325280, -69.498825
1325940, -69.344656
1326600, -69.172581
1327260, -68.985934
1327920, -68.791151
1328580, -68.587929
1329240, -68.380471
1329900, -68.167113
1330560, -67.951212
1331220, -67.730575
1331880, -67.508219
1332540, -67.281741
1333200, -67.054033
1333860, -66.822619
1334520, -66.590325
1335180, -66.354631
1335840, -66.118351
1336500, -65.878966
1337160, -65.639273
1337820, -65.396732
1338480, -65.154140
1339140, -64.908972
1339800, -64.664022
1340460, -64.416738
1341120, -64.169903
1341780, -63.920995
1342440, -63.672794
1343100, -63.422733
1343760, -63.173577
1344420, -62.922794
1345080, -62.673145
1345740, -62.422035
1346400, -62.172200
1347060, -61.921090
1347720, -61.671435
1348380, -61.420599
1349040, -61.171278
1349700, -60.920895
1350360, -60.672139
1351020, -60.422317
1351680, -60.174074
1352340, -59.924797
1353000, -59.677124
1353660, -59.428293
1354320, -59.180883
1354980, -58.932233
1355640, -58.684925
1356300, -58.436107
1356960, -58.188278
1357620, -57.938713
1358280, -57.689927
1358940, -57.438952
1359600, -57.188183
1360260, -56.934811
1360920, -56.681246
1361580, -56.424369
1362240, -56.166438
1362900, -55.904523
1363560, -55.640832
1364220, -55.372044
1364880, -55.100217
1365540, -54.822238
1366200, -54.539890
1366860, -54.249558
1367520, -53.952998
1368180, -53.646659
1368840, -53.331573
1369500, -53.003656
1370160, -52.664143
1370820, -52.307960
1371480, -51.935369
1372140, -51.541180
1372800, -51.124215
1373460, -50.678041
1374120, -50.200049
1374780, -49.681645
1375440, -49.117778
1376100, -48.496678
1376760, -47.808781
1377420, -47.036696
1378080, -46.163991
1378740, -45.162781
1379400, -44.003020
1380060, -42.639335
1380720, -41.016848
1381380, -39.057858
1382040, -36.665955
1382700, -33.712588
1383360, -30.050425
1384020, -25.523191
1384680, -20.036384
1385340, -13.664352
1386000, -6.828295
1386660, -0.354303
1387320, 4.759946
1387980, 7.868204
1388640, 8.949381
1389300, 8.422806
1389960, 6.789545
1390620, 4.456388
1391280, 1.698345
1391940, -1.299900
1392600, -4.422110
1393260, -7.587878
1393920, -10.749112
1394580, -13.870977
1395240, -16.936750
1395900, -19.933946
1396560, -22.862552
1397220, -25.723498
1397880, -28.528450
1398540, -31.289246
1399200, -34.028122
1399860, -36.767125
1400520, -39.538231
1401180, -42.369332
1401840, -45.291020
1402500, -48.319102
1403160, -51.453197
1403820, -54.650986
1404480, -57.824229
1405140, -60.826483
1405800, -63.488821
1406460, -65.664753
1407120, -67.295150
1407780, -68.410388
1408440, -69.108175
1409100, -69.497410
1409760, -69.677708
1410420, -69.718922
1411080, -69.672973
1411740, -69.569238
1412400, -69.430406
1413060, -69.266420
1413720, -69.087608
1414380, -68.896235
1415040, -68.697902
1415700, -68.491973
1416360, -68.282271
1417020, -68.067072
1417680, -67.849518
1418340, -67.627455
1419000, -67.403748
1419660, -67.176083
1420320, -66.947225
1420980, -66.714794
1421640, -66.481495
1422300, -66.244921
1422960, -66.007773
1423620, -65.767643
1424280, -65.527205
1424940, -65.284034
1425600, -65.040819
1426260, -64.795152
1426920, -64.549694
1427580, -64.302012
1428240, -64.054787
1428900, -63.805608
1429560, -63.557120
1430220, -63.306875
1430880, -63.057536
1431540, -62.806685
1432200, -62.556937
1432860, -62.305817
1433520, -62.055964
1434180, -61.804943
1434840, -61.555323
1435500, -61.304595
1436160, -61.055357
1436820, -60.805152
1437480, -60.556491
1438140, -60.306813
1438800, -60.058670
1439460, -59.809571
1440120, -59.561957
1440780, -59.313204
1441440, -59.065803
1442100, -58.817219
1442760, -58.569814
1443420, -58.320881
1444080, -58.072838
1444740, -57.823088
1445400, -57.573898
1446060, -57.322455
1446720, -57.071076
1447380, -56.817089
1448040, -56.562617
1448700, -56.304704
1449360, -56.045537
1450020, -55.782326
1450680, -55.516942
1451340, -55.246235
1452000, -54.972199
1452660, -54.691797
1453320, -54.406482
1453980, -54.112813
1454640, -53.812477
1455300, -53.501667
1455960, -53.181372
1456620, -52.847657
1457280, -52.501181
1457940, -52.137014
1458600, -51.755317
1459260, -51.350337
1459920, -50.920787
1460580, -50.459978
1461240, -49.964542
1461900, -49.425714
1462560, -48.837147
1463220, -48.186169
1463880, -47.462023
1464540, -46.645139
1465200, -45.716386
1465860, -44.645058
1466520, -43.396478
1467180, -41.919057
1467840, -40.150579
1468500, -38.002546
1469160, -35.366246
1469820, -32.100846
1470480, -28.052776
1471140, -23.081319
1471800, -17.154325
1472460, -10.486196
1473120, -3.695616
1473780, 2.259265
1474440, 6.479390
1475100, 8.608605
1475760, 8.874018
1476420, 7.772452
1477080, 5.769538
1477740, 3.210574
1478400, 0.321546
1479060, -2.746005
1479720, -5.896983
1480380, -9.065028
1481040, -12.211509
1481700, -15.308526
1482360, -18.343967
1483020, -21.308937
1483680, -24.206093
1484340, -27.038896
1485000, -29.821216
1485660, -32.568110
1486320, -35.304408
1486980, -38.054268
1487640, -40.850065
1488300, -43.719729
1488960, -46.690399
1489620, -49.769677
1490280, -52.942095
1490940, -56.143314
1491600, -59.258360
1492260, -62.122468
1492920, -64.572260
1493580, -66.494469
1494240, -67.875778
1494900, -68.781662
1495560, -69.322424
1496220, -69.602803
1496880, -69.711181
1497540, -69.706145
1498200, -69.630623
1498860, -69.507952
1499520, -69.356723
1500180, -69.184481
1500840, -68.999902
1501500, -68.804409
1502160, -68.602909
1502820, -68.394520
1503480, -68.182739
1504140, -67.965809
1504800, -67.746680
1505460, -67.523246
1506120, -67.298236
1506780, -67.069420
1507440, -66.839446
1508100, -66.606022
1508760, -66.371746
1509420, -66.134317
1510080, -65.896329
1510740, -65.655470
1511400, -65.414308
1512060, -65.170530
1512720, -64.926722
1513380, -64.680571
1514040, -64.434629
1514700, -64.186576
1515360, -63.938990
1516020, -63.689557
1516680, -63.440804
1517340, -63.190400
1518000, -62.940907
1518660, -62.689999
1519320, -62.440169
1519980, -62.189062
1520640, -61.939217
1521300, -61.688283
1521960, -61.438708
1522620, -61.188101
1523280, -60.938967
1523940, -60.688924
1524600, -60.440355
1525260, -60.190826
1525920, -59.942795
1526580, -59.693842
1527240, -59.446272
1527900, -59.197590
1528560, -58.950201
1529220, -58.701638
1529880, -58.454108
1530540, -58.205040
1531200, -57.956773
1531860, -57.706777
1532520, -57.457140
1533180, -57.205193
1533840, -56.953181
1534500, -56.698484
1535160, -56.443029
1535820, -56.184014
1536480, -55.923559
1537140, -55.658854
1537800, -55.391616
1538460, -55.118853
1539120, -54.842490
1539780, -54.559312
1540440, -54.270735
1541100, -53.973470
1541760, -53.669056
1542420, -53.353478
1543080, -53.027684
1543740, -52.687871
1544400, -52.334079
1545060, -51.961534
1545720, -51.570168
1546380, -51.153774
1547040, -50.710952
1547700, -50.234214
1548360, -49.720005
1549020, -49.158448
1549680, -48.542832
1550340, -47.858851
1551000, -47.094447
1551660, -46.228310
1552320, -45.238074
1552980, -44.089293
1553640, -42.742362
1554300, -41.138748
1554960, -39.206918
1555620, -36.847279
1556280, -33.938283
1556940, -30.328724
1557600, -25.866707
1558260, -20.444906
1558920, -14.126776
1559580, -7.298782
1560240, -0.768027
1560900, 4.469157
1561560, 7.722496
1562220, 8.934236
1562880, 8.500782
1563540, 6.930549
1564200, 4.634354
1564860, 1.900026
1565520, -1.087173
1566180, -4.202531
1566840, -7.368358
1567500, -10.530061
1568160, -13.656721
1568820, -16.725872
1569480, -19.729402
1570140, -22.661827
1570800, -25.528578
1571460, -28.335908
1572120, -31.100188
1572780, -33.838320
1573440, -36.577605
1574100, -39.344418
1574760, -42.171505
1575420, -45.084998
1576080, -48.106797
1576740, -51.233509
1577400, -54.430636
1578060, -57.608560
1578720, -60.628950
1579380, -63.318583
1580040, -65.532355
1580700, -67.199208
1581360, -68.348626
1582020, -69.070525
1582680, -69.478865
1583340, -69.669840
1584000, -69.719986
1584660, -69.677722
1585320, -69.578367
1585980, -69.440344
1586640, -69.278947
1587300, -69.099835
1587960, -68.910359
1588620, -68.711292
1589280, -68.506983
1589940, -68.296371
1590600, -68.082672
1591260, -67.864125
1591920, -67.643503
1592580, -67.418763
1593240, -67.192504
1593900, -66.962584
1594560, -66.731533
1595220, -66.497152
1595880, -66.261937
1596540, -66.023687
1597200, -65.784896
1597860, -65.543338
1598520, -65.301488
1599180, -65.057135
1599840, -64.812769
1600500, -64.566157
1601160, -64.319760
1601820, -64.071364
1602480, -63.823450
1603140, -63.573777
1603800, -63.324783
1604460, -63.074244
1605120, -62.824627
1605780, -62.573667
1606440, -62.323772
1607100, -62.072696
1607760, -61.822883
1608420, -61.572034
1609080, -61.322511
1609740, -61.072037
1610400, -60.823026
1611060, -60.573128
1611720, -60.324649
1612380, -60.075270
1613040, -59.827363
1613700, -59.578520
1614360, -59.330974
1615020, -59.082353
1615680, -58.834977
1616340, -58.586369
1617000, -58.338671
1617660, -58.089442
1618320, -57.840937
1618980, -57.590592
1619640, -57.340435
1620300, -57.087933
1620960, -56.835254
1621620, -56.579703
1622280, -56.323161
1622940, -56.062966
1623600, -55.801164
1624260, -55.534821
1624920, -55.265617
1625580, -54.990700
1626240, -54.711910
1626900, -54.425856
1627560, -54.133921
1628220, -53.832957
1628880, -53.524043
1629540, -53.203333
1630200, -52.871710
1630860, -52.525085
1631520, -52.163341
1632180, -51.781819
1632840, -51.379687
1633500, -50.950840
1634160, -50.493533
1634820, -49.999597
1635480, -49.465249
1636140, -48.879372
1636800, -48.234352
1637460, -47.514706
1638120, -46.706040
1638780, -45.784859
1639440, -44.725804
1640100, -43.490086
1640760, -42.031794
1641420, -40.285277
1642080, -38.168304
1642740, -35.569284
1643400, -32.354074
1644060, -28.364967
1644720, -23.462913
1645380, -17.599531
1646040, -10.970313
1646700, -4.157715
1647360, 1.888715
1648020, 6.252004
1648680, 8.525265
1649340, 8.907655
1650000, 7.884472
1650660, 5.933261
1651320, 3.403661
1651980, 0.533208
1652640, -2.526653
1653300, -5.673147
1653960, -8.842784
1654620, -11.990725
1655280, -15.092671
1655940, -18.131391
1656600, -21.102291
1657260, -24.002782
1657920, -26.840618
1658580, -29.625156
1659240, -32.375345
1659900, -35.110599
1660560, -37.859552
1661220, -40.650096
1661880, -43.514825
1662540, -46.476704
1663200, -49.549533
1663860, -52.715531
1664520, -55.918523
1665180, -59.043538
1665840, -61.932686
1666500, -64.415515
1667160, -66.377807
1667820, -67.794740
1668480, -68.731875
1669140, -69.293567
1669800, -69.590273
1670460, -69.707397
1671120, -69.709914
1671780, -69.637278
1672440, -69.518405
1673100, -69.367711
1673760, -69.197806
1674420, -69.012856
1675080, -68.819132
1675740, -68.616905
1676400, -68.410057
1677060, -68.197397
1677720, -67.981906
1678380, -67.761829
1679040, -67.539782
1679700, -67.313786
1680360, -67.086324
1681020, -66.855337
1681680, -66.623241
1682340, -66.387933
1683000, -66.151811
1683660, -65.912770
1684320, -65.673198
1684980, -65.430967
1685640, -65.188457
1686300, -64.943560
1686960, -64.698659
1687620, -64.451612
1688280, -64.204791
1688940, -63.956082
1689600, -63.707863
1690260, -63.457975
1690920, -63.208768
1691580, -62.958123
1692240, -62.708398
1692900, -62.457406
1693560, -62.207470
1694220, -61.956449
1694880, -61.706677
1695540, -61.455923
1696200, -61.206468
1696860, -60.956146
1697520, -60.707252
1698180, -60.457500
1698840, -60.209118
1699500, -59.959900
1700160, -59.712100
1700820, -59.463356
1701480, -59.215833
1702140, -58.967274
1702800, -58.719885
1703460, -58.471211
1704120, -58.223335
1704780, -57.973935
1705440, -57.725158
1706100, -57.474433
1706760, -57.223734
1707420, -56.970656
1708080, -56.717250
1708740, -56.460793
1709400, -56.203120
1710060, -55.941702
1710720, -55.678406
1711380, -55.410300
1712040, -55.139023
1712700, -54.861859
1713360, -54.580272
1714020, -54.291036
1714680, -53.995486
1715340, -53.690586
1716000, -53.376939
1716660, -53.050858
1717320, -52.713166
1717980, -52.359362
1718640, -51.989286
1719300, -51.598344
1719960, -51.184945
1720620, -50.743081
1721280, -50.270026
1721940, -49.757626
1722600, -49.200813
1723260, -48.588305
1723920, -47.910682
1724580, -47.151599
1725240, -46.294489
1725900, -45.312889
1726560, -44.177576
1727220, -42.845106
1727880, -41.262907
1728540, -39.356027
1729200, -37.031318
1729860, -34.164634
1730520, -30.610789
1731180, -26.212400
1731840, -20.860289
1732500, -14.595800
1733160, -7.782988
1733820, -1.196713
1734480, 4.160272
1735140, 7.564553
1735800, 8.909622
1736460, 8.576352
1737120, 7.070146
1737780, 4.815464
1738440, 2.103889
1739100, -0.869079
1739760, -3.979558
1740420, -7.142688
1741080, -10.306974
1741740, -13.435885
1742400, -16.510725
1743060, -19.518195
1743720, -22.456848
1744380, -25.327072
1745040, -28.139223
1745700, -30.904675
1746360, -33.644900
1747020, -36.382326
1747680, -39.147295
1748340, -41.968023
1749000, -44.875717
1749660, -47.888559
1750320, -51.009659
1750980, -54.203507
1751640, -57.388360
1752300, -60.424499
1752960, -63.144027
1753620, -65.393884
1754280, -67.100516
1754940, -68.282832
1755600, -69.032197
1756260, -69.458040
1756920, -69.662596
1757580, -69.719663
1758240, -69.683675
1758900, -69.586477
1759560, -69.451719
1760220, -69.290604
1760880, -69.113592
1761540, -68.923676
1762200, -68.726257
1762860, -68.521221
1763520, -68.312068
1764180, -68.097519
1764840, -67.880346
1765500, -67.658815
1766160, -67.435403
1766820, -67.208200
1767480, -66.979578
1768140, -66.747560
1768800, -66.514455
1769460, -66.278251
1770120, -66.041255
1770780, -65.801456
1771440, -65.561132
1772100, -65.318256
1772760, -65.075118
1773420, -64.829707
1774080, -64.584292
1774740, -64.336835
1775400, -64.089617
1776060, -63.840624
1776720, -63.592113
1777380, -63.342028
1778040, -63.092633
1778700, -62.841908
1779360, -62.592079
1780020, -62.341067
1780680, -62.091110
1781340, -61.840166
1782000, -61.590427
1782660, -61.339771
1783320, -61.090399
1783980, -60.840245
1784640, -60.591446
1785300, -60.341830
1785960, -60.093549
1786620, -59.844501
1787280, -59.596762
1787940, -59.348091
1788600, -59.100581
1789260, -58.852083
1789920, -58.604601
1790580, -58.355810
1791240, -58.107725
1791900, -57.858138
1792560, -57.608965
1793220, -57.357772
1793880, -57.106473
1794540, -56.852781
1795200, -56.598479
1795860, -56.340989
1796520, -56.082093
1797180, -55.819384
1797840, -55.554411
1798500, -55.284396
1799160, -55.010928
1799820, -54.731417
1800480, -54.446934
1801140, -54.154416
1801800, -53.855146
1802460, -53.545822
1803120, -53.227025
1803780, -52.895198
1804440, -52.550759
1805100, -52.189152
1805760, -51.810146
1806420, -51.408586
1807080, -50.982795
1807740, -50.526731
1808400, -50.036662
1809060, -49.504411
1809720, -48.923498
1810380, -48.282127
1811040, -47.569310
1811700, -46.766605
1812360, -45.855368
1813020, -44.806376
1813680, -43.585946
1814340, -42.144642
1815000, -40.422331
1815660, -38.334162
1816320, -35.774872
1816980, -32.607807
1817640, -28.680370
1818300, -23.846055
1818960, -18.049613
1819620, -11.459097
1820280, -4.632513
1820940, 1.503333
1821600, 6.006999
1822260, 8.430384
1822920, 8.932308
1823580, 7.993835
1824240, 6.094857
1824900, 3.598666
1825560, 0.745699
1826220, -2.303404
1826880, -5.447212
1827540, -8.615857
1828200, -11.767525
1828860, -14.872574
1829520, -17.917158
1830180, -20.891835
1830840, -23.798173
1831500, -26.639435
1832160, -29.428535
1832820, -32.179510
1833480, -34.915762
1834140, -37.661606
1834800, -40.449189
1835460, -43.306626
1836120, -46.261915
1836780, -49.325945
1837440, -52.487682
1838100, -55.689953
1838760, -58.825957
1839420, -61.736342
1840080, -64.253694
1840740, -66.254282
1841400, -67.710207
1842060, -68.677542
1842720, -69.263493
1843380, -69.575056
1844040, -69.703747
1844700, -69.711911
1845360, -69.644660
1846020, -69.527466
1846680, -69.379664
1847340, -69.209889
1848000, -69.026869
1848660, -68.832676
1849320, -68.631999
1849980, -68.424439
1850640, -68.213171
1851300, -67.996862
1851960, -67.778102
1852620, -67.555184
1853280, -67.330463
1853940, -67.102098
1854600, -66.872357
1855260, -66.639335
1855920, -66.405251
1856580, -66.168182
1857240, -65.930344
1857900, -65.689807
1858560, -65.448760
1859220, -65.205267
1859880, -64.961534
1860540, -64.715632
1861200, -64.469732
1861860, -64.221893
1862520, -63.974312
1863180, -63.725060
1863840, -63.476284
1864500, -63.226029
1865160, -62.976477
1865820, -62.725692
1866480, -62.475784
1867140, -62.224774
1867800, -61.974821
1868460, -61.723968
1869120, -61.474278
1869780, -61.223736
1870440, -60.974466
1871100, -60.724483
1871760, -60.475787
1872420, -60.226315
1873080, -59.978146
1873740, -59.729263
1874400, -59.481583
1875060, -59.232984
1875720, -58.985489
1876380, -58.737041
1877040, -58.489458
1877700, -58.240540
1878360, -57.992241
1879020, -57.742451
1879680, -57.492867
1880340, -57.241188
1881000, -56.989273
1881660, -56.734932
1882320, -56.479701
1882980, -56.221142
1883640, -55.960988
1884300, -55.696876
1884960, -55.430127
1885620, -55.158112
1886280, -54.882371
1886940, -54.600153
1887600, -54.312482
1888260, -54.016426
1888920, -53.713214
1889580, -53.399243
1890240, -53.075069
1890900, -52.737259
1891560, -52.385641
1892220, -52.015800
1892880, -51.627423
1893540, -51.214744
1894200, -50.775996
1894860, -50.304357
1895520, -49.795924
1896180, -49.241581
1896840, -48.634323
1897500, -47.960767
1898160, -47.209113
1898820, -46.358699
1899480, -45.387793
1900140, -44.263550
1900800, -42.947511
1901460, -41.384211
1902120, -39.504102
1902780, -37.211637
1903440, -34.388793
1904100, -30.887752
1904760, -26.554401
1905420, -21.269925
1906080, -15.063822
1906740, -8.267201
1907400, -1.632789
1908060, 3.842198
1908720, 7.394581
1909380, 8.877339
1910040, 8.644772
1910700, 7.206987
1911360, 4.993080
1912020, 2.307483
1912680, -0.652856
1913340, -3.755874
1914000, -6.918426
1914660, -10.082904
1915320, -13.215908
1915980, -16.293941
1916640, -19.307301
1917300, -22.249817
1917960, -25.125583
1918620, -27.940295
1919280, -30.709337
1919940, -33.449937
1920600, -36.187813
1921260, -38.948827
1921920, -41.765556
1922580, -44.665307
1923240, -47.671211
1923900, -50.783982
1924560, -53.975213
1925220, -57.163970
1925880, -60.217550
1926540, -62.964551
1927200, -65.252657
1927860, -66.997364
1928520, -68.215492
1929180, -68.990900
1929840, -69.437040
1930500, -69.653453
1931160, -69.719919
1931820, -69.688229
1932480, -69.595486
1933140, -69.461896
1933800, -69.303283
1934460, -69.126232
1935120, -68.938065
1935780, -68.740135
1936440, -68.536551
1937100, -68.326694
1937760, -68.113467
1938420, -67.895504
1939080, -67.675232
1939740, -67.450985
1940400, -67.225005
1941060, -66.995518
1941720, -66.764697
1942380, -66.530705
1943040, -66.295677
1943700, -66.057774
1944360, -65.819128
1945020, -65.577880
1945680, -65.336138
1946340, -65.092058
1947000, -64.847760
1947660, -64.601385
1948320, -64.355025
1948980, -64.106830
1949640, -63.858915
1950300, -63.609411
1950960, -63.360389
1951620, -63.109987
1952280, -62.860307
1952940, -62.609458
1953600, -62.359482
1954260, -62.108492
1954920, -61.858568
1955580, -61.607789
1956240, -61.358149
1956900, -61.107731
1957560, -60.858582
1958220, -60.608736
1958880, -60.360129
1959540, -60.110801
1960200, -59.862757
1960860, -59.613977
1961520, -59.366325
1962180, -59.117783
1962840, -58.870304
1963500, -58.621808
1964160, -58.374063
1964820, -58.124983
1965480, -57.876453
1966140, -57.626314
1966800, -57.376220
1967460, -57.123988
1968120, -56.871417
1968780, -56.616229
1969440, -56.359925
1970100, -56.100194
1970760, -55.838710
1971420, -55.572973
1972080, -55.304279
1972740, -55.030127
1973400, -54.752004
1974060, -54.466947
1974720, -54.175961
1975380, -53.876246
1976040, -53.568632
1976700, -53.249612
1977360, -52.919700
1978020, -52.575312
1978680, -52.215958
1979340, -51.837334
1980000, -51.438459
1980660, -51.013587
1981320, -50.560817
1981980, -50.072431
1982640, -49.544338
1983300, -48.966206
1983960, -48.330535
1984620, -47.622349
1985280, -46.827626
1985940, -45.924098
1986600, -44.887134
1987260, -43.679684
1987920, -42.257242
1988580, -40.556720
1989240, -38.499091
1989900, -35.976949
1990560, -32.859578
1991220, -28.991087
1991880, -24.226111
1992540, -18.495959
1993200, -11.951148
1993860, -5.112869
1994520, 1.106209
1995180, 5.751114
1995840, 8.323419
1996500, 8.949766
1997160, 8.096603
1997820, 6.253873
1998480, 3.790307
1999140, 0.957892
1999800, -2.081891
2000460, -5.220453
2001120, -8.389895
2001780, -11.542969
2002440, -14.653071
2003100, -17.701596
2003760, -20.682542
2004420, -23.592954
2005080, -26.439636
2005740, -29.231027
2006400, -31.984750
2007060, -34.719899
2007720, -37.465079
2008380, -40.247732
2009040, -43.100083
2009700, -46.046833
2010360, -49.104303
2011020, -52.259757
2011680, -55.463282
2012340, -58.607795
2013000, -61.540632
2013660, -64.089734
2014320, -66.130358
2014980, -67.623201
2015640, -68.623063
2016300, -69.231490
2016960, -69.560261
2017620, -69.698630
2018280, -69.714656
2018940, -69.650789
2019600, -69.537406
2020260, -69.390444
2020920, -69.222899
2021580, -69.039739
2022240, -68.847162
2022900, -68.645960
2023560, -68.439769
2024220, -68.227815
2024880, -68.012766
2025540, -67.793245
2026200, -67.571533
2026860, -67.346011
2027520, -67.118818
2028180, -66.888248
2028840, -66.656374
2029500, -66.421441
2030160, -66.185498
2030820, -65.946791
2031480, -65.707361
2032140, -65.465428
2032800, -65.223022
2033460, -64.978383
2034120, -64.733550
2034780, -64.486730
2035440, -64.239941
2036100, -63.991420
2036760, -63.743202
2037420, -63.493474
2038080, -63.244236
2038740, -62.993715
2039400, -62.743933
2040060, -62.493047
2040720, -62.243028
2041380, -61.992082
2042040, -61.742210
2042700, -61.491525
2043360, -61.241955
2044020, -60.991679
2044680, -60.742666
2045340, -60.492969
2046000, -60.244465
2046660, -59.995291
2047320, -59.747381
2047980, -59.498711
2048640, -59.251091
2049300, -59.002608
2049960, -58.755150
2050620, -58.506605
2051280, -58.258696
2051940, -58.009446
2052600, -57.760681
2053260, -57.510181
2053920, -57.259563
2054580, -57.006760
2055240, -56.753517
2055900, -56.497455
2056560, -56.240050
2057220, -55.979111
2057880, -55.716225
2058540, -55.448788
2059200, -55.178077
2059860, -54.901715
2060520, -54.620909
2061180, -54.332758
2061840, -54.038238
2062500, -53.734661
2063160, -53.422395
2063820, -53.098080
2064480, -52.762183
2065140, -52.410705
2065800, -52.043128
2066460, -51.655235
2067120, -51.245270
2067780, -50.807568
2068440, -50.339341
2069100, -49.832804
2069760, -49.282918
2070420, -48.678828
2071080, -48.011306
2071740, -47.264922
2072400, -46.423097
2073060, -45.460700
2073720, -44.349369
2074380, -43.047505
2075040, -41.504657
2075700, -39.648763
2076360, -37.389945
2077020, -34.608179
2077680, -31.161116
2078340, -26.890423
2079000, -21.675242
2079660, -15.526751
2080320, -8.753537
2080980, -2.074799
2081640, 3.512435
2082300, 7.214051
2082960, 8.834429
2083620, 8.707212
2084280, 7.338011
2084940, 5.168428
2085600, 2.507658
2086260, -0.437303
2086920, -3.534333
2087580, -6.693905
2088240, -9.860586
2088900, -12.995762
2089560, -16.078760
2090220, -19.095729
2090880, -22.043896
2091540, -24.923023
2092200, -27.742524
2092860, -30.513741
2093520, -33.256791
2094180, -35.993092
2094840, -38.752205
2095500, -41.563191
2096160, -44.457150
2096820, -47.454238
2097480, -50.560773
2098140, -53.747281
2098800, -56.940336
2099460, -60.008079
2100120, -62.783829
2100780, -65.107310
2101440, -66.892146
2102100, -68.144445
2102760, -68.948529
2103420, -69.413549
2104080, -69.644280
2104740, -69.718471
2105400, -69.693292
2106060, -69.603142
2106720, -69.472803
2107380, -69.314751
2108040, -69.139688
2108700, -68.951298
2109360, -68.754865
2110020, -68.550745
2110680, -68.342184
2111340, -68.128289
2112000, -67.911529
2112660, -67.690526
2113320, -67.467435
2113980, -67.240688
2114640, -67.012326
2115300, -66.780712
2115960, -66.547822
2116620, -66.311981
2117280, -66.075159
2117940, -65.835679
2118600, -65.595492
2119260, -65.352901
2119920, -65.109862
2120580, -64.864695
2121240, -64.619343
2121900, -64.372100
2122560, -64.124909
2123220, -63.876091
2123880, -63.627575
2124540, -63.377638
2125200, -63.128208
2125860, -62.877594
2126520, -62.627704
2127180, -62.376787
2127840, -62.126742
2128500, -61.875863
2129160, -61.626020
2129820, -61.375423
2130480, -61.125933
2131140, -60.875816
2131800, -60.626896
2132460, -60.377327
2133120, -60.128923
2133780, -59.879912
2134440, -59.632063
2135100, -59.383460
2135760, -59.135854
2136420, -58.887427
2137080, -58.639883
2137740, -58.391219
2138400, -58.143108
2139060, -57.893670
2139720, -57.644529
2140380, -57.393570
2141040, -57.142367
2141700, -56.888954
2142360, -56.634840
2143020, -56.377759
2143680, -56.119151
2144340, -55.856931
2145000, -55.592386
2145660, -55.323051
2146320, -55.050170
2146980, -54.771473
2147640, -54.487795
2148300, -54.196381
2148960, -53.898170
2149620, -53.590303
2150280, -53.273008
2150940, -52.943047
2151600, -52.600653
2152260, -52.241586
2152920, -51.865282
2153580, -51.467122
2154240, -51.045099
2154900, -50.593585
2155560, -50.108751
2156220, -49.582790
2156880, -49.009307
2157540, -48.377253
2158200, -47.675505
2158860, -46.886659
2159520, -45.992594
2160180, -44.965478
2160840, -43.772657
2161500, -42.366758
2162160, -40.689500
2162820, -38.659869
2163480, -36.176066
2164140, -33.105533
2164800, -29.297025
2165460, -24.599741
2166120, -18.938838
2166780, -12.439004
2167440, -5.596489
2168100, 0.701654
2168760, 5.482639
2169420, 8.207010
2170080, 8.958877
2170740, 8.195864
2171400, 6.409584
2172060, 3.982017
2172720, 1.169167
2173380, -1.858928
2174040, -4.993910
2174700, -8.161840
2175360, -11.317933
2176020, -14.430920
2176680, -17.485150
2177340, -20.470327
2178000, -23.386672
2178660, -26.236815
2179320, -29.032423
2179980, -31.787002
2180640, -34.523753
2181300, -37.266580
2181960, -40.046352
2182620, -42.891832
2183280, -45.832002
2183940, -48.880547
2184600, -52.030920
2185260, -55.233449
2185920, -58.388094
2186580, -61.341153
2187240, -63.923754
2187900, -66.002405
2188560, -67.534535
2189220, -68.565666
2189880, -69.199127
2190540, -69.543696
2191200, -69.694015
2191860, -69.716223
2192520, -69.657804
2193180, -69.546411
2193840, -69.402262
2194500, -69.235070
2195160, -69.053705
2195820, -68.860849
2196480, -68.661044
2197140, -68.454320
2197800, -68.243596
2198460, -68.027902
2199120, -67.809533
2199780, -67.587122
2200440, -67.362710
2201100, -67.134785
2201760, -66.905296
2202420, -66.672666
2203080, -66.438792
2203740, -66.202073
2204400, -65.964403
2205060, -65.724178
2205720, -65.483264
2206380, -65.240045
2207040, -64.996404
2207700, -64.750741
2208360, -64.504902
2209020, -64.257266
2209680, -64.009706
2210340, -63.760621
2211000, -63.511839
2211660, -63.261721
2212320, -63.012128
2212980, -62.761450
2213640, -62.511479
2214300, -62.260554
2214960, -62.010510
2215620, -61.759721
2216280, -61.509931
2216940, -61.259440
2217600, -61.010050
2218260, -60.760110
2218920, -60.511299
2219580, -60.261872
2220240, -60.013581
2220900, -59.764744
2221560, -59.516966
2222220, -59.268434
2222880, -59.020849
2223540, -58.772481
2224200, -58.524848
2224860, -58.276059
2225520, -58.027740
2226180, -57.778106
2226840, -57.528567
2227500, -57.277126
2228160, -57.025316
2228820, -56.771273
2229480, -56.516251
2230140, -56.258115
2230800, -55.998268
2231460, -55.734728
2232120, -55.468481
2232780, -55.197200
2233440, -54.922098
2234100, -54.640830
2234760, -54.354080
2235420, -54.059223
2236080, -53.757161
2236740, -53.444731
2237400, -53.122152
2238060, -52.786299
2238720, -52.436839
2239380, -52.069658
2240040, -51.684125
2240700, -51.275009
2241360, -50.840230
2242020, -50.373551
2242680, -49.870783
2243340, -49.323494
2244000, -48.724444
2244660, -48.061097
2245320, -47.321684
2245980, -46.486449
2246640, -45.534304
2247300, -44.433897
2247960, -43.147933
2248620, -41.623314
2249280, -39.793125
2249940, -37.565667
2250600, -34.826348
2251260, -31.430837
2251920, -27.224461
2252580, -22.077778
2253240, -15.990356
2253900, -9.240737
2254560, -2.523900
2255220, 3.172996
2255880, 7.021773
2256540, 8.784009
2257200, 8.763203
2257860, 7.466796
2258520, 5.341304
2259180, 2.708268
2259840, -0.222477
2260500, -3.311213
2261160, -6.469358
2261820, -9.636196
2262480, -12.775461
2263140, -15.862078
2263800, -18.884834
2264460, -21.837028
2265120, -24.721790
2265780, -27.544562
2266440, -30.319574
2267100, -33.062945
2267760, -35.799303
2268420, -38.555054
2269080, -41.362198
2269740, -44.248542
2270400, -47.238704
2271060, -50.337196
2271720, -53.520761
2272380, -56.716012
2273040, -59.798237
2273700, -62.599002
2274360, -64.959141
2275020, -66.782398
2275680, -68.071336
2276340, -68.903023
2277000, -69.389431
2277660, -69.633146
2278320, -69.717243
2278980, -69.696963
2279640, -69.611385
2280300, -69.482553
2280960, -69.326951
2281620, -69.152077
2282280, -68.965318
2282940, -68.768562
2283600, -68.565749
2284260, -68.356656
2284920, -68.143928
2285580, -67.926543
2286240, -67.706641
2286900, -67.482877
2287560, -67.257193
2288220, -67.028128
2288880, -66.797548
2289540, -66.563933
2290200, -66.329106
2290860, -66.091538
2291520, -65.853051
2292180, -65.612100
2292840, -65.370484
2293500, -65.126663
2294160, -64.882451
2294820, -64.636300
2295480, -64.389994
2296140, -64.141988
2296800, -63.894088
2297460, -63.644741
2298120, -63.395708
2298780, -63.145431
2299440, -62.895704
2300100, -62.644955
2300760, -62.394913
2301420, -62.143998
2302080, -61.893980
2302740, -61.643259
2303400, -61.393518
2304060, -61.143144
2304720, -60.893872
2305380, -60.644066
2306040, -60.395347
2306700, -60.146057
2307360, -59.897890
2308020, -59.649161
2308680, -59.401416
2309340, -59.152939
2310000, -58.905372
2310660, -58.656973
2311320, -58.409195
2311980, -58.160247
2312640, -57.911705
2313300, -57.661756
2313960, -57.411736
2314620, -57.159756
2315280, -56.907305
2315940, -56.652459
2316600, -56.396402
2317260, -56.137114
2317920, -55.875956
2318580, -55.610800
2319240, -55.342621
2319900, -55.069208
2320560, -54.791733
2321220, -54.507631
2321880, -54.217581
2322540, -53.919071
2323200, -53.612742
2323860, -53.295366
2324520, -52.967143
2325180, -52.624937
2325840, -52.267940
2326500, -51.892147
2327160, -51.496479
2327820, -51.075492
2328480, -50.627003
2329140, -50.143903
2329800, -49.621831
2330460, -49.051166
2331120, -48.424329
2331780, -47.727054
2332440, -46.945693
2333100, -46.059103
2333760, -45.043121
2334420, -43.862436
2335080, -42.474120
2335740, -40.817485
2336400, -38.816590
2337060, -36.368029
2337720, -33.344500
2338380, -29.592532
2339040, -24.962775
2339700, -19.367592
2340360, -12.916836
2341020, -6.071874
2341680, 0.298307
2342340, 5.212130
2343000, 8.084242
2343660, 8.962814
2344320, 8.288369
2344980, 6.560648
2345640, 4.167583
2346300, 1.376143
2346960, -1.641836
2347620, -4.771298
2348280, -7.939569
2348940, -11.096698
2349600, -14.213961
2350260, -17.271751
2350920, -20.262611
2351580, -23.182858
2352240, -26.038039
2352900, -28.835972
2353560, -31.593836
2354220, -34.330560
2354880, -37.072885
2355540, -39.848168
2356200, -42.688899
2356860, -45.620901
2357520, -48.662361
2358180, -51.805466
2358840, -55.007292
2359500, -58.169424
2360160, -61.143591
2360820, -63.757050
2361480, -65.874532
2362140, -67.443593
2362800, -68.507782
2363460, -69.164763
2364120, -69.527161
2364780, -69.687883
2365440, -69.718182
2366100, -69.663548
2366760, -69.555965
2367420, -69.412907
2368080, -69.247848
2368740, -69.066534
2369400, -68.875161
2370060, -68.675000
2370720, -68.469499
2371380, -68.258250
2372040, -68.043666
2372700, -67.824694
2373360, -67.603335
2374020, -67.378279
2374680, -67.151373
2375340, -66.921211
2376000, -66.689576
2376660, -66.455008
2377320, -66.219262
2377980, -65.980878
2378640, -65.741607
2379300, -65.499962
2379960, -65.257677
2380620, -65.013286
2381280, -64.768536
2381940, -64.521931
2382600, -64.275191
2383260, -64.026847
2383920, -63.778639
2384580, -63.529057
2385240, -63.279802
2385900, -63.029394
2386560, -62.779561
2387220, -62.528764
2387880, -62.278675
2388540, -62.027792
2389200, -61.777824
2389860, -61.527188
2390520, -61.277515
2391180, -61.027274
2391840, -60.778140
2392500, -60.528477
2393160, -60.279861
2393820, -60.030719
2394480, -59.782688
2395140, -59.534064
2395800, -59.286355
2396460, -59.037933
2397120, -58.790388
2397780, -58.541937
2398440, -58.293999
2399100, -58.044880
2399760, -57.796108
2400420, -57.545798
2401080, -57.295262
2401740, -57.042715
2402400, -56.789599
2403060, -56.533886
2403720, -56.276742
2404380, -56.016256
2405040, -55.753751
2405700, -55.486938
2406360, -55.216786
2407020, -54.941197
2407680, -54.661171
2408340, -54.374078
2409000, -54.080589
2409660, -53.778299
2410320, -53.467404
2410980, -53.144816
2411640, -52.810700
2412300, -52.461505
2412960, -52.096403
2413620, -51.711469
2414280, -51.304871
2414940, -50.871236
2415600, -50.407752
2416260, -49.906952
2416920, -49.363872
2417580, -48.768023
2418240, -48.110415
2418900, -47.376077
2419560, -46.548920
2420220, -45.605031
2420880, -44.516902
2421540, -43.244670
2422200, -41.739415
2422860, -39.932472
2423520, -37.737121
2424180, -35.037320
2424840, -31.693600
2425500, -27.548134
2426160, -22.470593
2426820, -16.444247
2427480, -9.725591
2428140, -2.975588
2428800, 2.824691
2429460, 6.819990
2430120, 8.722723
2430780, 8.811955
2431440, 7.588540
2432100, 5.510269
2432760, 2.904257
2433420, -0.009876
2434080, -3.091525
2434740, -6.246176
2435400, -9.414593
2436060, -12.556029
2436720, -15.647790
2437380, -18.674747
2438040, -21.632912
2438700, -24.521681
2439360, -27.349288
2440020, -30.126267
2440680, -32.871586
2441340, -35.606791
2442000, -38.361045
2442660, -41.162800
2443320, -44.043426
2443980, -47.025215
2444640, -50.117583
2445300, -53.296599
2445960, -56.495541
2446620, -59.589984
2447280, -62.416533
2447940, -64.810724
2448600, -66.673155
2449260, -67.996712
2449920, -68.857689
2450580, -69.363913
2451240, -69.622427
2451900, -69.714842
2452560, -69.701216
2453220, -69.618565
2453880, -69.492949
2454540, -69.338125
2455200, -69.165133
2455860, -68.978324
2456520, -68.782931
2457180, -68.579740
2457840, -68.371798
2458500, -68.158553
2459160, -67.942224
2459820, -67.721740
2460480, -67.498983
2461140, -67.272680
2461800, -67.044590
2462460, -66.813366
2463120, -66.580703
2463780, -66.345210
2464440, -66.108574
2465100, -65.869402
2465760, -65.629364
2466420, -65.387046
2467080, -65.144118
2467740, -64.899185
2468400, -64.653911
2469060, -64.406869
2469720, -64.159720
2470380, -63.911066
2471040, -63.662560
2471700, -63.412760
2472360, -63.163308
2473020, -62.912797
2473680, -62.662860
2474340, -62.412026
2475000, -62.161910
2475660, -61.911085
2476320, -61.661154
2476980, -61.410604
2477640, -61.161012
2478300, -60.910921
2478960, -60.661895
2479620, -60.412362
2480280, -60.163850
2480940, -59.914865
2481600, -59.666920
2482260, -59.418372
2482920, -59.170686
2483580, -58.922318
2484240, -58.674725
2484900, -58.426173
2485560, -58.178048
2486220, -57.928744
2486880, -57.679646
2487540, -57.428906
2488200, -57.177808
2488860, -56.924659
2489520, -56.670738
2490180, -56.414048
2490840, -56.155733
2491500, -55.893982
2492160, -55.629868
2492820, -55.361189
2493480, -55.088894
2494140, -54.810986
2494800, -54.528109
2495460, -54.237766
2496120, -53.940605
2496780, -53.634156
2497440, -53.318344
2498100, -52.990201
2498760, -52.649823
2499420, -52.293235
2500080, -51.919589
2500740, -54.406306
2501400, -56.502173
2502060, -58.362343
2502720, -60.069944
2503380, -61.664311
2504040, -63.149180
2504700, -64.519374
2505360, -65.761433
2506020, -66.870706
2506680, -67.843784
2507340, -68.688274
2508000, -69.411264
2508660, -70.027315
2509320, -70.546838
2509980, -70.984826
2510640, -71.350370
2511300, -71.656220
2511960, -71.908852
2512620, -72.118441
2513280, -72.289051
2513940, -72.428702
2514600, -72.539603
2515260, -72.628188
2515920, -72.695321
2516580, -72.746302
2517240, -72.781044
2517900, -72.804048
2518560, -72.814558
2519220, -72.816513
2519880, -72.808691
2520540, -72.794632
2521200, -72.772782
2521860, -72.746400
2522520, -72.713698
2523180, -72.677733
2523840, -72.636547
2524500, -72.593052
2525160, -72.545169
2525820, -72.495703
2526480, -72.442486
2527140, -72.388246
2527800, -72.330750
2528460, -72.272667
2529120, -72.211718
2529780, -72.150526
2530440, -72.086778
2531100, -72.023064
2531760, -71.957044
2532420, -71.891279
2533080, -71.823409
2533740, -71.755974
2534400, -71.686599
2535060, -71.617814
2535720, -71.547231
2536380, -71.477366
2537040, -71.405826
2537700, -71.335116
2538360, -71.262836
2539020, -71.191482
2539680, -71.118650
2540340, -71.046830
2541000, -70.973613
2541660, -70.901481
2542320, -70.828016
2542980, -70.755695
2543640, -70.682101
2544300, -70.609706
2544960, -70.536096
2545620, -70.463739
2546280, -70.390219
2546940, -70.318002
2547600, -70.244673
2548260, -70.172693
2548920, -70.099645
2549580, -70.027990
2550240, -69.955310
2550900, -69.884056
2551560, -69.811804
2552220, -69.741002
2552880, -69.669231
2553540, -69.598939
2554200, -69.527708
2554860, -69.457985
2555520, -69.387355
2556180, -69.318261
2556840, -69.248290
2557500, -69.179884
2558160, -69.110628
2558820, -69.042962
2559480, -68.974474
2560140, -68.907596
2560800, -68.839905
2561460, -68.773828
2562120, -68.706948
2562780, -68.641695
2563440, -68.575656
2564100, -68.511259
2564760, -68.446093
2565420, -68.382588
2566080, -68.318333
2566740, -68.255755
2567400, -68.192446
2568060, -68.130829
2568720, -68.068499
2569380, -68.007878
2570040, -67.946560
2570700, -67.886951
2571360, -67.826635
2572020, -67.768022
2572680, -67.708702
2573340, -67.651088
2574000, -67.592775
2574660, -67.536175
2575320, -67.478886
2575980, -67.423320
2576640, -67.367077
2577300, -67.312566
2577960, -67.257390
2578620, -67.203957
2579280, -67.149869
2579940, -67.097534
2580600, -67.044556
2581260, -66.993339
2581920, -66.941487
2582580, -66.891385
2583240, -66.840626
2583900, -66.791602
2584560, -66.741916
2585220, -66.693962
2585880, -66.645347
2586540, -66.598466
2587200, -66.550929
2587860, -66.505131
2588520, -66.458684
2589180, -66.413983
2589840, -66.368640
2590500, -66.325048
2591160, -66.280824
2591820, -66.238357
2592480, -66.195264
2593140, -66.153935
2593800, -66.111987
2594460, -66.071809
2595120, -66.031019
2595780, -65.992003
2596440, -65.952377
2597100, -65.914508
2597760, -65.876003
2598420, -65.839236
2599080, -65.801823
2599740, -65.766140
2600400, -65.729809
2601060, -65.695207
2601720, -65.659959
2602380, -65.626441
2603040, -65.592280
2603700, -65.559853
2604360, -65.526788
2605020, -65.495459
2605680, -65.463497
2606340, -65.433275
2607000, -65.402424
2607660, -65.373317
2608320, -65.343585
2608980, -65.315598
2609640, -65.286991
2610300, -65.260131
2610960, -65.232654
2611620, -65.206926
2612280, -65.180583
2612940, -65.155990
2613600, -65.130783
2614260, -65.107326
2614920, -65.083258
2615580, -65.060938
2616240, -65.038007
2616900, -65.016823
2617560, -64.995028
2618220, -64.974974
2618880, -64.954292
2619540, -64.935326
2620200, -64.915714
2620860, -64.897804
2621520, -64.879238
2622180, -64.862366
2622840, -64.844832
2623500, -64.828987
2624160, -64.812476
2624820, -64.797649
2625480, -64.782153
2626140, -64.768337
2626800, -64.753849
2627460, -64.741036
2628120, -64.727548
2628780, -64.715729
2629440, -64.703232
2630100, -64.692398
2630760, -64.680881
2631420, -64.671020
2632080, -64.660471
2632740, -64.651571
2633400, -64.641976
2634060, -64.634021
2634720, -64.625365
2635380, -64.618341
2636040, -64.610606
2636700, -64.604494
2637360, -64.597663
2638020, -64.592444
2638680, -64.586496
2639340, -64.582148
2640000, -64.577062
2640660, -64.573563
2641320, -64.569315
2641980, -64.566642
2642640, -64.563207
2643300, -64.561334
2643960, -64.558687
2644620, -64.557587
2645280, -64.555700
2645940, -64.555345
2646600, -64.554189
2647260, -64.554550
2647920, -64.554096
2648580, -64.555142
2649240, -64.555359
2649900, -64.557061
2650560, -64.557917
2651220, -64.560240
2651880, -64.561703
2652540, -64.564616
2653200, -64.566653
2653860, -64.570122
2654520, -64.572698
2655180, -64.576689
2655840, -64.579771
2656500, -64.584250
2657160, -64.587803
2657820, -64.592735
2658480, -64.596725
2659140, -64.602075
2659800, -64.606466
2660460, -64.612200
2661120, -64.616958
2661780, -64.623041
2662440, -64.628132
2663100, -64.634529
2663760, -64.639918
2664420, -64.646596
2665080, -64.652249
2665740, -64.659174
2666400, -64.665058
2667060, -64.672197
2667720, -64.678280
2668380, -64.685600
2669040, -64.691850
2669700, -64.699321
2670360, -64.705706
2671020, -64.713297
2671680, -64.719788
2672340, -64.727469
2673000, -64.734036
2673660, -64.741779
2674320, -64.748395
2674980, -64.756171
2675640, -64.762809
2676300, -64.770594
2676960, -64.777227
2677620, -64.784995
2678280, -64.791601
2678940, -64.799328
2679600, -64.805882
2680260, -64.813545
2680920, -64.820026
2681580, -64.827606
2682240, -64.833993
2682900, -64.841469
2683560, -64.847743
2684220, -64.855097
2684880, -64.861241
2685540, -64.868455
2686200, -64.874453
2686860, -64.881512
2687520, -64.887349
2688180, -64.894238
2688840, -64.899900
2689500, -64.906608
2690160, -64.912082
2690820, -64.918596
2691480, -64.923872
2692140, -64.930182
2692800, -64.935250
2693460, -64.941348
2694120, -64.946200
2694780, -64.952077
2695440, -64.956705
2696100, -64.962355
2696760, -64.966754
2697420, -64.972172
2698080, -64.976337
2698740, -64.981517
2699400, -64.985444
2700060, -64.990385
2700720, -64.994071
2701380, -64.998769
2702040, -65.002214
2702700, -65.006666
2703360, -65.009862
2704020, -65.014061
2704680, -65.017002
2705340, -65.020945
2706000, -65.023629
2706660, -65.027316
2707320, -65.029746
2707980, -65.033178
2708640, -65.035356
2709300, -65.038538
2709960, -65.040470
2710620, -65.043407
2711280, -65.045096
2711940, -65.047794
2712600, -65.049248
2713260, -65.051712
2713920, -65.052937
2714580, -65.055175
2715240, -65.056178
2715900, -65.058196
2716560, -65.058984
2717220, -65.060791
2717880, -65.061372
2718540, -65.062975
2719200, -65.063357
2719860, -65.064764
2720520, -65.064955
2721180, -65.066175
2721840, -65.066183
2722500, -65.067224
2723160, -65.067057
2723820, -65.067927
2724480, -65.067595
2725140, -65.068303
2725800, -65.067814
2726460, -65.068368
2727120, -65.067730
2727780, -65.068139
2728440, -65.067361
2729100, -65.067634
2729760, -65.066725
2730420, -65.066870
2731080, -65.065837
2731740, -65.065863
2732400, -65.064716
2733060, -65.064630
2733720, -65.063377
2734380, -65.063188
2735040, -65.061837
2735700, -65.061553
2736360, -65.060112
2737020, -65.059741
2737680, -65.058218
2738340, -65.057768
2739000, -65.056169
2739660, -65.055648
2740320, -65.053983
2740980, -65.053397
2741640, -65.051671
2742300, -65.051029
2742960, -65.049250
2743620, -65.048557
2744280, -65.046733
2744940, -65.045996
2745600, -65.044133
2746260, -65.043359
2746920, -65.041462
2747580, -65.040658
2748240, -65.038733
2748900, -65.037904
2749560, -65.035958
2750220, -65.035110
2750880, -65.033149
2751540, -65.032287
2752200, -65.030315
2752860, -65.029444
2753520, -65.027467
2754180, -65.026593
2754840, -65.024616
2755500, -65.023742
2756160, -65.021769
2756820, -65.020901
2757480, -65.018936
2758140, -65.018078
2758800, -65.016124
2759460, -65.015280
2760120, -65.013343
2760780, -65.012515
2761440, -65.010597
2762100, -65.009790
2762760, -65.007895
2763420, -65.007112
2764080, -65.005243
2764740, -65.004485
2765400, -65.002645
2766060, -65.001917
2766720, -65.000107
2767380, -64.999410
2768040, -64.997633
2768700, -64.996969
2769360, -64.995224
2770020, -64.994591
2770680, -64.992879
2771340, -64.992278
2772000, -64.990600
2772660, -64.990033
2773320, -64.988391
2773980, -64.987859
2774640, -64.986253
2775300, -64.985757
2775960, -64.984189
2776620, -64.983731
2777280, -64.982202
2777940, -64.981783
2778600, -64.980294
2779260, -64.979915
2779920, -64.978466
2780580, -64.978128
2781240, -64.976721
2781900, -64.976425
2782560, -64.975060
2783220, -64.974805
2783880, -64.973483
2784540, -64.973270
2785200, -64.971991
2785860, -64.971820
2786520, -64.970584
2787180, -64.970456
2787840, -64.969263
2788500, -64.969177
2789160, -64.968026
2789820, -64.967983
2790480, -64.966875
2791140, -64.966873
2791800, -64.965808
2792460, -64.965847
2793120, -64.964824
2793780, -64.964904
2794440, -64.963922
2795100, -64.964042
2795760, -64.963100
2796420, -64.963260
2797080, -64.962358
2797740, -64.962557
2798400, -64.961694
2799060, -64.961930
2799720, -64.961105
2800380, -64.961377
2801040, -64.960589
2801700, -64.960898
2802360, -64.960146
2803020, -64.960489
2803680, -64.959771
2804340, -64.960148
2805000, -64.959464
2805660, -64.959873
2806320, -64.959222
2806980, -64.959662
2807640, -64.959041
2808300, -64.959511
2808960, -64.958920
2809620, -64.959418
2810280, -64.958856
2810940, -64.959381
2811600, -64.958846
2812260, -64.959397
2812920, -64.958888
2813580, -64.959463
2814240, -64.958978
2814900, -64.959577
2815560, -64.959115
2816220, -64.959735
2816880, -64.959294
2817540, -64.959935
2818200, -64.959514
2818860, -64.960173
2819520, -64.959772
2820180, -64.960449
2820840, -64.960065
2821500, -64.960757
2822160, -64.960390
2822820, -64.961097
2823480, -64.960744
2824140, -64.961465
2824800, -64.961126
2825460, -64.961859
2826120, -64.961531
2826780, -64.962275
2827440, -64.961959
2828100, -64.962712
2828760, -64.962405
2829420, -64.963167
2830080, -64.962869
2830740, -64.963638
2831400, -64.963347
2832060, -64.964122
2832720, -64.963837
2833380, -64.964617
2834040, -64.964338
2834700, -64.965121
2835360, -64.964846
2836020, -64.965632
2836680, -64.965360
2837340, -64.966148
2838000, -64.965877
2838660, -64.966667
2839320, -64.966397
2839980, -64.967187
2840640, -64.966917
2841300, -64.967706
2841960, -64.967436
2842620, -64.968223
2843280, -64.967951
2843940, -64.968735
2844600, -64.968462
2845260, -64.969243
2845920, -64.968966
2846580, -64.969743
2847240, -64.969463
2847900, -64.970236
2848560, -64.969952
2849220, -64.970719
2849880, -64.970430
2850540, -64.971192
2851200, -64.970898
2851860, -64.971654
2852520, -64.971354
2853180, -64.972103
2853840, -64.971796
2854500, -64.972539
2855160, -64.972226
2855820, -64.972960
2856480, -64.972641
2857140, -64.973368
2857800, -64.973041
2858460, -64.973759
2859120, -64.973425
2859780, -64.974136
2860440, -64.973793
2861100, -64.974495
2861760, -64.974145
2862420, -64.974839
2863080, -64.974480
2863740, -64.975165
2864400, -64.974798
2865060, -64.975474
2865720, -64.975099
2866380, -64.975766
2867040, -64.975382
2867700, -64.976040
2868360, -64.975648
2869020, -64.976297
2869680, -64.975897
2870340, -64.976536
2871000, -64.976128
2871660, -64.976758
2872320, -64.976341
2872980, -64.976963
2873640, -64.976538
2874300, -64.977150
2874960, -64.976717
2875620, -64.977321
2876280, -64.976880
2876940, -64.977475
2877600, -64.977026
2878260, -64.977612
2878920, -64.977156
2879580, -64.977734
2880240, -64.977270
2880900, -64.977840
2881560, -64.977369
2882220, -64.977931
2882880, -64.977452
2883540, -64.978007
2884200, -64.977521
2884860, -64.978069
2885520, -64.977577
2886180, -64.978117
2886840, -64.977618
2887500, -64.978151
2888160, -64.977646
2888820, -64.978173
2889480, -64.977662
2890140, -64.978182
2890800, -64.977666
2891460, -64.978180
2892120, -64.977658
2892780, -64.978166
2893440, -64.977639
2894100, -64.978142
2894760, -64.977610
2895420, -64.978107
2896080, -64.977571
2896740, -64.978064
2897400, -64.977523
2898060, -64.978011
2898720, -64.977467
2899380, -64.977950
2900040, -64.977402
2900700, -64.977881
2901360, -64.977330
2902020, -64.977805
2902680, -64.977251
2903340, -64.977722
2904000, -64.977165
2904660, -64.977633
2905320, -64.977074
2905980, -64.977539
2906640, -64.976977
2907300, -64.977440
2907960, -64.976876
2908620, -64.977336
2909280, -64.976771
2909940, -64.977228
2910600, -64.976661
2911260, -64.977117
2911920, -64.976549
2912580, -64.977003
2913240, -64.976434
2913900, -64.976887
2914560, -64.976317
2915220, -64.976768
2915880, -64.976198
2916540, -64.976648
2917200, -64.976078
2917860, -64.976527
2918520, -64.975956
2919180, -64.976405
2919840, -64.975835
2920500, -64.976283
2921160, -64.975713
2921820, -64.976161
2922480, -64.975591
2923140, -64.976039
2923800, -64.975470
2924460, -64.975918
2925120, -64.975350
2925780, -64.975798
2926440, -64.975231
2927100, -64.975680
2927760, -64.975114
2928420, -64.975563
2929080, -64.974998
2929740, -64.975448
2930400, -64.974885
2931060, -64.975335
2931720, -64.974773
2932380, -64.975225
2933040, -64.974665
2933700, -64.975117
2934360, -64.974558
2935020, -64.975012
2935680, -64.974455
2936340, -64.974910
2937000, -64.974355
2937660, -64.974811
2938320, -64.974258
2938980, -64.974716
2939640, -64.974165
2940300, -64.974623
2940960, -64.974074
2941620, -64.974535
2942280, -64.973988
2942940, -64.974449
2943600, -64.973905
2944260, -64.974368
2944920, -64.973825
2945580, -64.974290
2946240, -64.973750
2946900, -64.974216
2947560, -64.973678
2948220, -64.974146
2948880, -64.973610
2949540, -64.974079
2950200, -64.973545
2950860, -64.974016
2951520, -64.973485
2952180, -64.973957
2952840, -64.973428
2953500, -64.973902
2954160, -64.973375
2954820, -64.973851
2955480, -64.973326
2956140, -64.973803
2956800, -64.973280
2957460, -64.973759
2958120, -64.973238
2958780, -64.973719
2959440, -64.973200
2960100, -64.973682
2960760, -64.973165
2961420, -64.973648
2962080, -64.973134
2962740, -64.973618
2963400, -64.973106
2964060, -64.973591
2964720, -64.973081
2965380, -64.973568
2966040, -64.973059
2966700, -64.973547
2967360, -64.973040
2968020, -64.973530
2968680, -64.973025
2969340, -64.973515
2970000, -64.973012
2970660, -64.973504
2971320, -64.973002
2971980, -64.973495
2972640, -64.972994
2973300, -64.973488
2973960, -64.972989
2974620, -64.973484
2975280, -64.972987
2975940, -64.973482
2976600, -64.972986
2977260, -64.973483
2977920, -64.972988
2978580, -64.973485
2979240, -64.972992
2979900, -64.973490
2980560, -64.972998
2981220, -64.973496
2981880, -64.973005
2982540, -64.973504
2983200, -64.973014
2983860, -64.973513
2984520, -64.973025
2985180, -64.973525
2985840, -64.973037
2986500, -64.973537
2987160, -64.973051
2987820, -64.973551
2988480, -64.973065
2989140, -64.973565
2989800, -64.973081
2990460, -64.973581
2991120, -64.973097
2991780, -64.973598
2992440, -64.973115
2993100, -64.973615
2993760, -64.973133
2994420, -64.973633
2995080, -64.973152
2995740, -64.973652
2996400, -64.973171
2997060, -64.973672
2997720, -64.973191
2998380, -64.973691
2999040, -64.973211
2999700, -64.973711
3000360, -64.973231
