# ./result/hh_runge_0770.txt
# dt = 770 [usec]
# t [usec], V [mV]
0, -65.000000
770, -64.997724
1540, -64.995545
2310, -64.993444
3080, -64.991411
3850, -64.989435
4620, -64.987514
5390, -64.985642
6160, -64.983817
6930, -64.982039
7700, -64.980306
8470, -64.978618
9240, -64.976975
10010, -64.975377
10780, -64.973824
11550, -64.972316
12320, -64.970853
13090, -64.969435
13860, -64.968063
14630, -64.966736
15400, -64.965455
16170, -64.964219
16940, -64.963030
17710, -64.961885
18480, -64.960787
19250, -64.959734
20020, -64.958726
20790, -64.957762
21560, -64.956844
22330, -64.955970
23100, -64.955140
23870, -64.954354
24640, -64.953611
25410, -64.952911
26180, -64.952253
26950, -64.951637
27720, -64.951062
28490, -64.950529
29260, -64.950035
30030, -64.949581
30800, -64.949165
31570, -64.948788
32340, -64.948449
33110, -64.948146
33880, -64.947879
34650, -64.947648
35420, -64.947451
36190, -64.947288
36960, -64.947158
37730, -64.947060
38500, -64.946994
39270, -64.946958
40040, -64.946952
40810, -64.946975
41580, -64.947026
42350, -64.947103
43120, -64.947208
43890, -64.947337
44660, -64.947491
45430, -64.947669
46200, -64.947870
46970, -64.948092
47740, -64.948336
48510, -64.948600
49280, -64.948883
50050, -64.949184
50820, -64.949504
51590, -64.949840
52360, -64.950192
53130, -64.950559
53900, -64.950940
54670, -64.951334
55440, -64.951742
56210, -64.952161
56980, -64.952591
57750, -64.953031
58520, -64.953481
59290, -64.953939
60060, -64.954405
60830, -64.954879
61600, -64.955359
62370, -64.955845
63140, -64.956336
63910, -64.956831
64680, -64.957330
65450, -64.957833
66220, -64.958337
66990, -64.958844
67760, -64.959352
68530, -64.959860
69300, -64.960368
70070, -64.960877
70840, -64.961384
71610, -64.961889
72380, -64.962393
73150, -64.962894
73920, -64.963392
74690, -64.963886
75460, -64.964377
76230, -64.964863
77000, -64.965345
77770, -64.965822
78540, -64.966293
79310, -64.966758
80080, -64.967218
80850, -64.967671
81620, -64.968117
82390, -64.968556
83160, -64.968987
83930, -64.969412
84700, -64.969828
85470, -64.970236
86240, -64.970636
87010, -64.971028
87780, -64.971411
88550, -64.971785
89320, -64.972151
90090, -64.972507
90860, -64.972854
91630, -64.973192
92400, -64.973520
93170, -64.973839
93940, -64.974149
94710, -64.974448
95480, -64.974739
96250, -64.975019
97020, -64.975290
97790, -64.975551
98560, -64.975803
99330, -64.976044
100100, -64.976276
100870, -64.976499
101640, -64.976712
102410, -64.976915
103180, -64.977109
103950, -64.977293
104720, -64.977468
105490, -64.977634
106260, -64.977791
107030, -64.977938
107800, -64.978077
108570, -64.978206
109340, -64.978327
110110, -64.978440
110880, -64.978544
111650, -64.978639
112420, -64.978726
113190, -64.978806
113960, -64.978877
114730, -64.978941
115500, -64.978996
116270, -64.979045
117040, -64.979086
117810, -64.979120
118580, -64.979148
119350, -64.979168
120120, -64.979182
120890, -64.979189
121660, -64.979191
122430, -64.979186
123200, -64.979175
123970, -64.979159
124740, -64.979137
125510, -64.979110
126280, -64.979077
127050, -64.979040
127820, -64.978998
128590, -64.978951
129360, -64.978900
130130, -64.978845
130900, -64.978786
131670, -64.978723
132440, -64.978656
133210, -64.978586
133980, -64.978512
134750, -64.978435
135520, -64.978356
136290, -64.978273
137060, -64.978188
137830, -64.978101
138600, -64.978011
139370, -64.977919
140140, -64.977825
140910, -64.977729
141680, -64.977632
142450, -64.977533
143220, -64.977433
143990, -64.977332
144760, -64.977229
145530, -64.977126
146300, -64.977022
147070, -64.976917
147840, -64.976812
148610, -64.976707
149380, -64.976601
150150, -64.976495
150920, -64.976389
151690, -64.976283
152460, -64.976178
153230, -64.976072
154000, -64.975968
154770, -64.975863
155540, -64.975760
156310, -64.975657
157080, -64.975555
157850, -64.975453
158620, -64.975353
159390, -64.975254
160160, -64.975156
160930, -64.975059
161700, -64.974963
162470, -64.974869
163240, -64.974777
164010, -64.974685
164780, -64.974595
165550, -64.974507
166320, -64.974421
167090, -64.974336
167860, -64.974253
168630, -64.974171
169400, -64.974092
170170, -64.974014
170940, -64.973938
171710, -64.973864
172480, -64.973792
173250, -64.973722
174020, -64.973653
174790, -64.973587
175560, -64.973523
176330, -64.973461
177100, -64.973400
177870, -64.973342
178640, -64.973286
179410, -64.973232
180180, -64.973180
180950, -64.973129
181720, -64.973081
182490, -64.973035
183260, -64.972991
184030, -64.972949
184800, -64.972909
185570, -64.972871
186340, -64.972835
187110, -64.972800
187880, -64.972768
188650, -64.972738
189420, -64.972709
190190, -64.972682
190960, -64.972657
191730, -64.972634
192500, -64.972613
193270, -64.972593
194040, -64.972575
194810, -64.972559
195580, -64.972545
196350, -64.972532
197120, -64.972520
197890, -64.972511
198660, -64.972502
199430, -64.972496
200200, -64.972490
200970, -64.972486
201740, -64.972484
202510, -64.972483
203280, -64.972483
204050, -64.972484
204820, -64.972487
205590, -64.972490
206360, -64.972495
207130, -64.972501
207900, -64.972509
208670, -64.972517
209440, -64.972526
210210, -64.972536
210980, -64.972547
211750, -64.972559
212520, -64.972572
213290, -64.972585
214060, -64.972600
214830, -64.972615
215600, -64.972630
216370, -64.972647
217140, -64.972664
217910, -64.972681
218680, -64.972699
219450, -64.972718
220220, -64.972737
220990, -64.972757
221760, -64.972777
222530, -64.972797
223300, -64.972818
224070, -64.972839
224840, -64.972860
225610, -64.972882
226380, -64.972903
227150, -64.972925
227920, -64.972947
228690, -64.972970
229460, -64.972992
230230, -64.973014
231000, -64.973037
231770, -64.973059
232540, -64.973082
233310, -64.973104
234080, -64.973127
234850, -64.973149
235620, -64.973171
236390, -64.973193
237160, -64.973215
237930, -64.973237
238700, -64.973259
239470, -64.973280
240240, -64.973302
241010, -64.973323
241780, -64.973343
242550, -64.973364
243320, -64.973384
244090, -64.973404
244860, -64.973424
245630, -64.973443
246400, -64.973462
247170, -64.973481
247940, -64.973499
248710, -64.973517
249480, -64.973535
250250, -64.973552
251020, -64.973569
251790, -64.973586
252560, -64.973602
253330, -64.973618
254100, -64.973633
254870, -64.973648
255640, -64.973662
256410, -64.973676
257180, -64.973690
257950, -64.973703
258720, -64.973716
259490, -64.973729
260260, -64.973741
261030, -64.973752
261800, -64.973763
262570, -64.973774
263340, -64.973784
264110, -64.973794
264880, -64.973803
265650, -64.973812
266420, -64.973821
267190, -64.973829
267960, -64.973837
268730, -64.973844
269500, -64.973851
270270, -64.973858
271040, -64.973864
271810, -64.973870
272580, -64.973875
273350, -64.973880
274120, -64.973885
274890, -64.973889
275660, -64.973893
276430, -64.973896
277200, -64.973900
277970, -64.973902
278740, -64.973905
279510, -64.973907
280280, -64.973909
281050, -64.973911
281820, -64.973912
282590, -64.973913
283360, -64.973913
284130, -64.973914
284900, -64.973914
285670, -64.973914
286440, -64.973913
287210, -64.973913
287980, -64.973912
288750, -64.973911
289520, -64.973909
290290, -64.973908
291060, -64.973906
291830, -64.973904
292600, -64.973902
293370, -64.973899
294140, -64.973897
294910, -64.973894
295680, -64.973891
296450, -64.973888
297220, -64.973885
297990, -64.973882
298760, -64.973878
299530, -64.973875
300300, -64.973871
301070, -64.973867
301840, -64.973863
302610, -64.973859
303380, -64.973855
304150, -64.973851
304920, -64.973847
305690, -64.973842
306460, -64.973838
307230, -64.973834
308000, -64.973829
308770, -64.973825
309540, -64.973820
310310, -64.973816
311080, -64.973811
311850, -64.973807
312620, -64.973802
313390, -64.973797
314160, -64.973793
314930, -64.973788
315700, -64.973783
316470, -64.973779
317240, -64.973774
318010, -64.973770
318780, -64.973765
319550, -64.973761
320320, -64.973756
321090, -64.973752
321860, -64.973748
322630, -64.973743
323400, -64.973739
324170, -64.973735
324940, -64.973731
325710, -64.973726
326480, -64.973722
327250, -64.973718
328020, -64.973715
328790, -64.973711
329560, -64.973707
330330, -64.973703
331100, -64.973700
331870, -64.973696
332640, -64.973693
333410, -64.973689
334180, -64.973686
334950, -64.973683
335720, -64.973680
336490, -64.973677
337260, -64.973674
338030, -64.973671
338800, -64.973668
339570, -64.973665
340340, -64.973663
341110, -64.973660
341880, -64.973658
342650, -64.973655
343420, -64.973653
344190, -64.973651
344960, -64.973649
345730, -64.973647
346500, -64.973645
347270, -64.973643
348040, -64.973641
348810, -64.973640
349580, -64.973638
350350, -64.973637
351120, -64.973635
351890, -64.973634
352660, -64.973633
353430, -64.973632
354200, -64.973631
354970, -64.973630
355740, -64.973629
356510, -64.973628
357280, -64.973627
358050, -64.973626
358820, -64.973626
359590, -64.973625
360360, -64.973625
361130, -64.973624
361900, -64.973624
362670, -64.973624
363440, -64.973624
364210, -64.973623
364980, -64.973623
365750, -64.973623
366520, -64.973623
367290, -64.973623
368060, -64.973624
368830, -64.973624
369600, -64.973624
370370, -64.973624
371140, -64.973625
371910, -64.973625
372680, -64.973625
373450, -64.973626
374220, -64.973626
374990, -64.973627
375760, -64.973627
376530, -64.973628
377300, -64.973629
378070, -64.973629
378840, -64.973630
379610, -64.973631
380380, -64.973632
381150, -64.973632
381920, -64.973633
382690, -64.973634
383460, -64.973635
384230, -64.973636
385000, -64.973637
385770, -64.973638
386540, -64.973639
387310, -64.973640
388080, -64.973640
388850, -64.973641
389620, -64.973642
390390, -64.973643
391160, -64.973644
391930, -64.973645
392700, -64.973646
393470, -64.973647
394240, -64.973648
395010, -64.973649
395780, -64.973650
396550, -64.973651
397320, -64.973652
398090, -64.973653
398860, -64.973654
399630, -64.973655
400400, -64.973656
401170, -64.973657
401940, -64.973658
402710, -64.973659
403480, -64.973660
404250, -64.973661
405020, -64.973662
405790, -64.973663
406560, -64.973664
407330, -64.973665
408100, -64.973666
408870, -64.973667
409640, -64.973667
410410, -64.973668
411180, -64.973669
411950, -64.973670
412720, -64.973671
413490, -64.973671
414260, -64.973672
415030, -64.973673
415800, -64.973674
416570, -64.973674
417340, -64.973675
418110, -64.973676
418880, -64.973676
419650, -64.973677
420420, -64.973678
421190, -64.973678
421960, -64.973679
422730, -64.973679
423500, -64.973680
424270, -64.973680
425040, -64.973681
425810, -64.973681
426580, -64.973682
427350, -64.973682
428120, -64.973683
428890, -64.973683
429660, -64.973683
430430, -64.973684
431200, -64.973684
431970, -64.973685
432740, -64.973685
433510, -64.973685
434280, -64.973685
435050, -64.973686
435820, -64.973686
436590, -64.973686
437360, -64.973686
438130, -64.973687
438900, -64.973687
439670, -64.973687
440440, -64.973687
441210, -64.973687
441980, -64.973687
442750, -64.973687
443520, -64.973687
444290, -64.973688
445060, -64.973688
445830, -64.973688
446600, -64.973688
447370, -64.973688
448140, -64.973688
448910, -64.973688
449680, -64.973688
450450, -64.973688
451220, -64.973688
451990, -64.973688
452760, -64.973688
453530, -64.973688
454300, -64.973687
455070, -64.973687
455840, -64.973687
456610, -64.973687
457380, -64.973687
458150, -64.973687
458920, -64.973687
459690, -64.973687
460460, -64.973687
461230, -64.973686
462000, -64.973686
462770, -64.973686
463540, -64.973686
464310, -64.973686
465080, -64.973686
465850, -64.973686
466620, -64.973685
467390, -64.973685
468160, -64.973685
468930, -64.973685
469700, -64.973685
470470, -64.973684
471240, -64.973684
472010, -64.973684
472780, -64.973684
473550, -64.973684
474320, -64.973683
475090, -64.973683
475860, -64.973683
476630, -64.973683
477400, -64.973683
478170, -64.973683
478940, -64.973682
479710, -64.973682
480480, -64.973682
481250, -64.973682
482020, -64.973682
482790, -64.973681
483560, -64.973681
484330, -64.973681
485100, -64.973681
485870, -64.973681
486640, -64.973680
487410, -64.973680
488180, -64.973680
488950, -64.973680
489720, -64.973680
490490, -64.973680
491260, -64.973679
492030, -64.973679
492800, -64.973679
493570, -64.973679
494340, -64.973679
495110, -64.973679
495880, -64.973678
496650, -64.973678
497420, -64.973678
498190, -64.973678
498960, -64.973678
499730, -64.973678
500500, -61.389887
501270, -57.959304
502040, -54.628600
502810, -51.317672
503580, -47.869222
504350, -44.006926
505120, -39.212533
505890, -32.528855
506660, -22.153750
507430, -5.195525
508200, 19.291412
508970, 39.539542
509740, 43.689310
510510, 42.159417
511280, 40.214872
512050, 37.679349
512820, 34.721332
513590, 31.414047
514360, 27.848294
515130, 24.097136
515900, 20.232667
516670, 16.307950
517440, 12.372795
518210, 8.458505
518980, 4.594973
519750, 0.796178
520520, -2.922434
521290, -6.558614
522060, -10.106729
522830, -13.571475
523600, -16.953893
524370, -20.264552
525140, -23.512103
525910, -26.717095
526680, -29.899271
527450, -33.095691
528220, -36.347022
528990, -39.713021
529760, -43.252728
530530, -47.031033
531300, -51.077637
532070, -55.352737
532840, -59.663852
533610, -63.651259
534380, -66.879060
535150, -69.103123
535920, -70.395247
536690, -71.029150
537460, -71.267359
538230, -71.294477
539000, -71.208999
539770, -71.068006
540540, -70.894052
541310, -70.704156
542080, -70.500856
542850, -70.291370
543620, -70.073453
544390, -69.851967
545160, -69.623489
545930, -69.392286
546700, -69.154644
547470, -68.914684
548240, -68.668619
549010, -68.420524
549780, -68.166605
550550, -67.910948
551320, -67.649767
552090, -67.387138
552860, -67.119292
553630, -66.850336
554400, -66.576503
555170, -66.301889
555940, -66.022753
556710, -65.743222
557480, -65.459528
558250, -65.175780
559020, -64.888258
559790, -64.601071
560560, -64.310451
561330, -64.020508
562100, -63.727531
562870, -63.435550
563640, -63.140796
564410, -62.847368
565180, -62.551470
565950, -62.257093
566720, -61.960452
567490, -61.665595
568260, -61.368580
569030, -61.073365
569800, -60.776142
570570, -60.480733
571340, -60.183161
572110, -59.887335
572880, -59.589272
573650, -59.292630
574420, -58.993380
575190, -58.695365
575960, -58.394212
576730, -58.093510
577500, -57.789161
578270, -57.484527
579040, -57.175132
579810, -56.864449
580580, -56.547940
581350, -56.228547
582120, -55.901626
582890, -55.570165
583660, -55.228803
584430, -54.880184
585200, -54.518904
585970, -54.146616
586740, -53.757420
587510, -53.352291
588280, -52.923927
589050, -52.472536
589820, -51.988751
590590, -51.470898
591360, -50.906572
592130, -50.290258
592900, -49.604892
593670, -48.837597
594440, -47.962723
595210, -46.954631
595980, -45.768625
596750, -44.351602
597520, -42.619989
598290, -40.464485
599060, -37.719861
599830, -34.164246
600600, -29.496069
601370, -23.388346
602140, -15.641912
602910, -6.609677
603680, 2.333219
604450, 9.099887
605220, 12.449046
605990, 12.762831
606760, 11.124494
607530, 8.389790
608300, 5.069093
609070, 1.446208
609840, -2.305021
610610, -6.084560
611380, -9.825573
612150, -13.495697
612920, -17.072369
613690, -20.552403
614460, -23.936081
615230, -27.238479
616000, -30.477710
616770, -33.688170
617540, -36.905784
618310, -40.182212
619080, -43.565234
619850, -47.102867
620620, -50.808570
621390, -54.643044
622160, -58.461039
622930, -62.015214
623700, -65.005571
624470, -67.232331
625240, -68.683963
626010, -69.515107
626780, -69.917331
627550, -70.056517
628320, -70.037903
629090, -69.931226
629860, -69.770368
630630, -69.580220
631400, -69.368675
632170, -69.146107
632940, -68.912425
633710, -68.673612
634480, -68.427151
635250, -68.177682
636020, -67.921944
636790, -67.664149
637560, -67.400784
638330, -67.135921
639100, -66.865987
639870, -66.595006
640640, -66.319366
641410, -66.043084
642180, -65.762569
642950, -65.481810
643720, -65.197197
644490, -64.912749
645260, -64.624866
646030, -64.337520
646800, -64.047108
647570, -63.757646
648340, -63.465478
649110, -63.174566
649880, -62.881301
650650, -62.589635
651420, -62.295868
652190, -62.003936
652960, -61.710218
653730, -61.418505
654500, -61.125074
655270, -60.833828
656040, -60.540981
656810, -60.250271
657580, -59.957933
658350, -59.667784
659120, -59.375827
659890, -59.085746
660660, -58.793732
661430, -58.503303
662200, -58.210398
662970, -57.918630
663740, -57.623989
664510, -57.329725
665280, -57.031690
666050, -56.733408
666820, -56.430330
667590, -56.125572
668360, -55.814860
669130, -55.501068
669900, -55.179349
670670, -54.852583
671440, -54.515770
672210, -54.170992
672980, -53.813008
673750, -53.443527
674520, -53.056197
675290, -52.652358
676060, -52.224351
676830, -51.771895
677600, -51.286065
678370, -50.764139
679140, -50.194401
679910, -49.570461
680680, -48.875204
681450, -48.095781
682220, -47.205970
682990, -46.179217
683760, -44.971158
684530, -43.530059
685300, -41.774019
686070, -39.599099
686840, -36.851864
687610, -33.335118
688380, -28.796039
689150, -22.990944
689920, -15.829475
690690, -7.712947
691460, 0.178124
692230, 6.187068
693000, 9.292763
693770, 9.686299
694540, 8.200649
695310, 5.593965
696080, 2.369315
696850, -1.177550
697620, -4.862966
698390, -8.581396
699160, -12.263596
699930, -15.875396
700700, -19.394093
701470, -22.818593
702240, -26.150279
703010, -29.408635
703780, -32.615870
704550, -35.810661
705320, -39.032789
706090, -42.334676
706860, -45.758604
707630, -49.336031
708400, -53.046852
709170, -56.801248
709940, -60.398176
710710, -63.570595
711480, -66.075218
712250, -67.827058
713020, -68.905766
713790, -69.488083
714560, -69.740828
715330, -69.794761
716100, -69.728011
716870, -69.593180
717640, -69.414733
718410, -69.212388
719180, -68.991551
719950, -68.761158
720720, -68.520563
721490, -68.275307
722260, -68.022841
723030, -67.767619
723800, -67.506458
724570, -67.243441
725340, -66.975190
726110, -66.705673
726880, -66.431421
727650, -66.156352
728420, -65.877004
729190, -65.597275
729960, -65.313671
730730, -65.030092
731500, -64.743076
732270, -64.456481
733040, -64.166814
733810, -63.877971
734580, -63.586456
735350, -63.296100
736120, -63.003404
736890, -62.712254
737660, -62.419051
738430, -62.127605
739200, -61.834403
739970, -61.543206
740740, -61.250381
741510, -60.959700
742280, -60.667594
743050, -60.377652
743820, -60.086207
744590, -59.796988
745360, -59.506203
746130, -59.217385
746900, -58.926816
747670, -58.638077
748440, -58.347173
749210, -58.057565
749980, -57.765483
750750, -57.474131
751520, -57.179429
752290, -56.884752
753060, -56.586000
753830, -56.286105
754600, -55.980862
755370, -55.673462
756140, -55.359097
756910, -55.040498
757680, -54.713249
758450, -54.379418
759220, -54.033869
759990, -53.678931
760760, -53.308522
761530, -52.923938
762300, -52.518986
763070, -52.093406
763840, -51.639776
764610, -51.156174
765380, -50.632834
766150, -50.065080
766920, -49.439580
767690, -48.746312
768460, -47.964890
769230, -47.077057
770000, -46.049138
770770, -44.844503
771540, -43.404091
772310, -41.655001
773080, -39.487925
773850, -36.760733
774620, -33.275440
775390, -28.797225
776160, -23.089612
776930, -16.081831
777700, -8.156097
778470, -0.443498
779240, 5.482208
780010, 8.606947
780780, 9.073205
781550, 7.655034
782320, 5.101385
783090, 1.910519
783860, -1.609258
784630, -5.277761
785400, -8.979338
786170, -12.650113
786940, -16.248500
787710, -19.758449
788480, -23.170940
789250, -26.495313
790020, -29.744413
790790, -32.947544
791560, -36.136667
792330, -39.359874
793100, -42.661909
793870, -46.090522
794640, -49.666672
795410, -53.371530
796180, -57.099483
796950, -60.652373
797720, -63.756831
798490, -66.189630
799260, -67.874440
800030, -68.907671
800800, -69.458275
801570, -69.695505
802340, -69.737897
803110, -69.667465
803880, -69.527504
804650, -69.348692
805420, -69.142895
806190, -68.922534
806960, -68.689120
807730, -68.449231
808500, -68.201097
809270, -67.949442
810040, -67.691433
810810, -67.431167
811580, -67.165452
812350, -66.898190
813120, -66.626072
813890, -66.352907
814660, -66.075349
815430, -65.797205
816200, -65.515100
816970, -65.232811
817740, -64.946980
818510, -64.661399
819280, -64.372666
820050, -64.084552
820820, -63.793704
821590, -63.503854
822360, -63.211593
823130, -62.920680
823900, -62.627722
824670, -62.336381
825440, -62.043231
826210, -61.752009
826980, -61.459186
827750, -61.168388
828520, -60.876164
829290, -60.586118
830060, -60.294635
830830, -60.005296
831600, -59.714614
832370, -59.425940
833140, -59.135615
833910, -58.847167
834680, -58.556861
835450, -58.267961
836220, -57.976745
836990, -57.686639
837760, -57.393556
838530, -57.100674
839300, -56.804194
840070, -56.507071
840840, -56.205094
841610, -55.901307
842380, -55.591523
843150, -55.278203
843920, -54.956937
844690, -54.630407
845460, -54.293412
846230, -53.948069
847000, -53.589381
847770, -53.218377
848540, -52.829242
849310, -52.422607
850080, -51.991119
850850, -51.534540
851620, -51.043304
852390, -50.514873
853160, -49.936749
853930, -49.302446
854700, -48.594296
855470, -47.798042
856240, -46.887022
857010, -45.833606
857780, -44.591697
858550, -43.106392
859320, -41.294208
860090, -39.046930
860860, -36.208534
861630, -32.580779
862400, -27.919618
863170, -22.010497
863940, -14.830884
864710, -6.881040
865480, 0.606112
866250, 6.080066
867020, 8.721921
867790, 8.819820
868560, 7.176581
869330, 4.493790
870100, 1.237741
870870, -2.314461
871640, -5.989710
872410, -9.688044
873180, -13.344707
873950, -16.928068
874720, -20.417503
875490, -23.813867
876260, -27.120701
877030, -30.359423
877800, -33.554927
878570, -36.747902
879340, -39.979786
880110, -43.302347
880880, -46.754161
881650, -50.356650
882420, -54.071578
883190, -57.783025
883960, -61.267346
884730, -64.258002
885500, -66.547331
886270, -68.100129
887040, -69.028229
887810, -69.510939
888580, -69.703168
889350, -69.721592
890120, -69.634238
890890, -69.487012
891660, -69.300874
892430, -69.093254
893200, -68.868662
893970, -68.635200
894740, -68.392122
895510, -68.144573
896280, -67.890133
897050, -67.632975
897820, -67.370115
898590, -67.105401
899360, -66.835676
900130, -66.564667
900900, -66.289139
901670, -66.012790
902440, -65.732387
903210, -65.451585
903980, -65.167126
904750, -64.882697
905520, -64.595036
906290, -64.307785
907060, -64.017688
907830, -63.728425
908600, -63.436676
909370, -63.146071
910140, -62.853349
910910, -62.562112
911680, -62.269012
912450, -61.977654
913220, -61.684746
913990, -61.393754
914760, -61.101302
915530, -60.810962
916300, -60.519277
917070, -60.229661
917840, -59.938701
918610, -59.649863
919380, -59.359510
920150, -59.071004
920920, -58.780886
921690, -58.492334
922460, -58.201648
923230, -57.912122
924000, -57.620092
924770, -57.328501
925540, -57.033567
926310, -56.738497
927080, -56.439127
927850, -56.138273
928620, -55.832033
929390, -55.523037
930160, -55.206827
930930, -54.886003
931700, -54.556076
932470, -54.218874
933240, -53.869585
934010, -53.509914
934780, -53.133985
935550, -52.742971
936320, -52.330176
937090, -51.895247
937860, -51.430539
938630, -50.933453
939400, -50.394111
940170, -49.806622
940940, -49.156689
941710, -48.433383
942480, -47.614159
943250, -46.677681
944020, -45.587308
944790, -44.301156
945560, -42.753768
946330, -40.862633
947100, -38.505340
947870, -35.522628
948640, -31.699895
949410, -26.797249
950180, -20.616018
950950, -13.219421
951720, -5.246832
952490, 1.933260
953260, 6.845523
954030, 8.904328
954800, 8.575004
955570, 6.665937
956340, 3.835740
957110, 0.499215
957880, -3.087820
958650, -6.775416
959420, -10.467399
960190, -14.111943
960960, -17.674679
961730, -21.145835
962500, -24.520635
963270, -27.812785
964040, -31.038344
964810, -34.230597
965580, -37.426075
966350, -40.674286
967120, -44.019587
967890, -47.504200
968660, -51.133767
969430, -54.862347
970200, -58.544972
970970, -61.947737
971740, -64.801164
972510, -66.933209
973280, -68.339663
974050, -69.160131
974820, -69.568398
975590, -69.717493
976360, -69.707517
977130, -69.606125
977900, -69.447765
978670, -69.257535
979440, -69.044460
980210, -68.819024
980980, -68.581988
981750, -68.339179
982520, -68.088737
983290, -67.834997
984060, -67.575235
984830, -67.313276
985600, -67.046117
986370, -66.777426
987140, -66.504085
987910, -66.229689
988680, -65.951109
989450, -65.671930
990220, -65.388985
990990, -65.105842
991760, -64.819367
992530, -64.533108
993300, -64.243893
994070, -63.955286
994840, -63.664143
995610, -63.373956
996380, -63.081549
997150, -62.790474
997920, -62.497500
998690, -62.206095
999460, -61.913067
1000230, -61.621891
1001000, -61.329249
1001770, -61.038571
1002540, -60.746641
1003310, -60.456744
1004080, -60.165521
1004850, -59.876362
1005620, -59.585883
1006390, -59.297262
1007160, -59.007089
1007930, -58.718703
1008700, -58.428416
1009470, -58.139338
1010240, -57.848006
1011010, -57.557437
1011780, -57.263835
1012550, -56.970220
1013320, -56.672985
1014090, -56.374682
1014860, -56.071401
1015630, -55.766029
1016400, -55.454271
1017170, -55.138482
1017940, -54.814538
1018710, -54.484503
1019480, -54.143508
1020250, -53.793529
1021020, -53.429249
1021790, -53.051595
1022560, -52.655019
1023330, -52.239190
1024100, -51.797047
1024870, -51.327215
1025640, -50.820359
1026410, -50.272698
1027180, -49.671517
1027950, -49.008311
1028720, -48.265168
1029490, -47.424822
1030260, -46.457456
1031030, -45.330924
1031800, -43.993670
1032570, -42.383058
1033340, -40.402859
1034110, -37.929007
1034880, -34.785742
1035650, -30.755504
1036420, -25.592067
1037190, -19.135550
1037960, -11.536729
1038730, -3.602685
1039500, 3.201008
1040270, 7.510944
1041040, 9.000784
1041810, 8.268087
1042580, 6.118841
1043350, 3.151938
1044120, -0.253243
1044890, -3.873114
1045660, -7.566434
1046430, -11.253203
1047200, -14.880756
1047970, -18.425799
1048740, -21.874836
1049510, -25.231972
1050280, -28.506386
1051050, -31.723578
1051820, -34.911998
1052590, -38.115806
1053360, -41.379256
1054130, -44.752798
1054900, -48.267549
1055670, -51.926294
1056440, -55.659184
1057210, -59.305295
1057980, -62.610420
1058750, -65.319734
1059520, -67.289428
1060290, -68.557714
1061060, -69.274396
1061830, -69.617737
1062600, -69.724513
1063370, -69.692088
1064140, -69.574784
1064910, -69.409523
1065680, -69.212316
1066450, -68.997439
1067220, -68.767955
1067990, -68.530819
1068760, -68.284974
1069530, -68.035053
1070300, -67.778679
1071070, -67.519706
1071840, -67.255306
1072610, -66.989087
1073380, -66.718082
1074150, -66.445788
1074920, -66.169179
1075690, -65.891744
1076460, -65.610443
1077230, -65.328727
1078000, -65.043555
1078770, -64.758407
1079540, -64.470205
1080310, -64.182395
1081080, -63.891936
1081850, -63.602271
1082620, -63.310298
1083390, -63.019449
1084160, -62.726679
1084930, -62.435326
1085700, -62.142273
1086470, -61.850929
1087240, -61.558143
1088010, -61.267200
1088780, -60.974953
1089550, -60.684760
1090320, -60.393295
1091090, -60.103800
1091860, -59.813094
1092630, -59.524312
1093400, -59.234077
1094170, -58.945572
1094940, -58.655501
1095710, -58.366763
1096480, -58.075919
1097250, -57.786091
1098020, -57.493628
1098790, -57.201335
1099560, -56.905694
1100330, -56.609540
1101100, -56.308910
1101870, -56.006483
1102640, -55.698613
1103410, -55.387389
1104180, -55.068661
1104950, -54.744892
1105720, -54.411388
1106490, -54.069883
1107260, -53.715844
1108030, -53.350223
1108800, -52.967458
1109570, -52.568436
1110340, -52.146063
1111110, -51.699839
1111880, -51.221361
1112650, -50.707825
1113420, -50.148248
1114190, -49.536359
1114960, -48.856148
1115730, -48.095140
1116500, -47.229044
1117270, -46.232649
1118040, -45.064895
1118810, -43.677655
1119580, -41.995971
1120350, -39.924793
1121120, -37.324407
1121890, -34.014716
1122660, -29.763243
1123430, -24.335194
1124200, -17.606342
1124970, -9.845695
1125740, -2.014626
1126510, 4.347624
1127280, 8.047788
1128050, 8.998299
1128820, 7.904141
1129590, 5.538966
1130360, 2.455307
1131130, -1.011802
1131900, -4.654961
1132670, -8.353725
1133440, -12.029777
1134210, -15.642393
1134980, -19.166387
1135750, -22.596529
1136520, -25.933766
1137290, -29.194753
1138060, -32.401268
1138830, -35.590629
1139600, -38.802084
1140370, -42.086565
1141140, -45.486755
1141910, -49.034970
1142680, -52.717057
1143450, -56.449579
1144220, -60.044695
1144990, -63.244351
1145760, -65.801190
1146530, -67.614623
1147300, -68.749362
1148070, -69.373909
1148840, -69.655504
1149610, -69.727467
1150380, -69.671876
1151150, -69.543412
1151920, -69.368826
1152690, -69.168396
1153460, -68.948729
1154230, -68.718628
1155000, -68.478227
1155770, -68.232678
1156540, -67.980060
1157310, -67.724348
1158080, -67.462927
1158850, -67.199370
1159620, -66.930849
1160390, -66.660805
1161160, -66.386313
1161930, -66.110764
1162700, -65.831232
1163470, -65.551081
1164240, -65.267354
1165010, -64.983423
1165780, -64.696358
1166550, -64.409480
1167320, -64.119833
1168090, -63.830786
1168860, -63.539361
1169630, -63.248864
1170400, -62.956334
1171170, -62.665108
1171940, -62.372128
1172710, -62.080676
1173480, -61.787777
1174250, -61.496633
1175020, -61.204153
1175790, -60.913589
1176560, -60.621867
1177330, -60.332063
1178100, -60.041051
1178870, -59.752037
1179640, -59.461716
1180410, -59.173108
1181180, -58.883041
1181950, -58.594513
1182720, -58.304086
1183490, -58.014709
1184260, -57.723154
1185030, -57.432030
1185800, -57.137816
1186570, -56.843380
1187340, -56.545079
1188110, -56.245351
1188880, -55.940550
1189650, -55.633255
1190420, -55.319229
1191190, -55.000712
1191960, -54.673838
1192730, -54.340044
1193500, -53.994771
1194270, -53.639846
1195040, -53.269616
1195810, -52.884915
1196580, -52.479961
1197350, -52.054044
1198120, -51.600330
1198890, -51.116229
1199660, -50.592593
1200430, -50.024076
1201200, -49.397986
1201970, -48.703632
1202740, -47.921043
1203510, -47.031341
1204280, -46.001570
1205050, -44.794476
1205820, -43.351209
1206590, -41.598465
1207360, -39.427464
1208130, -36.695947
1208900, -33.207410
1209670, -28.728710
1210440, -23.028467
1211210, -16.041758
1211980, -8.157472
1212750, -0.502510
1213520, 5.367670
1214290, 8.457624
1215060, 8.909705
1215830, 7.488976
1216600, 4.936752
1217370, 1.749005
1218140, -1.767442
1218910, -5.431894
1219680, -9.129592
1220450, -12.796201
1221220, -16.390388
1221990, -19.896167
1222760, -23.304665
1223530, -26.625581
1224300, -29.871946
1225070, -33.072808
1225840, -36.261324
1226610, -39.485120
1227380, -42.789160
1228150, -46.220216
1228920, -49.798233
1229690, -53.502084
1230460, -57.222965
1231230, -60.759351
1232000, -63.839496
1232770, -66.244028
1233540, -67.903337
1234310, -68.917322
1235080, -69.455602
1235850, -69.685232
1236620, -69.723436
1237390, -69.650377
1238160, -69.509048
1238930, -69.329148
1239700, -69.122811
1240470, -68.901809
1241240, -68.668098
1242010, -68.427706
1242780, -68.179361
1243550, -67.927260
1244320, -67.669083
1245090, -67.408405
1245860, -67.142555
1246630, -66.874916
1247400, -66.602694
1248170, -66.329184
1248940, -66.051555
1249710, -65.773102
1250480, -65.490961
1251250, -65.208395
1252020, -64.922566
1252790, -64.636742
1253560, -64.348042
1254330, -64.059722
1255100, -63.768948
1255870, -63.478926
1256640, -63.186767
1257410, -62.895717
1258180, -62.602890
1258950, -62.311433
1259720, -62.018443
1260490, -61.727142
1261260, -61.434501
1262030, -61.143636
1262800, -60.851617
1263570, -60.561512
1264340, -60.270233
1265110, -59.980847
1265880, -59.690370
1266650, -59.401638
1267420, -59.111513
1268190, -58.823016
1268960, -58.532895
1269730, -58.243913
1270500, -57.952869
1271270, -57.662641
1272040, -57.369671
1272810, -57.076635
1273580, -56.780253
1274350, -56.482921
1275120, -56.180959
1275890, -55.876910
1276660, -55.567044
1277430, -55.253333
1278200, -54.931892
1278970, -54.604825
1279740, -54.267465
1280510, -53.921436
1281280, -53.562165
1282050, -53.190194
1282820, -52.800233
1283590, -52.392289
1284360, -51.959539
1285130, -51.501098
1285900, -51.007926
1286670, -50.476975
1287440, -49.896033
1288210, -49.257870
1288980, -48.545300
1289750, -47.743189
1290520, -46.824951
1291290, -45.761897
1292060, -44.507723
1292830, -43.006072
1293600, -41.172758
1294370, -38.896933
1295140, -36.020474
1295910, -32.342296
1296680, -27.618308
1297450, -21.640000
1298220, -14.405879
1298990, -6.453150
1299760, 0.950209
1300530, 6.271621
1301300, 8.754416
1302070, 8.734986
1302840, 7.019570
1303610, 4.296616
1304380, 1.019327
1305150, -2.542234
1305920, -6.220242
1306690, -9.916975
1307460, -13.569360
1308230, -17.147108
1309000, -20.630838
1309770, -24.021266
1310540, -27.322879
1311310, -30.558165
1312080, -33.752294
1312850, -36.945937
1313620, -40.181476
1314390, -43.510445
1315160, -46.970784
1315930, -50.581489
1316700, -54.299858
1317470, -58.003071
1318240, -61.464561
1319010, -64.416100
1319780, -66.659245
1320550, -68.169459
1321320, -69.065415
1322090, -69.526489
1322860, -69.705581
1323630, -69.715999
1324400, -69.624127
1325170, -69.473999
1325940, -69.286273
1326710, -69.077417
1327480, -68.852186
1328250, -68.618034
1329020, -68.374639
1329790, -68.126596
1330560, -67.871965
1331330, -67.614398
1332100, -67.351405
1332870, -67.086329
1333640, -66.816512
1334410, -66.545177
1335180, -66.269588
1335950, -65.992944
1336720, -65.712512
1337490, -65.431443
1338260, -65.146984
1339030, -64.862319
1339800, -64.574685
1340570, -64.287226
1341340, -63.997185
1342110, -63.707744
1342880, -63.416078
1343650, -63.125318
1344420, -62.832705
1345190, -62.541334
1345960, -62.248359
1346730, -61.956888
1347500, -61.664118
1348270, -61.373020
1349040, -61.080722
1349810, -60.790297
1350580, -60.498771
1351350, -60.209066
1352120, -59.918271
1352890, -59.629335
1353660, -59.339126
1354430, -59.050515
1355200, -58.760544
1355970, -58.471867
1356740, -58.181290
1357510, -57.891618
1358280, -57.599653
1359050, -57.307853
1359820, -57.012942
1360590, -56.717636
1361360, -56.418226
1362130, -56.117046
1362900, -55.810699
1363670, -55.501269
1364440, -55.184811
1365210, -54.863443
1365980, -54.533106
1366750, -54.195152
1367520, -53.845278
1368290, -53.484607
1369060, -53.107777
1369830, -52.715476
1370600, -52.301384
1371370, -51.864667
1372140, -51.398029
1372910, -50.898381
1373680, -50.356143
1374450, -49.764906
1375220, -49.110583
1375990, -48.381677
1376760, -47.555699
1377530, -46.610291
1378300, -45.508636
1379070, -44.207471
1379840, -42.640668
1380610, -40.723112
1381380, -38.330371
1382150, -35.299773
1382920, -31.414195
1383690, -26.433126
1384460, -20.167388
1385230, -12.706425
1386000, -4.739286
1386770, 2.331210
1387540, 7.060288
1388310, 8.941211
1389080, 8.484575
1389850, 6.498540
1390620, 3.625019
1391390, 0.265984
1392160, -3.331249
1392930, -7.021411
1393700, -10.711308
1394470, -14.351026
1395240, -17.908189
1396010, -21.372567
1396780, -24.741708
1397550, -28.028579
1398320, -31.250544
1399090, -34.441996
1399860, -37.639667
1400630, -40.892827
1401400, -44.246266
1402170, -47.740348
1402940, -51.378829
1403710, -55.109273
1404480, -58.781365
1405250, -62.155783
1406020, -64.964889
1406790, -67.047120
1407560, -68.409666
1408330, -69.197435
1409100, -69.584434
1409870, -69.720303
1410640, -69.702669
1411410, -69.596559
1412180, -69.435564
1412950, -69.243503
1413720, -69.029440
1414490, -68.803119
1415260, -68.565644
1416030, -68.322275
1416800, -68.071594
1417570, -67.817422
1418340, -67.557506
1419110, -67.295177
1419880, -67.027913
1420650, -66.758891
1421420, -66.485479
1422190, -66.210784
1422960, -65.932164
1423730, -65.652715
1424500, -65.369756
1425270, -65.086372
1426040, -64.799915
1426810, -64.513442
1427580, -64.224269
1428350, -63.935477
1429120, -63.644400
1429890, -63.354048
1430660, -63.061732
1431430, -62.770522
1432200, -62.477660
1432970, -62.186134
1433740, -61.893237
1434510, -61.601953
1435280, -61.309448
1436050, -61.018674
1436820, -60.726900
1437590, -60.436911
1438360, -60.145838
1439130, -59.856591
1439900, -59.566252
1440670, -59.277520
1441440, -58.987477
1442210, -58.698966
1442980, -58.408776
1443750, -58.119543
1444520, -57.828293
1445290, -57.537526
1446060, -57.243944
1446830, -56.950090
1447600, -56.652802
1448370, -56.354167
1449140, -56.050763
1449910, -55.745004
1450680, -55.433024
1451450, -55.116711
1452220, -54.792434
1452990, -54.461710
1453760, -54.120169
1454530, -53.769317
1455300, -53.404233
1456070, -53.025380
1456840, -52.627697
1457610, -52.210254
1458380, -51.766479
1459150, -51.294370
1459920, -50.785071
1460690, -50.234116
1461460, -49.629245
1462230, -48.961173
1463000, -48.212163
1463770, -47.364276
1464540, -46.387589
1465310, -45.248740
1466080, -43.895702
1466850, -42.263576
1467620, -40.254958
1468390, -37.742545
1469160, -34.547621
1469930, -30.449494
1470700, -25.203424
1471470, -18.660570
1472240, -11.006352
1473010, -3.096380
1473780, 3.576198
1474550, 7.694730
1475320, 9.011573
1476090, 8.160620
1476860, 5.940945
1477630, 2.935172
1478400, -0.490160
1479170, -4.118568
1479940, -7.813612
1480710, -11.497548
1481480, -15.120362
1482250, -18.659193
1483020, -22.101920
1483790, -25.452995
1484560, -28.722979
1485330, -31.937034
1486100, -35.124766
1486870, -38.331021
1487640, -41.600556
1488410, -44.982735
1489180, -48.507940
1489950, -52.174574
1490720, -55.907617
1491490, -59.539962
1492260, -62.812670
1493030, -65.475205
1493800, -67.395038
1494570, -68.620858
1495340, -69.307300
1496110, -69.630945
1496880, -69.725951
1497650, -69.686368
1498420, -69.565015
1499190, -69.397124
1499960, -69.198466
1500730, -68.982443
1501500, -68.752362
1502270, -68.514577
1503040, -68.268433
1503810, -68.018048
1504580, -67.761494
1505350, -67.502136
1506120, -67.237614
1506890, -66.971057
1507660, -66.699967
1508430, -66.427368
1509200, -66.150705
1509970, -65.872996
1510740, -65.591670
1511510, -65.309707
1512280, -65.024539
1513050, -64.739174
1513820, -64.451003
1514590, -64.163000
1515360, -63.872598
1516130, -63.582765
1516900, -63.290870
1517670, -62.999876
1518440, -62.707211
1519210, -62.415734
1519980, -62.122800
1520750, -61.831351
1521520, -61.538695
1522290, -61.247653
1523060, -60.955549
1523830, -60.665258
1524600, -60.373929
1525370, -60.084340
1526140, -59.793780
1526910, -59.504897
1527680, -59.214788
1528450, -58.926175
1529220, -58.636205
1529990, -58.347318
1530760, -58.056552
1531530, -57.766564
1532300, -57.474138
1533070, -57.181625
1533840, -56.885980
1534610, -56.589535
1535380, -56.288807
1536150, -55.986018
1536920, -55.677960
1537690, -55.366248
1538460, -55.047212
1539230, -54.722856
1540000, -54.388886
1540770, -54.046586
1541540, -53.691898
1542310, -53.325222
1543080, -52.941479
1543850, -52.540987
1544620, -52.117135
1545390, -51.668955
1546160, -51.188351
1546930, -50.672047
1547700, -50.109312
1548470, -49.493380
1549240, -48.808392
1550010, -48.041048
1550780, -47.167378
1551550, -46.161096
1552320, -44.980842
1553090, -43.576938
1553860, -41.873152
1554630, -39.771727
1555400, -37.130692
1556170, -33.766429
1556940, -29.444669
1557710, -23.932519
1558480, -17.120833
1559250, -9.316367
1560020, -1.532486
1560790, 4.680238
1561560, 8.189258
1562330, 8.979479
1563100, 7.779803
1563870, 5.353241
1564640, 2.235897
1565410, -1.247861
1566180, -4.897938
1566950, -8.596888
1567720, -12.269848
1568490, -15.877384
1569260, -19.395048
1570030, -22.818993
1570800, -26.150451
1571570, -29.407110
1572340, -32.611572
1573110, -35.800991
1573880, -39.015599
1574650, -42.306172
1575420, -45.715410
1576190, -49.273436
1576960, -52.961978
1577730, -56.692766
1578500, -60.270623
1579270, -63.434042
1580040, -65.942989
1580810, -67.708268
1581580, -68.804036
1582350, -69.401161
1583120, -69.665530
1583890, -69.726924
1584660, -69.665266
1585430, -69.533020
1586200, -69.356323
1586970, -69.154375
1587740, -68.933892
1588510, -68.703020
1589280, -68.462239
1590050, -68.216183
1590820, -67.963350
1591590, -67.707237
1592360, -67.445673
1593130, -67.181769
1593900, -66.913150
1594670, -66.642796
1595440, -66.368237
1596210, -66.092409
1596980, -65.812841
1597750, -65.532438
1598520, -65.248701
1599290, -64.964547
1600060, -64.677497
1600830, -64.390419
1601600, -64.100815
1602370, -63.811598
1603140, -63.520239
1603910, -63.229593
1604680, -62.937154
1605450, -62.645797
1606220, -62.352922
1606990, -62.061359
1607760, -61.768588
1608530, -61.477345
1609300, -61.185000
1610070, -60.894350
1610840, -60.602763
1611610, -60.312868
1612380, -60.021994
1613150, -59.732899
1613920, -59.442709
1614690, -59.153998
1615460, -58.864054
1616230, -58.575398
1617000, -58.285053
1617770, -57.995524
1618540, -57.704033
1619310, -57.412712
1620080, -57.118504
1620850, -56.823833
1621620, -56.525469
1622390, -56.225413
1623160, -55.920480
1623930, -55.612749
1624700, -55.298455
1625470, -54.979391
1626240, -54.652092
1627010, -54.317553
1627780, -53.971678
1628550, -53.615765
1629320, -53.244628
1630090, -52.858654
1630860, -52.452403
1631630, -52.024724
1632400, -51.569230
1633170, -51.082714
1633940, -50.556471
1634710, -49.984485
1635480, -49.354399
1636250, -48.654850
1637020, -47.865932
1637790, -46.967838
1638560, -45.927627
1639330, -44.706558
1640100, -43.245124
1640870, -41.468118
1641640, -39.264709
1642410, -36.489263
1643180, -32.942339
1643950, -28.388407
1644720, -22.601270
1645490, -15.536212
1646260, -7.625130
1647030, -0.041254
1647800, 5.663488
1648570, 8.562807
1649340, 8.864404
1650110, 7.348050
1650880, 4.740735
1651650, 1.523340
1652420, -2.007660
1653190, -5.676980
1653960, -9.374305
1654730, -13.037232
1655500, -16.625762
1656270, -20.125117
1657040, -23.527569
1657810, -26.843033
1658580, -30.085225
1659350, -33.283938
1660120, -36.473672
1660890, -39.701453
1661660, -43.012731
1662430, -46.453285
1663200, -50.041032
1663970, -53.750745
1664740, -57.467175
1665510, -60.981550
1666280, -64.022836
1667050, -66.378015
1667820, -67.989798
1668590, -68.966358
1669360, -69.479293
1670130, -69.692861
1670900, -69.721616
1671670, -69.642798
1672440, -69.498217
1673210, -69.316151
1673980, -69.108619
1674750, -68.886630
1675520, -68.652404
1676290, -68.411426
1677060, -68.162809
1677830, -67.910275
1678600, -67.651925
1679370, -67.390884
1680140, -67.124914
1680910, -66.856955
1681680, -66.584649
1682450, -66.310849
1683220, -66.033168
1683990, -65.754456
1684760, -65.472290
1685530, -65.189492
1686300, -64.903666
1687070, -64.617636
1687840, -64.328963
1688610, -64.040464
1689380, -63.749747
1690150, -63.459569
1690920, -63.167488
1691690, -62.876308
1692460, -62.583576
1693230, -62.292003
1694000, -61.999128
1694770, -61.707734
1695540, -61.415220
1696310, -61.124268
1697080, -60.832389
1697850, -60.542198
1698620, -60.251051
1699390, -59.961582
1700160, -59.671227
1700930, -59.382391
1701700, -59.092380
1702470, -58.803780
1703240, -58.513751
1704010, -58.224628
1704780, -57.933656
1705550, -57.643243
1706320, -57.350282
1707090, -57.057018
1707860, -56.760617
1708630, -56.462994
1709400, -56.160922
1710170, -55.856514
1710940, -55.546432
1711710, -55.232223
1712480, -54.910454
1713250, -54.582727
1714020, -54.244833
1714790, -53.897967
1715560, -53.537913
1716330, -53.164792
1717100, -52.773758
1717870, -52.364265
1718640, -51.929940
1719410, -51.469319
1720180, -50.973798
1720950, -50.439744
1721720, -49.855301
1722490, -49.212522
1723260, -48.494584
1724030, -47.685483
1724800, -46.758543
1725570, -45.683969
1726340, -44.415001
1727110, -42.893666
1727880, -41.034126
1728650, -38.723041
1729420, -35.799126
1730190, -32.057764
1730960, -27.253857
1731730, -21.185648
1732500, -13.876905
1733270, -5.912374
1734040, 1.395848
1734810, 6.534153
1735580, 8.825670
1736350, 8.664294
1737120, 6.860883
1737890, 4.088161
1738660, 0.784373
1739430, -2.789618
1740200, -6.471502
1740970, -10.166887
1741740, -13.815129
1742510, -17.386641
1743280, -20.864199
1744050, -24.247962
1744820, -27.544755
1745590, -30.776328
1746360, -33.968925
1747130, -37.163507
1747900, -40.403900
1748670, -43.740697
1749440, -47.211251
1750210, -50.830988
1750980, -54.553766
1751750, -58.248543
1752520, -61.683221
1753290, -64.591348
1754060, -66.783732
1754830, -68.247454
1755600, -69.108367
1756370, -69.545913
1757140, -69.710652
1757910, -69.712351
1758680, -69.615501
1759450, -69.462227
1760220, -69.272738
1760990, -69.062571
1761760, -68.836630
1762530, -68.601777
1763300, -68.358033
1764070, -68.109510
1764840, -67.854668
1765610, -67.596713
1766380, -67.333575
1767150, -67.068163
1767920, -66.798243
1768690, -66.526605
1769460, -66.250945
1770230, -65.974030
1771000, -65.693554
1771770, -65.412242
1772540, -65.127768
1773310, -64.842890
1774080, -64.555269
1774850, -64.267621
1775620, -63.977621
1776390, -63.688016
1777160, -63.396411
1777930, -63.105512
1778700, -62.812988
1779470, -62.521498
1780240, -62.228627
1781010, -61.937057
1781780, -61.644403
1782550, -61.353213
1783320, -61.061042
1784090, -60.770543
1784860, -60.479150
1785630, -60.189364
1786400, -59.898705
1787170, -59.609677
1787940, -59.319583
1788710, -59.030871
1789480, -58.741014
1790250, -58.452214
1791020, -58.161713
1791790, -57.871895
1792560, -57.579959
1793330, -57.287948
1794100, -56.993020
1794870, -56.697461
1795640, -56.397960
1796410, -56.096439
1797180, -55.789936
1797950, -55.480058
1798720, -55.163301
1799490, -54.841370
1800260, -54.510567
1801030, -54.171837
1801800, -53.821312
1802570, -53.459606
1803340, -53.081799
1804110, -52.688160
1804880, -52.272677
1805650, -51.834099
1806420, -51.365409
1807190, -50.863091
1807960, -50.317788
1808730, -49.722641
1809500, -49.063684
1810270, -48.328919
1811040, -47.495820
1811810, -46.541052
1812580, -45.427511
1813350, -44.110577
1814120, -42.523314
1814890, -40.577952
1815660, -38.147823
1816430, -35.066752
1817200, -31.114852
1817970, -26.051045
1818740, -19.696161
1819510, -12.170735
1820280, -4.214082
1821050, 2.737173
1821820, 7.275064
1822590, 8.973657
1823360, 8.388385
1824130, 6.325025
1824900, 3.408140
1825670, 0.026653
1826440, -3.580595
1827210, -7.273116
1827980, -10.961194
1828750, -14.595718
1829520, -18.146852
1830290, -21.604729
1831060, -24.967866
1831830, -28.249142
1832600, -31.468336
1833370, -34.659072
1834140, -37.858990
1834910, -41.117349
1835680, -44.479318
1836450, -47.983419
1837220, -51.631255
1837990, -55.363690
1838760, -59.023485
1839530, -62.367763
1840300, -65.130551
1841070, -67.161297
1841840, -68.479230
1842610, -69.234266
1843380, -69.600098
1844150, -69.722876
1844920, -69.697647
1845690, -69.586881
1846460, -69.423257
1847230, -69.229395
1848000, -69.014333
1848770, -68.787147
1849540, -68.549216
1850310, -68.305304
1851080, -68.054366
1851850, -67.799780
1852620, -67.539692
1853390, -67.277010
1854160, -67.009622
1854930, -66.740289
1855700, -66.466787
1856470, -66.191811
1857240, -65.913133
1858010, -65.633431
1858780, -65.350442
1859550, -65.066835
1860320, -64.780378
1861090, -64.493709
1861860, -64.204561
1862630, -63.915601
1863400, -63.624573
1864170, -63.334075
1864940, -63.041833
1865710, -62.750504
1866480, -62.457737
1867250, -62.166107
1868020, -61.873326
1868790, -61.581949
1869560, -61.289564
1870330, -60.998712
1871100, -60.707075
1871870, -60.417010
1872640, -60.126068
1873410, -59.836750
1874180, -59.546530
1874950, -59.257704
1875720, -58.967772
1876490, -58.679140
1877260, -58.389020
1878030, -58.099643
1878800, -57.808450
1879570, -57.517498
1880340, -57.223913
1881110, -56.929832
1881880, -56.632470
1882650, -56.333512
1883420, -56.029962
1884190, -55.723827
1884960, -55.411599
1885730, -55.094770
1886500, -54.770130
1887270, -54.438722
1888040, -54.096602
1888810, -53.744877
1889580, -53.378950
1890350, -52.998890
1891120, -52.600052
1891890, -52.180975
1892660, -51.735510
1893430, -51.261091
1894200, -50.749272
1894970, -50.194968
1895740, -49.586301
1896510, -48.913267
1897280, -48.158183
1898050, -47.302558
1898820, -46.316271
1899590, -45.164793
1900360, -43.795527
1901130, -42.141328
1901900, -40.103517
1902670, -37.551561
1903440, -34.303636
1904210, -30.135984
1904980, -24.805439
1905750, -18.176466
1906520, -10.469549
1907290, -2.593103
1908060, 3.939390
1908830, 7.864717
1909600, 9.011130
1910370, 8.045162
1911140, 5.757458
1911910, 2.714186
1912680, -0.730433
1913450, -4.366604
1914220, -8.063014
1914990, -11.743806
1915760, -15.361425
1916530, -18.894153
1917300, -22.330242
1918070, -25.675610
1918840, -28.940952
1919610, -32.151686
1920380, -35.339366
1921150, -38.548569
1921920, -41.824360
1922690, -45.215390
1923460, -48.750549
1924230, -52.424974
1925000, -56.157318
1925770, -59.773789
1926540, -63.012855
1927310, -65.627940
1928080, -67.497962
1928850, -68.681869
1929620, -69.338673
1930390, -69.643133
1931160, -69.726679
1931930, -69.680152
1932700, -69.554847
1933470, -69.384406
1934240, -69.184316
1935010, -68.967182
1935780, -68.736496
1936550, -68.498084
1937320, -68.251624
1938090, -68.000793
1938860, -67.744040
1939630, -67.484314
1940400, -67.219650
1941170, -66.952772
1941940, -66.681578
1942710, -66.408690
1943480, -66.131954
1944250, -65.853989
1945020, -65.572619
1945790, -65.290426
1946560, -65.005243
1947330, -64.719679
1948100, -64.431520
1948870, -64.143342
1949640, -63.852981
1950410, -63.562996
1951180, -63.271162
1951950, -62.980042
1952720, -62.687457
1953490, -62.395868
1954260, -62.103035
1955030, -61.811499
1955800, -61.518957
1956570, -61.227833
1957340, -60.935857
1958110, -60.645487
1958880, -60.354280
1959650, -60.064616
1960420, -59.774188
1961190, -59.485222
1961960, -59.195224
1962730, -58.906521
1963500, -58.616636
1964270, -58.327619
1965040, -58.036913
1965810, -57.746783
1966580, -57.454378
1967350, -57.161660
1968120, -56.865993
1968890, -56.569272
1969660, -56.268426
1970430, -55.965288
1971200, -55.657003
1971970, -55.344803
1972740, -55.025428
1973510, -54.700489
1974280, -54.366022
1975050, -54.022929
1975820, -53.667562
1976590, -53.299830
1977360, -52.915072
1978130, -52.513103
1978900, -52.087725
1979670, -51.637573
1980440, -51.154784
1981210, -50.635679
1981980, -50.069707
1982750, -49.449674
1983520, -48.759799
1984290, -47.986013
1985060, -47.104521
1985830, -46.088110
1986600, -44.895029
1987370, -43.473696
1988140, -41.746938
1988910, -39.614237
1989680, -36.931200
1990450, -33.510636
1991220, -29.116428
1991990, -23.517840
1992760, -16.624534
1993530, -8.782021
1994300, -1.053082
1995070, 5.004520
1995840, 8.320925
1996610, 8.952286
1997380, 7.648999
1998150, 5.162405
1998920, 2.012276
1999690, -1.487561
2000460, -5.144122
2001230, -8.843258
2002000, -12.512780
2002770, -16.114934
2003540, -19.626450
2004310, -23.043978
2005080, -26.369627
2005850, -29.622183
2006620, -32.824519
2007390, -36.014001
2008160, -39.231891
2008930, -42.529138
2009700, -45.947799
2010470, -49.515977
2011240, -53.211153
2012010, -56.938298
2012780, -60.497666
2013550, -63.623716
2014320, -66.083915
2015090, -67.800548
2015860, -68.857468
2016630, -69.427514
2017400, -69.674926
2018170, -69.725961
2018940, -69.658337
2019710, -69.522391
2020480, -69.343602
2021250, -69.140172
2022020, -68.918866
2022790, -68.687244
2023560, -68.446069
2024330, -68.199522
2025100, -67.946457
2025870, -67.689958
2026640, -67.428234
2027410, -67.164000
2028180, -66.895265
2028950, -66.624616
2029720, -66.349973
2030490, -66.073881
2031260, -65.794260
2032030, -65.513622
2032800, -65.229858
2033570, -64.945497
2034340, -64.658446
2035110, -64.371186
2035880, -64.081608
2036650, -63.792237
2037420, -63.500929
2038190, -63.210150
2038960, -62.917787
2039730, -62.626316
2040500, -62.333529
2041270, -62.041872
2042040, -61.749215
2042810, -61.457891
2043580, -61.165664
2044350, -60.874946
2045120, -60.583479
2045890, -60.293508
2046660, -60.002757
2047430, -59.713596
2048200, -59.423521
2048970, -59.134725
2049740, -58.844887
2050510, -58.556119
2051280, -58.265840
2052050, -57.976174
2052820, -57.684703
2053590, -57.393183
2054360, -57.098953
2055130, -56.804054
2055900, -56.505604
2056670, -56.205230
2057440, -55.900143
2058210, -55.591990
2058980, -55.277404
2059750, -54.957805
2060520, -54.630053
2061290, -54.294776
2062060, -53.948271
2062830, -53.591372
2063600, -53.219294
2064370, -52.832044
2065140, -52.424458
2065910, -51.995005
2066680, -51.537662
2067450, -51.048692
2068220, -50.519767
2068990, -49.944257
2069760, -49.309940
2070530, -48.605004
2071300, -47.809516
2072070, -46.902781
2072840, -45.851596
2073610, -44.615974
2074380, -43.135639
2075150, -41.333485
2075920, -39.096468
2076690, -36.275557
2077460, -32.668215
2078230, -28.037178
2079000, -22.160858
2079770, -15.016334
2080540, -7.080645
2081310, 0.424673
2082080, 5.954362
2082850, 8.659235
2083620, 8.810107
2084390, 7.198796
2085160, 4.537038
2085930, 1.290454
2086700, -2.254698
2087470, -5.928953
2088240, -9.625446
2089010, -13.284250
2089780, -16.867410
2090550, -20.359925
2091320, -23.756356
2092090, -27.066014
2092860, -30.304051
2093630, -33.501182
2094400, -36.692181
2095170, -39.924087
2095940, -43.242855
2096710, -46.693002
2097480, -50.290739
2098250, -54.005006
2099020, -57.716048
2099790, -61.207132
2100560, -64.206685
2101330, -66.510489
2102100, -68.074304
2102870, -69.013612
2103640, -69.501574
2104410, -69.699445
2105180, -69.718974
2105950, -69.634558
2106720, -69.486793
2107490, -69.302625
2108260, -69.093906
2109030, -68.870957
2109800, -68.636205
2110570, -68.394656
2111340, -68.145749
2112110, -67.892795
2112880, -67.634253
2113650, -67.372859
2114420, -67.106750
2115190, -66.838482
2115960, -66.566072
2116730, -66.291995
2117500, -66.014242
2118270, -65.735284
2119040, -65.453075
2119810, -65.170058
2120580, -64.884217
2121350, -64.597995
2122120, -64.309332
2122890, -64.020669
2123660, -63.729992
2124430, -63.439675
2125200, -63.147655
2125970, -62.856360
2126740, -62.563708
2127510, -62.272035
2128280, -61.979260
2129050, -61.687778
2129820, -61.395370
2130590, -61.104343
2131360, -60.812588
2132130, -60.522328
2132900, -60.231299
2133670, -59.941765
2134440, -59.651518
2135210, -59.362594
2135980, -59.072683
2136750, -58.783996
2137520, -58.494045
2138290, -58.204797
2139060, -57.913878
2139830, -57.623294
2140600, -57.330324
2141370, -57.036844
2142140, -56.740403
2142910, -56.442499
2143680, -56.140293
2144450, -55.835534
2145220, -55.525207
2145990, -55.210503
2146760, -54.888373
2147530, -54.559984
2148300, -54.221516
2149070, -53.873802
2149840, -53.512917
2150610, -53.138624
2151380, -52.746458
2152150, -52.335381
2152920, -51.899404
2153690, -51.436542
2154460, -50.938566
2155230, -50.401268
2156000, -49.813137
2156770, -49.165560
2157540, -48.442003
2158310, -47.625637
2159080, -46.689611
2159850, -45.603053
2160620, -44.318651
2161390, -42.776826
2162160, -40.889906
2162930, -38.541660
2163700, -35.567892
2164470, -31.760348
2165240, -26.873714
2166010, -20.713238
2166780, -13.331049
2167550, -5.362117
2168320, 1.839683
2169090, 6.788259
2169860, 8.887178
2170630, 8.584999
2171400, 6.694990
2172170, 3.873461
2172940, 0.543741
2173710, -3.042134
2174480, -6.727459
2175250, -10.421079
2176020, -14.065029
2176790, -17.630205
2177560, -21.101223
2178330, -24.478519
2179100, -27.770254
2179870, -30.997935
2180640, -34.188906
2181410, -37.385329
2182180, -40.631093
2182950, -43.976135
2183720, -47.457307
2184490, -51.086360
2185260, -54.812927
2186030, -58.498562
2186800, -61.905139
2187570, -64.768313
2188340, -66.908694
2189110, -68.325315
2189880, -69.150991
2190650, -69.565026
2191420, -69.715434
2192190, -69.708459
2192960, -69.606631
2193730, -69.450230
2194500, -69.258962
2195270, -69.047497
2196040, -68.820825
2196810, -68.585283
2197580, -68.341169
2198350, -68.092178
2199120, -67.837107
2199890, -67.578777
2200660, -67.315476
2201430, -67.049739
2202200, -66.779699
2202970, -66.507773
2203740, -66.232023
2204510, -65.954852
2205280, -65.674316
2206050, -65.392775
2206820, -65.108270
2207590, -64.823194
2208360, -64.535570
2209130, -64.247749
2209900, -63.957773
2210670, -63.668019
2211440, -63.376461
2212210, -63.085438
2212980, -62.792988
2213750, -62.501396
2214520, -62.208614
2215290, -61.916962
2216060, -61.624409
2216830, -61.333142
2217600, -61.041086
2218370, -60.750529
2219140, -60.459253
2219910, -60.169403
2220680, -59.878866
2221450, -59.589762
2222220, -59.299768
2222990, -59.010970
2223760, -58.721213
2224530, -58.432305
2225300, -58.141863
2226070, -57.851914
2226840, -57.559989
2227610, -57.267781
2228380, -56.972821
2229150, -56.676991
2229920, -56.377360
2230690, -56.075496
2231460, -55.768807
2232230, -55.458484
2233000, -55.141402
2233770, -54.818913
2234540, -54.487616
2235310, -54.148112
2236080, -53.796905
2236850, -53.434163
2237620, -53.055341
2238390, -52.660356
2239160, -52.243435
2239930, -51.802977
2240700, -51.332173
2241470, -50.827148
2242240, -50.278698
2243010, -49.679573
2243780, -49.015866
2244550, -48.275132
2245320, -47.434739
2246090, -46.470421
2246860, -45.344710
2247630, -44.011673
2248400, -42.403480
2249170, -40.429722
2249940, -37.961382
2250710, -34.828762
2251480, -30.809357
2252250, -25.662240
2253020, -19.220103
2253790, -11.633723
2254560, -3.694986
2255330, 3.130165
2256100, 7.475791
2256870, 8.995754
2257640, 8.286174
2258410, 6.148576
2259180, 3.190264
2259950, -0.212527
2260720, -3.829372
2261490, -7.523714
2262260, -11.209540
2263030, -14.839255
2263800, -18.384067
2264570, -21.835561
2265340, -25.192451
2266110, -28.468993
2266880, -31.685334
2267650, -34.875221
2268420, -38.077295
2269190, -41.341049
2269960, -44.711690
2270730, -48.225953
2271500, -51.881910
2272270, -55.615843
2273040, -59.262850
2273810, -62.574949
2274580, -65.291094
2275350, -67.270985
2276120, -68.545481
2276890, -69.268958
2277660, -69.614480
2278430, -69.724750
2279200, -69.692252
2279970, -69.577046
2280740, -69.410893
2281510, -69.215313
2282280, -68.999275
2283050, -68.771262
2283820, -68.532876
2284590, -68.288447
2285360, -68.037244
2286130, -67.782264
2286900, -67.521994
2287670, -67.258977
2288440, -66.991454
2289210, -66.721825
2289980, -66.448222
2290750, -66.172982
2291520, -65.894234
2292290, -65.614297
2293060, -65.331264
2293830, -65.047450
2294600, -64.760981
2295370, -64.474132
2296140, -64.184997
2296910, -63.895886
2297680, -63.604893
2298450, -63.314264
2299220, -63.022083
2299990, -62.730651
2300760, -62.437964
2301530, -62.146247
2302300, -61.853566
2303070, -61.562112
2303840, -61.269832
2304610, -60.978916
2305380, -60.687386
2306150, -60.397252
2306920, -60.106421
2307690, -59.817043
2308460, -59.526927
2309230, -59.238022
2310000, -58.948186
2310770, -58.659449
2311540, -58.369386
2312310, -58.079879
2313080, -57.788730
2313850, -57.497611
2314620, -57.204008
2315390, -56.909717
2316160, -56.612265
2316930, -56.313002
2317700, -56.009290
2318470, -55.702795
2319240, -55.390304
2320010, -55.072974
2320780, -54.747958
2321550, -54.415880
2322320, -54.073167
2323090, -53.720585
2323860, -53.353801
2324630, -52.972550
2325400, -52.572437
2326170, -52.151663
2326940, -51.704433
2327710, -51.227665
2328480, -50.713263
2329250, -50.155573
2330020, -49.543038
2330790, -48.864992
2331560, -48.103734
2332330, -47.240283
2333100, -46.244250
2333870, -45.079990
2334640, -43.694263
2335410, -42.017710
2336180, -39.950309
2336950, -37.358176
2337720, -34.056461
2338490, -29.818416
2339260, -24.403471
2340030, -17.690316
2340800, -9.936077
2341570, -2.098616
2342340, 4.289837
2343110, 8.021523
2343880, 9.001299
2344650, 7.924312
2345420, 5.571273
2346190, 2.492222
2346960, -0.970600
2347730, -4.613892
2348500, -8.311242
2349270, -11.989117
2350040, -15.601279
2350810, -19.127670
2351580, -22.557523
2352350, -25.897070
2353120, -29.157605
2353890, -32.365811
2354660, -35.553825
2355430, -38.766064
2356200, -42.048178
2356970, -45.448157
2357740, -48.993375
2358510, -52.675651
2359280, -56.407110
2360050, -60.006458
2360820, -63.210941
2361590, -65.777291
2362360, -67.597678
2363130, -68.740482
2363900, -69.368462
2364670, -69.654379
2365440, -69.726858
2366210, -69.673647
2366980, -69.544518
2367750, -69.371623
2368520, -69.170132
2369290, -68.951930
2370060, -68.720640
2370830, -68.481626
2371600, -68.234843
2372370, -67.983584
2373140, -67.726620
2373910, -67.466543
2374680, -67.201726
2375450, -66.934542
2376220, -66.663232
2376990, -66.390070
2377760, -66.113251
2378530, -65.835044
2379300, -65.553618
2380070, -65.271210
2380840, -64.986000
2381610, -64.700250
2382380, -64.412089
2383150, -64.123751
2383920, -63.833417
2384690, -63.543297
2385460, -63.251510
2386230, -62.960280
2387000, -62.667762
2387770, -62.376078
2388540, -62.083332
2389310, -61.791724
2390080, -61.499284
2390850, -61.208094
2391620, -60.916232
2392390, -60.625799
2393160, -60.334699
2393930, -60.044975
2394700, -59.754665
2395470, -59.465632
2396240, -59.175731
2397010, -58.886953
2397780, -58.597138
2398550, -58.308005
2399320, -58.017346
2400090, -57.727088
2400860, -57.434689
2401630, -57.141781
2402400, -56.846078
2403170, -56.549094
2403940, -56.248116
2404710, -55.944645
2405480, -55.636118
2406250, -55.323445
2407020, -55.003716
2407790, -54.678209
2408560, -54.343231
2409330, -53.999360
2410100, -53.643297
2410870, -53.274524
2411640, -52.888735
2412410, -52.485304
2413180, -52.058384
2413950, -51.606274
2414720, -51.121284
2415490, -50.599392
2416260, -50.030165
2417030, -49.406042
2417800, -48.711261
2418570, -47.931038
2419340, -47.041455
2420110, -46.014716
2420880, -44.808589
2421650, -43.369606
2422420, -41.619579
2423190, -39.455253
2423960, -36.729738
2424730, -33.252206
2425500, -28.784757
2426270, -23.100306
2427040, -16.126019
2427810, -8.248692
2428580, -0.581559
2429350, 5.315109
2430120, 8.439053
2430890, 8.915926
2431660, 7.513159
2432430, 4.969277
2433200, 1.788026
2433970, -1.727140
2434740, -5.389414
2435510, -9.088429
2436280, -12.754348
2437050, -16.350795
2437820, -19.856365
2438590, -23.267274
2439360, -26.587821
2440130, -29.836169
2440900, -33.036174
2441670, -36.225779
2442440, -39.447612
2443210, -42.751718
2443980, -46.179880
2444750, -49.757545
2445520, -53.459065
2446290, -57.181954
2447060, -60.720746
2447830, -63.808731
2448600, -66.220341
2449370, -67.889056
2450140, -68.908187
2450910, -69.452123
2451680, -69.683244
2452450, -69.724366
2453220, -69.651019
2453990, -69.511536
2454760, -69.330726
2455530, -69.125878
2456300, -68.903764
2457070, -68.671423
2457840, -68.429851
2458610, -68.182833
2459380, -67.929526
2460150, -67.672658
2460920, -67.410763
2461690, -67.146213
2462460, -66.877351
2463230, -66.606421
2464000, -66.331682
2464770, -66.055341
2465540, -65.775654
2466310, -65.494795
2467080, -65.210992
2467850, -64.926439
2468620, -64.639374
2469390, -64.351945
2470160, -64.062381
2470930, -63.772872
2471700, -63.481602
2472470, -63.190705
2473240, -62.898403
2474010, -62.606833
2474780, -62.314123
2475550, -62.022387
2476320, -61.729829
2477090, -61.438438
2477860, -61.146316
2478630, -60.855545
2479400, -60.564184
2480170, -60.274152
2480940, -59.983511
2481710, -59.694283
2482480, -59.404298
2483250, -59.115424
2484020, -58.825676
2484790, -58.536808
2485560, -58.246581
2486330, -57.956793
2487100, -57.665329
2487870, -57.373625
2488640, -57.079360
2489410, -56.784249
2490180, -56.485700
2490950, -56.185023
2491720, -55.879769
2492490, -55.571206
2493260, -55.256314
2494030, -54.936195
2494800, -54.607976
2495570, -54.271971
2496340, -53.924821
2497110, -53.566947
2497880, -53.193910
2498650, -52.805395
2499420, -52.396453
2500190, -51.965234
2500960, -54.820223
2501730, -57.183775
2502500, -59.271815
2503270, -61.182639
2504040, -62.946170
2504810, -64.552548
2505580, -65.986818
2506350, -67.236836
2507120, -68.305777
2507890, -69.203180
2508660, -69.949015
2509430, -70.561537
2510200, -71.062725
2510970, -71.468706
2511740, -71.797279
2512510, -72.059734
2513280, -72.269218
2514050, -72.432835
2514820, -72.560157
2515590, -72.655318
2516360, -72.725435
2517130, -72.772631
2517900, -72.802384
2518670, -72.815488
2519440, -72.816333
2520210, -72.804831
2520980, -72.784650
2521750, -72.755114
2522520, -72.719408
2523290, -72.676457
2524060, -72.629118
2524830, -72.576048
2525600, -72.519878
2526370, -72.459079
2527140, -72.396124
2527910, -72.329357
2528680, -72.261141
2529450, -72.189728
2530220, -72.117404
2530990, -72.042354
2531760, -71.966808
2532530, -71.888905
2533300, -71.810826
2534070, -71.730677
2534840, -71.650612
2535610, -71.568713
2536380, -71.487114
2537150, -71.403877
2537920, -71.321119
2538690, -71.236891
2539460, -71.153293
2540230, -71.068367
2541000, -70.984203
2541770, -70.898832
2542540, -70.814327
2543310, -70.728709
2544080, -70.644049
2544850, -70.558367
2545620, -70.473730
2546390, -70.388156
2547160, -70.303707
2547930, -70.218399
2548700, -70.134290
2549470, -70.049393
2550240, -69.965761
2551010, -69.881401
2551780, -69.798350
2552550, -69.714612
2553320, -69.632226
2554090, -69.549200
2554860, -69.467574
2555630, -69.385356
2556400, -69.304585
2557170, -69.223269
2557940, -69.143444
2558710, -69.063118
2559480, -68.984323
2560250, -68.905064
2561020, -68.827354
2561790, -68.749188
2562560, -68.672586
2563330, -68.595551
2564100, -68.520106
2564870, -68.444256
2565640, -68.370024
2566410, -68.295415
2567180, -68.222451
2567950, -68.149140
2568720, -68.077500
2569490, -68.005538
2570260, -67.935273
2571030, -67.864689
2571800, -67.795785
2572570, -67.726556
2573340, -67.659010
2574110, -67.591149
2574880, -67.524982
2575650, -67.458517
2576420, -67.393762
2577190, -67.328726
2577960, -67.265417
2578730, -67.201844
2579500, -67.140015
2580270, -67.077940
2581040, -67.017624
2581810, -66.957077
2582580, -66.898284
2583350, -66.839232
2584120, -66.781909
2584890, -66.724317
2585660, -66.668450
2586430, -66.612317
2587200, -66.557915
2587970, -66.503256
2588740, -66.450337
2589510, -66.397171
2590280, -66.345756
2591050, -66.294107
2591820, -66.244218
2592590, -66.194107
2593360, -66.145768
2594130, -66.097216
2594900, -66.050444
2595670, -66.003471
2596440, -65.958287
2597210, -65.912882
2597980, -65.869224
2598750, -65.825317
2599520, -65.783142
2600290, -65.740710
2601060, -65.700005
2601830, -65.659046
2602600, -65.619816
2603370, -65.580338
2604140, -65.542594
2604910, -65.504608
2605680, -65.468364
2606450, -65.431884
2607220, -65.397150
2607990, -65.362188
2608760, -65.328977
2609530, -65.295543
2610300, -65.263865
2611070, -65.231968
2611840, -65.201830
2612610, -65.171476
2613380, -65.142883
2614150, -65.114077
2614920, -65.087031
2615690, -65.059772
2616460, -65.034274
2617230, -65.008562
2618000, -64.984608
2618770, -64.960425
2619540, -64.937964
2620310, -64.915243
2621080, -64.894221
2621850, -64.872922
2622620, -64.853311
2623390, -64.833414
2624160, -64.815196
2624930, -64.796686
2625700, -64.779850
2626470, -64.762716
2627240, -64.747249
2628010, -64.731479
2628780, -64.717368
2629550, -64.702948
2630320, -64.690177
2631090, -64.677089
2631860, -64.665641
2632630, -64.653866
2633400, -64.643720
2634170, -64.633236
2634940, -64.624367
2635710, -64.615148
2636480, -64.607529
2637250, -64.599546
2638020, -64.593149
2638790, -64.586371
2639560, -64.581161
2640330, -64.575553
2641100, -64.571494
2641870, -64.567020
2642640, -64.564075
2643410, -64.560694
2644180, -64.558820
2644950, -64.556490
2645720, -64.555645
2646490, -64.554321
2647260, -64.554459
2648030, -64.554095
2648800, -64.555167
2649570, -64.555713
2650340, -64.557670
2651110, -64.559077
2651880, -64.561868
2652650, -64.564083
2653420, -64.567655
2654190, -64.570625
2654960, -64.574925
2655730, -64.578596
2656500, -64.583569
2657270, -64.587887
2658040, -64.593478
2658810, -64.598387
2659580, -64.604542
2660350, -64.609987
2661120, -64.616649
2661890, -64.622575
2662660, -64.629691
2663430, -64.636044
2664200, -64.643558
2664970, -64.650283
2665740, -64.658144
2666510, -64.665188
2667280, -64.673341
2668050, -64.680654
2668820, -64.689049
2669590, -64.696578
2670360, -64.705166
2671130, -64.712864
2671900, -64.721596
2672670, -64.729415
2673440, -64.738245
2674210, -64.746141
2674980, -64.755025
2675750, -64.762955
2676520, -64.771852
2677290, -64.779774
2678060, -64.788643
2678830, -64.796520
2679600, -64.805324
2680370, -64.813119
2681140, -64.821825
2681910, -64.829504
2682680, -64.838078
2683450, -64.845611
2684220, -64.854024
2684990, -64.861382
2685760, -64.869606
2686530, -64.876764
2687300, -64.884774
2688070, -64.891708
2688840, -64.899483
2689610, -64.906172
2690380, -64.913692
2691150, -64.920117
2691920, -64.927365
2692690, -64.933511
2693460, -64.940471
2694230, -64.946324
2695000, -64.952985
2695770, -64.958533
2696540, -64.964884
2697310, -64.970118
2698080, -64.976151
2698850, -64.981064
2699620, -64.986773
2700390, -64.991360
2701160, -64.996739
2701930, -65.000997
2702700, -65.006045
2703470, -65.009965
2704240, -65.014669
2705010, -65.018242
2705780, -65.022596
2706550, -65.025821
2707320, -65.029827
2708090, -65.032706
2708860, -65.036369
2709630, -65.038909
2710400, -65.042236
2711170, -65.044444
2711940, -65.047444
2712710, -65.049330
2713480, -65.052012
2714250, -65.053587
2715020, -65.055962
2715790, -65.057237
2716560, -65.059317
2717330, -65.060303
2718100, -65.062100
2718870, -65.062809
2719640, -65.064336
2720410, -65.064783
2721180, -65.066052
2721950, -65.066248
2722720, -65.067273
2723490, -65.067232
2724260, -65.068027
2725030, -65.067763
2725800, -65.068341
2726570, -65.067866
2727340, -65.068241
2728110, -65.067571
2728880, -65.067755
2729650, -65.066903
2730420, -65.066911
2731190, -65.065889
2731960, -65.065735
2732730, -65.064557
2733500, -65.064253
2734270, -65.062934
2735040, -65.062493
2735810, -65.061043
2736580, -65.060479
2737350, -65.058912
2738120, -65.058236
2738890, -65.056565
2739660, -65.055790
2740430, -65.054026
2741200, -65.053163
2741970, -65.051317
2742740, -65.050378
2743510, -65.048462
2744280, -65.047458
2745050, -65.045482
2745820, -65.044423
2746590, -65.042398
2747360, -65.041294
2748130, -65.039230
2748900, -65.038090
2749670, -65.035996
2750440, -65.034830
2751210, -65.032715
2751980, -65.031531
2752750, -65.029403
2753520, -65.028210
2754290, -65.026077
2755060, -65.024883
2755830, -65.022752
2756600, -65.021563
2757370, -65.019441
2758140, -65.018264
2758910, -65.016158
2759680, -65.015000
2760450, -65.012916
2761220, -65.011782
2761990, -65.009725
2762760, -65.008620
2763530, -65.006595
2764300, -65.005525
2765070, -65.003537
2765840, -65.002505
2766610, -65.000558
2767380, -64.999568
2768150, -64.997666
2768920, -64.996720
2769690, -64.994861
2770460, -64.993958
2771230, -64.992144
2772000, -64.991286
2772770, -64.989519
2773540, -64.988708
2774310, -64.986989
2775080, -64.986227
2775850, -64.984559
2776620, -64.983849
2777390, -64.982234
2778160, -64.981576
2778930, -64.980015
2779700, -64.979413
2780470, -64.977907
2781240, -64.977360
2782010, -64.975912
2782780, -64.975422
2783550, -64.974031
2784320, -64.973598
2785090, -64.972265
2785860, -64.971890
2786630, -64.970615
2787400, -64.970298
2788170, -64.969082
2788940, -64.968823
2789710, -64.967665
2790480, -64.967463
2791250, -64.966363
2792020, -64.966218
2792790, -64.965174
2793560, -64.965085
2794330, -64.964098
2795100, -64.964064
2795870, -64.963132
2796640, -64.963152
2797410, -64.962274
2798180, -64.962346
2798950, -64.961521
2799720, -64.961645
2800490, -64.960870
2801260, -64.961043
2802030, -64.960317
2802800, -64.960539
2803570, -64.959861
2804340, -64.960128
2805110, -64.959496
2805880, -64.959808
2806650, -64.959219
2807420, -64.959573
2808190, -64.959026
2808960, -64.959420
2809730, -64.958913
2810500, -64.959345
2811270, -64.958876
2812040, -64.959344
2812810, -64.958909
2813580, -64.959412
2814350, -64.959010
2815120, -64.959544
2815890, -64.959174
2816660, -64.959737
2817430, -64.959395
2818200, -64.959986
2818970, -64.959671
2819740, -64.960286
2820510, -64.959996
2821280, -64.960634
2822050, -64.960366
2822820, -64.961024
2823590, -64.960776
2824360, -64.961454
2825130, -64.961224
2825900, -64.961918
2826670, -64.961704
2827440, -64.962412
2828210, -64.962212
2828980, -64.962933
2829750, -64.962745
2830520, -64.963477
2831290, -64.963299
2832060, -64.964039
2832830, -64.963870
2833600, -64.964617
2834370, -64.964455
2835140, -64.965207
2835910, -64.965049
2836680, -64.965806
2837450, -64.965651
2838220, -64.966409
2838990, -64.966257
2839760, -64.967016
2840530, -64.966864
2841300, -64.967622
2842070, -64.967469
2842840, -64.968225
2843610, -64.968070
2844380, -64.968823
2845150, -64.968664
2845920, -64.969412
2846690, -64.969249
2847460, -64.969992
2848230, -64.969823
2849000, -64.970560
2849770, -64.970385
2850540, -64.971114
2851310, -64.970932
2852080, -64.971652
2852850, -64.971462
2853620, -64.972174
2854390, -64.971975
2855160, -64.972677
2855930, -64.972469
2856700, -64.973161
2857470, -64.972943
2858240, -64.973625
2859010, -64.973396
2859780, -64.974067
2860550, -64.973828
2861320, -64.974487
2862090, -64.974237
2862860, -64.974884
2863630, -64.974623
2864400, -64.975258
2865170, -64.974985
2865940, -64.975609
2866710, -64.975325
2867480, -64.975936
2868250, -64.975640
2869020, -64.976239
2869790, -64.975931
2870560, -64.976519
2871330, -64.976199
2872100, -64.976775
2872870, -64.976444
2873640, -64.977007
2874410, -64.976664
2875180, -64.977216
2875950, -64.976862
2876720, -64.977402
2877490, -64.977038
2878260, -64.977566
2879030, -64.977191
2879800, -64.977708
2880570, -64.977323
2881340, -64.977829
2882110, -64.977433
2882880, -64.977930
2883650, -64.977524
2884420, -64.978010
2885190, -64.977595
2885960, -64.978071
2886730, -64.977647
2887500, -64.978114
2888270, -64.977682
2889040, -64.978140
2889810, -64.977699
2890580, -64.978149
2891350, -64.977700
2892120, -64.978141
2892890, -64.977685
2893660, -64.978119
2894430, -64.977656
2895200, -64.978083
2895970, -64.977614
2896740, -64.978034
2897510, -64.977559
2898280, -64.977973
2899050, -64.977492
2899820, -64.977900
2900590, -64.977414
2901360, -64.977817
2902130, -64.977326
2902900, -64.977724
2903670, -64.977229
2904440, -64.977623
2905210, -64.977124
2905980, -64.977514
2906750, -64.977012
2907520, -64.977398
2908290, -64.976894
2909060, -64.977277
2909830, -64.976769
2910600, -64.977150
2911370, -64.976640
2912140, -64.977018
2912910, -64.976507
2913680, -64.976883
2914450, -64.976371
2915220, -64.976746
2915990, -64.976232
2916760, -64.976606
2917530, -64.976092
2918300, -64.976464
2919070, -64.975950
2919840, -64.976322
2920610, -64.975808
2921380, -64.976179
2922150, -64.975666
2922920, -64.976037
2923690, -64.975524
2924460, -64.975896
2925230, -64.975384
2926000, -64.975756
2926770, -64.975245
2927540, -64.975618
2928310, -64.975109
2929080, -64.975483
2929850, -64.974975
2930620, -64.975350
2931390, -64.974844
2932160, -64.975220
2932930, -64.974716
2933700, -64.975094
2934470, -64.974592
2935240, -64.974971
2936010, -64.974471
2936780, -64.974853
2937550, -64.974355
2938320, -64.974739
2939090, -64.974244
2939860, -64.974629
2940630, -64.974137
2941400, -64.974524
2942170, -64.974035
2942940, -64.974424
2943710, -64.973937
2944480, -64.974329
2945250, -64.973845
2946020, -64.974239
2946790, -64.973757
2947560, -64.974154
2948330, -64.973675
2949100, -64.974074
2949870, -64.973598
2950640, -64.974000
2951410, -64.973526
2952180, -64.973930
2952950, -64.973460
2953720, -64.973866
2954490, -64.973398
2955260, -64.973807
2956030, -64.973342
2956800, -64.973752
2957570, -64.973290
2958340, -64.973703
2959110, -64.973244
2959880, -64.973659
2960650, -64.973202
2961420, -64.973619
2962190, -64.973165
2962960, -64.973584
2963730, -64.973132
2964500, -64.973553
2965270, -64.973104
2966040, -64.973527
2966810, -64.973080
2967580, -64.973505
2968350, -64.973060
2969120, -64.973487
2969890, -64.973045
2970660, -64.973473
2971430, -64.973032
2972200, -64.973462
2972970, -64.973024
2973740, -64.973455
2974510, -64.973019
2975280, -64.973451
2976050, -64.973017
2976820, -64.973451
2977590, -64.973018
2978360, -64.973453
2979130, -64.973021
2979900, -64.973458
2980670, -64.973028
2981440, -64.973465
2982210, -64.973037
2982980, -64.973475
2983750, -64.973048
2984520, -64.973487
2985290, -64.973061
2986060, -64.973500
2986830, -64.973076
2987600, -64.973516
2988370, -64.973092
2989140, -64.973533
2989910, -64.973110
2990680, -64.973552
2991450, -64.973130
2992220, -64.973571
2992990, -64.973150
2993760, -64.973592
2994530, -64.973172
2995300, -64.973614
2996070, -64.973194
2996840, -64.973636
2997610, -64.973217
2998380, -64.973659
2999150, -64.973240
2999920, -64.973682
3000690, -64.973264
