# ./result/hh_runge_0750.txt
# dt = 750 [usec]
# t [usec], V [mV]
0, -65.000000
750, -64.997782
1500, -64.995656
2250, -64.993605
3000, -64.991619
3750, -64.989688
4500, -64.987809
5250, -64.985978
6000, -64.984192
6750, -64.982450
7500, -64.980751
8250, -64.979095
9000, -64.977482
9750, -64.975911
10500, -64.974383
11250, -64.972897
12000, -64.971454
12750, -64.970054
13500, -64.968697
14250, -64.967384
15000, -64.966113
15750, -64.964886
16500, -64.963703
17250, -64.962562
18000, -64.961465
18750, -64.960411
19500, -64.959400
20250, -64.958432
21000, -64.957506
21750, -64.956623
22500, -64.955782
23250, -64.954983
24000, -64.954224
24750, -64.953507
25500, -64.952831
26250, -64.952194
27000, -64.951598
27750, -64.951040
28500, -64.950521
29250, -64.950040
30000, -64.949597
30750, -64.949190
31500, -64.948820
32250, -64.948486
33000, -64.948186
33750, -64.947921
34500, -64.947690
35250, -64.947491
36000, -64.947325
36750, -64.947190
37500, -64.947086
38250, -64.947012
39000, -64.946967
39750, -64.946951
40500, -64.946962
41250, -64.947000
42000, -64.947064
42750, -64.947154
43500, -64.947268
44250, -64.947406
45000, -64.947567
45750, -64.947750
46500, -64.947954
47250, -64.948179
48000, -64.948423
48750, -64.948686
49500, -64.948967
50250, -64.949266
51000, -64.949581
51750, -64.949912
52500, -64.950258
53250, -64.950617
54000, -64.950991
54750, -64.951377
55500, -64.951774
56250, -64.952183
57000, -64.952603
57750, -64.953032
58500, -64.953469
59250, -64.953916
60000, -64.954369
60750, -64.954830
61500, -64.955297
62250, -64.955770
63000, -64.956247
63750, -64.956729
64500, -64.957214
65250, -64.957703
66000, -64.958194
66750, -64.958687
67500, -64.959181
68250, -64.959676
69000, -64.960171
69750, -64.960666
70500, -64.961161
71250, -64.961654
72000, -64.962145
72750, -64.962635
73500, -64.963121
74250, -64.963605
75000, -64.964085
75750, -64.964562
76500, -64.965034
77250, -64.965501
78000, -64.965964
78750, -64.966421
79500, -64.966873
80250, -64.967319
81000, -64.967759
81750, -64.968192
82500, -64.968619
83250, -64.969038
84000, -64.969451
84750, -64.969856
85500, -64.970253
86250, -64.970642
87000, -64.971024
87750, -64.971397
88500, -64.971762
89250, -64.972119
90000, -64.972467
90750, -64.972806
91500, -64.973136
92250, -64.973458
93000, -64.973770
93750, -64.974074
94500, -64.974368
95250, -64.974654
96000, -64.974930
96750, -64.975197
97500, -64.975455
98250, -64.975703
99000, -64.975943
99750, -64.976173
100500, -64.976394
101250, -64.976606
102000, -64.976809
102750, -64.977002
103500, -64.977187
104250, -64.977363
105000, -64.977530
105750, -64.977688
106500, -64.977838
107250, -64.977979
108000, -64.978112
108750, -64.978236
109500, -64.978352
110250, -64.978460
111000, -64.978559
111750, -64.978651
112500, -64.978735
113250, -64.978812
114000, -64.978881
114750, -64.978942
115500, -64.978997
116250, -64.979044
117000, -64.979084
117750, -64.979118
118500, -64.979145
119250, -64.979166
120000, -64.979180
120750, -64.979189
121500, -64.979191
122250, -64.979187
123000, -64.979178
123750, -64.979164
124500, -64.979144
125250, -64.979119
126000, -64.979089
126750, -64.979055
127500, -64.979016
128250, -64.978972
129000, -64.978924
129750, -64.978873
130500, -64.978817
131250, -64.978757
132000, -64.978694
132750, -64.978628
133500, -64.978558
134250, -64.978485
135000, -64.978410
135750, -64.978331
136500, -64.978250
137250, -64.978166
138000, -64.978081
138750, -64.977993
139500, -64.977903
140250, -64.977811
141000, -64.977718
141750, -64.977623
142500, -64.977526
143250, -64.977429
144000, -64.977330
144750, -64.977230
145500, -64.977130
146250, -64.977029
147000, -64.976927
147750, -64.976824
148500, -64.976721
149250, -64.976618
150000, -64.976515
150750, -64.976412
151500, -64.976309
152250, -64.976206
153000, -64.976103
153750, -64.976001
154500, -64.975899
155250, -64.975798
156000, -64.975698
156750, -64.975598
157500, -64.975499
158250, -64.975401
159000, -64.975304
159750, -64.975208
160500, -64.975113
161250, -64.975019
162000, -64.974926
162750, -64.974835
163500, -64.974745
164250, -64.974657
165000, -64.974570
165750, -64.974484
166500, -64.974400
167250, -64.974318
168000, -64.974237
168750, -64.974158
169500, -64.974081
170250, -64.974005
171000, -64.973932
171750, -64.973860
172500, -64.973790
173250, -64.973721
174000, -64.973655
174750, -64.973590
175500, -64.973527
176250, -64.973467
177000, -64.973408
177750, -64.973351
178500, -64.973296
179250, -64.973243
180000, -64.973191
180750, -64.973142
181500, -64.973095
182250, -64.973049
183000, -64.973006
183750, -64.972964
184500, -64.972924
185250, -64.972886
186000, -64.972850
186750, -64.972816
187500, -64.972784
188250, -64.972753
189000, -64.972724
189750, -64.972697
190500, -64.972672
191250, -64.972648
192000, -64.972626
192750, -64.972606
193500, -64.972588
194250, -64.972571
195000, -64.972555
195750, -64.972542
196500, -64.972529
197250, -64.972519
198000, -64.972509
198750, -64.972501
199500, -64.972495
200250, -64.972490
201000, -64.972486
201750, -64.972484
202500, -64.972483
203250, -64.972483
204000, -64.972484
204750, -64.972486
205500, -64.972490
206250, -64.972495
207000, -64.972500
207750, -64.972507
208500, -64.972515
209250, -64.972524
210000, -64.972533
210750, -64.972544
211500, -64.972555
212250, -64.972567
213000, -64.972580
213750, -64.972594
214500, -64.972608
215250, -64.972623
216000, -64.972639
216750, -64.972655
217500, -64.972672
218250, -64.972689
219000, -64.972707
219750, -64.972726
220500, -64.972744
221250, -64.972764
222000, -64.972783
222750, -64.972803
223500, -64.972823
224250, -64.972844
225000, -64.972865
225750, -64.972886
226500, -64.972907
227250, -64.972928
228000, -64.972950
228750, -64.972972
229500, -64.972993
230250, -64.973015
231000, -64.973037
231750, -64.973059
232500, -64.973081
233250, -64.973103
234000, -64.973124
234750, -64.973146
235500, -64.973168
236250, -64.973189
237000, -64.973211
237750, -64.973232
238500, -64.973253
239250, -64.973274
240000, -64.973295
240750, -64.973316
241500, -64.973336
242250, -64.973356
243000, -64.973376
243750, -64.973396
244500, -64.973415
245250, -64.973434
246000, -64.973453
246750, -64.973471
247500, -64.973489
248250, -64.973507
249000, -64.973524
249750, -64.973541
250500, -64.973558
251250, -64.973574
252000, -64.973590
252750, -64.973606
253500, -64.973621
254250, -64.973636
255000, -64.973650
255750, -64.973664
256500, -64.973678
257250, -64.973691
258000, -64.973704
258750, -64.973717
259500, -64.973729
260250, -64.973740
261000, -64.973752
261750, -64.973763
262500, -64.973773
263250, -64.973783
264000, -64.973793
264750, -64.973802
265500, -64.973811
266250, -64.973819
267000, -64.973827
267750, -64.973835
268500, -64.973842
269250, -64.973849
270000, -64.973855
270750, -64.973862
271500, -64.973867
272250, -64.973873
273000, -64.973878
273750, -64.973882
274500, -64.973887
275250, -64.973891
276000, -64.973894
276750, -64.973898
277500, -64.973901
278250, -64.973903
279000, -64.973906
279750, -64.973908
280500, -64.973909
281250, -64.973911
282000, -64.973912
282750, -64.973913
283500, -64.973914
284250, -64.973914
285000, -64.973914
285750, -64.973914
286500, -64.973913
287250, -64.973913
288000, -64.973912
288750, -64.973911
289500, -64.973909
290250, -64.973908
291000, -64.973906
291750, -64.973904
292500, -64.973902
293250, -64.973900
294000, -64.973897
294750, -64.973895
295500, -64.973892
296250, -64.973889
297000, -64.973886
297750, -64.973883
298500, -64.973879
299250, -64.973876
300000, -64.973872
300750, -64.973869
301500, -64.973865
302250, -64.973861
303000, -64.973857
303750, -64.973853
304500, -64.973849
305250, -64.973845
306000, -64.973841
306750, -64.973836
307500, -64.973832
308250, -64.973828
309000, -64.973823
309750, -64.973819
310500, -64.973815
311250, -64.973810
312000, -64.973806
312750, -64.973801
313500, -64.973797
314250, -64.973792
315000, -64.973788
315750, -64.973783
316500, -64.973779
317250, -64.973774
318000, -64.973770
318750, -64.973765
319500, -64.973761
320250, -64.973757
321000, -64.973752
321750, -64.973748
322500, -64.973744
323250, -64.973740
324000, -64.973736
324750, -64.973732
325500, -64.973728
326250, -64.973724
327000, -64.973720
327750, -64.973716
328500, -64.973712
329250, -64.973708
330000, -64.973705
330750, -64.973701
331500, -64.973698
332250, -64.973694
333000, -64.973691
333750, -64.973688
334500, -64.973685
335250, -64.973681
336000, -64.973678
336750, -64.973676
337500, -64.973673
338250, -64.973670
339000, -64.973667
339750, -64.973665
340500, -64.973662
341250, -64.973660
342000, -64.973657
342750, -64.973655
343500, -64.973653
344250, -64.973651
345000, -64.973649
345750, -64.973647
346500, -64.973645
347250, -64.973643
348000, -64.973641
348750, -64.973640
349500, -64.973638
350250, -64.973637
351000, -64.973635
351750, -64.973634
352500, -64.973633
353250, -64.973632
354000, -64.973631
354750, -64.973630
355500, -64.973629
356250, -64.973628
357000, -64.973627
357750, -64.973627
358500, -64.973626
359250, -64.973625
360000, -64.973625
360750, -64.973625
361500, -64.973624
362250, -64.973624
363000, -64.973624
363750, -64.973623
364500, -64.973623
365250, -64.973623
366000, -64.973623
366750, -64.973623
367500, -64.973623
368250, -64.973624
369000, -64.973624
369750, -64.973624
370500, -64.973624
371250, -64.973625
372000, -64.973625
372750, -64.973625
373500, -64.973626
374250, -64.973626
375000, -64.973627
375750, -64.973627
376500, -64.973628
377250, -64.973629
378000, -64.973629
378750, -64.973630
379500, -64.973631
380250, -64.973632
381000, -64.973632
381750, -64.973633
382500, -64.973634
383250, -64.973635
384000, -64.973636
384750, -64.973636
385500, -64.973637
386250, -64.973638
387000, -64.973639
387750, -64.973640
388500, -64.973641
389250, -64.973642
390000, -64.973643
390750, -64.973644
391500, -64.973645
392250, -64.973646
393000, -64.973647
393750, -64.973648
394500, -64.973649
395250, -64.973650
396000, -64.973651
396750, -64.973652
397500, -64.973653
398250, -64.973654
399000, -64.973655
399750, -64.973656
400500, -64.973657
401250, -64.973657
402000, -64.973658
402750, -64.973659
403500, -64.973660
404250, -64.973661
405000, -64.973662
405750, -64.973663
406500, -64.973664
407250, -64.973665
408000, -64.973666
408750, -64.973666
409500, -64.973667
410250, -64.973668
411000, -64.973669
411750, -64.973670
412500, -64.973670
413250, -64.973671
414000, -64.973672
414750, -64.973673
415500, -64.973673
416250, -64.973674
417000, -64.973675
417750, -64.973675
418500, -64.973676
419250, -64.973677
420000, -64.973677
420750, -64.973678
421500, -64.973678
422250, -64.973679
423000, -64.973679
423750, -64.973680
424500, -64.973681
425250, -64.973681
426000, -64.973681
426750, -64.973682
427500, -64.973682
428250, -64.973683
429000, -64.973683
429750, -64.973684
430500, -64.973684
431250, -64.973684
432000, -64.973685
432750, -64.973685
433500, -64.973685
434250, -64.973685
435000, -64.973686
435750, -64.973686
436500, -64.973686
437250, -64.973686
438000, -64.973687
438750, -64.973687
439500, -64.973687
440250, -64.973687
441000, -64.973687
441750, -64.973687
442500, -64.973687
443250, -64.973687
444000, -64.973688
444750, -64.973688
445500, -64.973688
446250, -64.973688
447000, -64.973688
447750, -64.973688
448500, -64.973688
449250, -64.973688
450000, -64.973688
450750, -64.973688
451500, -64.973688
452250, -64.973688
453000, -64.973688
453750, -64.973688
454500, -64.973687
455250, -64.973687
456000, -64.973687
456750, -64.973687
457500, -64.973687
458250, -64.973687
459000, -64.973687
459750, -64.973687
460500, -64.973687
461250, -64.973686
462000, -64.973686
462750, -64.973686
463500, -64.973686
464250, -64.973686
465000, -64.973686
465750, -64.973686
466500, -64.973685
467250, -64.973685
468000, -64.973685
468750, -64.973685
469500, -64.973685
470250, -64.973685
471000, -64.973684
471750, -64.973684
472500, -64.973684
473250, -64.973684
474000, -64.973684
474750, -64.973683
475500, -64.973683
476250, -64.973683
477000, -64.973683
477750, -64.973683
478500, -64.973682
479250, -64.973682
480000, -64.973682
480750, -64.973682
481500, -64.973682
482250, -64.973681
483000, -64.973681
483750, -64.973681
484500, -64.973681
485250, -64.973681
486000, -64.973681
486750, -64.973680
487500, -64.973680
488250, -64.973680
489000, -64.973680
489750, -64.973680
490500, -64.973680
491250, -64.973679
492000, -64.973679
492750, -64.973679
493500, -64.973679
494250, -64.973679
495000, -64.973679
495750, -64.973678
496500, -64.973678
497250, -64.973678
498000, -64.973678
498750, -64.973678
499500, -64.973678
500250, -64.973678
501000, -61.480635
501750, -58.134034
502500, -54.884998
503250, -51.662962
504000, -48.329719
504750, -44.647542
505500, -40.176294
506250, -34.120853
507000, -24.996065
507750, -10.294257
508500, 12.043800
509250, 34.944057
510000, 43.532410
510750, 42.759145
511500, 41.041381
512250, 38.778009
513000, 36.064136
513750, 32.984661
514500, 29.623075
515250, 26.050570
516000, 22.338536
516750, 18.541226
517500, 14.710660
518250, 10.881018
519000, 7.085351
519750, 3.340764
520500, -0.334479
521250, -3.935347
522000, -7.453149
522750, -10.891370
523500, -14.247293
524250, -17.530056
525000, -20.743206
525750, -23.901697
526500, -27.017805
527250, -30.118737
528000, -33.232729
528750, -36.405175
529500, -39.683499
530250, -43.130177
531000, -46.797968
531750, -50.723763
532500, -54.870288
533250, -59.083769
534000, -63.040892
534750, -66.341404
535500, -68.705455
536250, -70.151685
537000, -70.903725
537750, -71.224185
538500, -71.299267
539250, -71.246695
540000, -71.123849
540750, -70.966146
541500, -70.785496
542250, -70.593832
543000, -70.391288
543750, -70.183931
544500, -69.968965
545250, -69.750972
546000, -69.526396
546750, -69.299430
547500, -69.066327
548250, -68.831179
549000, -68.590184
549750, -68.347403
550500, -68.099039
551250, -67.849164
552000, -67.593979
552750, -67.337552
553500, -67.076106
554250, -66.813733
555000, -66.546655
555750, -66.278952
556500, -66.006875
557250, -65.734534
558000, -65.458149
558750, -65.181811
559500, -64.901790
560250, -64.622178
561000, -64.339200
561750, -64.056942
562500, -63.771682
563250, -63.487449
564000, -63.200462
564750, -62.914795
565500, -62.626677
566250, -62.340074
567000, -62.051187
567750, -61.764066
568500, -61.474802
569250, -61.187321
570000, -60.897796
570750, -60.610151
571500, -60.320375
572250, -60.032344
573000, -59.742192
573750, -59.453582
574500, -59.162447
575250, -58.872605
576000, -58.579949
576750, -58.287998
577500, -57.992609
578250, -57.697506
579000, -57.398137
579750, -57.097909
580500, -56.792576
581250, -56.485273
582000, -56.171283
582750, -55.853824
583500, -55.528049
584250, -55.196513
585000, -54.854202
585750, -54.503504
586500, -54.138491
587250, -53.761181
588000, -53.364991
588750, -52.950634
589500, -52.510941
590250, -52.044708
591000, -51.542991
591750, -51.002073
592500, -50.409940
593250, -49.758419
594000, -49.029269
594750, -48.207634
595500, -47.263642
596250, -46.166637
597000, -44.865704
597750, -43.299073
598500, -41.370159
599250, -38.952177
600000, -35.858368
600750, -31.844653
601500, -26.604525
602250, -19.867814
603000, -11.634417
603750, -2.642373
604500, 5.422705
605250, 10.758779
606000, 12.836446
606750, 12.386276
607500, 10.390999
608250, 7.528339
609000, 4.198775
609750, 0.629453
610500, -3.035828
611250, -6.714058
612000, -10.348848
612750, -13.913133
613500, -17.386995
614250, -20.769942
615000, -24.061386
615750, -27.276584
616500, -30.432183
617250, -33.560136
618000, -36.693285
618750, -39.879452
619500, -43.162285
620250, -46.588053
621000, -50.173323
621750, -53.893573
622500, -57.633074
623250, -61.181230
624000, -64.259705
624750, -66.649181
625500, -68.285984
626250, -69.278735
627000, -69.801220
627750, -70.022456
628500, -70.058028
629250, -69.987380
630000, -69.851427
630750, -69.679563
631500, -69.482435
632250, -69.272040
633000, -69.049250
633750, -68.820603
634500, -68.583913
635250, -68.343998
636000, -68.097709
636750, -67.849314
637500, -67.595341
638250, -67.339858
639000, -67.079299
639750, -66.817683
640500, -66.551398
641250, -66.284428
642000, -66.013171
642750, -65.741624
643500, -65.466154
644250, -65.190740
645000, -64.911786
645750, -64.633273
646500, -64.351565
647250, -64.070636
648000, -63.786895
648750, -63.504271
649500, -63.219120
650250, -62.935404
651000, -62.649498
651750, -62.365266
652500, -62.079048
653250, -61.794779
654000, -61.508725
654750, -61.224708
655500, -60.939040
656250, -60.655576
657000, -60.370459
657750, -60.087464
658500, -59.802868
659250, -59.520322
660000, -59.235915
660750, -58.953362
661500, -58.668832
662250, -58.385761
663000, -58.100172
663750, -57.815711
664500, -57.528239
665250, -57.241086
666000, -56.950185
666750, -56.658987
667500, -56.362978
668250, -56.065352
669000, -55.761905
669750, -55.455428
670500, -55.141201
671250, -54.822181
672000, -54.493376
672750, -54.157003
673500, -53.807952
674250, -53.448042
675000, -53.071129
675750, -52.678722
676500, -52.263540
677250, -51.825588
678000, -51.356572
678750, -50.854254
679500, -50.308008
680250, -49.712281
681000, -49.051889
681750, -48.316188
682500, -47.481563
683250, -46.526160
684000, -45.412058
684750, -44.096584
685500, -42.512710
686250, -40.575698
687000, -38.160442
687750, -35.106012
688500, -31.196079
689250, -26.193605
690000, -19.910555
690750, -12.432887
691500, -4.429679
692250, 2.726949
693000, 7.605244
693750, 9.670373
694500, 9.398707
695250, 7.580275
696000, 4.853620
696750, 1.620006
697500, -1.871492
698250, -5.474316
699000, -9.092543
699750, -12.673461
700500, -16.181500
701250, -19.604068
702000, -22.933633
702750, -26.178934
703500, -29.351523
704250, -32.478765
705000, -35.589107
705750, -38.726189
706500, -41.931090
707250, -45.250804
708000, -48.710621
708750, -52.307808
709500, -55.966964
710250, -59.530727
711000, -62.753356
711750, -65.397715
712500, -67.330356
713250, -68.588158
714000, -69.310598
714750, -69.666878
715500, -69.787846
716250, -69.769042
717000, -69.663847
717750, -69.509753
718500, -69.322664
719250, -69.117566
720000, -68.897321
720750, -68.669459
721500, -68.432595
722250, -68.191837
723000, -67.944418
723750, -67.694636
724500, -67.439243
725250, -67.182256
726000, -66.920277
726750, -66.657229
727500, -66.389639
728250, -66.121395
729000, -65.849030
729750, -65.576408
730500, -65.300037
731250, -65.023787
732000, -64.744195
732750, -64.465087
733500, -64.182971
734250, -63.901713
735000, -63.617822
735750, -63.335099
736500, -63.050045
737250, -62.766510
738000, -62.480929
738750, -62.197073
739500, -61.911427
740250, -61.627768
741000, -61.342460
741750, -61.059238
742500, -60.774561
743250, -60.492043
744000, -60.208005
744750, -59.926138
745500, -59.642790
746250, -59.361440
747000, -59.078357
747750, -58.797176
748500, -58.514010
749250, -58.232258
750000, -57.948126
750750, -57.665102
751500, -57.379052
752250, -57.093282
753000, -56.803916
753750, -56.514030
754500, -56.219362
755250, -55.923078
756000, -55.620980
756750, -55.315679
757500, -55.002709
758250, -54.685009
759000, -54.357371
759750, -54.022070
760500, -53.674263
761250, -53.315286
762000, -52.939338
762750, -52.547751
763500, -52.133277
764250, -51.696052
765000, -51.227531
765750, -50.725689
766500, -50.179681
767250, -49.584250
768000, -48.924041
768750, -48.188430
769500, -47.354253
770250, -46.399546
771000, -45.286787
771750, -43.973811
772500, -42.394717
773250, -40.466142
774000, -38.065984
774750, -35.038248
775500, -31.174787
776250, -26.250444
777000, -20.090828
777750, -12.784969
778500, -4.972246
779250, 2.044927
780000, 6.888881
780750, 9.005095
781500, 8.810241
782250, 7.057320
783000, 4.377676
783750, 1.176613
784500, -2.291514
785250, -5.876725
786000, -9.480551
786750, -13.049423
787500, -16.546172
788250, -19.958654
789000, -23.278279
789750, -26.515235
790500, -29.680786
791250, -32.802349
792000, -35.909082
792750, -39.044915
793500, -42.251018
794250, -45.573037
795000, -49.033503
795750, -52.625202
796500, -56.265127
797250, -59.789278
798000, -62.953095
798750, -65.527991
799500, -67.394931
800250, -68.601791
801000, -69.290376
801750, -69.626201
802500, -69.735499
803250, -69.710010
804000, -69.600921
804750, -69.444295
805500, -69.255460
806250, -69.048926
807000, -68.827496
807750, -68.598492
808500, -68.360609
809250, -68.118821
810000, -67.870473
810750, -67.619740
811500, -67.363495
812250, -67.105642
813000, -66.842905
813750, -66.579081
814500, -66.310825
815250, -66.041910
816000, -65.768991
816750, -65.495804
817500, -65.218984
818250, -64.942285
819000, -64.662354
819750, -64.382902
820500, -64.100562
821250, -63.819083
822000, -63.535073
822750, -63.252224
823500, -62.967163
824250, -62.683613
825000, -62.398109
825750, -62.114319
826500, -61.828855
827250, -61.545330
828000, -61.260244
828750, -60.977229
829500, -60.692852
830250, -60.410571
831000, -60.126848
831750, -59.845270
832500, -59.562231
833250, -59.281121
834000, -58.998351
834750, -58.717452
835500, -58.434558
836250, -58.152989
837000, -57.869095
837750, -57.586134
838500, -57.300141
839250, -57.014337
840000, -56.724991
840750, -56.434911
841500, -56.140010
842250, -55.843377
843000, -55.540759
843750, -55.234719
844500, -54.920958
845250, -54.602101
846000, -54.273119
846750, -53.936225
847500, -53.586511
848250, -53.225175
849000, -52.846593
849750, -52.451644
850500, -52.033274
851250, -51.591541
852000, -51.117541
852750, -50.609184
853500, -50.055153
854250, -49.450091
855000, -48.777952
855750, -48.027102
856500, -47.174311
857250, -46.196056
858000, -45.053206
858750, -43.701321
859500, -42.070443
860250, -40.073638
861000, -37.583008
861750, -34.435506
862500, -30.418507
863250, -25.310815
864000, -18.966209
864750, -11.545871
865500, -3.800728
866250, 2.905965
867000, 7.291509
867750, 8.980055
868500, 8.484143
869250, 6.549201
870000, 3.767400
870750, 0.513224
871500, -2.978472
872250, -6.568641
873000, -10.166622
873750, -13.722659
874500, -17.203499
875250, -20.598289
876000, -23.901359
876750, -27.123084
877500, -30.277020
878250, -33.392598
879000, -36.500514
879750, -39.645499
880500, -42.868688
881250, -46.213791
882000, -49.698340
882750, -53.304114
883500, -56.933690
884250, -60.406887
885000, -63.472371
885750, -65.916825
886500, -67.652354
887250, -68.750823
888000, -69.362524
888750, -69.648712
889500, -69.727720
890250, -69.684067
891000, -69.564131
891750, -69.400811
892500, -69.207760
893250, -68.998348
894000, -68.774913
894750, -68.544328
895500, -68.305221
896250, -68.062341
897000, -67.813090
897750, -67.561485
898500, -67.304497
899250, -67.045904
900000, -66.782540
900750, -66.518075
901500, -66.249284
902250, -65.979821
903000, -65.706458
903750, -65.432810
904500, -65.155631
905250, -64.878563
906000, -64.598356
906750, -64.318612
907500, -64.036084
908250, -63.754409
909000, -63.470289
909750, -63.187310
910500, -62.902219
911250, -62.618600
912000, -62.333115
912750, -62.049322
913500, -61.763953
914250, -61.480470
915000, -61.195502
915750, -60.912574
916500, -60.628324
917250, -60.346115
918000, -60.062535
918750, -59.781065
919500, -59.498151
920250, -59.217094
921000, -58.934432
921750, -58.653511
922500, -58.370610
923250, -58.088954
924000, -57.805024
924750, -57.521864
925500, -57.235659
926250, -56.949540
927000, -56.659806
927750, -56.369157
928500, -56.073652
929250, -55.776290
930000, -55.472777
930750, -55.165610
931500, -54.850637
932250, -54.530180
933000, -54.199381
933750, -53.860372
934500, -53.508115
935250, -53.143747
936000, -52.761788
936750, -52.362661
937500, -51.939468
938250, -51.491894
939000, -51.010975
939750, -50.494484
940500, -49.930546
941250, -49.313260
942000, -48.626191
942750, -47.856477
943500, -46.979801
944250, -45.971593
945000, -44.790510
945750, -43.388149
946500, -41.690589
947250, -39.604573
948000, -36.994532
948750, -33.688633
949500, -29.467695
950250, -24.116471
951000, -17.528198
951750, -9.964755
952500, -2.315671
953250, 3.994395
954000, 7.821705
954750, 9.005906
955500, 8.159664
956250, 6.012821
957000, 3.111314
957750, -0.206001
958500, -3.726206
959250, -7.323624
960000, -10.915595
960750, -14.457800
961500, -17.921081
962250, -21.296634
963000, -24.581430
963750, -27.788031
964500, -30.931287
965250, -34.042016
966000, -37.153063
966750, -40.310508
967500, -43.555437
968250, -46.928685
969000, -50.441644
969750, -54.062661
970500, -57.677166
971250, -61.085757
972000, -64.036082
972750, -66.334707
973500, -67.927051
974250, -68.910684
975000, -69.442210
975750, -69.677016
976500, -69.724709
977250, -69.662239
978000, -69.531029
978750, -69.360738
979500, -69.163294
980250, -68.950899
981000, -68.725398
981750, -68.493209
982500, -68.252874
983250, -68.008916
984000, -67.758781
984750, -67.506333
985500, -67.248633
986250, -66.989333
987000, -66.725373
987750, -66.460301
988500, -66.191004
989250, -65.921026
990000, -65.647242
990750, -65.373157
991500, -65.095641
992250, -64.818227
993000, -64.537764
993750, -64.257746
994500, -63.975044
995250, -63.693177
996000, -63.408951
996750, -63.125846
997500, -62.840727
998250, -62.557040
999000, -62.271568
999750, -61.987767
1000500, -61.702476
1001250, -61.419018
1002000, -61.134148
1002750, -60.851288
1003500, -60.567142
1004250, -60.284980
1005000, -60.001513
1005750, -59.720121
1006500, -59.437298
1007250, -59.156256
1008000, -58.873661
1008750, -58.592677
1009500, -58.309723
1010250, -58.027931
1011000, -57.743910
1011750, -57.460497
1012500, -57.174019
1013250, -56.887522
1014000, -56.597305
1014750, -56.305998
1015500, -56.009799
1016250, -55.711618
1017000, -55.407116
1017750, -55.098724
1018500, -54.782434
1019250, -54.460267
1020000, -54.127526
1020750, -53.786268
1021500, -53.431316
1022250, -53.063748
1023000, -52.678218
1023750, -52.274695
1024500, -51.846424
1025250, -51.392559
1026000, -50.904252
1026750, -50.378656
1027500, -49.803863
1028250, -49.173045
1029000, -48.469666
1029750, -47.679504
1030500, -46.776856
1031250, -45.735137
1032000, -44.510613
1032750, -43.051463
1033500, -41.279546
1034250, -39.094087
1035000, -36.351079
1035750, -32.868763
1036500, -28.422365
1037250, -22.807731
1038000, -15.970803
1038750, -8.289643
1039500, -0.802111
1040250, 5.043396
1041000, 8.281848
1041750, 8.966419
1042500, 7.784844
1043250, 5.438129
1044000, 2.424569
1044750, -0.950770
1045500, -4.495746
1046250, -8.097655
1047000, -11.681586
1047750, -15.208954
1048500, -18.653543
1049250, -22.009873
1050000, -25.275923
1050750, -28.467247
1051500, -31.600838
1052250, -34.709164
1053000, -37.826468
1053750, -40.999393
1054500, -44.268817
1055250, -47.672293
1056000, -51.212908
1056750, -54.845361
1057500, -58.434801
1058250, -61.765997
1059000, -64.588143
1059750, -66.733641
1060500, -68.183453
1061250, -69.056407
1062000, -69.512402
1062750, -69.699443
1063500, -69.718196
1064250, -69.638350
1065000, -69.496700
1065750, -69.319916
1066500, -69.118351
1067250, -68.903131
1068000, -68.675655
1068750, -68.441919
1069500, -68.200389
1070250, -67.955378
1071000, -67.704373
1071750, -67.451094
1072500, -67.192692
1073250, -66.932698
1074000, -66.668145
1074750, -66.402476
1075500, -66.132681
1076250, -65.862198
1077000, -65.588000
1077750, -65.313490
1078500, -65.035646
1079250, -64.757897
1080000, -64.477185
1080750, -64.196904
1081500, -63.914034
1082250, -63.631974
1083000, -63.347641
1083750, -63.064416
1084500, -62.779272
1085250, -62.495524
1086000, -62.210071
1086750, -61.926267
1087500, -61.641029
1088250, -61.357585
1089000, -61.072805
1089750, -60.790010
1090500, -60.505967
1091250, -60.223854
1092000, -59.940501
1092750, -59.659127
1093500, -59.376355
1094250, -59.095304
1095000, -58.812757
1095750, -58.531699
1096500, -58.248680
1097250, -57.966746
1098000, -57.682570
1098750, -57.398857
1099500, -57.112069
1100250, -56.825165
1101000, -56.534434
1101750, -56.242440
1102500, -55.945517
1103250, -55.646354
1104000, -55.340731
1104750, -55.031007
1105500, -54.713302
1106250, -54.389332
1107000, -54.054552
1107750, -53.710945
1108500, -53.353182
1109250, -52.982284
1110000, -52.592964
1110750, -52.184814
1111500, -51.751214
1112250, -51.290765
1113000, -50.794727
1113750, -50.259547
1114500, -49.673349
1115250, -49.028330
1116000, -48.307835
1116750, -47.496215
1117500, -46.566292
1118250, -45.489364
1119000, -44.219176
1119750, -42.700334
1120500, -40.848844
1121250, -38.557170
1122000, -35.671899
1122750, -32.002008
1123500, -27.318935
1124250, -21.436090
1125000, -14.365348
1125750, -6.616093
1126500, 0.639585
1127250, 5.972384
1128000, 8.625413
1128750, 8.843178
1129500, 7.358455
1130250, 4.833898
1131000, 1.722083
1131750, -1.702892
1132500, -5.267808
1133250, -8.870965
1134000, -12.445149
1134750, -15.956484
1135500, -19.381847
1136250, -22.718741
1137000, -25.967547
1137750, -29.144302
1138500, -32.268957
1139250, -35.375974
1140000, -38.501167
1140750, -41.691674
1141500, -44.987336
1142250, -48.421776
1143000, -51.988326
1143750, -55.626731
1144500, -59.180953
1145250, -62.423409
1146000, -65.109428
1146750, -67.101743
1147500, -68.414603
1148250, -69.184325
1149000, -69.571194
1149750, -69.715009
1150500, -69.707697
1151250, -69.612196
1152000, -69.461109
1152750, -69.278414
1153500, -69.073065
1154250, -68.855221
1155000, -68.625890
1155750, -68.390683
1156500, -68.148008
1157250, -67.901978
1158000, -67.650127
1158750, -67.396039
1159500, -67.136951
1160250, -66.876278
1161000, -66.611146
1161750, -66.344893
1162500, -66.074612
1163250, -65.803637
1164000, -65.529037
1164750, -65.254114
1165500, -64.975953
1166250, -64.697875
1167000, -64.416922
1167750, -64.136388
1168500, -63.853361
1169250, -63.571118
1170000, -63.286688
1170750, -63.003352
1171500, -62.718193
1172250, -62.434393
1173000, -62.148965
1173750, -61.865168
1174500, -61.579988
1175250, -61.296565
1176000, -61.011880
1176750, -60.729157
1177500, -60.445220
1178250, -60.163159
1179000, -59.879920
1179750, -59.598566
1180500, -59.315843
1181250, -59.034782
1182000, -58.752283
1182750, -58.471150
1183500, -58.188063
1184250, -57.905984
1185000, -57.621605
1185750, -57.337557
1186500, -57.050433
1187250, -56.763106
1188000, -56.471847
1188750, -56.179156
1189500, -55.881497
1190250, -55.581316
1191000, -55.274542
1191750, -54.963461
1192500, -54.644214
1193250, -54.318341
1194000, -53.981444
1194750, -53.635362
1195500, -53.274678
1196250, -52.900353
1197000, -52.506893
1197750, -52.093826
1198500, -51.654636
1199250, -51.187343
1200000, -50.683299
1200750, -50.138218
1201500, -49.540245
1202250, -48.880571
1203000, -48.141754
1203750, -47.307461
1204500, -46.348891
1205250, -45.235097
1206000, -43.917154
1206750, -42.335542
1207500, -40.400343
1208250, -37.996179
1209000, -34.960885
1209750, -31.094265
1210500, -26.167374
1211250, -20.018132
1212000, -12.736645
1212750, -4.974235
1213500, 1.981940
1214250, 6.768660
1215000, 8.852392
1215750, 8.640934
1216500, 6.885237
1217250, 4.204003
1218000, 1.006697
1218750, -2.459960
1219500, -6.039939
1220250, -9.641376
1221000, -13.204366
1221750, -16.698706
1222500, -20.105218
1223250, -23.422584
1224000, -26.654369
1224750, -29.818557
1225500, -32.936261
1226250, -36.043606
1227000, -39.178269
1227750, -42.388023
1228500, -45.711184
1229250, -49.175874
1230000, -52.765612
1230750, -56.401765
1231500, -59.909979
1232250, -63.052299
1233000, -65.596506
1233750, -67.436752
1234500, -68.619293
1235250, -69.293921
1236000, -69.618328
1236750, -69.723474
1237500, -69.692935
1238250, -69.583470
1239000, -69.423929
1239750, -69.235896
1240500, -69.027095
1241250, -68.806825
1242000, -68.575757
1242750, -68.339153
1243500, -68.095380
1244250, -67.848364
1245000, -67.595688
1245750, -67.340809
1246500, -67.081047
1247250, -66.819708
1248000, -66.554008
1248750, -66.287181
1249500, -66.016423
1250250, -65.744968
1251000, -65.469974
1251750, -65.194648
1252500, -64.916179
1253250, -64.637775
1254000, -64.356584
1254750, -64.075805
1255500, -63.792630
1256250, -63.510213
1257000, -63.225695
1257750, -62.942260
1258500, -62.657069
1259250, -62.373213
1260000, -62.087812
1260750, -61.804028
1261500, -61.518914
1262250, -61.235521
1263000, -60.950940
1263750, -60.668262
1264500, -60.384416
1265250, -60.102404
1266000, -59.819281
1266750, -59.537950
1267500, -59.255282
1268250, -58.974220
1269000, -58.691743
1269750, -58.410520
1270500, -58.127357
1271250, -57.845133
1272000, -57.560547
1272750, -57.276167
1273500, -56.988708
1274250, -56.700939
1275000, -56.409136
1275750, -56.115737
1276500, -55.817334
1277250, -55.516125
1278000, -55.208187
1278750, -54.895740
1279500, -54.574840
1280250, -54.246980
1281000, -53.907893
1281750, -53.559079
1282500, -53.195269
1283250, -52.817345
1284000, -52.419579
1284750, -52.001430
1285500, -51.556478
1286250, -51.082142
1287000, -50.569863
1287750, -50.014600
1288500, -49.404515
1289250, -48.729761
1290000, -47.971914
1290750, -47.113989
1291500, -46.125663
1292250, -44.973641
1293000, -43.606088
1293750, -41.958169
1294500, -39.935040
1295250, -37.413116
1296000, -34.220483
1296750, -30.149280
1297500, -24.973486
1298250, -18.564013
1299000, -11.104881
1299750, -3.390312
1300500, 3.203568
1301250, 7.426098
1302000, 8.969990
1302750, 8.371028
1303500, 6.376656
1304250, 3.559039
1305000, 0.288619
1305750, -3.212435
1306500, -6.802736
1307250, -10.400025
1308000, -13.950185
1308750, -17.426795
1309500, -20.814185
1310250, -24.112951
1311000, -27.328168
1311750, -30.480452
1312500, -33.592923
1313250, -36.703195
1314000, -39.849977
1314750, -43.080883
1315500, -46.432541
1316250, -49.926751
1317000, -53.535840
1317750, -57.162308
1318500, -60.614329
1319250, -63.646286
1320000, -66.044316
1320750, -67.737211
1321500, -68.798320
1322250, -69.386540
1323000, -69.655056
1323750, -69.725859
1324500, -69.674741
1325250, -69.552876
1326000, -69.385792
1326750, -69.192952
1327500, -68.981012
1328250, -68.758504
1329000, -68.525816
1329750, -68.287892
1330500, -68.043071
1331250, -67.795107
1332000, -67.541635
1332750, -67.285989
1333500, -67.025572
1334250, -66.763586
1335000, -66.497333
1335750, -66.229948
1336500, -65.958728
1337250, -65.686800
1338000, -65.411423
1338750, -65.135706
1339500, -64.856941
1340250, -64.578225
1341000, -64.296809
1341750, -64.015799
1342500, -63.732485
1343250, -63.449907
1344000, -63.165311
1344750, -62.881788
1345500, -62.596573
1346250, -62.312669
1347000, -62.027302
1347750, -61.743539
1348500, -61.458497
1349250, -61.175140
1350000, -60.890668
1350750, -60.608031
1351500, -60.324273
1352250, -60.042309
1353000, -59.759303
1353750, -59.477999
1354500, -59.195385
1355250, -58.914325
1356000, -58.631826
1356750, -58.350487
1357500, -58.067230
1358250, -57.784850
1359000, -57.500053
1359750, -57.215338
1360500, -56.927543
1361250, -56.639230
1362000, -56.346814
1362750, -56.052662
1363500, -55.753483
1364250, -55.451227
1365000, -55.142112
1365750, -54.828290
1366500, -54.505729
1367250, -54.175876
1368000, -53.834591
1368750, -53.483036
1369500, -53.116084
1370250, -52.734545
1371000, -52.332449
1371750, -51.909189
1372500, -51.458035
1373250, -50.976303
1374000, -50.455365
1374750, -49.889527
1375500, -49.266359
1376250, -48.575630
1377000, -47.797814
1377750, -46.914381
1378500, -45.893892
1379250, -44.700466
1380000, -43.278388
1380750, -41.558611
1381500, -39.439262
1382250, -36.788292
1383000, -33.424491
1383750, -29.132964
1384500, -23.694850
1385250, -17.026478
1386000, -9.418568
1386750, -1.817622
1387500, 4.347352
1388250, 7.980412
1389000, 8.999898
1389750, 8.039280
1390500, 5.826472
1391250, 2.885362
1392000, -0.450185
1392750, -3.980632
1393500, -7.578060
1394250, -11.169197
1395000, -14.705127
1395750, -18.163818
1396500, -21.531522
1397250, -24.811887
1398000, -28.011610
1398750, -31.152536
1399500, -34.260667
1400250, -37.375282
1401000, -40.536194
1401750, -43.790551
1402500, -47.172170
1403250, -50.695810
1404000, -54.319581
1404750, -57.927802
1405500, -61.311054
1406250, -64.221447
1407000, -66.468114
1407750, -68.014513
1408500, -68.959472
1409250, -69.467023
1410000, -69.684091
1410750, -69.723487
1411500, -69.653577
1412250, -69.520357
1413000, -69.346330
1413750, -69.149027
1414500, -68.934144
1415250, -68.709511
1416000, -68.475268
1416750, -68.236064
1417500, -67.990219
1418250, -67.741325
1419000, -67.487066
1419750, -67.230661
1420500, -66.969597
1421250, -66.706968
1422000, -66.440165
1422750, -66.172230
1423500, -65.900553
1424250, -65.628157
1425000, -65.352401
1425750, -65.076302
1426500, -64.797247
1427250, -64.518227
1428000, -64.236594
1428750, -63.955361
1429500, -63.671903
1430250, -63.389166
1431000, -63.104495
1431750, -62.820892
1432500, -62.535659
1433250, -62.251717
1434000, -61.966391
1434750, -61.682641
1435500, -61.397666
1436250, -61.114348
1437000, -60.829988
1437750, -60.547398
1438500, -60.263732
1439250, -59.981825
1440000, -59.698921
1440750, -59.417637
1441500, -59.135075
1442250, -58.854016
1443000, -58.571491
1443750, -58.290035
1444500, -58.006680
1445250, -57.724145
1446000, -57.439129
1446750, -57.154075
1447500, -56.865934
1448250, -56.577067
1449000, -56.284021
1449750, -55.989099
1450500, -55.689098
1451250, -55.385753
1452000, -55.075417
1452750, -54.760179
1453500, -54.435909
1454250, -54.104010
1455000, -53.760468
1455750, -53.406101
1456500, -53.035926
1457250, -52.650680
1458000, -52.244139
1458750, -51.815636
1459500, -51.358104
1460250, -50.868770
1461000, -50.338519
1461750, -49.761490
1462500, -49.124503
1463250, -48.417012
1464000, -47.618301
1464750, -46.708209
1465500, -45.653433
1466250, -44.415435
1467000, -42.935198
1467750, -41.138852
1468500, -38.917367
1469250, -36.129644
1470000, -32.584713
1470750, -28.062609
1471500, -22.357352
1472250, -15.442367
1473000, -7.732359
1473750, -0.316005
1474500, 5.365114
1475250, 8.406338
1476000, 8.933693
1476750, 7.646666
1477500, 5.240210
1478250, 2.191245
1479000, -1.199812
1479750, -4.753449
1480500, -8.354516
1481250, -11.937040
1482000, -15.457381
1482750, -18.897316
1483500, -22.245372
1484250, -25.507370
1485000, -28.692553
1485750, -31.824534
1486500, -34.930504
1487250, -38.051340
1488000, -41.228152
1488750, -44.507542
1489500, -47.919604
1490250, -51.470938
1491000, -55.104186
1491750, -58.684724
1492500, -61.986271
1493250, -64.766005
1494000, -66.859148
1494750, -68.264200
1495500, -69.100373
1496250, -69.534056
1497000, -69.704673
1497750, -69.715891
1498500, -69.629142
1499250, -69.485715
1500000, -69.305408
1500750, -69.104027
1501500, -68.886424
1502250, -68.659800
1503000, -68.424080
1503750, -68.183646
1504500, -67.936808
1505250, -67.687000
1506000, -67.431967
1506750, -67.174816
1507500, -66.913112
1508250, -66.649846
1509000, -66.382499
1509750, -66.114021
1510500, -65.841893
1511250, -65.569039
1512000, -65.292911
1512750, -65.016439
1513500, -64.737102
1514250, -64.457787
1515000, -64.175944
1515750, -63.894498
1516500, -63.610899
1517250, -63.328009
1518000, -63.043270
1518750, -62.759596
1519500, -62.474354
1520250, -62.190383
1521000, -61.905107
1521750, -61.621361
1522500, -61.336451
1523250, -61.053175
1524000, -60.768932
1524750, -60.486396
1525500, -60.202828
1526250, -59.920985
1527000, -59.638147
1527750, -59.356863
1528500, -59.074339
1529250, -58.793279
1530000, -58.510728
1530750, -58.229155
1531500, -57.945706
1532250, -57.662932
1533000, -57.377641
1533750, -57.092210
1534500, -56.803701
1535250, -56.514262
1536000, -56.220573
1536750, -55.924872
1537500, -55.623908
1538250, -55.319370
1539000, -55.007733
1539750, -54.691018
1540500, -54.364981
1541250, -54.030983
1542000, -53.685130
1542750, -53.327888
1543500, -52.954416
1544250, -52.565206
1545000, -52.153986
1545750, -51.720015
1546500, -51.255860
1547250, -50.758655
1548000, -50.218767
1548750, -49.630163
1549500, -48.978877
1550250, -48.253933
1551000, -47.433501
1551750, -46.495714
1552500, -45.405318
1553250, -44.121015
1554000, -42.580380
1554750, -40.703155
1555500, -38.373439
1556250, -35.440770
1557000, -31.705268
1557750, -26.943990
1558500, -20.970798
1559250, -13.827844
1560000, -6.065472
1560750, 1.097487
1561500, 6.253829
1562250, 8.713651
1563000, 8.785770
1563750, 7.205906
1564500, 4.628387
1565250, 1.485208
1566000, -1.953123
1566750, -5.524858
1567500, -9.126438
1568250, -12.698499
1569000, -16.202815
1569750, -19.623529
1570500, -22.952566
1571250, -26.196642
1572000, -29.367771
1572750, -32.491694
1573500, -35.597451
1574250, -38.727175
1575000, -41.922438
1575750, -45.228589
1576500, -48.671511
1577250, -52.247523
1578000, -55.884070
1578750, -59.426065
1579500, -62.634717
1580250, -65.275498
1581000, -67.215540
1581750, -68.485790
1582500, -69.221680
1583250, -69.588608
1584000, -69.717716
1584750, -69.703867
1585500, -69.602136
1586250, -69.449590
1587000, -69.263634
1587750, -69.058546
1588500, -68.838442
1589250, -68.609960
1590000, -68.372846
1590750, -68.131238
1591500, -67.883442
1592250, -67.632749
1593000, -67.376962
1593750, -67.119082
1594500, -66.856753
1595250, -66.592864
1596000, -66.324986
1596750, -66.055978
1597500, -65.783411
1598250, -65.510110
1599000, -65.233620
1599750, -64.956786
1600500, -64.677169
1601250, -64.397565
1602000, -64.115519
1602750, -63.833871
1603500, -63.550140
1604250, -63.267108
1605000, -62.982311
1605750, -62.698568
1606500, -62.413322
1607250, -62.129329
1608000, -61.844109
1608750, -61.560376
1609500, -61.275536
1610250, -60.992310
1611000, -60.708183
1611750, -60.425703
1612500, -60.142236
1613250, -59.860460
1614000, -59.577690
1614750, -59.296407
1615500, -59.013923
1616250, -58.732863
1617000, -58.450284
1617750, -58.168596
1618500, -57.885050
1619250, -57.602022
1620000, -57.316443
1620750, -57.030626
1621500, -56.741738
1622250, -56.451720
1623000, -56.157377
1623750, -55.860889
1624500, -55.558948
1625250, -55.253204
1626000, -54.940252
1626750, -54.621870
1627500, -54.293921
1628250, -53.957710
1629000, -53.609305
1629750, -53.248997
1630500, -52.872061
1631250, -52.478585
1632000, -52.062417
1632750, -51.622728
1633500, -51.151684
1634250, -50.646319
1635000, -50.096449
1635750, -49.495870
1636500, -48.829783
1637250, -48.086068
1638000, -47.242582
1638750, -46.275600
1639500, -45.147763
1640250, -43.814872
1641000, -42.209964
1641750, -40.247177
1642500, -37.802777
1643250, -34.716937
1644000, -30.781243
1644750, -25.772954
1645500, -19.534434
1646250, -12.191674
1647000, -4.436833
1647750, 2.403217
1648500, 7.004145
1649250, 8.903339
1650000, 8.559679
1650750, 6.719623
1651500, 3.992157
1652250, 0.767892
1653000, -2.709723
1653750, -6.295022
1654500, -9.894106
1655250, -13.454155
1656000, -16.941448
1656750, -20.342654
1657500, -23.652623
1658250, -26.880314
1659000, -30.038698
1659750, -33.155473
1660500, -36.262173
1661250, -39.402236
1662000, -42.617565
1662750, -45.951536
1663500, -49.425116
1664250, -53.022882
1665000, -56.655959
1665750, -60.148205
1666500, -63.253485
1667250, -65.750552
1668000, -67.539793
1668750, -68.682359
1669500, -69.325927
1670250, -69.632446
1671000, -69.724324
1671750, -69.688057
1672500, -69.572913
1673250, -69.412160
1674000, -69.221083
1674750, -69.012597
1675500, -68.790174
1676250, -68.559946
1677000, -68.321507
1677750, -68.078770
1678500, -67.830049
1679250, -67.578494
1680000, -67.321971
1680750, -67.063378
1681500, -66.800436
1682250, -66.535938
1683000, -66.267539
1683750, -65.998013
1684500, -65.725016
1685250, -65.451280
1686000, -65.174438
1686750, -64.897254
1687500, -64.617362
1688250, -64.337479
1689000, -64.055239
1689750, -63.773399
1690500, -63.489545
1691250, -63.206382
1692000, -62.921535
1692750, -62.637716
1693500, -62.352462
1694250, -62.068451
1695000, -61.783293
1695750, -61.499581
1696500, -61.214820
1697250, -60.931653
1698000, -60.647609
1698750, -60.365169
1699500, -60.081795
1700250, -59.800087
1701000, -59.517387
1701750, -59.236113
1702500, -58.953675
1703250, -58.672565
1704000, -58.389929
1704750, -58.108109
1705500, -57.824458
1706250, -57.541176
1707000, -57.255311
1707750, -56.969113
1708500, -56.679790
1709250, -56.389157
1710000, -56.094136
1710750, -55.796847
1711500, -55.493919
1712250, -55.186962
1713000, -54.872688
1713750, -54.552608
1714500, -54.222719
1715250, -53.884273
1716000, -53.533182
1716750, -53.169700
1717500, -52.789210
1718250, -52.391378
1719000, -51.970170
1719750, -51.524537
1720500, -51.046391
1721250, -50.532653
1722000, -49.972557
1722750, -49.359590
1723500, -48.678255
1724250, -47.915234
1725000, -47.047581
1725750, -46.050227
1726500, -44.883579
1727250, -43.499789
1728000, -41.827226
1728750, -39.774233
1729500, -37.209023
1730250, -33.962125
1731000, -29.817605
1731750, -24.556991
1732500, -18.060038
1733250, -10.548424
1734000, -2.862926
1734750, 3.594262
1735500, 7.623878
1736250, 8.989420
1737000, 8.268238
1737750, 6.197412
1738500, 3.338583
1739250, 0.044185
1740000, -3.465758
1740750, -7.060324
1741500, -10.654329
1742250, -14.201306
1743000, -17.670831
1743750, -21.053092
1744500, -24.344042
1745250, -27.555647
1746000, -30.702978
1746750, -33.815216
1747500, -36.925191
1748250, -40.077527
1749000, -43.314541
1749750, -46.677263
1750500, -50.179994
1751250, -53.795698
1752000, -57.416076
1752750, -60.847591
1753500, -63.839273
1754250, -66.189077
1755000, -67.831610
1755750, -68.854742
1756500, -69.414089
1757250, -69.666318
1758000, -69.724988
1758750, -69.668759
1759500, -69.541650
1760250, -69.373533
1761000, -69.177823
1761750, -68.966227
1762500, -68.741655
1763250, -68.509786
1764000, -68.270088
1764750, -68.026268
1765500, -67.776650
1766250, -67.524258
1767000, -67.267016
1767750, -67.007727
1768500, -66.744185
1769250, -66.479091
1770000, -66.210182
1770750, -65.940150
1771500, -65.666726
1772250, -65.392562
1773000, -65.115378
1773750, -64.837855
1774500, -64.557697
1775250, -64.277547
1776000, -63.995124
1776750, -63.713102
1777500, -63.429135
1778250, -63.145852
1779000, -62.860964
1779750, -62.577079
1780500, -62.291825
1781250, -62.007806
1782000, -61.722717
1782750, -61.439034
1783500, -61.154357
1784250, -60.871256
1785000, -60.587300
1785750, -60.304905
1786500, -60.021626
1787250, -59.739990
1788000, -59.457363
1788750, -59.176100
1789500, -58.893709
1790250, -58.612532
1791000, -58.329823
1791750, -58.047863
1792500, -57.764102
1793250, -57.480561
1794000, -57.194404
1794750, -56.907823
1795500, -56.617998
1796250, -56.326702
1797000, -56.030968
1797750, -55.732854
1798500, -55.428918
1799250, -55.120731
1800000, -54.805119
1800750, -54.483323
1801500, -54.151472
1802250, -53.810770
1803000, -53.456965
1803750, -53.090277
1804500, -52.706195
1805250, -52.303960
1806000, -51.877653
1806750, -51.425725
1807500, -50.940170
1808250, -50.417494
1809000, -49.846657
1809750, -49.220270
1810500, -48.522714
1811250, -47.739357
1812000, -46.845850
1812750, -45.815426
1813500, -44.606052
1814250, -43.166206
1815000, -41.420072
1815750, -39.268587
1816500, -36.571509
1817250, -33.149613
1818000, -28.780635
1818750, -23.255048
1819500, -16.501083
1820250, -8.855552
1821000, -1.306609
1821750, 4.701101
1822500, 8.137645
1823250, 8.987668
1824000, 7.915561
1824750, 5.634153
1825500, 2.656660
1826250, -0.699796
1827000, -4.237252
1827750, -7.837663
1828500, -11.424669
1829250, -14.957007
1830000, -18.407827
1830750, -21.770518
1831500, -25.043294
1832250, -28.238991
1833000, -31.375723
1833750, -34.484563
1834500, -37.599977
1835250, -40.767400
1836000, -44.028640
1836750, -47.421848
1837500, -50.953393
1838250, -54.582857
1839000, -58.181559
1839750, -61.539996
1840500, -64.406067
1841250, -66.602718
1842000, -68.100004
1842750, -69.009138
1843500, -69.490042
1844250, -69.692415
1845000, -69.720787
1845750, -69.646370
1846500, -69.508331
1847250, -69.333446
1848000, -69.133443
1848750, -68.918933
1849500, -68.692322
1850250, -68.458879
1851000, -68.217959
1851750, -67.973080
1852500, -67.722579
1853250, -67.469360
1854000, -67.211405
1854750, -66.951425
1855500, -66.687284
1856250, -66.421597
1857000, -66.152182
1857750, -65.881650
1858500, -65.607804
1859250, -65.333219
1860000, -65.055699
1860750, -64.777845
1861500, -64.497429
1862250, -64.217020
1863000, -63.934420
1863750, -63.652209
1864500, -63.368126
1865250, -63.084725
1866000, -62.799803
1866750, -62.515860
1867500, -62.230614
1868250, -61.946596
1869000, -61.661555
1869750, -61.377892
1870500, -61.093296
1871250, -60.810265
1872000, -60.526402
1872750, -60.244058
1873500, -59.960882
1874250, -59.679289
1875000, -59.396715
1875750, -59.115454
1876500, -58.833106
1877250, -58.551860
1878000, -58.269077
1878750, -57.986978
1879500, -57.703084
1880250, -57.419269
1881000, -57.132806
1881750, -56.845830
1882500, -56.555489
1883250, -56.263514
1884000, -55.967048
1884750, -55.668011
1885500, -55.362985
1886250, -55.053499
1887000, -54.736486
1887750, -54.412910
1888500, -54.079030
1889250, -53.736000
1890000, -53.379394
1890750, -53.009403
1891500, -52.621616
1892250, -52.214843
1893000, -51.783274
1893750, -51.324849
1894500, -50.831645
1895250, -50.299498
1896000, -49.717372
1896750, -49.076947
1897500, -48.362456
1898250, -47.557886
1899000, -46.637406
1899750, -45.572184
1900500, -44.317668
1901250, -42.818820
1902000, -40.994565
1902750, -38.739053
1903500, -35.902602
1904250, -32.296418
1905000, -27.694097
1905750, -21.901164
1906500, -14.906333
1907250, -7.173449
1908000, 0.167511
1908750, 5.676314
1909500, 8.522916
1910250, 8.892633
1911000, 7.505322
1911750, 5.037967
1912500, 1.957395
1913250, -1.451581
1914000, -5.010725
1914750, -8.613417
1915500, -12.191484
1916250, -15.707978
1917000, -19.140254
1917750, -22.483173
1918500, -25.738127
1919250, -28.919718
1920000, -32.047171
1920750, -35.153750
1921500, -38.276025
1922250, -41.460164
1923000, -44.747097
1923750, -48.170824
1924500, -51.729393
1925250, -55.365891
1926000, -58.932993
1926750, -62.206538
1927500, -64.939271
1928250, -66.982631
1929000, -68.340775
1929750, -69.143779
1930500, -69.553102
1931250, -69.710560
1932000, -69.711794
1932750, -69.621091
1933500, -69.473235
1934250, -69.292229
1935000, -69.088308
1935750, -68.871104
1936500, -68.642585
1937250, -68.407649
1938000, -68.165559
1938750, -67.919655
1939500, -67.668291
1940250, -67.414262
1941000, -67.155609
1941750, -66.894951
1942500, -66.630220
1943250, -66.363951
1944000, -66.094039
1944750, -65.823019
1945500, -65.548759
1946250, -65.273764
1947000, -64.995916
1947750, -64.717741
1948500, -64.437077
1949250, -64.156418
1950000, -63.873651
1950750, -63.591259
1951500, -63.307069
1952250, -63.023561
1953000, -62.738613
1953750, -62.454621
1954500, -62.169392
1955250, -61.885384
1956000, -61.600391
1956750, -61.316753
1957500, -61.032243
1958250, -60.749288
1959000, -60.465523
1959750, -60.183237
1960500, -59.900167
1961250, -59.618599
1962000, -59.336067
1962750, -59.054803
1963500, -58.772495
1964250, -58.491181
1965000, -58.208324
1965750, -57.926087
1966500, -57.641983
1967250, -57.357842
1968000, -57.071038
1968750, -56.783646
1969500, -56.492772
1970250, -56.200108
1971000, -55.902902
1971750, -55.602856
1972500, -55.296675
1973250, -54.985843
1974000, -54.667350
1974750, -54.341931
1975500, -54.005965
1976250, -53.660559
1977000, -53.301100
1977750, -52.927748
1978500, -52.535908
1979250, -52.124307
1980000, -51.687220
1980750, -51.222040
1981500, -50.720913
1982250, -50.178979
1983000, -49.585197
1983750, -48.930279
1984500, -48.197924
1985250, -47.371146
1986000, -46.422521
1986750, -45.321048
1987500, -44.019531
1988250, -42.459311
1989000, -40.552983
1989750, -38.187052
1990500, -35.203146
1991250, -31.403316
1992000, -26.559518
1992750, -20.499501
1993500, -13.286710
1994250, -5.522037
1995000, 1.541752
1995750, 6.515286
1996500, 8.788157
1997250, 8.717475
1998000, 7.049611
1998750, 4.419338
1999500, 1.249293
2000250, -2.203971
2001000, -5.779467
2001750, -9.381627
2002500, -12.948799
2003250, -16.448464
2004000, -19.861723
2004750, -23.185395
2005500, -26.422840
2006250, -29.591149
2007000, -32.711535
2007750, -35.818628
2008500, -38.950179
2009250, -42.152927
2010000, -45.466868
2010750, -48.921002
2011500, -52.503787
2012250, -56.140927
2013000, -59.666446
2013750, -62.843243
2014500, -65.435994
2015250, -67.327006
2016000, -68.552919
2016750, -69.258592
2017500, -69.603622
2018250, -69.721175
2019000, -69.698407
2019750, -69.593293
2020500, -69.436715
2021250, -69.250228
2022000, -69.042764
2022750, -68.823092
2023500, -68.592802
2024250, -68.356460
2025000, -68.113255
2025750, -67.866367
2026500, -67.614169
2027250, -67.359354
2028000, -67.100019
2028750, -66.838702
2029500, -66.573394
2030250, -66.306557
2031000, -66.036162
2031750, -65.764665
2032500, -65.490005
2033250, -65.214612
2034000, -64.936447
2034750, -64.657951
2035500, -64.377041
2036250, -64.096142
2037000, -63.813217
2037750, -63.530656
2038500, -63.246368
2039250, -62.962764
2040000, -62.677785
2040750, -62.393746
2041500, -62.108536
2042250, -61.824546
2043000, -61.539610
2043750, -61.256004
2044500, -60.971588
2045250, -60.688697
2046000, -60.405022
2046750, -60.122793
2047500, -59.839832
2048250, -59.558292
2049000, -59.275805
2049750, -58.994543
2050500, -58.712273
2051250, -58.430890
2052000, -58.147958
2052750, -57.865585
2053500, -57.581271
2054250, -57.296803
2055000, -57.009656
2055750, -56.721849
2056500, -56.430438
2057250, -56.137084
2058000, -55.839134
2058750, -55.538074
2059500, -55.230729
2060250, -54.918544
2061000, -54.598402
2061750, -54.271015
2062500, -53.932866
2063250, -53.584777
2064000, -53.222223
2064750, -52.845316
2065500, -52.449207
2066250, -52.032579
2067000, -51.589777
2067750, -51.117627
2068500, -50.608336
2069250, -50.056323
2070000, -49.450541
2070750, -48.780699
2071500, -48.029503
2072250, -47.179493
2073000, -46.201539
2073750, -45.062358
2074500, -43.712002
2075250, -42.086551
2076000, -40.093751
2076750, -37.612017
2077500, -34.473426
2078250, -30.471905
2079000, -25.380982
2079750, -19.058839
2080500, -11.655641
2081250, -3.917806
2082000, 2.805202
2082750, 7.219872
2083500, 8.942556
2084250, 8.470248
2085000, 6.552939
2085750, 3.779441
2086500, 0.532273
2087250, -2.957822
2088000, -6.545150
2088750, -10.144077
2089500, -13.698767
2090250, -17.181452
2091000, -20.575346
2091750, -23.880398
2092500, -27.101218
2093250, -30.256815
2094000, -33.370964
2094750, -36.479964
2095500, -39.622818
2096250, -42.846292
2097000, -46.188464
2097750, -49.672760
2098500, -53.275631
2099250, -56.906099
2100000, -60.378923
2100750, -63.449013
2101500, -65.896840
2102250, -67.638928
2103000, -68.740438
2103750, -69.356841
2104500, -69.643821
2105250, -69.725626
2106000, -69.681410
2106750, -69.563393
2107500, -69.398970
2108250, -69.207509
2109000, -68.996798
2109750, -68.774835
2110500, -68.542881
2111250, -68.305201
2112000, -68.060926
2112750, -67.813085
2113500, -67.560076
2114250, -67.304492
2115000, -67.044491
2115750, -66.782528
2116500, -66.516656
2117250, -66.249264
2118000, -65.978395
2118750, -65.706432
2119500, -65.431379
2120250, -65.155598
2121000, -64.877127
2121750, -64.598321
2122500, -64.317175
2123250, -64.036047
2124000, -63.752974
2124750, -63.470254
2125500, -63.185878
2126250, -62.902189
2127000, -62.617176
2127750, -62.333092
2128500, -62.047907
2129250, -61.763942
2130000, -61.479068
2130750, -61.195504
2131500, -60.911188
2132250, -60.628342
2133000, -60.344747
2133750, -60.062572
2134500, -59.779719
2135250, -59.498211
2136000, -59.215773
2136750, -58.934517
2137500, -58.652219
2138250, -58.370725
2139000, -58.087692
2139750, -57.805171
2140500, -57.520639
2141250, -57.235843
2142000, -56.948355
2142750, -56.660032
2143500, -56.368017
2144250, -56.073926
2145000, -55.775203
2145750, -55.473108
2146500, -55.164585
2147250, -54.851035
2148000, -54.529229
2148750, -54.199859
2149500, -53.859511
2150250, -53.508692
2151000, -53.142998
2151750, -52.762491
2152500, -52.362055
2153250, -51.940336
2154000, -51.491480
2154750, -51.012066
2155500, -50.494335
2156250, -49.931951
2157000, -49.313493
2157750, -48.628062
2158500, -47.857286
2159250, -46.982399
2160000, -45.973336
2160750, -44.794320
2161500, -43.391487
2162250, -41.696516
2163000, -39.610766
2163750, -37.004354
2164500, -33.700141
2165250, -29.484658
2166000, -24.137151
2166750, -17.555806
2167500, -9.995060
2168250, -2.347039
2169000, 3.970312
2169750, 7.805553
2170500, 8.999991
2171250, 8.158770
2172000, 6.017299
2172750, 3.116760
2173500, -0.197874
2174250, -3.718777
2175000, -7.314549
2175750, -10.907854
2176500, -14.448801
2177250, -17.913631
2178000, -21.288031
2178750, -24.574387
2179500, -27.779779
2180250, -30.924512
2181000, -34.033895
2181750, -37.146194
2182500, -40.302026
2183250, -43.547957
2184000, -46.919372
2184750, -50.433200
2185500, -54.052508
2186250, -57.668455
2187000, -61.076332
2187750, -64.029366
2188500, -66.328376
2189250, -67.923811
2190000, -68.907475
2190750, -69.441354
2191500, -69.675437
2192250, -69.724891
2193000, -69.661298
2193750, -69.531596
2194500, -69.360029
2195250, -69.164001
2196000, -68.950278
2196750, -68.726160
2197500, -68.492624
2198250, -68.253659
2199000, -68.008348
2199750, -67.759578
2200500, -67.505774
2201250, -67.249437
2202000, -66.988781
2202750, -66.726181
2203500, -66.459753
2204250, -66.191816
2205000, -65.920482
2205750, -65.648056
2206500, -65.372616
2207250, -65.096458
2208000, -64.817689
2208750, -64.538582
2209500, -64.257211
2210250, -63.975864
2211000, -63.692644
2211750, -63.409773
2212500, -63.125316
2213250, -62.841550
2214000, -62.556511
2214750, -62.272393
2215500, -61.987240
2216250, -61.703302
2217000, -61.418495
2217750, -61.134977
2218500, -60.850767
2219250, -60.567973
2220000, -60.284462
2220750, -60.002347
2221500, -59.719607
2222250, -59.438136
2223000, -59.155747
2223750, -58.874503
2224500, -58.592175
2225250, -58.310571
2226000, -58.027437
2226750, -57.744767
2227500, -57.460012
2228250, -57.174886
2229000, -56.887050
2229750, -56.598184
2230500, -56.305541
2231250, -56.010695
2232000, -55.711180
2232750, -55.408033
2233500, -55.098310
2234250, -54.783376
2235000, -54.459883
2235750, -54.128503
2236500, -53.785924
2237250, -53.432338
2238000, -53.063458
2238750, -52.679300
2239500, -52.274474
2240250, -51.847587
2241000, -51.392436
2241750, -50.905530
2242500, -50.378670
2243250, -49.805306
2244000, -49.173263
2244750, -48.471357
2245500, -47.680028
2246250, -46.778932
2247000, -45.736155
2247750, -44.513331
2248500, -43.053321
2249250, -41.283369
2250000, -39.097421
2250750, -36.356890
2251500, -32.874771
2252250, -28.431677
2253000, -22.818047
2253750, -15.984669
2254500, -8.303239
2255250, -0.815820
2256000, 5.034773
2256750, 8.276628
2257500, 8.966512
2258250, 7.786278
2259000, 5.442496
2259750, 2.428514
2260500, -0.945016
2261250, -4.491109
2262000, -8.091634
2262750, -11.676930
2263500, -15.203073
2264250, -18.649113
2265000, -22.004254
2265750, -25.271745
2266500, -28.461837
2267250, -31.596815
2268000, -34.703828
2268750, -37.822405
2269500, -40.993881
2270250, -44.264434
2271000, -47.666349
2271750, -51.208062
2272500, -54.839106
2273250, -58.430029
2274000, -61.760457
2274750, -64.584834
2275500, -66.730091
2276250, -68.182225
2277000, -69.054633
2277750, -69.512476
2278500, -69.698531
2279250, -69.718807
2280000, -69.637764
2280750, -69.497506
2281500, -69.319449
2282250, -69.119231
2283000, -68.902712
2283750, -68.676567
2284500, -68.441523
2285250, -68.201318
2286000, -67.954996
2286750, -67.705313
2287500, -67.450723
2288250, -67.193640
2289000, -66.932334
2289750, -66.669100
2290500, -66.402119
2291250, -66.133641
2292000, -65.861847
2292750, -65.588964
2293500, -65.313144
2294250, -65.036614
2295000, -64.757555
2295750, -64.478156
2296500, -64.196565
2297250, -63.915007
2298000, -63.631637
2298750, -63.348616
2299500, -63.064081
2300250, -62.780247
2301000, -62.495190
2301750, -62.211046
2302500, -61.925934
2303250, -61.642004
2304000, -61.357252
2304750, -61.073780
2305500, -60.789678
2306250, -60.506941
2307000, -60.223522
2307750, -59.941474
2308500, -59.658795
2309250, -59.377329
2310000, -59.094973
2310750, -58.813732
2311500, -58.531371
2312250, -58.249656
2313000, -57.966420
2313750, -57.683549
2314500, -57.398536
2315250, -57.113052
2316000, -56.824850
2316750, -56.535425
2317500, -56.242135
2318250, -55.946517
2319000, -55.646060
2319750, -55.341745
2320500, -55.030730
2321250, -54.714335
2322000, -54.389077
2322750, -54.055610
2323500, -53.710721
2324250, -53.354273
2325000, -52.982099
2325750, -52.594102
2326500, -52.184686
2327250, -51.752418
2328000, -51.290716
2328750, -50.796024
2329500, -50.259611
2330250, -49.674781
2331000, -49.028559
2331750, -48.309468
2332500, -47.496694
2333250, -46.568240
2334000, -45.490247
2334750, -44.221646
2335500, -42.701898
2336250, -40.852218
2337000, -38.559951
2337750, -35.676905
2338500, -32.006956
2339250, -27.326730
2340000, -21.444348
2340750, -14.376383
2341500, -6.626196
2342250, 0.629827
2343000, 5.967261
2343750, 8.622682
2344500, 8.844613
2345250, 7.360456
2346000, 4.838270
2346750, 1.725768
2347500, -1.697618
2348250, -5.263703
2349000, -8.865567
2349750, -12.441104
2350500, -15.951253
2351250, -19.378025
2352000, -22.713750
2352750, -25.963949
2353500, -29.139514
2354250, -32.265490
2355000, -35.371217
2355750, -38.497631
2356500, -41.686737
2357250, -44.983508
2358000, -48.416465
2358750, -51.984136
2359500, -55.621223
2360250, -59.176959
2361000, -62.418726
2361750, -65.106894
2362500, -67.098887
2363250, -68.413861
2364000, -69.182924
2364750, -69.571481
2365500, -69.714274
2366250, -69.708393
2367000, -69.611708
2367750, -69.461952
2368500, -69.278016
2369250, -69.073965
2370000, -68.854862
2370750, -68.626817
2371500, -68.390343
2372250, -68.148950
2373000, -67.901652
2373750, -67.651080
2374500, -67.395724
2375250, -67.137912
2376000, -66.875970
2376750, -66.612114
2377500, -66.344592
2378250, -66.075586
2379000, -65.803343
2379750, -65.530016
2380500, -65.253824
2381250, -64.976936
2382000, -64.697590
2382750, -64.417907
2383500, -64.136106
2384250, -63.854349
2385000, -63.570838
2385750, -63.287677
2386500, -63.003074
2387250, -62.719182
2388000, -62.434115
2388750, -62.149954
2389500, -61.864891
2390250, -61.580976
2391000, -61.296287
2391750, -61.012867
2392500, -60.728879
2393250, -60.446205
2394000, -60.162880
2394750, -59.880905
2395500, -59.598287
2396250, -59.316827
2397000, -59.034504
2397750, -58.753267
2398500, -58.470873
2399250, -58.189047
2400000, -57.905709
2400750, -57.622591
2401500, -57.337285
2402250, -57.051424
2403000, -56.762839
2403750, -56.472843
2404500, -56.178897
2405250, -55.882502
2406000, -55.581068
2406750, -55.275559
2407500, -54.963230
2408250, -54.645249
2409000, -54.318132
2409750, -53.982504
2410500, -53.635183
2411250, -53.275773
2412000, -52.900214
2412750, -52.508036
2413500, -52.093744
2414250, -51.655844
2415000, -51.187339
2415750, -50.684598
2416500, -50.138325
2417250, -49.541677
2418000, -48.880841
2418750, -48.143390
2419500, -47.307986
2420250, -46.350845
2421000, -45.236027
2421750, -43.919630
2422500, -42.337163
2423250, -40.403738
2424000, -37.999026
2424750, -34.965922
2425500, -31.099279
2426250, -26.175157
2427000, -20.026310
2427750, -12.747329
2428500, -4.983583
2429250, 1.973401
2430000, 6.764765
2430750, 8.850652
2431500, 8.642949
2432250, 6.887572
2433000, 4.208486
2433750, 1.010423
2434500, -2.454758
2435250, -6.035900
2436000, -9.636103
2436750, -13.200410
2437500, -16.693608
2438250, -20.101484
2439000, -23.417715
2439750, -26.650843
2440500, -29.813869
2441250, -32.932861
2442000, -36.038965
2442750, -39.174799
2443500, -42.383186
2444250, -45.707415
2445000, -49.170678
2445750, -52.761533
2446500, -56.396472
2447250, -59.906236
2448000, -63.047944
2448750, -65.594272
2449500, -67.434195
2450250, -68.618740
2451000, -69.292683
2451750, -69.618687
2452500, -69.722819
2453250, -69.693649
2454000, -69.583028
2454750, -69.424771
2455500, -69.235534
2456250, -69.027988
2457000, -68.806498
2457750, -68.576674
2458500, -68.338844
2459250, -68.096311
2460000, -67.848068
2460750, -67.596630
2461500, -67.340523
2462250, -67.081997
2463000, -66.819431
2463750, -66.554965
2464500, -66.286910
2465250, -66.017386
2466000, -65.744703
2466750, -65.470941
2467500, -65.194388
2468250, -64.917150
2469000, -64.637519
2469750, -64.357559
2470500, -64.075554
2471250, -63.793606
2472000, -63.509963
2472750, -63.226672
2473500, -62.942012
2474250, -62.658047
2475000, -62.372965
2475750, -62.088790
2476500, -61.803781
2477250, -61.519891
2478000, -61.235273
2478750, -60.951916
2479500, -60.668014
2480250, -60.385391
2481000, -60.102155
2481750, -59.820254
2482500, -59.537701
2483250, -59.256254
2484000, -58.973971
2484750, -58.692715
2485500, -58.410273
2486250, -58.128331
2487000, -57.844887
2487750, -57.561523
2488500, -57.275925
2489250, -56.989687
2490000, -56.700702
2490750, -56.410122
2491500, -56.115509
2492250, -55.818328
2493000, -55.515908
2493750, -55.209195
2494500, -54.895539
2495250, -54.575866
2496000, -54.246802
2496750, -53.908944
2497500, -53.558932
2498250, -53.196355
2499000, -52.817238
2499750, -52.420713
2500500, -55.240521
2501250, -57.583178
2502000, -59.643618
2502750, -61.513496
2503500, -63.224541
2504250, -64.772786
2505000, -66.150135
2505750, -67.349158
2506500, -68.375856
2507250, -69.240284
2508000, -69.961729
2508750, -70.557026
2509500, -71.046758
2510250, -71.445652
2511000, -71.770472
2511750, -72.031567
2512500, -72.241487
2513250, -72.406761
2514000, -72.536657
2514750, -72.634960
2515500, -72.708657
2516250, -72.759653
2517000, -72.793391
2517750, -72.810518
2518500, -72.815442
2519250, -72.807968
2520000, -72.791811
2520750, -72.766206
2521500, -72.734399
2522250, -72.695239
2523000, -72.651652
2523750, -72.602223
2524500, -72.549655
2525250, -72.492349
2526000, -72.432854
2526750, -72.369442
2527500, -72.304551
2528250, -72.236365
2529000, -72.167241
2529750, -72.095299
2530500, -72.022839
2531250, -71.947934
2532000, -71.872838
2532750, -71.795586
2533500, -71.718403
2534250, -71.639301
2535000, -71.560484
2535750, -71.479945
2536500, -71.399870
2537250, -71.318240
2538000, -71.237227
2538750, -71.154800
2539500, -71.073120
2540250, -70.990150
2541000, -70.908038
2541750, -70.824734
2542500, -70.742375
2543250, -70.658911
2544000, -70.576475
2544750, -70.493015
2545500, -70.410662
2546250, -70.327362
2547000, -70.245240
2547750, -70.162240
2548500, -70.080486
2549250, -69.997917
2550000, -69.916652
2550750, -69.834620
2551500, -69.753925
2552250, -69.672503
2553000, -69.592462
2553750, -69.511737
2554500, -69.432437
2555250, -69.352498
2556000, -69.274027
2556750, -69.194960
2557500, -69.117400
2558250, -69.039285
2559000, -68.962715
2559750, -68.885618
2560500, -68.810077
2561250, -68.734020
2562000, -68.659535
2562750, -68.584555
2563500, -68.511171
2564250, -68.437318
2565000, -68.365087
2565750, -68.292414
2566500, -68.221388
2567250, -68.149946
2568000, -68.080175
2568750, -68.010013
2569500, -67.941546
2570250, -67.872691
2571000, -67.805515
2571750, -67.737946
2572500, -67.672057
2573250, -67.605784
2574000, -67.541202
2574750, -67.476248
2575500, -67.413001
2576250, -67.349399
2577000, -67.287518
2577750, -67.225299
2578500, -67.164817
2579250, -67.104012
2580000, -67.044959
2580750, -66.985598
2581500, -66.927995
2582250, -66.870068
2583000, -66.813870
2583750, -66.757332
2584500, -66.702516
2585250, -66.647360
2586000, -66.593930
2586750, -66.540167
2587500, -66.488136
2588250, -66.435783
2589000, -66.385172
2589750, -66.334250
2590500, -66.285079
2591250, -66.235608
2592000, -66.187898
2592750, -66.139897
2593500, -66.093667
2594250, -66.047157
2595000, -66.002424
2595750, -65.957421
2596500, -65.914175
2597250, -65.870620
2598000, -65.828797
2598750, -65.786649
2599500, -65.746224
2600250, -65.705472
2601000, -65.666444
2601750, -65.627092
2602500, -65.589467
2603250, -65.551524
2604000, -65.515314
2604750, -65.478792
2605500, -65.444008
2606250, -65.408919
2607000, -65.375573
2607750, -65.341928
2608500, -65.310029
2609250, -65.277837
2610000, -65.247395
2610750, -65.216663
2611500, -65.187684
2612250, -65.158418
2613000, -65.130906
2613750, -65.103108
2614500, -65.077065
2615250, -65.050736
2616000, -65.026161
2616750, -65.001301
2617500, -64.978190
2618250, -64.954774
2619000, -64.933071
2619750, -64.911036
2620500, -64.890694
2621250, -64.870006
2622000, -64.851002
2622750, -64.831643
2623500, -64.813961
2624250, -64.795919
2625000, -64.779547
2625750, -64.762812
2626500, -64.747740
2627250, -64.732299
2628000, -64.718514
2628750, -64.704355
2629500, -64.691844
2630250, -64.678950
2631000, -64.667697
2631750, -64.656052
2632500, -64.646036
2633250, -64.635619
2634000, -64.626819
2634750, -64.617607
2635500, -64.609998
2636250, -64.601965
2637000, -64.595521
2637750, -64.588637
2638500, -64.583328
2639250, -64.577563
2640000, -64.573356
2640750, -64.568676
2641500, -64.565535
2642250, -64.561905
2643000, -64.559793
2643750, -64.557173
2644500, -64.556052
2645250, -64.554402
2646000, -64.554228
2646750, -64.553505
2647500, -64.554236
2648250, -64.554395
2649000, -64.555985
2649750, -64.556982
2650500, -64.559384
2651250, -64.561169
2652000, -64.564336
2652750, -64.566862
2653500, -64.570744
2654250, -64.573961
2655000, -64.578508
2655750, -64.582365
2656500, -64.587527
2657250, -64.591974
2658000, -64.597699
2658750, -64.602685
2659500, -64.608923
2660250, -64.614396
2661000, -64.621096
2661750, -64.627006
2662500, -64.634117
2663250, -64.640414
2664000, -64.647886
2664750, -64.654520
2665500, -64.662304
2666250, -64.669227
2667000, -64.677275
2667750, -64.684438
2668500, -64.692703
2669250, -64.700060
2670000, -64.708497
2670750, -64.716004
2671500, -64.724568
2672250, -64.732182
2673000, -64.740831
2673750, -64.748511
2674500, -64.757205
2675250, -64.764910
2676000, -64.773610
2676750, -64.781304
2677500, -64.789974
2678250, -64.797621
2679000, -64.806227
2679750, -64.813794
2680500, -64.822304
2681250, -64.829760
2682000, -64.838144
2682750, -64.845461
2683500, -64.853691
2684250, -64.860842
2685000, -64.868894
2685750, -64.875855
2686500, -64.883705
2687250, -64.890454
2688000, -64.898082
2688750, -64.904600
2689500, -64.911987
2690250, -64.918257
2691000, -64.925388
2691750, -64.931394
2692500, -64.938254
2693250, -64.943984
2694000, -64.950561
2694750, -64.956003
2695500, -64.962288
2696250, -64.967434
2697000, -64.973418
2697750, -64.978261
2698500, -64.983938
2699250, -64.988472
2700000, -64.993838
2700750, -64.998060
2701500, -65.003111
2702250, -65.007017
2703000, -65.011746
2703750, -65.015324
2704500, -65.019722
2705250, -65.022968
2706000, -65.027035
2706750, -65.029952
2707500, -65.033690
2708250, -65.036282
2709000, -65.039698
2709750, -65.041972
2710500, -65.045073
2711250, -65.047036
2712000, -65.049831
2712750, -65.051494
2713500, -65.053992
2714250, -65.055363
2715000, -65.057575
2715750, -65.058667
2716500, -65.060603
2717250, -65.061425
2718000, -65.063098
2718750, -65.063663
2719500, -65.065083
2720250, -65.065403
2721000, -65.066583
2721750, -65.066669
2722500, -65.067622
2723250, -65.067487
2724000, -65.068225
2724750, -65.067882
2725500, -65.068417
2726250, -65.067879
2727000, -65.068224
2727750, -65.067502
2728500, -65.067670
2729250, -65.066778
2730000, -65.066781
2730750, -65.065731
2731500, -65.065582
2732250, -65.064386
2733000, -65.064097
2733750, -65.062767
2734500, -65.062349
2735250, -65.060898
2736000, -65.060364
2736750, -65.058802
2737500, -65.058164
2738250, -65.056503
2739000, -65.055770
2739750, -65.054022
2740500, -65.053207
2741250, -65.051381
2742000, -65.050493
2742750, -65.048601
2743500, -65.047650
2744250, -65.045701
2745000, -65.044698
2745750, -65.042701
2746500, -65.041655
2747250, -65.039620
2748000, -65.038539
2748750, -65.036474
2749500, -65.035367
2750250, -65.033281
2751000, -65.032156
2751750, -65.030056
2752500, -65.028921
2753250, -65.026815
2754000, -65.025677
2754750, -65.023572
2755500, -65.022437
2756250, -65.020340
2757000, -65.019214
2757750, -65.017130
2758500, -65.016021
2759250, -65.013956
2760000, -65.012868
2760750, -65.010827
2761500, -65.009765
2762250, -65.007753
2763000, -65.006722
2763750, -65.004744
2764500, -65.003747
2765250, -65.001807
2766000, -65.000849
2766750, -64.998949
2767500, -64.998033
2768250, -64.996175
2769000, -64.995300
2769750, -64.993484
2770500, -64.992651
2771250, -64.990878
2772000, -64.990089
2772750, -64.988361
2773500, -64.987617
2774250, -64.985937
2775000, -64.985240
2775750, -64.983609
2776500, -64.982962
2777250, -64.981381
2778000, -64.980785
2778750, -64.979256
2779500, -64.978712
2780250, -64.977237
2781000, -64.976746
2781750, -64.975325
2782500, -64.974889
2783250, -64.973522
2784000, -64.973141
2784750, -64.971830
2785500, -64.971503
2786250, -64.970247
2787000, -64.969975
2787750, -64.968775
2788500, -64.968558
2789250, -64.967413
2790000, -64.967250
2790750, -64.966160
2791500, -64.966051
2792250, -64.965015
2793000, -64.964959
2793750, -64.963976
2794500, -64.963973
2795250, -64.963042
2796000, -64.963090
2796750, -64.962210
2797500, -64.962308
2798250, -64.961478
2799000, -64.961624
2799750, -64.960843
2800500, -64.961036
2801250, -64.960302
2802000, -64.960540
2802750, -64.959851
2803500, -64.960134
2804250, -64.959488
2805000, -64.959813
2805750, -64.959209
2806500, -64.959574
2807250, -64.959010
2808000, -64.959414
2808750, -64.958888
2809500, -64.959328
2810250, -64.958838
2811000, -64.959313
2811750, -64.958857
2812500, -64.959364
2813250, -64.958940
2814000, -64.959478
2814750, -64.959084
2815500, -64.959650
2816250, -64.959284
2817000, -64.959877
2817750, -64.959537
2818500, -64.960154
2819250, -64.959838
2820000, -64.960477
2820750, -64.960183
2821500, -64.960843
2822250, -64.960568
2823000, -64.961246
2823750, -64.960990
2824500, -64.961685
2825250, -64.961445
2826000, -64.962154
2826750, -64.961928
2827500, -64.962650
2828250, -64.962437
2829000, -64.963170
2829750, -64.962967
2830500, -64.963709
2831250, -64.963515
2832000, -64.964265
2832750, -64.964078
2833500, -64.964834
2834250, -64.964653
2835000, -64.965413
2835750, -64.965236
2836500, -64.965999
2837250, -64.965825
2838000, -64.966589
2838750, -64.966416
2839500, -64.967181
2840250, -64.967008
2841000, -64.967771
2841750, -64.967597
2842500, -64.968358
2843250, -64.968182
2844000, -64.968940
2844750, -64.968760
2845500, -64.969513
2846250, -64.969329
2847000, -64.970077
2847750, -64.969887
2848500, -64.970629
2849250, -64.970433
2850000, -64.971168
2850750, -64.970965
2851500, -64.971691
2852250, -64.971481
2853000, -64.972199
2853750, -64.971980
2854500, -64.972689
2855250, -64.972462
2856000, -64.973161
2856750, -64.972924
2857500, -64.973613
2858250, -64.973366
2859000, -64.974045
2859750, -64.973788
2860500, -64.974456
2861250, -64.974189
2862000, -64.974846
2862750, -64.974568
2863500, -64.975213
2864250, -64.974924
2865000, -64.975558
2865750, -64.975259
2866500, -64.975881
2867250, -64.975571
2868000, -64.976181
2868750, -64.975860
2869500, -64.976459
2870250, -64.976126
2871000, -64.976714
2871750, -64.976370
2872500, -64.976947
2873250, -64.976592
2874000, -64.977157
2874750, -64.976792
2875500, -64.977346
2876250, -64.976971
2877000, -64.977514
2877750, -64.977128
2878500, -64.977660
2879250, -64.977264
2880000, -64.977786
2880750, -64.977381
2881500, -64.977893
2882250, -64.977478
2883000, -64.977980
2883750, -64.977556
2884500, -64.978049
2885250, -64.977616
2886000, -64.978099
2886750, -64.977658
2887500, -64.978133
2888250, -64.977684
2889000, -64.978151
2889750, -64.977694
2890500, -64.978153
2891250, -64.977689
2892000, -64.978140
2892750, -64.977669
2893500, -64.978113
2894250, -64.977636
2895000, -64.978074
2895750, -64.977591
2896500, -64.978022
2897250, -64.977533
2898000, -64.977959
2898750, -64.977465
2899500, -64.977885
2900250, -64.977387
2901000, -64.977802
2901750, -64.977299
2902500, -64.977710
2903250, -64.977203
2904000, -64.977610
2904750, -64.977100
2905500, -64.977502
2906250, -64.976989
2907000, -64.977389
2907750, -64.976873
2908500, -64.977270
2909250, -64.976752
2910000, -64.977145
2910750, -64.976626
2911500, -64.977017
2912250, -64.976496
2913000, -64.976886
2913750, -64.976363
2914500, -64.976751
2915250, -64.976228
2916000, -64.976615
2916750, -64.976091
2917500, -64.976477
2918250, -64.975953
2919000, -64.976338
2919750, -64.975814
2920500, -64.976199
2921250, -64.975676
2922000, -64.976061
2922750, -64.975538
2923500, -64.975923
2924250, -64.975401
2925000, -64.975786
2925750, -64.975265
2926500, -64.975652
2927250, -64.975131
2928000, -64.975519
2928750, -64.975000
2929500, -64.975389
2930250, -64.974872
2931000, -64.975261
2931750, -64.974746
2932500, -64.975137
2933250, -64.974624
2934000, -64.975017
2934750, -64.974506
2935500, -64.974900
2936250, -64.974391
2937000, -64.974787
2937750, -64.974281
2938500, -64.974678
2939250, -64.974174
2940000, -64.974574
2940750, -64.974073
2941500, -64.974474
2942250, -64.973975
2943000, -64.974379
2943750, -64.973883
2944500, -64.974289
2945250, -64.973795
2946000, -64.974203
2946750, -64.973712
2947500, -64.974123
2948250, -64.973635
2949000, -64.974047
2949750, -64.973561
2950500, -64.973976
2951250, -64.973493
2952000, -64.973910
2952750, -64.973430
2953500, -64.973849
2954250, -64.973372
2955000, -64.973793
2955750, -64.973318
2956500, -64.973742
2957250, -64.973269
2958000, -64.973695
2958750, -64.973225
2959500, -64.973653
2960250, -64.973185
2961000, -64.973615
2961750, -64.973150
2962500, -64.973582
2963250, -64.973119
2964000, -64.973552
2964750, -64.973092
2965500, -64.973527
2966250, -64.973070
2967000, -64.973506
2967750, -64.973051
2968500, -64.973489
2969250, -64.973035
2970000, -64.973475
2970750, -64.973024
2971500, -64.973465
2972250, -64.973016
2973000, -64.973458
2973750, -64.973010
2974500, -64.973455
2975250, -64.973008
2976000, -64.973454
2976750, -64.973009
2977500, -64.973456
2978250, -64.973013
2979000, -64.973460
2979750, -64.973019
2980500, -64.973467
2981250, -64.973027
2982000, -64.973476
2982750, -64.973037
2983500, -64.973487
2984250, -64.973050
2985000, -64.973500
2985750, -64.973064
2986500, -64.973515
2987250, -64.973080
2988000, -64.973532
2988750, -64.973097
2989500, -64.973549
2990250, -64.973116
2991000, -64.973568
2991750, -64.973135
2992500, -64.973588
2993250, -64.973156
2994000, -64.973609
2994750, -64.973177
2995500, -64.973630
2996250, -64.973200
2997000, -64.973653
2997750, -64.973222
2998500, -64.973675
2999250, -64.973245
3000000, -64.973698
