# ./result/hh_runge_0620.txt
# dt = 620 [usec]
# t [usec], V [mV]
0, -65.000000
620, -64.998159
1240, -64.996382
1860, -64.994661
2480, -64.992987
3100, -64.991355
3720, -64.989761
4340, -64.988202
4960, -64.986677
5580, -64.985182
6200, -64.983719
6820, -64.982285
7440, -64.980881
8060, -64.979506
8680, -64.978160
9300, -64.976843
9920, -64.975555
10540, -64.974297
11160, -64.973067
11780, -64.971867
12400, -64.970696
13020, -64.969555
13640, -64.968443
14260, -64.967361
14880, -64.966308
15500, -64.965285
16120, -64.964291
16740, -64.963327
17360, -64.962393
17980, -64.961488
18600, -64.960612
19220, -64.959767
19840, -64.958950
20460, -64.958163
21080, -64.957404
21700, -64.956675
22320, -64.955974
22940, -64.955302
23560, -64.954658
24180, -64.954043
24800, -64.953455
25420, -64.952895
26040, -64.952363
26660, -64.951858
27280, -64.951380
27900, -64.950928
28520, -64.950503
29140, -64.950104
29760, -64.949730
30380, -64.949382
31000, -64.949059
31620, -64.948760
32240, -64.948486
32860, -64.948236
33480, -64.948009
34100, -64.947805
34720, -64.947625
35340, -64.947466
35960, -64.947330
36580, -64.947215
37200, -64.947121
37820, -64.947048
38440, -64.946995
39060, -64.946963
39680, -64.946949
40300, -64.946955
40920, -64.946979
41540, -64.947021
42160, -64.947080
42780, -64.947157
43400, -64.947251
44020, -64.947361
44640, -64.947487
45260, -64.947628
45880, -64.947784
46500, -64.947954
47120, -64.948139
47740, -64.948337
48360, -64.948548
48980, -64.948771
49600, -64.949007
50220, -64.949255
50840, -64.949514
51460, -64.949784
52080, -64.950064
52700, -64.950354
53320, -64.950654
53940, -64.950963
54560, -64.951280
55180, -64.951606
55800, -64.951939
56420, -64.952280
57040, -64.952628
57660, -64.952983
58280, -64.953343
58900, -64.953710
59520, -64.954082
60140, -64.954459
60760, -64.954840
61380, -64.955226
62000, -64.955616
62620, -64.956009
63240, -64.956405
63860, -64.956804
64480, -64.957206
65100, -64.957609
65720, -64.958015
66340, -64.958422
66960, -64.958830
67580, -64.959239
68200, -64.959648
68820, -64.960057
69440, -64.960467
70060, -64.960876
70680, -64.961285
71300, -64.961692
71920, -64.962098
72540, -64.962503
73160, -64.962907
73780, -64.963308
74400, -64.963707
75020, -64.964104
75640, -64.964498
76260, -64.964889
76880, -64.965277
77500, -64.965662
78120, -64.966043
78740, -64.966421
79360, -64.966795
79980, -64.967165
80600, -64.967531
81220, -64.967892
81840, -64.968249
82460, -64.968602
83080, -64.968949
83700, -64.969292
84320, -64.969630
84940, -64.969962
85560, -64.970290
86180, -64.970612
86800, -64.970928
87420, -64.971239
88040, -64.971544
88660, -64.971844
89280, -64.972138
89900, -64.972426
90520, -64.972708
91140, -64.972984
91760, -64.973253
92380, -64.973517
93000, -64.973775
93620, -64.974026
94240, -64.974272
94860, -64.974511
95480, -64.974744
96100, -64.974970
96720, -64.975190
97340, -64.975404
97960, -64.975612
98580, -64.975813
99200, -64.976009
99820, -64.976197
100440, -64.976380
101060, -64.976556
101680, -64.976726
102300, -64.976890
102920, -64.977048
103540, -64.977200
104160, -64.977345
104780, -64.977485
105400, -64.977618
106020, -64.977746
106640, -64.977867
107260, -64.977983
107880, -64.978093
108500, -64.978197
109120, -64.978296
109740, -64.978389
110360, -64.978476
110980, -64.978558
111600, -64.978635
112220, -64.978706
112840, -64.978772
113460, -64.978833
114080, -64.978889
114700, -64.978939
115320, -64.978985
115940, -64.979026
116560, -64.979062
117180, -64.979094
117800, -64.979121
118420, -64.979143
119040, -64.979161
119660, -64.979175
120280, -64.979184
120900, -64.979189
121520, -64.979191
122140, -64.979188
122760, -64.979182
123380, -64.979171
124000, -64.979157
124620, -64.979140
125240, -64.979119
125860, -64.979095
126480, -64.979067
127100, -64.979036
127720, -64.979003
128340, -64.978966
128960, -64.978926
129580, -64.978884
130200, -64.978838
130820, -64.978791
131440, -64.978740
132060, -64.978688
132680, -64.978633
133300, -64.978575
133920, -64.978516
134540, -64.978455
135160, -64.978391
135780, -64.978326
136400, -64.978259
137020, -64.978190
137640, -64.978120
138260, -64.978048
138880, -64.977975
139500, -64.977901
140120, -64.977825
140740, -64.977748
141360, -64.977670
141980, -64.977591
142600, -64.977511
143220, -64.977431
143840, -64.977349
144460, -64.977267
145080, -64.977184
145700, -64.977101
146320, -64.977017
146940, -64.976932
147560, -64.976848
148180, -64.976763
148800, -64.976678
149420, -64.976593
150040, -64.976507
150660, -64.976422
151280, -64.976337
151900, -64.976252
152520, -64.976167
153140, -64.976082
153760, -64.975997
154380, -64.975913
155000, -64.975829
155620, -64.975746
156240, -64.975663
156860, -64.975581
157480, -64.975499
158100, -64.975418
158720, -64.975337
159340, -64.975258
159960, -64.975178
160580, -64.975100
161200, -64.975023
161820, -64.974946
162440, -64.974870
163060, -64.974795
163680, -64.974722
164300, -64.974649
164920, -64.974577
165540, -64.974506
166160, -64.974436
166780, -64.974367
167400, -64.974300
168020, -64.974233
168640, -64.974168
169260, -64.974104
169880, -64.974041
170500, -64.973979
171120, -64.973918
171740, -64.973859
172360, -64.973801
172980, -64.973744
173600, -64.973688
174220, -64.973634
174840, -64.973581
175460, -64.973529
176080, -64.973479
176700, -64.973430
177320, -64.973382
177940, -64.973335
178560, -64.973290
179180, -64.973246
179800, -64.973204
180420, -64.973162
181040, -64.973122
181660, -64.973084
182280, -64.973046
182900, -64.973010
183520, -64.972975
184140, -64.972942
184760, -64.972910
185380, -64.972879
186000, -64.972849
186620, -64.972821
187240, -64.972794
187860, -64.972768
188480, -64.972743
189100, -64.972720
189720, -64.972698
190340, -64.972676
190960, -64.972657
191580, -64.972638
192200, -64.972620
192820, -64.972604
193440, -64.972589
194060, -64.972574
194680, -64.972561
195300, -64.972549
195920, -64.972538
196540, -64.972528
197160, -64.972520
197780, -64.972512
198400, -64.972505
199020, -64.972499
199640, -64.972494
200260, -64.972490
200880, -64.972487
201500, -64.972484
202120, -64.972483
202740, -64.972483
203360, -64.972483
203980, -64.972484
204600, -64.972486
205220, -64.972489
205840, -64.972492
206460, -64.972496
207080, -64.972501
207700, -64.972507
208320, -64.972513
208940, -64.972520
209560, -64.972528
210180, -64.972536
210800, -64.972545
211420, -64.972554
212040, -64.972564
212660, -64.972575
213280, -64.972586
213900, -64.972597
214520, -64.972609
215140, -64.972622
215760, -64.972634
216380, -64.972648
217000, -64.972661
217620, -64.972675
218240, -64.972690
218860, -64.972705
219480, -64.972720
220100, -64.972735
220720, -64.972751
221340, -64.972767
221960, -64.972783
222580, -64.972799
223200, -64.972816
223820, -64.972833
224440, -64.972850
225060, -64.972867
225680, -64.972885
226300, -64.972902
226920, -64.972920
227540, -64.972937
228160, -64.972955
228780, -64.972973
229400, -64.972991
230020, -64.973009
230640, -64.973027
231260, -64.973045
231880, -64.973063
232500, -64.973082
233120, -64.973100
233740, -64.973118
234360, -64.973136
234980, -64.973154
235600, -64.973172
236220, -64.973189
236840, -64.973207
237460, -64.973225
238080, -64.973242
238700, -64.973260
239320, -64.973277
239940, -64.973294
240560, -64.973311
241180, -64.973328
241800, -64.973345
242420, -64.973361
243040, -64.973378
243660, -64.973394
244280, -64.973410
244900, -64.973426
245520, -64.973441
246140, -64.973457
246760, -64.973472
247380, -64.973487
248000, -64.973502
248620, -64.973516
249240, -64.973530
249860, -64.973544
250480, -64.973558
251100, -64.973572
251720, -64.973585
252340, -64.973598
252960, -64.973611
253580, -64.973623
254200, -64.973636
254820, -64.973647
255440, -64.973659
256060, -64.973671
256680, -64.973682
257300, -64.973693
257920, -64.973703
258540, -64.973714
259160, -64.973724
259780, -64.973734
260400, -64.973743
261020, -64.973752
261640, -64.973761
262260, -64.973770
262880, -64.973778
263500, -64.973787
264120, -64.973794
264740, -64.973802
265360, -64.973809
265980, -64.973816
266600, -64.973823
267220, -64.973830
267840, -64.973836
268460, -64.973842
269080, -64.973848
269700, -64.973853
270320, -64.973858
270940, -64.973863
271560, -64.973868
272180, -64.973872
272800, -64.973877
273420, -64.973881
274040, -64.973884
274660, -64.973888
275280, -64.973891
275900, -64.973894
276520, -64.973897
277140, -64.973899
277760, -64.973902
278380, -64.973904
279000, -64.973906
279620, -64.973907
280240, -64.973909
280860, -64.973910
281480, -64.973911
282100, -64.973912
282720, -64.973913
283340, -64.973913
283960, -64.973914
284580, -64.973914
285200, -64.973914
285820, -64.973914
286440, -64.973913
287060, -64.973913
287680, -64.973912
288300, -64.973911
288920, -64.973910
289540, -64.973909
290160, -64.973908
290780, -64.973906
291400, -64.973905
292020, -64.973903
292640, -64.973901
293260, -64.973900
293880, -64.973898
294500, -64.973895
295120, -64.973893
295740, -64.973891
296360, -64.973888
296980, -64.973886
297600, -64.973883
298220, -64.973880
298840, -64.973878
299460, -64.973875
300080, -64.973872
300700, -64.973869
301320, -64.973866
301940, -64.973862
302560, -64.973859
303180, -64.973856
303800, -64.973853
304420, -64.973849
305040, -64.973846
305660, -64.973842
306280, -64.973839
306900, -64.973835
307520, -64.973832
308140, -64.973828
308760, -64.973825
309380, -64.973821
310000, -64.973817
310620, -64.973814
311240, -64.973810
311860, -64.973806
312480, -64.973802
313100, -64.973799
313720, -64.973795
314340, -64.973791
314960, -64.973788
315580, -64.973784
316200, -64.973780
316820, -64.973777
317440, -64.973773
318060, -64.973769
318680, -64.973766
319300, -64.973762
319920, -64.973758
320540, -64.973755
321160, -64.973751
321780, -64.973748
322400, -64.973744
323020, -64.973741
323640, -64.973737
324260, -64.973734
324880, -64.973731
325500, -64.973727
326120, -64.973724
326740, -64.973721
327360, -64.973718
327980, -64.973715
328600, -64.973711
329220, -64.973708
329840, -64.973705
330460, -64.973702
331080, -64.973700
331700, -64.973697
332320, -64.973694
332940, -64.973691
333560, -64.973688
334180, -64.973686
334800, -64.973683
335420, -64.973681
336040, -64.973678
336660, -64.973676
337280, -64.973673
337900, -64.973671
338520, -64.973669
339140, -64.973667
339760, -64.973664
340380, -64.973662
341000, -64.973660
341620, -64.973658
342240, -64.973656
342860, -64.973655
343480, -64.973653
344100, -64.973651
344720, -64.973649
345340, -64.973648
345960, -64.973646
346580, -64.973645
347200, -64.973643
347820, -64.973642
348440, -64.973640
349060, -64.973639
349680, -64.973638
350300, -64.973637
350920, -64.973636
351540, -64.973634
352160, -64.973633
352780, -64.973633
353400, -64.973632
354020, -64.973631
354640, -64.973630
355260, -64.973629
355880, -64.973628
356500, -64.973628
357120, -64.973627
357740, -64.973627
358360, -64.973626
358980, -64.973626
359600, -64.973625
360220, -64.973625
360840, -64.973624
361460, -64.973624
362080, -64.973624
362700, -64.973624
363320, -64.973624
363940, -64.973623
364560, -64.973623
365180, -64.973623
365800, -64.973623
366420, -64.973623
367040, -64.973623
367660, -64.973623
368280, -64.973624
368900, -64.973624
369520, -64.973624
370140, -64.973624
370760, -64.973624
371380, -64.973625
372000, -64.973625
372620, -64.973625
373240, -64.973626
373860, -64.973626
374480, -64.973627
375100, -64.973627
375720, -64.973628
376340, -64.973628
376960, -64.973629
377580, -64.973629
378200, -64.973630
378820, -64.973630
379440, -64.973631
380060, -64.973631
380680, -64.973632
381300, -64.973633
381920, -64.973633
382540, -64.973634
383160, -64.973635
383780, -64.973635
384400, -64.973636
385020, -64.973637
385640, -64.973638
386260, -64.973638
386880, -64.973639
387500, -64.973640
388120, -64.973641
388740, -64.973641
389360, -64.973642
389980, -64.973643
390600, -64.973644
391220, -64.973645
391840, -64.973645
392460, -64.973646
393080, -64.973647
393700, -64.973648
394320, -64.973649
394940, -64.973649
395560, -64.973650
396180, -64.973651
396800, -64.973652
397420, -64.973653
398040, -64.973653
398660, -64.973654
399280, -64.973655
399900, -64.973656
400520, -64.973657
401140, -64.973657
401760, -64.973658
402380, -64.973659
403000, -64.973660
403620, -64.973660
404240, -64.973661
404860, -64.973662
405480, -64.973663
406100, -64.973663
406720, -64.973664
407340, -64.973665
407960, -64.973666
408580, -64.973666
409200, -64.973667
409820, -64.973668
410440, -64.973668
411060, -64.973669
411680, -64.973670
412300, -64.973670
412920, -64.973671
413540, -64.973672
414160, -64.973672
414780, -64.973673
415400, -64.973673
416020, -64.973674
416640, -64.973674
417260, -64.973675
417880, -64.973676
418500, -64.973676
419120, -64.973677
419740, -64.973677
420360, -64.973678
420980, -64.973678
421600, -64.973679
422220, -64.973679
422840, -64.973679
423460, -64.973680
424080, -64.973680
424700, -64.973681
425320, -64.973681
425940, -64.973681
426560, -64.973682
427180, -64.973682
427800, -64.973683
428420, -64.973683
429040, -64.973683
429660, -64.973683
430280, -64.973684
430900, -64.973684
431520, -64.973684
432140, -64.973685
432760, -64.973685
433380, -64.973685
434000, -64.973685
434620, -64.973686
435240, -64.973686
435860, -64.973686
436480, -64.973686
437100, -64.973686
437720, -64.973686
438340, -64.973687
438960, -64.973687
439580, -64.973687
440200, -64.973687
440820, -64.973687
441440, -64.973687
442060, -64.973687
442680, -64.973687
443300, -64.973687
443920, -64.973688
444540, -64.973688
445160, -64.973688
445780, -64.973688
446400, -64.973688
447020, -64.973688
447640, -64.973688
448260, -64.973688
448880, -64.973688
449500, -64.973688
450120, -64.973688
450740, -64.973688
451360, -64.973688
451980, -64.973688
452600, -64.973688
453220, -64.973688
453840, -64.973688
454460, -64.973687
455080, -64.973687
455700, -64.973687
456320, -64.973687
456940, -64.973687
457560, -64.973687
458180, -64.973687
458800, -64.973687
459420, -64.973687
460040, -64.973687
460660, -64.973687
461280, -64.973686
461900, -64.973686
462520, -64.973686
463140, -64.973686
463760, -64.973686
464380, -64.973686
465000, -64.973686
465620, -64.973686
466240, -64.973685
466860, -64.973685
467480, -64.973685
468100, -64.973685
468720, -64.973685
469340, -64.973685
469960, -64.973685
470580, -64.973684
471200, -64.973684
471820, -64.973684
472440, -64.973684
473060, -64.973684
473680, -64.973684
474300, -64.973683
474920, -64.973683
475540, -64.973683
476160, -64.973683
476780, -64.973683
477400, -64.973683
478020, -64.973683
478640, -64.973682
479260, -64.973682
479880, -64.973682
480500, -64.973682
481120, -64.973682
481740, -64.973682
482360, -64.973681
482980, -64.973681
483600, -64.973681
484220, -64.973681
484840, -64.973681
485460, -64.973681
486080, -64.973681
486700, -64.973680
487320, -64.973680
487940, -64.973680
488560, -64.973680
489180, -64.973680
489800, -64.973680
490420, -64.973680
491040, -64.973679
491660, -64.973679
492280, -64.973679
492900, -64.973679
493520, -64.973679
494140, -64.973679
494760, -64.973679
495380, -64.973679
496000, -64.973678
496620, -64.973678
497240, -64.973678
497860, -64.973678
498480, -64.973678
499100, -64.973678
499720, -64.973678
500340, -62.073440
500960, -59.278339
501580, -56.561254
502200, -53.893030
502820, -51.216938
503440, -48.450689
504060, -45.449615
504680, -41.988333
505300, -37.684841
505920, -31.908487
506540, -23.597841
507160, -11.173388
507780, 6.646001
508400, 26.882515
509020, 40.119549
509640, 43.304300
510260, 42.626137
510880, 41.224194
511500, 39.435243
512120, 37.318201
512740, 34.928758
513360, 32.309493
513980, 29.508949
514600, 26.565051
515220, 23.520145
515840, 20.404363
516460, 17.251124
517080, 14.081190
517700, 10.918749
518320, 7.775871
518940, 4.668819
519560, 1.602723
520180, -1.412124
520800, -4.375664
521420, -7.281830
522040, -10.134047
522660, -12.929131
523280, -15.673204
523900, -18.366166
524520, -21.016695
525140, -23.627113
525760, -26.211734
526380, -28.778372
527000, -31.347274
527620, -33.935244
528240, -36.571134
528860, -39.281775
529480, -42.104162
530100, -45.067758
530720, -48.202800
531340, -51.510819
531960, -54.960243
532580, -58.447792
533200, -61.798602
533820, -64.780752
534440, -67.195642
535060, -68.950926
535680, -70.100375
536300, -70.774623
536920, -71.125246
537540, -71.267364
538160, -71.286396
538780, -71.229328
539400, -71.130274
540020, -71.002747
540640, -70.860619
541260, -70.705645
541880, -70.544997
542500, -70.376649
543120, -70.205628
543740, -70.028693
544360, -69.850173
544980, -69.666424
545600, -69.481536
546220, -69.291738
546840, -69.101041
547460, -68.905632
548080, -68.709493
548700, -68.508794
549320, -68.307510
549940, -68.101820
550560, -67.895700
551180, -67.685331
551800, -67.474681
552420, -67.259941
553040, -67.045092
553660, -66.826336
554280, -66.607644
554900, -66.385216
555520, -66.163032
556140, -65.937312
556760, -65.712037
557380, -65.483407
558000, -65.255400
558620, -65.024240
559240, -64.793917
559860, -64.560630
560480, -64.328341
561100, -64.093274
561720, -63.859410
562340, -63.622954
562960, -63.387842
563580, -63.150286
564200, -62.914250
564820, -62.675941
565440, -62.439254
566060, -62.200381
566680, -61.963257
567300, -61.724089
567920, -61.486718
568540, -61.247300
569160, -61.009733
569780, -60.770219
570400, -60.532535
571020, -60.292786
571640, -60.054821
572260, -59.814807
572880, -59.576479
573500, -59.335873
574120, -59.096769
574740, -58.855286
575360, -58.615112
575980, -58.372189
576600, -58.130206
577220, -57.885218
577840, -57.640843
578460, -57.392898
579080, -57.144956
579700, -56.892972
580320, -56.640444
580940, -56.383021
581560, -56.124109
582180, -55.859516
582800, -55.592489
583420, -55.318435
584040, -55.040517
584660, -54.754312
585280, -54.462509
585900, -54.160161
586520, -53.850040
587140, -53.526915
587760, -53.192782
588380, -52.842072
589000, -52.476372
589620, -52.089001
590240, -51.680895
590860, -51.244158
591480, -50.778056
592100, -50.273177
592720, -49.726344
593340, -49.125163
593960, -48.462844
594580, -47.721635
595200, -46.888047
595820, -45.935975
596440, -44.839878
597060, -43.557045
597680, -42.039643
598300, -40.215673
598920, -37.997359
599540, -35.261157
600160, -31.859080
600780, -27.611061
601400, -22.355106
602020, -16.022316
602640, -8.819873
603260, -1.402158
603880, 5.157734
604500, 9.858701
605120, 12.317218
605740, 12.824057
606360, 11.930672
606980, 10.135411
607600, 7.777877
608220, 5.082611
608840, 2.188057
609460, -0.808343
610080, -3.847442
610700, -6.883182
611320, -9.891356
611940, -12.850387
612560, -15.753612
613180, -18.592366
613800, -21.369878
614420, -24.085583
615040, -26.749938
615660, -29.370517
616280, -31.965890
616900, -34.550709
617520, -37.152163
618140, -39.791881
618760, -42.500815
619380, -45.299981
620000, -48.209705
620620, -51.225177
621240, -54.318287
621860, -57.409642
622480, -60.379272
623100, -63.068227
623720, -65.336265
624340, -67.096262
624960, -68.355241
625580, -69.180856
626200, -69.677603
626820, -69.938260
627440, -70.043277
628060, -70.043549
628680, -69.979320
629300, -69.870376
629920, -69.735296
630540, -69.579655
631160, -69.413005
631780, -69.235283
632400, -69.052543
633020, -68.862559
633640, -68.670030
634260, -68.471890
634880, -68.272314
635500, -68.067912
636120, -67.862648
636740, -67.652995
637360, -67.442824
637980, -67.228559
638600, -67.014040
639220, -66.795680
639840, -66.577289
640460, -66.355264
641080, -66.133423
641700, -65.908171
642320, -65.683320
642940, -65.455259
643560, -65.227796
644180, -64.997341
644800, -64.767710
645420, -64.535287
646040, -64.303864
646660, -64.069852
647280, -63.837059
647900, -63.601873
648520, -63.368063
649140, -63.132029
649760, -62.897565
650380, -62.661059
651000, -62.426244
651620, -62.189502
652240, -61.954599
652860, -61.717927
653480, -61.483168
654100, -61.246672
654720, -61.012172
655340, -60.776056
655960, -60.541950
656580, -60.306160
657200, -60.072370
657820, -59.836940
658440, -59.603469
659060, -59.368198
659680, -59.134751
660300, -58.899442
660920, -58.665854
661540, -58.430142
662160, -58.195846
662780, -57.959225
663400, -57.723847
664020, -57.485753
664640, -57.248379
665260, -57.007899
665880, -56.767849
666500, -56.524131
667120, -56.280040
667740, -56.031632
668360, -55.782321
668980, -55.527861
669600, -55.271346
670220, -55.008649
670840, -54.743003
671460, -54.469824
672080, -54.191915
672700, -53.904869
673320, -53.611382
673940, -53.306416
674560, -52.992309
675180, -52.664149
675800, -52.323379
676420, -51.964247
677040, -51.588169
677660, -51.188125
678280, -50.764348
678900, -50.308845
679520, -49.819963
680140, -49.287830
680760, -48.708083
681380, -48.067342
682000, -47.357274
682620, -46.558389
683240, -45.654549
683860, -44.616747
684480, -43.415550
685100, -42.004177
685720, -40.330116
686340, -38.315599
686960, -35.869321
687580, -32.869563
688200, -29.183351
688820, -24.674001
689440, -19.271265
690060, -13.061395
690680, -6.436553
691300, -0.133049
691920, 4.963065
692540, 8.248344
693160, 9.645056
693780, 9.487465
694400, 8.217639
695020, 6.218540
695640, 3.757416
696260, 1.019891
696880, -1.876303
697500, -4.846483
698120, -7.839686
698740, -10.816042
699360, -13.755701
699980, -16.640848
700600, -19.467675
701220, -22.230512
701840, -24.935301
702460, -27.585109
703080, -30.195090
703700, -32.776422
704320, -35.352033
704940, -37.941194
705560, -40.572515
706180, -43.268146
706800, -46.053383
707420, -48.936579
708040, -51.913211
708660, -54.939710
709280, -57.937583
709900, -60.778969
710520, -63.321764
711140, -65.437858
711760, -67.069209
712380, -68.228054
713000, -68.990141
713620, -69.445853
714240, -69.686536
714860, -69.778163
715480, -69.774100
716100, -69.704434
716720, -69.594698
717340, -69.455436
717960, -69.299180
718580, -69.128095
719200, -68.949389
719820, -68.761872
720440, -68.570631
721060, -68.373145
721680, -68.173661
722300, -67.969125
722920, -67.763437
723540, -67.553316
724160, -67.342512
724780, -67.127662
725400, -66.912460
726020, -66.693502
726640, -66.474442
727260, -66.251865
727880, -66.029423
728500, -65.803702
729120, -65.578334
729740, -65.349892
730360, -65.122015
730980, -64.891294
731600, -64.661356
732220, -64.428769
732840, -64.197158
733460, -63.963112
734080, -63.730262
734700, -63.495156
735320, -63.261402
735940, -63.025578
736560, -62.791311
737180, -62.555131
737800, -62.320613
738420, -62.084320
739040, -61.849853
739660, -61.613736
740280, -61.379497
740900, -61.143672
741520, -60.909828
742140, -60.674484
742760, -60.441107
743380, -60.206191
744000, -59.973260
744620, -59.738836
745240, -59.506308
745860, -59.272112
746480, -59.039717
747100, -58.805628
747720, -58.573176
748340, -58.338721
748960, -58.105660
749580, -57.870442
750200, -57.636377
750820, -57.399718
751440, -57.163762
752060, -56.924883
752680, -56.686357
753300, -56.444296
753920, -56.201862
754540, -55.955316
755160, -55.707856
755780, -55.455397
756400, -55.200913
757020, -54.940498
757640, -54.677130
758260, -54.406450
758880, -54.131155
759500, -53.847070
760120, -53.556635
760740, -53.255080
761360, -52.944663
761980, -52.620593
762600, -52.284275
763220, -51.930254
763840, -51.559798
764460, -51.166245
765080, -50.749846
765700, -50.302945
766320, -49.824006
766940, -49.303667
767560, -48.737825
768180, -48.113898
768800, -47.424047
769420, -46.650057
770040, -45.777086
770660, -44.778252
771280, -43.626558
771900, -42.278853
772520, -40.687004
773140, -38.780339
773760, -36.475808
774380, -33.661689
775000, -30.214281
775620, -25.999891
776240, -20.931655
776860, -15.043244
777480, -8.625673
778100, -2.297789
778720, 3.097943
779340, 6.867510
779960, 8.774784
780580, 9.041783
781200, 8.080244
781820, 6.289218
782440, 3.963432
783060, 1.311468
783680, -1.532783
784300, -4.473621
784920, -7.452439
785540, -10.424409
786160, -13.365916
786780, -16.256728
787400, -19.090948
788020, -21.861584
788640, -24.573698
789260, -27.229961
789880, -29.843576
790500, -32.425470
791120, -34.997816
791740, -37.578842
792360, -40.197272
792980, -42.874817
793600, -45.637377
794220, -48.494846
794840, -51.446069
795460, -54.453623
796080, -57.446582
796700, -60.304900
797320, -62.890064
797940, -65.069840
798560, -66.774645
799180, -68.004090
799800, -68.825758
800420, -69.327169
801040, -69.600634
801660, -69.714916
802280, -69.725993
802900, -69.666409
803520, -69.563213
804140, -69.428284
804760, -69.274771
805380, -69.105522
806000, -68.927916
806620, -68.741150
807240, -68.550290
807860, -68.353079
808480, -68.153660
809100, -67.949187
809720, -67.743423
810340, -67.533272
810960, -67.322333
811580, -67.107417
812200, -66.892060
812820, -66.673027
813440, -66.453812
814060, -66.231166
814680, -66.008578
815300, -65.782804
815920, -65.557306
816540, -65.328826
817160, -65.100840
817780, -64.870103
818400, -64.640078
819020, -64.407495
819640, -64.175819
820260, -63.941804
820880, -63.708912
821500, -63.473858
822120, -63.240086
822740, -63.004341
823360, -62.770086
823980, -62.534009
824600, -62.299523
825220, -62.063357
825840, -61.828950
826460, -61.592982
827080, -61.358821
827700, -61.123167
828320, -60.889428
828940, -60.654275
829560, -60.421016
830180, -60.186312
830800, -59.953525
831420, -59.719331
832040, -59.486957
832660, -59.253008
833280, -59.020795
833900, -58.786985
834520, -58.554733
835140, -58.320568
835760, -58.087728
836380, -57.852829
837000, -57.619001
837620, -57.382668
838240, -57.146972
838860, -56.908452
839480, -56.670205
840100, -56.428513
840720, -56.186385
841340, -55.940252
841960, -55.693127
842580, -55.441099
843200, -55.186993
843820, -54.927071
844440, -54.664129
845060, -54.393985
845680, -54.119187
846300, -53.835733
846920, -53.545885
847540, -53.245054
848160, -52.935352
848780, -52.612143
849400, -52.276694
850020, -51.923738
850640, -51.554387
851260, -51.162174
851880, -50.747229
852500, -50.302090
853120, -49.825114
853740, -49.307170
854360, -48.744078
854980, -48.123538
855600, -47.437681
856220, -46.668670
856840, -45.801788
857460, -44.810693
858080, -43.668734
858700, -42.333593
859320, -40.757856
859940, -38.872348
860560, -36.595480
861180, -33.817588
861800, -30.416650
862420, -26.260180
863040, -21.259040
863660, -15.437559
864280, -9.067942
864900, -2.743809
865520, 2.704035
866140, 6.567556
866760, 8.579979
867380, 8.937934
868000, 8.044205
868620, 6.299645
869240, 4.004443
869860, 1.371936
870480, -1.460298
871100, -4.394244
871720, -7.369472
872340, -10.340177
872960, -13.281782
873580, -16.173640
874200, -19.009271
874820, -21.781512
875440, -24.495296
876060, -27.152981
876680, -29.767346
877300, -32.349581
877920, -34.921296
878540, -37.500933
879160, -40.116763
879780, -42.790664
880400, -45.548507
881020, -48.400700
881640, -51.346702
882260, -54.350457
882880, -57.342452
883500, -60.204371
884120, -62.798356
884740, -64.991278
885360, -66.711519
885980, -67.956044
886600, -68.790485
887220, -69.301848
887840, -69.582446
888460, -69.701732
889080, -69.716113
889700, -69.658786
890320, -69.557009
890940, -69.423075
891560, -69.270146
892180, -69.101341
892800, -68.923956
893420, -68.737395
894040, -68.546599
894660, -68.349487
895280, -68.150061
895900, -67.945642
896520, -67.739839
897140, -67.529720
897760, -67.318729
898380, -67.103837
899000, -66.888423
899620, -66.669411
900240, -66.450137
900860, -66.227512
901480, -66.004868
902100, -65.779117
902720, -65.553566
903340, -65.325112
903960, -65.097076
904580, -64.866369
905200, -64.636297
905820, -64.403749
906440, -64.172031
907060, -63.938054
907680, -63.705124
908300, -63.470112
908920, -63.236307
909540, -63.000610
910160, -62.766327
910780, -62.530301
911400, -62.295791
912020, -62.059682
912640, -61.825256
913260, -61.589349
913880, -61.355172
914500, -61.119583
915120, -60.885834
915740, -60.650750
916360, -60.417484
916980, -60.182852
917600, -59.950064
918220, -59.715945
918840, -59.483572
919460, -59.249704
920080, -59.017496
920700, -58.783773
921320, -58.551531
921940, -58.317456
922560, -58.084630
923180, -57.849827
923800, -57.616018
924420, -57.379784
925040, -57.144111
925660, -56.905697
926280, -56.667479
926900, -56.425896
927520, -56.183805
928140, -55.937790
928760, -55.690709
929380, -55.438807
930000, -55.184755
930620, -54.924972
931240, -54.662097
931860, -54.392104
932480, -54.117391
933100, -53.834111
933720, -53.544370
934340, -53.243736
934960, -52.934172
935580, -52.611196
936200, -52.275925
936820, -51.923251
937440, -51.554135
938060, -51.162273
938680, -50.747647
939300, -50.302961
939920, -49.826428
940540, -49.309091
941160, -48.746632
941780, -48.126938
942400, -47.442012
943020, -46.674226
943640, -45.808776
944260, -44.819564
944880, -43.679904
945500, -42.347786
946120, -40.775844
946740, -38.895367
947360, -36.624980
947980, -33.855597
948600, -30.465438
949220, -26.322361
949840, -21.336514
950460, -15.530200
951080, -9.170966
951700, -2.847325
952320, 2.613485
952940, 6.499660
953560, 8.537356
954180, 8.917045
954800, 8.039513
955420, 6.305975
956040, 4.018050
956660, 1.390093
957280, -1.439303
957900, -4.371692
958520, -7.346098
959140, -10.316593
959760, -13.258260
960380, -16.150465
961000, -18.986472
961620, -21.759235
962240, -24.473465
962860, -27.131576
963480, -29.746135
964100, -32.328519
964720, -34.900078
965340, -37.479422
965960, -40.094596
966580, -42.767634
967200, -45.524295
967820, -48.375237
968440, -51.319979
969060, -54.322939
969680, -57.314858
970300, -60.177972
970920, -62.774461
971540, -64.971047
972160, -66.695406
972780, -67.943999
973400, -68.781817
974020, -69.295847
974640, -69.578300
975260, -69.698928
975880, -69.714147
976500, -69.657437
977120, -69.556004
977740, -69.422359
978360, -69.269557
978980, -69.100899
979600, -68.923550
980220, -68.737076
980840, -68.546275
981460, -68.349223
982080, -68.149774
982700, -67.945402
983320, -67.739568
983940, -67.529491
984560, -67.318465
985180, -67.103613
985800, -66.888163
986420, -66.669189
987040, -66.449878
987660, -66.227291
988280, -66.004609
988900, -65.778896
989520, -65.553307
990140, -65.324891
990760, -65.096818
991380, -64.866149
992000, -64.636040
992620, -64.403530
993240, -64.171775
993860, -63.937837
994480, -63.704871
995100, -63.469899
995720, -63.236058
996340, -63.000401
996960, -62.766082
997580, -62.530097
998200, -62.295553
998820, -62.059484
999440, -61.825025
1000060, -61.589159
1000680, -61.354949
1001300, -61.119403
1001920, -60.885621
1002540, -60.650580
1003160, -60.417282
1003780, -60.182694
1004400, -59.949876
1005020, -59.715802
1005640, -59.483399
1006260, -59.249576
1006880, -59.017340
1007500, -58.783664
1008120, -58.551395
1008740, -58.317367
1009360, -58.084516
1009980, -57.849763
1010600, -57.615930
1011220, -57.379747
1011840, -57.144052
1012460, -56.905691
1013080, -56.667454
1013700, -56.425927
1014320, -56.183818
1014940, -55.937863
1015560, -55.690768
1016180, -55.438928
1016800, -55.184867
1017420, -54.925151
1018040, -54.662272
1018660, -54.392353
1019280, -54.117643
1019900, -53.834444
1020520, -53.544715
1021140, -53.244172
1021760, -52.934632
1022380, -52.611761
1023000, -52.276531
1023620, -51.923981
1024240, -51.554928
1024860, -51.163218
1025480, -50.748687
1026100, -50.304192
1026720, -49.827801
1027340, -49.310713
1027960, -48.748467
1028580, -48.129111
1029200, -47.444510
1029820, -46.677201
1030440, -45.812259
1031060, -44.823766
1031680, -43.684930
1032300, -42.353940
1032920, -40.783353
1033540, -38.904710
1034160, -36.636610
1034780, -33.870245
1035400, -30.483801
1036020, -26.345303
1036640, -21.364490
1037260, -15.562975
1037880, -9.206549
1038500, -2.882105
1039120, 2.584242
1039740, 6.479059
1040360, 8.526030
1040980, 8.913451
1041600, 8.041618
1042220, 6.311860
1042840, 4.026432
1043460, 1.399967
1044080, -1.428489
1044700, -4.360430
1045320, -7.334598
1045940, -10.305117
1046560, -13.246855
1047180, -16.139276
1047800, -18.975461
1048420, -21.748516
1049040, -24.462949
1049660, -27.121292
1050280, -29.735939
1050900, -32.318435
1051520, -34.889934
1052140, -37.469206
1052760, -40.084112
1053380, -42.756841
1054000, -45.513025
1054620, -48.363520
1055240, -51.307795
1055860, -54.310558
1056480, -57.302585
1057100, -60.166421
1057720, -62.764166
1058340, -64.962530
1058960, -66.688784
1059580, -67.939244
1060200, -68.778550
1060820, -69.293771
1061440, -69.577009
1062060, -69.698234
1062680, -69.713789
1063300, -69.657362
1063920, -69.556055
1064540, -69.422553
1065160, -69.269788
1065780, -69.101215
1066400, -68.923865
1067020, -68.737451
1067640, -68.546633
1068260, -68.349631
1068880, -68.150157
1069500, -67.945830
1070120, -67.739969
1070740, -67.529934
1071360, -67.318878
1071980, -67.104067
1072600, -66.888586
1073220, -66.669652
1073840, -66.450310
1074460, -66.227762
1075080, -66.005049
1075700, -65.779374
1076320, -65.553753
1076940, -65.325375
1077560, -65.097269
1078180, -64.866638
1078800, -64.636496
1079420, -64.404023
1080040, -64.172235
1080660, -63.938334
1081280, -63.705334
1081900, -63.470398
1082520, -63.236523
1083140, -63.000902
1083760, -62.766549
1084380, -62.530601
1085000, -62.296021
1085620, -62.059989
1086240, -61.825495
1086860, -61.589665
1087480, -61.355420
1088100, -61.119909
1088720, -60.886093
1089340, -60.651087
1089960, -60.417755
1090580, -60.183203
1091200, -59.950350
1091820, -59.716313
1092440, -59.483876
1093060, -59.250090
1093680, -59.017821
1094300, -58.784181
1094920, -58.551879
1095540, -58.317890
1096160, -58.085007
1096780, -57.850292
1097400, -57.616428
1098020, -57.380285
1098640, -57.144561
1099260, -56.906241
1099880, -56.667975
1100500, -56.426492
1101120, -56.184357
1101740, -55.938447
1102360, -55.691329
1102980, -55.439538
1103600, -55.185456
1104220, -54.925791
1104840, -54.662896
1105460, -54.393033
1106080, -54.118311
1106700, -53.835173
1107320, -53.545438
1107940, -53.244964
1108560, -52.935427
1109180, -52.612634
1109800, -52.277419
1110420, -51.924960
1111040, -51.555938
1111660, -51.164339
1112280, -50.749859
1112900, -50.305500
1113520, -49.829192
1114140, -49.312280
1114760, -48.750166
1115380, -48.131046
1116000, -47.446649
1116620, -46.679667
1117240, -45.815051
1117860, -44.827044
1118480, -43.688738
1119100, -42.358498
1119720, -40.788781
1120340, -38.911333
1120960, -36.644685
1121580, -33.880244
1122200, -30.496106
1122820, -26.360428
1123440, -21.382603
1124060, -15.583815
1124680, -9.228679
1125300, -2.903160
1125920, 2.567258
1126540, 6.467936
1127160, 8.520996
1127780, 8.913356
1128400, 8.045124
1129020, 6.317698
1129640, 4.033809
1130260, 1.408225
1130880, -1.419671
1131500, -4.351386
1132120, -7.325436
1132740, -10.296024
1133360, -13.237838
1133980, -16.130449
1134600, -18.966775
1135220, -21.740068
1135840, -24.454659
1136460, -27.113192
1137080, -29.727910
1137700, -32.310510
1138320, -34.881972
1138940, -37.461213
1139560, -40.075932
1140180, -42.748461
1140800, -45.504311
1141420, -48.354516
1142040, -51.298483
1142660, -54.301169
1143280, -57.293345
1143900, -60.157810
1144520, -62.756567
1145140, -64.956335
1145760, -66.684048
1146380, -67.935938
1147000, -68.776360
1147620, -69.292479
1148240, -69.576292
1148860, -69.697963
1149480, -69.713758
1150100, -69.657544
1150720, -69.556321
1151340, -69.422933
1151960, -69.270187
1152580, -69.101686
1153200, -68.924328
1153820, -68.737969
1154440, -68.547132
1155060, -68.350177
1155680, -68.150680
1156300, -67.946396
1156920, -67.740509
1157540, -67.530515
1158160, -67.319432
1158780, -67.104661
1159400, -66.889151
1160020, -66.670257
1160640, -66.450886
1161260, -66.228377
1161880, -66.005633
1162500, -65.779997
1163120, -65.554345
1163740, -65.326005
1164360, -65.097868
1164980, -64.867274
1165600, -64.637100
1166220, -64.404664
1166840, -64.172843
1167460, -63.938978
1168080, -63.705945
1168700, -63.471045
1169320, -63.237137
1169940, -63.001551
1170560, -62.767165
1171180, -62.531250
1171800, -62.296637
1172420, -62.060638
1173040, -61.826110
1173660, -61.590314
1174280, -61.356035
1174900, -61.120558
1175520, -60.886707
1176140, -60.651735
1176760, -60.418369
1177380, -60.183850
1178000, -59.950963
1178620, -59.716959
1179240, -59.484489
1179860, -59.250737
1180480, -59.018434
1181100, -58.784829
1181720, -58.552494
1182340, -58.318539
1182960, -58.085624
1183580, -57.850944
1184200, -57.617049
1184820, -57.380943
1185440, -57.145188
1186060, -56.906907
1186680, -56.668612
1187300, -56.427169
1187920, -56.185008
1188540, -55.939138
1189160, -55.691996
1189780, -55.440250
1190400, -55.186146
1191020, -54.926529
1191640, -54.663616
1192260, -54.393804
1192880, -54.119069
1193500, -53.835986
1194120, -53.546244
1194740, -53.245833
1195360, -52.936295
1195980, -52.613575
1196600, -52.278370
1197220, -51.925995
1197840, -51.556999
1198460, -51.165502
1199080, -50.751066
1199700, -50.306832
1200320, -49.830597
1200940, -49.313847
1201560, -48.751850
1202180, -48.132945
1202800, -47.448731
1203420, -46.682046
1204040, -45.817722
1204660, -44.830155
1205280, -43.692326
1205900, -42.362762
1206520, -40.793825
1207140, -38.917448
1207760, -36.652095
1208380, -33.889366
1209000, -30.507267
1209620, -26.374069
1210240, -21.398841
1210860, -15.602378
1211480, -9.248236
1212100, -2.921580
1212720, 2.552635
1213340, 6.458651
1213960, 8.517195
1214580, 8.913965
1215200, 8.048933
1215820, 6.323564
1216440, 4.041030
1217060, 1.416211
1217680, -1.411201
1218300, -4.342731
1218920, -7.316687
1219540, -10.287353
1220160, -13.229246
1220780, -16.122041
1221400, -18.958502
1222020, -21.732023
1222640, -24.446765
1223260, -27.105481
1223880, -29.720267
1224500, -32.302969
1225120, -34.874400
1225740, -37.453618
1226360, -40.068166
1226980, -42.740513
1227600, -45.496058
1228220, -48.346001
1228840, -51.289694
1229460, -54.292325
1230080, -57.284658
1230700, -60.149736
1231320, -62.749463
1231940, -64.950569
1232560, -66.679662
1233180, -67.932902
1233800, -68.774373
1234420, -69.291336
1235040, -69.575686
1235660, -69.697775
1236280, -69.713792
1236900, -69.657779
1237520, -69.556634
1238140, -69.423352
1238760, -69.270624
1239380, -69.102191
1240000, -68.924826
1240620, -68.738519
1241240, -68.547664
1241860, -68.350755
1242480, -68.151235
1243100, -67.946993
1243720, -67.741081
1244340, -67.531128
1244960, -67.320019
1245580, -67.105287
1246200, -66.889750
1246820, -66.670894
1247440, -66.451495
1248060, -66.229024
1248680, -66.006252
1249300, -65.780652
1249920, -65.554972
1250540, -65.326668
1251160, -65.098501
1251780, -64.867943
1252400, -64.637739
1253020, -64.405337
1253640, -64.173487
1254260, -63.939656
1254880, -63.706592
1255500, -63.471726
1256120, -63.237786
1256740, -63.002233
1257360, -62.767815
1257980, -62.531933
1258600, -62.297288
1259220, -62.061321
1259840, -61.826760
1260460, -61.590996
1261080, -61.356685
1261700, -61.121239
1262320, -60.887355
1262940, -60.652415
1263560, -60.419016
1264180, -60.184529
1264800, -59.951609
1265420, -59.717637
1266040, -59.485134
1266660, -59.251415
1267280, -59.019079
1267900, -58.785506
1268520, -58.553140
1269140, -58.319218
1269760, -58.086272
1270380, -57.851625
1271000, -57.617700
1271620, -57.381629
1272240, -57.145846
1272860, -56.907599
1273480, -56.669278
1274100, -56.427872
1274720, -56.185686
1275340, -55.939856
1275960, -55.692690
1276580, -55.440986
1277200, -55.186863
1277820, -54.927290
1278440, -54.664361
1279060, -54.394599
1279680, -54.119851
1280300, -53.836822
1280920, -53.547073
1281540, -53.246723
1282160, -52.937185
1282780, -52.614535
1283400, -52.279343
1284020, -51.927049
1284640, -51.558079
1285260, -51.166680
1285880, -50.752289
1286500, -50.308177
1287120, -49.832016
1287740, -49.315423
1288360, -48.753543
1288980, -48.134850
1289600, -47.450817
1290220, -46.684422
1290840, -45.820388
1291460, -44.833253
1292080, -43.695895
1292700, -42.366996
1293320, -40.798826
1293940, -38.923502
1294560, -36.659422
1295180, -33.898372
1295800, -30.518274
1296420, -26.387504
1297040, -21.414813
1297660, -15.620608
1298280, -9.267412
1298900, -2.939600
1299520, 2.538379
1300140, 6.449663
1300760, 8.513606
1301380, 8.914714
1302000, 8.052822
1302620, 6.329473
1303240, 4.048264
1303860, 1.424195
1304480, -1.402746
1305100, -4.334097
1305720, -7.307965
1306340, -10.278709
1306960, -13.220682
1307580, -16.113660
1308200, -18.950258
1308820, -21.724005
1309440, -24.438898
1310060, -27.097795
1310680, -29.712651
1311300, -32.295455
1311920, -34.866857
1312540, -37.446051
1313160, -40.060431
1313780, -42.732600
1314400, -45.487844
1315020, -48.337529
1315640, -51.280952
1316260, -54.283531
1316880, -57.276027
1317500, -60.141717
1318120, -62.742413
1318740, -64.944849
1319360, -66.675318
1319980, -67.929899
1320600, -68.772414
1321220, -69.290214
1321840, -69.575100
1322460, -69.697603
1323080, -69.713841
1323700, -69.658026
1324320, -69.556959
1324940, -69.423781
1325560, -69.271072
1326180, -69.102706
1326800, -68.925335
1327420, -68.739078
1328040, -68.548208
1328660, -68.351342
1329280, -68.151802
1329900, -67.947600
1330520, -67.741665
1331140, -67.531750
1331760, -67.320617
1332380, -67.105923
1333000, -66.890361
1333620, -66.671541
1334240, -66.452117
1334860, -66.229681
1335480, -66.006883
1336100, -65.781318
1336720, -65.555611
1337340, -65.327341
1337960, -65.099147
1338580, -64.868622
1339200, -64.638390
1339820, -64.406022
1340440, -64.174143
1341060, -63.940344
1341680, -63.707251
1342300, -63.472417
1342920, -63.238448
1343540, -63.002926
1344160, -62.768478
1344780, -62.532627
1345400, -62.297951
1346020, -62.062015
1346640, -61.827423
1347260, -61.591689
1347880, -61.357346
1348500, -61.121931
1349120, -60.888015
1349740, -60.653105
1350360, -60.419675
1350980, -60.185218
1351600, -59.952267
1352220, -59.718325
1352840, -59.485791
1353460, -59.252102
1354080, -59.019736
1354700, -58.786194
1355320, -58.553797
1355940, -58.319907
1356560, -58.086931
1357180, -57.852316
1357800, -57.618362
1358420, -57.382324
1359040, -57.146514
1359660, -56.908302
1360280, -56.669955
1360900, -56.428585
1361520, -56.186375
1362140, -55.940583
1362760, -55.693396
1363380, -55.441733
1364000, -55.187590
1364620, -54.928061
1365240, -54.665116
1365860, -54.395403
1366480, -54.120644
1367100, -53.837667
1367720, -53.547913
1368340, -53.247623
1368960, -52.938087
1369580, -52.615505
1370200, -52.280326
1370820, -51.928112
1371440, -51.559171
1372060, -51.167870
1372680, -50.753525
1373300, -50.309534
1373920, -49.833448
1374540, -49.317012
1375160, -48.755250
1375780, -48.136767
1376400, -47.452918
1377020, -46.686815
1377640, -45.823072
1378260, -44.836369
1378880, -43.699486
1379500, -42.371252
1380120, -40.803853
1380740, -38.929585
1381360, -36.666783
1381980, -33.907417
1382600, -30.529327
1383220, -26.400990
1383840, -21.430842
1384460, -15.638899
1385080, -9.286649
1385700, -2.957672
1386320, 2.524085
1386940, 6.440661
1387560, 8.510022
1388180, 8.915487
1388800, 8.056747
1389420, 6.335426
1390040, 4.055547
1390660, 1.432231
1391280, -1.394239
1391900, -4.325408
1392520, -7.299190
1393140, -10.270011
1393760, -13.212068
1394380, -16.105228
1395000, -18.941965
1395620, -21.715938
1396240, -24.430984
1396860, -27.090062
1397480, -29.704990
1398100, -32.287894
1398720, -34.859269
1399340, -37.438438
1399960, -40.052653
1400580, -42.724640
1401200, -45.479584
1401820, -48.329009
1402440, -51.272164
1403060, -54.274689
1403680, -57.267351
1404300, -60.133655
1404920, -62.735327
1405540, -64.939098
1406160, -66.670952
1406780, -67.926880
1407400, -68.770447
1408020, -69.289087
1408640, -69.574513
1409260, -69.697431
1409880, -69.713894
1410500, -69.658275
1411120, -69.557289
1411740, -69.424215
1412360, -69.271526
1412980, -69.103225
1413600, -68.925850
1414220, -68.739642
1414840, -68.548758
1415460, -68.351934
1416080, -68.152375
1416700, -67.948212
1417320, -67.742256
1417940, -67.532378
1418560, -67.321223
1419180, -67.106564
1419800, -66.890979
1420420, -66.672194
1421040, -66.452745
1421660, -66.230344
1422280, -66.007521
1422900, -65.781990
1423520, -65.556257
1424140, -65.328021
1424760, -65.099800
1425380, -64.869308
1426000, -64.639049
1426620, -64.406713
1427240, -64.174806
1427860, -63.941039
1428480, -63.707918
1429100, -63.473115
1429720, -63.239117
1430340, -63.003626
1430960, -62.769148
1431580, -62.533327
1432200, -62.298621
1432820, -62.062715
1433440, -61.828093
1434060, -61.592388
1434680, -61.358016
1435300, -61.122629
1435920, -60.888683
1436540, -60.653802
1437160, -60.420342
1437780, -60.185914
1438400, -59.952932
1439020, -59.719019
1439640, -59.486456
1440260, -59.252796
1440880, -59.020401
1441500, -58.786887
1442120, -58.554461
1442740, -58.320601
1443360, -58.087597
1443980, -57.853013
1444600, -57.619032
1445220, -57.383026
1445840, -57.147190
1446460, -56.909010
1447080, -56.670639
1447700, -56.429304
1448320, -56.187071
1448940, -55.941316
1449560, -55.694109
1450180, -55.442485
1450800, -55.188326
1451420, -54.928838
1452040, -54.665880
1452660, -54.396213
1453280, -54.121445
1453900, -53.838519
1454520, -53.548762
1455140, -53.248530
1455760, -52.938997
1456380, -52.616484
1457000, -52.281320
1457620, -51.929184
1458240, -51.560273
1458860, -51.169069
1459480, -50.754772
1460100, -50.310902
1460720, -49.834893
1461340, -49.318614
1461960, -48.756973
1462580, -48.138700
1463200, -47.455038
1463820, -46.689226
1464440, -45.825779
1465060, -44.839510
1465680, -43.703106
1466300, -42.375541
1466920, -40.808921
1467540, -38.935715
1468160, -36.674202
1468780, -33.916532
1469400, -30.540466
1470020, -26.414579
1470640, -21.446996
1471260, -15.657330
1471880, -9.306036
1472500, -2.975887
1473120, 2.509673
1473740, 6.431582
1474360, 8.506403
1474980, 8.916262
1475600, 8.060698
1476220, 6.341424
1476840, 4.062884
1477460, 1.440330
1478080, -1.385666
1478700, -4.316651
1479320, -7.290347
1479940, -10.261244
1480560, -13.203386
1481180, -16.096728
1481800, -18.933606
1482420, -21.707805
1483040, -24.423009
1483660, -27.082267
1484280, -29.697269
1484900, -32.280272
1485520, -34.851622
1486140, -37.430764
1486760, -40.044814
1487380, -42.716617
1488000, -45.471261
1488620, -48.320423
1489240, -51.263309
1489860, -54.265779
1490480, -57.258610
1491100, -60.125530
1491720, -62.728186
1492340, -64.933301
1492960, -66.666551
1493580, -67.923836
1494200, -68.768466
1494820, -69.287950
1495440, -69.573922
1496060, -69.697256
1496680, -69.713948
1497300, -69.658526
1497920, -69.557623
1498540, -69.424651
1499160, -69.271985
1499780, -69.103748
1500400, -68.926371
1501020, -68.740211
1501640, -68.549313
1502260, -68.352530
1502880, -68.152954
1503500, -67.948829
1504120, -67.742852
1504740, -67.533011
1505360, -67.321834
1505980, -67.107210
1506600, -66.891603
1507220, -66.672852
1507840, -66.453380
1508460, -66.231012
1509080, -66.008166
1509700, -65.782667
1510320, -65.556910
1510940, -65.328705
1511560, -65.100460
1512180, -64.869999
1512800, -64.639715
1513420, -64.407409
1514040, -64.175476
1514660, -63.941739
1515280, -63.708591
1515900, -63.473817
1516520, -63.239792
1517140, -63.004330
1517760, -62.769825
1518380, -62.534032
1519000, -62.299298
1519620, -62.063420
1520240, -61.828770
1520860, -61.593092
1521480, -61.358691
1522100, -61.123332
1522720, -60.889358
1523340, -60.654504
1523960, -60.421015
1524580, -60.186614
1525200, -59.953604
1525820, -59.719718
1526440, -59.487127
1527060, -59.253495
1527680, -59.021072
1528300, -58.787586
1528920, -58.555133
1529540, -58.321301
1530160, -58.088270
1530780, -57.853715
1531400, -57.619709
1532020, -57.383733
1532640, -57.147872
1533260, -56.909724
1533880, -56.671330
1534500, -56.430029
1535120, -56.187775
1535740, -55.942054
1536360, -55.694829
1536980, -55.443244
1537600, -55.189068
1538220, -54.929622
1538840, -54.666651
1539460, -54.397030
1540080, -54.122255
1540700, -53.839378
1541320, -53.549619
1541940, -53.249444
1542560, -52.939917
1543180, -52.617469
1543800, -52.282322
1544420, -51.930265
1545040, -51.561385
1545660, -51.170277
1546280, -50.756031
1546900, -50.312280
1547520, -49.836351
1548140, -49.320228
1548760, -48.758711
1549380, -48.140649
1550000, -47.457177
1550620, -46.691657
1551240, -45.828510
1551860, -44.842676
1552480, -43.706757
1553100, -42.379865
1553720, -40.814033
1554340, -38.941895
1554960, -36.681685
1555580, -33.925722
1556200, -30.551700
1556820, -26.428281
1557440, -21.463287
1558060, -15.675919
1558680, -9.325594
1559300, -2.994265
1559920, 2.495125
1560540, 6.422412
1561160, 8.502739
1561780, 8.917033
1562400, 8.064674
1563020, 6.347468
1563640, 4.070279
1564260, 1.448495
1564880, -1.377024
1565500, -4.307821
1566120, -7.281432
1566740, -10.252403
1567360, -13.194633
1567980, -16.088156
1568600, -18.925180
1569220, -21.699605
1569840, -24.414968
1570460, -27.074406
1571080, -29.689485
1571700, -32.272587
1572320, -34.843912
1572940, -37.423027
1573560, -40.036911
1574180, -42.708528
1574800, -45.462871
1575420, -48.311766
1576040, -51.254384
1576660, -54.256797
1577280, -57.249798
1577900, -60.117337
1578520, -62.720988
1579140, -64.927455
1579760, -66.662114
1580380, -67.920765
1581000, -68.766467
1581620, -69.286803
1582240, -69.573327
1582860, -69.697080
1583480, -69.714004
1584100, -69.658779
1584720, -69.557961
1585340, -69.425091
1585960, -69.272449
1586580, -69.104274
1587200, -68.926896
1587820, -68.740783
1588440, -68.549874
1589060, -68.353131
1589680, -68.153538
1590300, -67.949450
1590920, -67.743455
1591540, -67.533648
1592160, -67.322451
1592780, -67.107861
1593400, -66.892233
1594020, -66.673515
1594640, -66.454021
1595260, -66.231685
1595880, -66.008816
1596500, -65.783349
1597120, -65.557569
1597740, -65.329394
1598360, -65.101126
1598980, -64.870694
1599600, -64.640386
1600220, -64.408110
1600840, -64.176152
1601460, -63.942444
1602080, -63.709271
1602700, -63.474525
1603320, -63.240474
1603940, -63.005040
1604560, -62.770508
1605180, -62.534742
1605800, -62.299982
1606420, -62.064130
1607040, -61.829453
1607660, -61.593802
1608280, -61.359374
1608900, -61.124040
1609520, -60.890039
1610140, -60.655210
1610760, -60.421694
1611380, -60.187320
1612000, -59.954282
1612620, -59.720423
1613240, -59.487805
1613860, -59.254199
1614480, -59.021749
1615100, -58.788290
1615720, -58.555810
1616340, -58.322006
1616960, -58.088950
1617580, -57.854423
1618200, -57.620392
1618820, -57.384445
1619440, -57.148561
1620060, -56.910443
1620680, -56.672027
1621300, -56.430759
1621920, -56.188485
1622540, -55.942798
1623160, -55.695555
1623780, -55.444008
1624400, -55.189818
1625020, -54.930411
1625640, -54.667430
1626260, -54.397853
1626880, -54.123071
1627500, -53.840243
1628120, -53.550484
1628740, -53.250365
1629360, -52.940844
1629980, -52.618463
1630600, -52.283334
1631220, -51.931354
1631840, -51.562508
1632460, -51.171495
1633080, -50.757301
1633700, -50.313670
1634320, -49.837823
1634940, -49.321855
1635560, -48.760465
1636180, -48.142613
1636800, -47.459334
1637420, -46.694107
1638040, -45.831265
1638660, -44.845869
1639280, -43.710440
1639900, -42.384226
1640520, -40.819189
1641140, -38.948127
1641760, -36.689232
1642380, -33.934990
1643000, -30.563030
1643620, -26.442100
1644240, -21.479720
1644860, -15.694668
1645480, -9.345324
1646100, -3.012809
1646720, 2.480375
1647340, 6.413079
1647960, 8.498976
1648580, 8.917768
1649200, 8.068662
1649820, 6.353558
1650440, 4.077740
1651060, 1.456741
1651680, -1.368293
1652300, -4.298895
1652920, -7.272420
1653540, -10.243464
1654160, -13.185783
1654780, -16.079488
1655400, -18.916658
1656020, -21.691310
1656640, -24.406835
1657260, -27.066455
1657880, -29.681613
1658500, -32.264812
1659120, -34.836115
1659740, -37.415200
1660360, -40.028919
1660980, -42.700345
1661600, -45.454386
1662220, -48.303010
1662840, -51.245357
1663460, -54.247710
1664080, -57.240886
1664700, -60.109049
1665320, -62.713704
1665940, -64.921537
1666560, -66.657624
1667180, -67.917654
1667800, -68.764443
1668420, -69.285638
1669040, -69.572724
1669660, -69.696899
1670280, -69.714059
1670900, -69.659032
1671520, -69.558302
1672140, -69.425533
1672760, -69.272917
1673380, -69.104805
1674000, -68.927428
1674620, -68.741360
1675240, -68.550441
1675860, -68.353737
1676480, -68.154129
1677100, -67.950076
1677720, -67.744064
1678340, -67.534290
1678960, -67.323075
1679580, -67.108517
1680200, -66.892869
1680820, -66.674183
1681440, -66.454669
1682060, -66.232364
1682680, -66.009474
1683300, -65.784037
1683920, -65.558235
1684540, -65.330090
1685160, -65.101799
1685780, -64.871396
1686400, -64.641065
1687020, -64.408817
1687640, -64.176836
1688260, -63.943155
1688880, -63.709958
1689500, -63.475239
1690120, -63.241164
1690740, -63.005755
1691360, -62.771199
1691980, -62.535459
1692600, -62.300673
1693220, -62.064847
1693840, -61.830143
1694460, -61.594517
1695080, -61.360064
1695700, -61.124755
1696320, -60.890727
1696940, -60.655924
1697560, -60.422382
1698180, -60.188032
1698800, -59.954968
1699420, -59.721134
1700040, -59.488490
1700660, -59.254910
1701280, -59.022434
1701900, -58.789000
1702520, -58.556496
1703140, -58.322718
1703760, -58.089637
1704380, -57.855136
1705000, -57.621082
1705620, -57.385164
1706240, -57.149258
1706860, -56.911169
1707480, -56.672732
1708100, -56.431495
1708720, -56.189203
1709340, -55.943549
1709960, -55.696290
1710580, -55.444779
1711200, -55.190576
1711820, -54.931207
1712440, -54.668217
1713060, -54.398684
1713680, -54.123897
1714300, -53.841116
1714920, -53.551358
1715540, -53.251295
1716160, -52.941783
1716780, -52.619466
1717400, -52.284358
1718020, -51.932454
1718640, -51.563643
1719260, -51.172725
1719880, -50.758585
1720500, -50.315074
1721120, -49.839310
1721740, -49.323499
1722360, -48.762238
1722980, -48.144598
1723600, -47.461516
1724220, -46.696584
1724840, -45.834050
1725460, -44.849096
1726080, -43.714164
1726700, -42.388633
1727320, -40.824402
1727940, -38.954427
1728560, -36.696863
1729180, -33.944359
1729800, -30.574487
1730420, -26.456072
1731040, -21.496337
1731660, -15.713628
1732280, -9.365283
1732900, -3.031572
1733520, 2.465418
1734140, 6.403597
1734760, 8.495132
1735380, 8.918487
1736000, 8.072676
1736620, 6.359708
1737240, 4.085279
1737860, 1.465080
1738480, -1.359464
1739100, -4.289866
1739720, -7.263305
1740340, -10.234420
1740960, -13.176830
1741580, -16.070716
1742200, -18.908037
1742820, -21.682916
1743440, -24.398608
1744060, -27.058408
1744680, -29.673647
1745300, -32.256945
1745920, -34.828227
1746540, -37.407279
1747160, -40.020833
1747780, -42.692065
1748400, -45.445802
1749020, -48.294149
1749640, -51.236225
1750260, -54.238516
1750880, -57.231869
1751500, -60.100661
1752120, -62.706334
1752740, -64.915546
1753360, -66.653077
1753980, -67.914503
1754600, -68.762394
1755220, -69.284458
1755840, -69.572113
1756460, -69.696714
1757080, -69.714115
1757700, -69.659287
1758320, -69.558647
1758940, -69.425980
1759560, -69.273392
1760180, -69.105340
1760800, -68.927966
1761420, -68.741943
1762040, -68.551015
1762660, -68.354348
1763280, -68.154727
1763900, -67.950708
1764520, -67.744680
1765140, -67.534939
1765760, -67.323707
1766380, -67.109180
1767000, -66.893514
1767620, -66.674858
1768240, -66.455325
1768860, -66.233049
1769480, -66.010140
1770100, -65.784731
1770720, -65.558909
1771340, -65.330792
1771960, -65.102481
1772580, -64.872105
1773200, -64.641753
1773820, -64.409531
1774440, -64.177528
1775060, -63.943873
1775680, -63.710654
1776300, -63.475960
1776920, -63.241862
1777540, -63.006478
1778160, -62.771898
1778780, -62.536182
1779400, -62.301373
1780020, -62.065570
1780640, -61.830843
1781260, -61.595240
1781880, -61.360762
1782500, -61.125477
1783120, -60.891424
1783740, -60.656644
1784360, -60.423077
1784980, -60.188751
1785600, -59.955662
1786220, -59.721852
1786840, -59.489184
1787460, -59.255627
1788080, -59.023127
1788700, -58.789717
1789320, -58.557189
1789940, -58.323436
1790560, -58.090332
1791180, -57.855857
1791800, -57.621781
1792420, -57.385890
1793040, -57.149963
1793660, -56.911901
1794280, -56.673446
1794900, -56.432239
1795520, -56.189930
1796140, -55.944308
1796760, -55.697034
1797380, -55.445558
1798000, -55.191343
1798620, -54.932012
1799240, -54.669014
1799860, -54.399523
1800480, -54.124733
1801100, -53.841999
1801720, -53.552244
1802340, -53.252234
1802960, -52.942732
1803580, -52.620480
1804200, -52.285394
1804820, -51.933566
1805440, -51.564792
1806060, -51.173969
1806680, -50.759885
1807300, -50.316493
1807920, -49.840816
1808540, -49.325162
1809160, -48.764032
1809780, -48.146605
1810400, -47.463723
1811020, -46.699088
1811640, -45.836868
1812260, -44.852359
1812880, -43.717933
1813500, -42.393091
1814120, -40.829676
1814740, -38.960800
1815360, -36.704584
1815980, -33.953837
1816600, -30.586079
1817220, -26.470208
1817840, -21.513151
1818460, -15.732814
1819080, -9.385484
1819700, -3.050567
1820320, 2.450268
1820940, 6.393986
1821560, 8.491225
1822180, 8.919199
1822800, 8.076725
1823420, 6.365921
1824040, 4.092899
1824660, 1.473512
1825280, -1.350537
1825900, -4.280735
1826520, -7.254087
1827140, -10.225272
1827760, -13.167776
1828380, -16.061844
1829000, -18.899318
1829620, -21.674426
1830240, -24.390287
1830860, -27.050269
1831480, -29.665592
1832100, -32.248987
1832720, -34.820249
1833340, -37.399268
1833960, -40.012656
1834580, -42.683691
1835200, -45.437122
1835820, -48.285189
1836440, -51.226991
1837060, -54.229218
1837680, -57.222752
1838300, -60.092177
1838920, -62.698880
1839540, -64.909485
1840160, -66.648478
1840780, -67.911314
1841400, -68.760320
1842020, -69.283262
1842640, -69.571495
1843260, -69.696525
1843880, -69.714172
1844500, -69.659543
1845120, -69.558996
1845740, -69.426430
1846360, -69.273872
1846980, -69.105881
1847600, -68.928510
1848220, -68.742531
1848840, -68.551597
1849460, -68.354966
1850080, -68.155333
1850700, -67.951347
1851320, -67.745305
1851940, -67.535595
1852560, -67.324346
1853180, -67.109849
1853800, -66.894166
1854420, -66.675539
1855040, -66.455989
1855660, -66.233741
1856280, -66.010814
1856900, -65.785433
1857520, -65.559591
1858140, -65.331502
1858760, -65.103170
1859380, -64.872821
1860000, -64.642448
1860620, -64.410252
1861240, -64.178228
1861860, -63.944598
1862480, -63.711358
1863100, -63.476689
1863720, -63.242569
1864340, -63.007209
1864960, -62.772605
1865580, -62.536913
1866200, -62.302081
1866820, -62.066301
1867440, -61.831550
1868060, -61.595971
1868680, -61.361468
1869300, -61.126206
1869920, -60.892129
1870540, -60.657372
1871160, -60.423781
1871780, -60.189477
1872400, -59.956364
1873020, -59.722577
1873640, -59.489885
1874260, -59.256352
1874880, -59.023829
1875500, -58.790442
1876120, -58.557891
1876740, -58.324162
1877360, -58.091036
1877980, -57.856585
1878600, -57.622488
1879220, -57.386623
1879840, -57.150676
1880460, -56.912642
1881080, -56.674169
1881700, -56.432991
1882320, -56.190666
1882940, -55.945074
1883560, -55.697787
1884180, -55.446345
1884800, -55.192120
1885420, -54.932825
1886040, -54.669821
1886660, -54.400372
1887280, -54.125580
1887900, -53.842891
1888520, -53.553140
1889140, -53.253184
1889760, -52.943694
1890380, -52.621504
1891000, -52.286442
1891620, -51.934689
1892240, -51.565955
1892860, -51.175226
1893480, -50.761201
1894100, -50.317927
1894720, -49.842340
1895340, -49.326842
1895960, -48.765848
1896580, -48.148635
1897200, -47.465957
1897820, -46.701621
1898440, -45.839720
1899060, -44.855659
1899680, -43.721745
1900300, -42.397600
1900920, -40.835012
1901540, -38.967245
1902160, -36.712394
1902780, -33.963424
1903400, -30.597805
1904020, -26.484507
1904640, -21.530162
1905260, -15.752224
1905880, -9.405926
1906500, -3.069792
1907120, 2.434926
1907740, 6.384246
1908360, 8.487255
1908980, 8.919908
1909600, 8.080810
1910220, 6.372199
1910840, 4.100600
1911460, 1.482036
1912080, -1.341512
1912700, -4.271501
1913320, -7.244766
1913940, -10.216021
1914560, -13.158621
1915180, -16.052871
1915800, -18.890501
1916420, -21.665840
1917040, -24.381873
1917660, -27.042037
1918280, -29.657446
1918900, -32.240939
1919520, -34.812182
1920140, -37.391166
1920760, -40.004388
1921380, -42.675223
1922000, -45.428346
1922620, -48.276129
1923240, -51.217656
1923860, -54.219817
1924480, -57.213534
1925100, -60.083598
1925720, -62.691343
1926340, -64.903354
1926960, -66.643827
1927580, -67.908086
1928200, -68.758222
1928820, -69.282051
1929440, -69.570869
1930060, -69.696333
1930680, -69.714229
1931300, -69.659802
1931920, -69.559350
1932540, -69.426885
1933160, -69.274358
1933780, -69.106427
1934400, -68.929062
1935020, -68.743126
1935640, -68.552185
1936260, -68.355590
1936880, -68.155946
1937500, -67.951992
1938120, -67.745936
1938740, -67.536257
1939360, -67.324993
1939980, -67.110525
1940600, -66.894827
1941220, -66.676228
1941840, -66.456661
1942460, -66.234441
1943080, -66.011496
1943700, -65.786141
1944320, -65.560282
1944940, -65.332219
1945560, -65.103868
1946180, -64.873545
1946800, -64.643152
1947420, -64.410981
1948040, -64.178937
1948660, -63.945331
1949280, -63.712070
1949900, -63.477425
1950520, -63.243284
1951140, -63.007947
1951760, -62.773322
1952380, -62.537652
1953000, -62.302798
1953620, -62.067040
1954240, -61.832266
1954860, -61.596708
1955480, -61.362184
1956100, -61.126943
1956720, -60.892843
1957340, -60.658107
1957960, -60.424494
1958580, -60.190211
1959200, -59.957075
1959820, -59.723309
1960440, -59.490596
1961060, -59.257085
1961680, -59.024540
1962300, -58.791174
1962920, -58.558602
1963540, -58.324895
1964160, -58.091749
1964780, -57.857321
1965400, -57.623205
1966020, -57.387364
1966640, -57.151399
1967260, -56.913390
1967880, -56.674900
1968500, -56.433751
1969120, -56.191411
1969740, -55.945848
1970360, -55.698550
1970980, -55.447140
1971600, -55.192906
1972220, -54.933647
1972840, -54.670637
1973460, -54.401229
1974080, -54.126436
1974700, -53.843792
1975320, -53.554047
1975940, -53.254144
1976560, -52.944666
1977180, -52.622540
1977800, -52.287503
1978420, -51.935825
1979040, -51.567132
1979660, -51.176497
1980280, -50.762532
1980900, -50.319377
1981520, -49.843882
1982140, -49.328541
1982760, -48.767685
1983380, -48.150687
1984000, -47.468216
1984620, -46.704182
1985240, -45.842604
1985860, -44.858996
1986480, -43.725601
1987100, -42.402159
1987720, -40.840410
1988340, -38.973764
1988960, -36.720294
1989580, -33.973119
1990200, -30.609666
1990820, -26.498969
1991440, -21.547369
1992060, -15.771858
1992680, -9.426610
1993300, -3.089249
1993920, 2.419390
1994540, 6.374376
1995160, 8.483222
1995780, 8.920611
1996400, 8.084931
1997020, 6.378542
1997640, 4.108383
1998260, 1.490654
1998880, -1.332388
1999500, -4.262165
2000120, -7.235343
2000740, -10.206666
2001360, -13.149364
2001980, -16.043797
2002600, -18.881586
2003220, -21.657156
2003840, -24.373365
2004460, -27.033713
2005080, -29.649210
2005700, -32.232800
2006320, -34.804026
2006940, -37.382974
2007560, -39.996029
2008180, -42.666662
2008800, -45.419477
2009420, -48.266970
2010040, -51.208221
2010660, -54.210313
2011280, -57.204216
2011900, -60.074924
2012520, -62.683722
2013140, -64.897152
2013760, -66.639122
2014380, -67.904819
2015000, -68.756100
2015620, -69.280824
2016240, -69.570236
2016860, -69.696137
2017480, -69.714287
2018100, -69.660061
2018720, -69.559708
2019340, -69.427344
2019960, -69.274850
2020580, -69.106978
2021200, -68.929619
2021820, -68.743725
2022440, -68.552780
2023060, -68.356219
2023680, -68.156566
2024300, -67.952643
2024920, -67.746575
2025540, -67.536924
2026160, -67.325647
2026780, -67.111208
2027400, -66.895494
2028020, -66.676923
2028640, -66.457341
2029260, -66.235146
2029880, -66.012185
2030500, -65.786856
2031120, -65.560980
2031740, -65.332942
2032360, -65.104574
2032980, -64.874274
2033600, -64.643864
2034220, -64.411716
2034840, -64.179654
2035460, -63.946071
2036080, -63.712790
2036700, -63.478167
2037320, -63.244006
2037940, -63.008691
2038560, -62.774046
2039180, -62.538397
2039800, -62.303522
2040420, -62.067785
2041040, -61.832990
2041660, -61.597453
2042280, -61.362907
2042900, -61.127686
2043520, -60.893564
2044140, -60.658848
2044760, -60.425214
2045380, -60.190951
2046000, -59.957794
2046620, -59.724049
2047240, -59.491314
2047860, -59.257823
2048480, -59.025258
2049100, -58.791913
2049720, -58.559320
2050340, -58.325635
2050960, -58.092469
2051580, -57.858064
2052200, -57.623928
2052820, -57.388111
2053440, -57.152129
2054060, -56.914145
2054680, -56.675640
2055300, -56.434517
2055920, -56.192163
2056540, -55.946630
2057160, -55.699320
2057780, -55.447942
2058400, -55.193700
2059020, -54.934476
2059640, -54.671462
2060260, -54.402093
2060880, -54.127301
2061500, -53.844702
2062120, -53.554963
2062740, -53.255112
2063360, -52.945649
2063980, -52.623585
2064600, -52.288575
2065220, -51.936971
2065840, -51.568320
2066460, -51.177779
2067080, -50.763876
2067700, -50.320841
2068320, -49.845438
2068940, -49.330256
2069560, -48.769540
2070180, -48.152757
2070800, -47.470498
2071420, -46.706766
2072040, -45.845516
2072660, -44.862364
2073280, -43.729494
2073900, -42.406760
2074520, -40.845858
2075140, -38.980341
2075760, -36.728268
2076380, -33.982904
2077000, -30.621637
2077620, -26.513564
2078240, -21.564737
2078860, -15.791675
2079480, -9.447490
2080100, -3.108895
2080720, 2.403696
2081340, 6.364399
2081960, 8.479136
2082580, 8.921310
2083200, 8.089081
2083820, 6.384938
2084440, 4.116232
2085060, 1.499349
2085680, -1.323183
2086300, -4.252744
2086920, -7.225835
2087540, -10.197226
2088160, -13.140023
2088780, -16.034640
2089400, -18.872591
2090020, -21.648393
2090640, -24.364780
2091260, -27.025312
2091880, -29.640899
2092500, -32.224586
2093120, -34.795796
2093740, -37.374706
2094360, -39.987595
2094980, -42.658027
2095600, -45.410532
2096220, -48.257732
2096840, -51.198705
2097460, -54.200726
2098080, -57.194817
2098700, -60.066173
2099320, -62.676033
2099940, -64.890893
2100560, -66.634373
2101180, -67.901520
2101800, -68.753956
2102420, -69.279583
2103040, -69.569596
2103660, -69.695937
2104280, -69.714345
2104900, -69.660322
2105520, -69.560068
2106140, -69.427805
2106760, -69.275345
2107380, -69.107532
2108000, -68.930181
2108620, -68.744328
2109240, -68.553379
2109860, -68.356853
2110480, -68.157191
2111100, -67.953298
2111720, -67.747219
2112340, -67.537597
2112960, -67.326307
2113580, -67.111894
2114200, -66.896167
2114820, -66.677622
2115440, -66.458025
2116060, -66.235857
2116680, -66.012881
2117300, -65.787576
2117920, -65.561684
2118540, -65.333670
2119160, -65.105286
2119780, -64.875009
2120400, -64.644582
2121020, -64.412457
2121640, -64.180376
2122260, -63.946815
2122880, -63.713517
2123500, -63.478915
2124120, -63.244735
2124740, -63.009441
2125360, -62.774776
2125980, -62.539147
2126600, -62.304252
2127220, -62.068535
2127840, -61.833720
2128460, -61.598202
2129080, -61.363636
2129700, -61.128434
2130320, -60.894292
2130940, -60.659595
2131560, -60.425940
2132180, -60.191697
2132800, -59.958519
2133420, -59.724793
2134040, -59.492038
2134660, -59.258567
2135280, -59.025981
2135900, -58.792656
2136520, -58.560044
2137140, -58.326380
2137760, -58.093196
2138380, -57.858811
2139000, -57.624658
2139620, -57.388864
2140240, -57.152865
2140860, -56.914905
2141480, -56.676385
2142100, -56.435289
2142720, -56.192922
2143340, -55.947416
2143960, -55.700096
2144580, -55.448750
2145200, -55.194501
2145820, -54.935310
2146440, -54.672294
2147060, -54.402964
2147680, -54.128174
2148300, -53.845617
2148920, -53.555886
2149540, -53.256087
2150160, -52.946639
2150780, -52.624637
2151400, -52.289655
2152020, -51.938125
2152640, -51.569518
2153260, -51.179070
2153880, -50.765231
2154500, -50.322314
2155120, -49.847007
2155740, -49.331982
2156360, -48.771409
2156980, -48.154841
2157600, -47.472795
2158220, -46.709367
2158840, -45.848449
2159460, -44.865754
2160080, -43.733413
2160700, -42.411391
2161320, -40.851343
2161940, -38.986963
2162560, -36.736295
2163180, -33.992753
2163800, -30.633688
2164420, -26.528255
2165040, -21.582221
2165660, -15.811626
2166280, -9.468514
2166900, -3.128680
2167520, 2.387883
2168140, 6.354341
2168760, 8.475009
2169380, 8.922003
2170000, 8.093251
2170620, 6.391371
2171240, 4.124129
2171860, 1.508099
2172480, -1.313920
2173100, -4.243261
2173720, -7.216266
2174340, -10.187723
2174960, -13.130622
2175580, -16.025423
2176200, -18.863537
2176820, -21.639571
2177440, -24.356139
2178060, -27.016854
2178680, -29.632534
2179300, -32.216318
2179920, -34.787512
2180540, -37.366384
2181160, -39.979107
2181780, -42.649336
2182400, -45.401530
2183020, -48.248435
2183640, -51.189128
2184260, -54.191078
2184880, -57.185359
2185500, -60.057364
2186120, -62.668294
2186740, -64.884591
2187360, -66.629592
2187980, -67.898197
2188600, -68.751798
2189220, -69.278333
2189840, -69.568952
2190460, -69.695736
2191080, -69.714403
2191700, -69.660584
2192320, -69.560432
2192940, -69.428268
2193560, -69.275845
2194180, -69.108090
2194800, -68.930747
2195420, -68.744935
2196040, -68.553984
2196660, -68.357490
2197280, -68.157820
2197900, -67.953957
2198520, -67.747868
2199140, -67.538273
2199760, -67.326972
2200380, -67.112585
2201000, -66.896846
2201620, -66.678326
2202240, -66.458716
2202860, -66.236572
2203480, -66.013581
2204100, -65.788301
2204720, -65.562394
2205340, -65.334402
2205960, -65.106003
2206580, -64.875749
2207200, -64.645305
2207820, -64.413202
2208440, -64.181105
2209060, -63.947564
2209680, -63.714248
2210300, -63.479667
2210920, -63.245469
2211540, -63.010195
2212160, -62.775511
2212780, -62.539902
2213400, -62.304988
2214020, -62.069290
2214640, -61.834455
2215260, -61.598956
2215880, -61.364370
2216500, -61.129187
2217120, -60.895025
2217740, -60.660347
2218360, -60.426672
2218980, -60.192447
2219600, -59.959249
2220220, -59.725542
2220840, -59.492768
2221460, -59.259316
2222080, -59.026711
2222700, -58.793405
2223320, -58.560774
2223940, -58.327130
2224560, -58.093927
2225180, -57.859563
2225800, -57.625393
2226420, -57.389621
2227040, -57.153607
2227660, -56.915670
2228280, -56.677136
2228900, -56.436065
2229520, -56.193687
2230140, -55.948208
2230760, -55.700879
2231380, -55.449563
2232000, -55.195308
2232620, -54.936150
2233240, -54.673132
2233860, -54.403840
2234480, -54.129053
2235100, -53.846539
2235720, -53.556817
2236340, -53.257068
2236960, -52.947637
2237580, -52.625695
2238200, -52.290743
2238820, -51.939286
2239440, -51.570724
2240060, -51.180369
2240680, -50.766595
2241300, -50.323797
2241920, -49.848587
2242540, -49.333719
2243160, -48.773291
2243780, -48.156940
2244400, -47.475109
2245020, -46.711986
2245640, -45.851402
2246260, -44.869167
2246880, -43.737361
2247500, -42.416054
2248120, -40.856866
2248740, -38.993629
2249360, -36.744378
2249980, -34.002669
2250600, -30.645828
2251220, -26.543055
2251840, -21.599835
2252460, -15.831723
2253080, -9.489694
2253700, -3.148613
2254320, 2.371951
2254940, 6.344207
2255560, 8.470851
2256180, 8.922706
2256800, 8.097456
2257420, 6.397861
2258040, 4.132093
2258660, 1.516924
2259280, -1.304579
2259900, -4.233697
2260520, -7.206616
2261140, -10.178140
2261760, -13.121142
2262380, -16.016126
2263000, -18.854407
2263620, -21.630674
2264240, -24.347425
2264860, -27.008325
2265480, -29.624099
2266100, -32.207980
2266720, -34.779160
2267340, -37.357992
2267960, -39.970549
2268580, -42.640573
2269200, -45.392455
2269820, -48.239061
2270440, -51.179476
2271060, -54.181351
2271680, -57.175826
2272300, -60.048485
2272920, -62.660494
2273540, -64.878237
2274160, -66.624772
2274780, -67.894846
2275400, -68.749623
2276020, -69.277072
2276640, -69.568304
2277260, -69.695532
2277880, -69.714464
2278500, -69.660848
2279120, -69.560800
2279740, -69.428736
2280360, -69.276350
2280980, -69.108653
2281600, -68.931320
2282220, -68.745548
2282840, -68.554595
2283460, -68.358134
2284080, -68.158457
2284700, -67.954622
2285320, -67.748524
2285940, -67.538956
2286560, -67.327644
2287180, -67.113283
2287800, -66.897532
2288420, -66.679036
2289040, -66.459414
2289660, -66.237293
2290280, -66.014289
2290900, -65.789032
2291520, -65.563111
2292140, -65.335142
2292760, -65.106727
2293380, -64.876495
2294000, -64.646036
2294620, -64.413954
2295240, -64.181841
2295860, -63.948321
2296480, -63.714988
2297100, -63.480427
2297720, -63.246212
2298340, -63.010956
2298960, -62.776255
2299580, -62.540665
2300200, -62.305733
2300820, -62.070053
2301440, -61.835199
2302060, -61.599718
2302680, -61.365113
2303300, -61.129947
2303920, -60.895766
2304540, -60.661105
2305160, -60.427412
2305780, -60.193204
2306400, -59.959988
2307020, -59.726298
2307640, -59.493506
2308260, -59.260072
2308880, -59.027448
2309500, -58.794160
2310120, -58.561512
2310740, -58.327887
2311360, -58.094667
2311980, -57.860322
2312600, -57.626137
2313220, -57.390386
2313840, -57.154357
2314460, -56.916442
2315080, -56.677895
2315700, -56.436849
2316320, -56.194460
2316940, -55.949007
2317560, -55.701670
2318180, -55.450384
2318800, -55.196123
2319420, -54.936998
2320040, -54.673978
2320660, -54.404725
2321280, -54.129941
2321900, -53.847469
2322520, -53.557757
2323140, -53.258058
2323760, -52.948646
2324380, -52.626764
2325000, -52.291842
2325620, -51.940458
2326240, -51.571943
2326860, -51.181680
2327480, -50.767974
2328100, -50.325294
2328720, -49.850182
2329340, -49.335473
2329960, -48.775191
2330580, -48.159058
2331200, -47.477446
2331820, -46.714629
2332440, -45.854384
2333060, -44.872611
2333680, -43.741346
2334300, -42.420760
2334920, -40.862442
2335540, -39.000357
2336160, -36.752536
2336780, -34.012674
2337400, -30.658084
2338020, -26.557997
2338640, -21.617617
2339260, -15.852007
2339880, -9.511067
2340500, -3.168719
2341120, 2.355885
2341740, 6.334001
2342360, 8.466680
2342980, 8.923446
2343600, 8.101733
2344220, 6.404445
2344840, 4.140165
2345460, 1.525866
2346080, -1.295118
2346700, -4.224011
2347320, -7.196844
2347940, -10.168435
2348560, -13.111543
2349180, -16.006712
2349800, -18.845163
2350420, -21.621665
2351040, -24.338603
2351660, -26.999688
2352280, -29.615559
2352900, -32.199537
2353520, -34.770705
2354140, -37.349496
2354760, -39.961887
2355380, -42.631702
2356000, -45.383271
2356620, -48.229575
2357240, -51.169709
2357860, -54.171510
2358480, -57.166182
2359100, -60.039501
2359720, -62.652603
2360340, -64.871809
2360960, -66.619897
2361580, -67.891457
2362200, -68.747425
2362820, -69.275799
2363440, -69.567652
2364060, -69.695329
2364680, -69.714529
2365300, -69.661118
2365920, -69.561176
2366540, -69.429213
2367160, -69.276865
2367780, -69.109225
2368400, -68.931903
2369020, -68.746171
2369640, -68.555217
2370260, -68.358788
2370880, -68.159105
2371500, -67.955298
2372120, -67.749192
2372740, -67.539650
2373360, -67.328328
2373980, -67.113992
2374600, -66.898230
2375220, -66.679758
2375840, -66.460124
2376460, -66.238026
2377080, -66.015010
2377700, -65.789775
2378320, -65.563841
2378940, -65.335893
2379560, -65.107465
2380180, -64.877253
2380800, -64.646780
2381420, -64.414718
2382040, -64.182590
2382660, -63.949089
2383280, -63.715741
2383900, -63.481199
2384520, -63.246967
2385140, -63.011730
2385760, -62.777012
2386380, -62.541439
2387000, -62.306490
2387620, -62.070827
2388240, -61.835956
2388860, -61.600491
2389480, -61.365869
2390100, -61.130720
2390720, -60.896520
2391340, -60.661876
2391960, -60.428165
2392580, -60.193974
2393200, -59.960739
2393820, -59.727066
2394440, -59.494256
2395060, -59.260840
2395680, -59.028199
2396300, -58.794927
2396920, -58.562263
2397540, -58.328656
2398160, -58.095420
2398780, -57.861093
2399400, -57.626893
2400020, -57.391162
2400640, -57.155120
2401260, -56.917226
2401880, -56.678668
2402500, -56.437645
2403120, -56.195246
2403740, -55.949818
2404360, -55.702474
2404980, -55.451217
2405600, -55.196953
2406220, -54.937859
2406840, -54.674839
2407460, -54.405623
2408080, -54.130844
2408700, -53.848413
2409320, -53.558713
2409940, -53.259064
2410560, -52.949670
2411180, -52.627849
2411800, -52.292959
2412420, -51.941647
2413040, -51.573181
2413660, -51.183011
2414280, -50.769374
2414900, -50.326813
2415520, -49.851803
2416140, -49.337253
2416760, -48.777121
2417380, -48.161207
2418000, -47.479819
2418620, -46.717311
2419240, -45.857410
2419860, -44.876106
2420480, -43.745389
2421100, -42.425534
2421720, -40.868099
2422340, -39.007182
2422960, -36.760802
2423580, -34.022803
2424200, -30.670486
2424820, -26.573110
2425440, -21.635597
2426060, -15.872508
2426680, -9.532662
2427300, -3.189024
2427920, 2.339671
2428540, 6.323716
2429160, 8.462499
2429780, 8.924233
2430400, 8.106096
2431020, 6.411141
2431640, 4.148363
2432260, 1.534944
2432880, -1.285516
2433500, -4.214182
2434120, -7.186930
2434740, -10.158588
2435360, -13.101805
2435980, -15.997162
2436600, -18.835791
2437220, -21.612531
2437840, -24.329659
2438460, -26.990930
2439080, -29.606933
2439700, -32.191013
2440320, -34.762168
2440940, -37.340913
2441560, -39.953135
2442180, -42.622737
2442800, -45.373988
2443420, -48.219985
2444040, -51.159835
2444660, -54.161560
2445280, -57.156431
2445900, -60.030416
2446520, -62.644623
2447140, -64.865307
2447760, -66.614967
2448380, -67.888028
2449000, -68.745201
2449620, -69.274510
2450240, -69.566993
2450860, -69.695123
2451480, -69.714595
2452100, -69.661391
2452720, -69.561557
2453340, -69.429694
2453960, -69.277387
2454580, -69.109803
2455200, -68.932494
2455820, -68.746800
2456440, -68.555847
2457060, -68.359448
2457680, -68.159761
2458300, -67.955982
2458920, -67.749868
2459540, -67.540351
2460160, -67.329021
2460780, -67.114708
2461400, -66.898936
2462020, -66.680488
2462640, -66.460843
2463260, -66.238768
2463880, -66.015740
2464500, -65.790526
2465120, -65.564580
2465740, -65.336653
2466360, -65.108212
2466980, -64.878020
2467600, -64.647533
2468220, -64.415490
2468840, -64.183348
2469460, -63.949866
2470080, -63.716503
2470700, -63.481979
2471320, -63.247732
2471940, -63.012512
2472560, -62.777778
2473180, -62.542222
2473800, -62.307256
2474420, -62.071610
2475040, -61.836722
2475660, -61.601273
2476280, -61.366634
2476900, -61.131501
2477520, -60.897284
2478140, -60.662655
2478760, -60.428927
2479380, -60.194752
2480000, -59.961499
2480620, -59.727843
2481240, -59.495016
2481860, -59.261616
2482480, -59.028958
2483100, -58.795703
2483720, -58.563022
2484340, -58.329433
2484960, -58.096182
2485580, -57.861873
2486200, -57.627659
2486820, -57.391947
2487440, -57.155892
2488060, -56.918018
2488680, -56.679449
2489300, -56.438449
2489920, -56.196041
2490540, -55.950638
2491160, -55.703288
2491780, -55.452059
2492400, -55.197792
2493020, -54.938729
2493640, -54.675710
2494260, -54.406530
2494880, -54.131757
2495500, -53.849367
2496120, -53.559679
2496740, -53.260080
2497360, -52.950706
2497980, -52.628944
2498600, -52.294088
2499220, -51.942849
2499840, -51.574433
2500460, -53.904019
2501080, -55.879352
2501700, -57.639630
2502320, -59.263233
2502940, -60.791901
2503560, -62.233806
2504180, -63.586671
2504800, -64.836820
2505420, -65.976690
2506040, -66.997598
2506660, -67.901593
2507280, -68.690301
2507900, -69.374255
2508520, -69.960703
2509140, -70.462970
2509760, -70.888847
2510380, -71.250800
2511000, -71.554991
2511620, -71.811878
2512240, -72.025589
2512860, -72.204633
2513480, -72.351359
2514100, -72.472708
2514720, -72.569680
2515340, -72.648047
2515960, -72.707814
2516580, -72.753907
2517200, -72.785612
2517820, -72.807246
2518440, -72.817583
2519060, -72.820498
2519680, -72.814399
2520300, -72.802845
2520920, -72.783977
2521540, -72.761126
2522160, -72.732242
2522780, -72.700487
2523400, -72.663671
2524020, -72.624833
2524640, -72.581680
2525260, -72.537161
2525880, -72.488905
2526500, -72.439794
2527120, -72.387400
2527740, -72.334552
2528360, -72.278783
2528980, -72.222880
2529600, -72.164345
2530220, -72.105935
2530840, -72.045127
2531460, -71.984655
2532080, -71.921978
2532700, -71.859807
2533320, -71.795587
2533940, -71.732015
2534560, -71.666529
2535180, -71.601813
2535800, -71.535296
2536420, -71.469655
2537040, -71.402313
2537660, -71.335937
2538280, -71.267947
2538900, -71.201004
2539520, -71.132523
2540140, -71.065159
2540760, -70.996326
2541380, -70.928672
2542000, -70.859605
2542620, -70.791765
2543240, -70.722561
2543860, -70.654632
2544480, -70.585387
2545100, -70.517461
2545720, -70.448265
2546340, -70.380431
2546960, -70.311368
2547580, -70.243707
2548200, -70.174857
2548820, -70.107445
2549440, -70.038881
2550060, -69.971788
2550680, -69.903575
2551300, -69.836855
2551920, -69.769036
2552540, -69.702730
2553160, -69.635350
2553780, -69.569509
2554400, -69.502618
2555020, -69.437290
2555640, -69.370939
2556260, -69.306173
2556880, -69.240409
2557500, -69.176254
2558120, -69.111124
2558740, -69.047623
2559360, -68.983171
2559980, -68.920365
2560600, -68.856615
2561220, -68.794514
2561840, -68.731478
2562460, -68.670101
2563080, -68.607801
2563700, -68.547172
2564320, -68.485636
2564940, -68.425785
2565560, -68.365043
2566180, -68.305999
2566800, -68.246079
2567420, -68.187872
2568040, -68.128804
2568660, -68.071462
2569280, -68.013273
2569900, -67.956822
2570520, -67.899527
2571140, -67.843962
2571760, -67.787548
2572380, -67.732860
2573000, -67.677328
2573620, -67.623526
2574240, -67.568885
2574860, -67.515981
2575480, -67.462249
2576100, -67.410261
2576720, -67.357453
2577340, -67.306399
2577960, -67.254535
2578580, -67.204432
2579200, -67.153529
2579820, -67.104395
2580440, -67.054470
2581060, -67.006321
2581680, -66.957391
2582300, -66.910230
2582920, -66.862270
2583540, -66.816065
2584160, -66.769054
2584780, -66.723793
2585400, -66.677727
2586020, -66.633412
2586640, -66.588294
2587260, -66.544931
2587880, -66.500771
2588500, -66.458369
2589120, -66.415178
2589740, -66.373750
2590360, -66.331539
2590980, -66.291096
2591600, -66.249877
2592220, -66.210431
2592840, -66.170215
2593460, -66.131776
2594080, -66.092574
2594700, -66.055153
2595320, -66.016975
2595940, -65.980582
2596560, -65.943428
2597180, -65.908040
2597800, -65.871872
2598420, -65.837455
2599040, -65.802249
2599660, -65.768789
2600280, -65.734539
2600900, -65.702032
2601520, -65.668737
2602140, -65.637187
2602760, -65.604851
2603380, -65.574262
2604000, -65.542891
2604620, -65.513269
2605240, -65.482871
2605860, -65.454224
2606480, -65.424803
2607100, -65.397137
2607720, -65.368702
2608340, -65.342022
2608960, -65.314577
2609580, -65.288890
2610200, -65.262440
2610820, -65.237749
2611440, -65.212297
2612060, -65.188606
2612680, -65.164156
2613300, -65.141467
2613920, -65.118020
2614540, -65.096334
2615160, -65.073892
2615780, -65.053208
2616400, -65.031770
2617020, -65.012088
2617640, -64.991652
2618260, -64.972965
2618880, -64.953508
2619500, -64.935779
2620120, -64.917266
2620740, -64.900469
2621360, -64.882880
2621980, -64.867000
2622600, -64.850323
2623220, -64.835350
2623840, -64.819577
2624460, -64.805503
2625080, -64.790628
2625700, -64.777448
2626320, -64.763463
2626940, -64.751171
2627560, -64.738071
2628180, -64.726658
2628800, -64.714436
2629420, -64.703897
2630040, -64.692543
2630660, -64.682868
2631280, -64.672374
2631900, -64.663553
2632520, -64.653908
2633140, -64.645929
2633760, -64.637123
2634380, -64.629974
2635000, -64.621991
2635620, -64.615659
2636240, -64.608486
2636860, -64.602955
2637480, -64.596576
2638100, -64.591830
2638720, -64.586229
2639340, -64.582251
2639960, -64.577409
2640580, -64.574179
2641200, -64.570077
2641820, -64.567577
2642440, -64.564194
2643060, -64.562402
2643680, -64.559717
2644300, -64.558611
2644920, -64.556602
2645540, -64.556158
2646160, -64.554801
2646780, -64.554997
2647400, -64.554268
2648020, -64.555077
2648640, -64.554951
2649260, -64.556349
2649880, -64.556799
2650500, -64.558760
2651120, -64.559759
2651740, -64.562256
2652360, -64.563778
2652980, -64.566782
2653600, -64.568799
2654220, -64.572284
2654840, -64.574768
2655460, -64.578704
2656080, -64.581627
2656700, -64.585986
2657320, -64.589319
2657940, -64.594073
2658560, -64.597786
2659180, -64.602906
2659800, -64.606972
2660420, -64.612428
2661040, -64.616817
2661660, -64.622583
2662280, -64.627266
2662900, -64.633311
2663520, -64.638261
2664140, -64.644558
2664760, -64.649746
2665380, -64.656266
2666000, -64.661666
2666620, -64.668382
2667240, -64.673965
2667860, -64.680851
2668480, -64.686591
2669100, -64.693619
2669720, -64.699490
2670340, -64.706636
2670960, -64.712613
2671580, -64.719852
2672200, -64.725909
2672820, -64.733217
2673440, -64.739332
2674060, -64.746684
2674680, -64.752834
2675300, -64.760209
2675920, -64.766372
2676540, -64.773748
2677160, -64.779902
2677780, -64.787259
2678400, -64.793385
2679020, -64.800704
2679640, -64.806783
2680260, -64.814044
2680880, -64.820058
2681500, -64.827245
2682120, -64.833176
2682740, -64.840272
2683360, -64.846106
2683980, -64.853095
2684600, -64.858816
2685220, -64.865685
2685840, -64.871280
2686460, -64.878016
2687080, -64.883471
2687700, -64.890061
2688320, -64.895366
2688940, -64.901799
2689560, -64.906943
2690180, -64.913210
2690800, -64.918183
2691420, -64.924274
2692040, -64.929068
2692660, -64.934975
2693280, -64.939583
2693900, -64.945299
2694520, -64.949714
2695140, -64.955234
2695760, -64.959450
2696380, -64.964768
2697000, -64.968781
2697620, -64.973892
2698240, -64.977698
2698860, -64.982600
2699480, -64.986196
2700100, -64.990886
2700720, -64.994270
2701340, -64.998746
2701960, -65.001916
2702580, -65.006176
2703200, -65.009127
2703820, -65.013164
2704440, -65.015890
2705060, -65.019701
2705680, -65.022202
2706300, -65.025786
2706920, -65.028062
2707540, -65.031421
2708160, -65.033475
2708780, -65.036612
2709400, -65.038446
2710020, -65.041366
2710640, -65.042985
2711260, -65.045690
2711880, -65.047099
2712500, -65.049596
2713120, -65.050800
2713740, -65.053094
2714360, -65.054098
2714980, -65.056194
2715600, -65.057005
2716220, -65.058910
2716840, -65.059533
2717460, -65.061253
2718080, -65.061695
2718700, -65.063237
2719320, -65.063504
2719940, -65.064874
2720560, -65.064974
2721180, -65.066179
2721800, -65.066118
2722420, -65.067165
2723040, -65.066951
2723660, -65.067846
2724280, -65.067485
2724900, -65.068237
2725520, -65.067736
2726140, -65.068351
2726760, -65.067718
2727380, -65.068203
2728000, -65.067445
2728620, -65.067807
2729240, -65.066930
2729860, -65.067178
2730480, -65.066189
2731100, -65.066328
2731720, -65.065236
2732340, -65.065273
2732960, -65.064083
2733580, -65.064025
2734200, -65.062745
2734820, -65.062599
2735440, -65.061235
2736060, -65.061008
2736680, -65.059567
2737300, -65.059265
2737920, -65.057753
2738540, -65.057383
2739160, -65.055807
2739780, -65.055374
2740400, -65.053739
2741020, -65.053251
2741640, -65.051564
2742260, -65.051025
2742880, -65.049291
2743500, -65.048708
2744120, -65.046934
2744740, -65.046312
2745360, -65.044502
2745980, -65.043846
2746600, -65.042006
2747220, -65.041322
2747840, -65.039457
2748460, -65.038750
2749080, -65.036864
2749700, -65.036139
2750320, -65.034238
2750940, -65.033498
2751560, -65.031586
2752180, -65.030836
2752800, -65.028918
2753420, -65.028163
2754040, -65.026242
2754660, -65.025485
2755280, -65.023565
2755900, -65.022811
2756520, -65.020896
2757140, -65.020148
2757760, -65.018241
2758380, -65.017502
2759000, -65.015607
2759620, -65.014881
2760240, -65.013000
2760860, -65.012289
2761480, -65.010426
2762100, -65.009733
2762720, -65.007891
2763340, -65.007219
2763960, -65.005399
2764580, -65.004750
2765200, -65.002955
2765820, -65.002331
2766440, -65.000563
2767060, -64.999967
2767680, -64.998228
2768300, -64.997660
2768920, -64.995950
2769540, -64.995409
2770160, -64.993727
2770780, -64.993215
2771400, -64.991563
2772020, -64.991080
2772640, -64.989459
2773260, -64.989006
2773880, -64.987416
2774500, -64.986995
2775120, -64.985438
2775740, -64.985049
2776360, -64.983526
2776980, -64.983171
2777600, -64.981682
2778220, -64.981362
2778840, -64.979909
2779460, -64.979623
2780080, -64.978207
2780700, -64.977957
2781320, -64.976578
2781940, -64.976364
2782560, -64.975022
2783180, -64.974846
2783800, -64.973541
2784420, -64.973402
2785040, -64.972135
2785660, -64.972033
2786280, -64.970804
2786900, -64.970739
2787520, -64.969549
2788140, -64.969521
2788760, -64.968368
2789380, -64.968378
2790000, -64.967263
2790620, -64.967309
2791240, -64.966232
2791860, -64.966315
2792480, -64.965275
2793100, -64.965393
2793720, -64.964390
2794340, -64.964545
2794960, -64.963577
2795580, -64.963767
2796200, -64.962835
2796820, -64.963059
2797440, -64.962162
2798060, -64.962420
2798680, -64.961557
2799300, -64.961848
2799920, -64.961019
2800540, -64.961342
2801160, -64.960545
2801780, -64.960899
2802400, -64.960134
2803020, -64.960519
2803640, -64.959784
2804260, -64.960198
2804880, -64.959493
2805500, -64.959936
2806120, -64.959260
2806740, -64.959730
2807360, -64.959081
2807980, -64.959577
2808600, -64.958955
2809220, -64.959477
2809840, -64.958881
2810460, -64.959426
2811080, -64.958854
2811700, -64.959423
2812320, -64.958874
2812940, -64.959465
2813560, -64.958938
2814180, -64.959550
2814800, -64.959044
2815420, -64.959675
2816040, -64.959189
2816660, -64.959839
2817280, -64.959371
2817900, -64.960038
2818520, -64.959589
2819140, -64.960272
2819760, -64.959838
2820380, -64.960536
2821000, -64.960118
2821620, -64.960831
2822240, -64.960427
2822860, -64.961152
2823480, -64.960761
2824100, -64.961497
2824720, -64.961118
2825340, -64.961866
2825960, -64.961498
2826580, -64.962254
2827200, -64.961896
2827820, -64.962662
2828440, -64.962312
2829060, -64.963085
2829680, -64.962743
2830300, -64.963523
2830920, -64.963188
2831540, -64.963973
2832160, -64.963644
2832780, -64.964434
2833400, -64.964110
2834020, -64.964903
2834640, -64.964583
2835260, -64.965380
2835880, -64.965063
2836500, -64.965861
2837120, -64.965547
2837740, -64.966346
2838360, -64.966034
2838980, -64.966834
2839600, -64.966522
2840220, -64.967321
2840840, -64.967009
2841460, -64.967808
2842080, -64.967496
2842700, -64.968292
2843320, -64.967979
2843940, -64.968773
2844560, -64.968458
2845180, -64.969250
2845800, -64.968932
2846420, -64.969720
2847040, -64.969399
2847660, -64.970183
2848280, -64.969858
2848900, -64.970638
2849520, -64.970310
2850140, -64.971084
2850760, -64.970751
2851380, -64.971521
2852000, -64.971183
2852620, -64.971946
2853240, -64.971603
2853860, -64.972361
2854480, -64.972012
2855100, -64.972763
2855720, -64.972409
2856340, -64.973153
2856960, -64.972792
2857580, -64.973529
2858200, -64.973162
2858820, -64.973892
2859440, -64.973519
2860060, -64.974241
2860680, -64.973861
2861300, -64.974575
2861920, -64.974188
2862540, -64.974895
2863160, -64.974501
2863780, -64.975200
2864400, -64.974798
2865020, -64.975489
2865640, -64.975080
2866260, -64.975764
2866880, -64.975347
2867500, -64.976023
2868120, -64.975599
2868740, -64.976266
2869360, -64.975835
2869980, -64.976494
2870600, -64.976056
2871220, -64.976707
2871840, -64.976261
2872460, -64.976904
2873080, -64.976452
2873700, -64.977087
2874320, -64.976627
2874940, -64.977254
2875560, -64.976787
2876180, -64.977406
2876800, -64.976933
2877420, -64.977544
2878040, -64.977064
2878660, -64.977668
2879280, -64.977181
2879900, -64.977778
2880520, -64.977284
2881140, -64.977874
2881760, -64.977374
2882380, -64.977956
2883000, -64.977450
2883620, -64.978026
2884240, -64.977514
2884860, -64.978083
2885480, -64.977565
2886100, -64.978128
2886720, -64.977604
2887340, -64.978161
2887960, -64.977632
2888580, -64.978183
2889200, -64.977649
2889820, -64.978194
2890440, -64.977654
2891060, -64.978194
2891680, -64.977650
2892300, -64.978184
2892920, -64.977636
2893540, -64.978165
2894160, -64.977612
2894780, -64.978137
2895400, -64.977580
2896020, -64.978100
2896640, -64.977539
2897260, -64.978055
2897880, -64.977491
2898500, -64.978002
2899120, -64.977435
2899740, -64.977942
2900360, -64.977372
2900980, -64.977875
2901600, -64.977302
2902220, -64.977802
2902840, -64.977227
2903460, -64.977724
2904080, -64.977146
2904700, -64.977640
2905320, -64.977060
2905940, -64.977551
2906560, -64.976969
2907180, -64.977458
2907800, -64.976875
2908420, -64.977361
2909040, -64.976776
2909660, -64.977261
2910280, -64.976674
2910900, -64.977157
2911520, -64.976570
2912140, -64.977050
2912760, -64.976462
2913380, -64.976942
2914000, -64.976353
2914620, -64.976831
2915240, -64.976242
2915860, -64.976719
2916480, -64.976130
2917100, -64.976606
2917720, -64.976016
2918340, -64.976492
2918960, -64.975902
2919580, -64.976377
2920200, -64.975788
2920820, -64.976262
2921440, -64.975673
2922060, -64.976148
2922680, -64.975559
2923300, -64.976033
2923920, -64.975446
2924540, -64.975920
2925160, -64.975333
2925780, -64.975807
2926400, -64.975222
2927020, -64.975696
2927640, -64.975111
2928260, -64.975586
2928880, -64.975003
2929500, -64.975478
2930120, -64.974896
2930740, -64.975372
2931360, -64.974791
2931980, -64.975268
2932600, -64.974688
2933220, -64.975166
2933840, -64.974588
2934460, -64.975066
2935080, -64.974490
2935700, -64.974969
2936320, -64.974394
2936940, -64.974875
2937560, -64.974302
2938180, -64.974783
2938800, -64.974212
2939420, -64.974695
2940040, -64.974125
2940660, -64.974609
2941280, -64.974042
2941900, -64.974527
2942520, -64.973961
2943140, -64.974447
2943760, -64.973884
2944380, -64.974371
2945000, -64.973810
2945620, -64.974298
2946240, -64.973739
2946860, -64.974229
2947480, -64.973671
2948100, -64.974163
2948720, -64.973607
2949340, -64.974100
2949960, -64.973546
2950580, -64.974040
2951200, -64.973489
2951820, -64.973984
2952440, -64.973435
2953060, -64.973931
2953680, -64.973384
2954300, -64.973882
2954920, -64.973337
2955540, -64.973836
2956160, -64.973292
2956780, -64.973793
2957400, -64.973251
2958020, -64.973753
2958640, -64.973213
2959260, -64.973716
2959880, -64.973179
2960500, -64.973683
2961120, -64.973147
2961740, -64.973652
2962360, -64.973118
2962980, -64.973625
2963600, -64.973093
2964220, -64.973600
2964840, -64.973070
2965460, -64.973578
2966080, -64.973050
2966700, -64.973559
2967320, -64.973032
2967940, -64.973543
2968560, -64.973018
2969180, -64.973529
2969800, -64.973005
2970420, -64.973518
2971040, -64.972995
2971660, -64.973509
2972280, -64.972988
2972900, -64.973502
2973520, -64.972983
2974140, -64.973497
2974760, -64.972979
2975380, -64.973495
2976000, -64.972978
2976620, -64.973494
2977240, -64.972979
2977860, -64.973496
2978480, -64.972982
2979100, -64.973499
2979720, -64.972986
2980340, -64.973504
2980960, -64.972992
2981580, -64.973510
2982200, -64.973000
2982820, -64.973518
2983440, -64.973008
2984060, -64.973527
2984680, -64.973019
2985300, -64.973538
2985920, -64.973030
2986540, -64.973549
2987160, -64.973043
2987780, -64.973562
2988400, -64.973056
2989020, -64.973576
2989640, -64.973071
2990260, -64.973591
2990880, -64.973087
2991500, -64.973606
2992120, -64.973103
2992740, -64.973622
2993360, -64.973120
2993980, -64.973639
2994600, -64.973137
2995220, -64.973657
2995840, -64.973155
2996460, -64.973674
2997080, -64.973173
2997700, -64.973693
2998320, -64.973192
2998940, -64.973711
2999560, -64.973211
3000180, -64.973730
