# ./result/hh_runge_0720.txt
# dt = 720 [usec]
# t [usec], V [mV]
0, -65.000000
720, -64.997869
1440, -64.995823
2160, -64.993847
2880, -64.991932
3600, -64.990069
4320, -64.988255
5040, -64.986485
5760, -64.984757
6480, -64.983071
7200, -64.981424
7920, -64.979817
8640, -64.978250
9360, -64.976721
10080, -64.975232
10800, -64.973782
11520, -64.972371
12240, -64.971000
12960, -64.969668
13680, -64.968377
14400, -64.967125
15120, -64.965913
15840, -64.964741
16560, -64.963608
17280, -64.962516
18000, -64.961464
18720, -64.960451
19440, -64.959478
20160, -64.958545
20880, -64.957650
21600, -64.956795
22320, -64.955979
23040, -64.955201
23760, -64.954461
24480, -64.953759
25200, -64.953095
25920, -64.952468
26640, -64.951878
27360, -64.951324
28080, -64.950806
28800, -64.950323
29520, -64.949875
30240, -64.949462
30960, -64.949082
31680, -64.948736
32400, -64.948422
33120, -64.948141
33840, -64.947891
34560, -64.947672
35280, -64.947483
36000, -64.947324
36720, -64.947194
37440, -64.947092
38160, -64.947019
38880, -64.946972
39600, -64.946951
40320, -64.946956
41040, -64.946986
41760, -64.947041
42480, -64.947119
43200, -64.947219
43920, -64.947342
44640, -64.947487
45360, -64.947652
46080, -64.947837
46800, -64.948041
47520, -64.948264
48240, -64.948505
48960, -64.948763
49680, -64.949038
50400, -64.949328
51120, -64.949633
51840, -64.949953
52560, -64.950286
53280, -64.950633
54000, -64.950991
54720, -64.951361
55440, -64.951743
56160, -64.952134
56880, -64.952536
57600, -64.952946
58320, -64.953364
59040, -64.953791
59760, -64.954224
60480, -64.954665
61200, -64.955111
61920, -64.955562
62640, -64.956018
63360, -64.956479
64080, -64.956943
64800, -64.957410
65520, -64.957880
66240, -64.958352
66960, -64.958826
67680, -64.959301
68400, -64.959776
69120, -64.960252
69840, -64.960727
70560, -64.961202
71280, -64.961675
72000, -64.962147
72720, -64.962616
73440, -64.963084
74160, -64.963548
74880, -64.964010
75600, -64.964468
76320, -64.964922
77040, -64.965372
77760, -64.965818
78480, -64.966259
79200, -64.966695
79920, -64.967125
80640, -64.967550
81360, -64.967969
82080, -64.968382
82800, -64.968789
83520, -64.969189
84240, -64.969582
84960, -64.969969
85680, -64.970348
86400, -64.970721
87120, -64.971085
87840, -64.971443
88560, -64.971792
89280, -64.972134
90000, -64.972468
90720, -64.972794
91440, -64.973111
92160, -64.973421
92880, -64.973722
93600, -64.974015
94320, -64.974300
95040, -64.974576
95760, -64.974844
96480, -64.975103
97200, -64.975354
97920, -64.975596
98640, -64.975830
99360, -64.976055
100080, -64.976272
100800, -64.976481
101520, -64.976681
102240, -64.976872
102960, -64.977056
103680, -64.977231
104400, -64.977398
105120, -64.977557
105840, -64.977707
106560, -64.977850
107280, -64.977985
108000, -64.978112
108720, -64.978231
109440, -64.978343
110160, -64.978447
110880, -64.978544
111600, -64.978634
112320, -64.978716
113040, -64.978791
113760, -64.978860
114480, -64.978921
115200, -64.978976
115920, -64.979024
116640, -64.979066
117360, -64.979102
118080, -64.979131
118800, -64.979154
119520, -64.979172
120240, -64.979184
120960, -64.979190
121680, -64.979191
122400, -64.979186
123120, -64.979176
123840, -64.979162
124560, -64.979142
125280, -64.979118
126000, -64.979089
126720, -64.979056
127440, -64.979019
128160, -64.978977
128880, -64.978932
129600, -64.978883
130320, -64.978830
131040, -64.978774
131760, -64.978714
132480, -64.978652
133200, -64.978586
133920, -64.978517
134640, -64.978446
135360, -64.978372
136080, -64.978295
136800, -64.978216
137520, -64.978135
138240, -64.978052
138960, -64.977967
139680, -64.977881
140400, -64.977792
141120, -64.977702
141840, -64.977611
142560, -64.977518
143280, -64.977424
144000, -64.977330
144720, -64.977234
145440, -64.977137
146160, -64.977040
146880, -64.976942
147600, -64.976844
148320, -64.976746
149040, -64.976647
149760, -64.976548
150480, -64.976449
151200, -64.976350
151920, -64.976251
152640, -64.976152
153360, -64.976054
154080, -64.975956
154800, -64.975858
155520, -64.975761
156240, -64.975665
156960, -64.975569
157680, -64.975475
158400, -64.975381
159120, -64.975288
159840, -64.975195
160560, -64.975104
161280, -64.975014
162000, -64.974926
162720, -64.974838
163440, -64.974752
164160, -64.974667
164880, -64.974583
165600, -64.974501
166320, -64.974420
167040, -64.974340
167760, -64.974262
168480, -64.974186
169200, -64.974111
169920, -64.974038
170640, -64.973966
171360, -64.973896
172080, -64.973828
172800, -64.973762
173520, -64.973697
174240, -64.973633
174960, -64.973572
175680, -64.973512
176400, -64.973454
177120, -64.973398
177840, -64.973344
178560, -64.973291
179280, -64.973240
180000, -64.973191
180720, -64.973144
181440, -64.973098
182160, -64.973054
182880, -64.973012
183600, -64.972972
184320, -64.972933
185040, -64.972896
185760, -64.972861
186480, -64.972828
187200, -64.972796
187920, -64.972766
188640, -64.972738
189360, -64.972711
190080, -64.972686
190800, -64.972662
191520, -64.972640
192240, -64.972620
192960, -64.972601
193680, -64.972583
194400, -64.972567
195120, -64.972553
195840, -64.972540
196560, -64.972528
197280, -64.972518
198000, -64.972509
198720, -64.972502
199440, -64.972495
200160, -64.972490
200880, -64.972487
201600, -64.972484
202320, -64.972483
203040, -64.972483
203760, -64.972483
204480, -64.972485
205200, -64.972488
205920, -64.972493
206640, -64.972498
207360, -64.972504
208080, -64.972510
208800, -64.972518
209520, -64.972527
210240, -64.972537
210960, -64.972547
211680, -64.972558
212400, -64.972570
213120, -64.972582
213840, -64.972596
214560, -64.972609
215280, -64.972624
216000, -64.972639
216720, -64.972655
217440, -64.972671
218160, -64.972687
218880, -64.972705
219600, -64.972722
220320, -64.972740
221040, -64.972758
221760, -64.972777
222480, -64.972796
223200, -64.972815
223920, -64.972835
224640, -64.972855
225360, -64.972875
226080, -64.972895
226800, -64.972916
227520, -64.972936
228240, -64.972957
228960, -64.972978
229680, -64.972999
230400, -64.973020
231120, -64.973041
231840, -64.973062
232560, -64.973083
233280, -64.973104
234000, -64.973125
234720, -64.973146
235440, -64.973166
236160, -64.973187
236880, -64.973208
237600, -64.973228
238320, -64.973248
239040, -64.973269
239760, -64.973289
240480, -64.973308
241200, -64.973328
241920, -64.973347
242640, -64.973367
243360, -64.973386
244080, -64.973404
244800, -64.973423
245520, -64.973441
246240, -64.973459
246960, -64.973476
247680, -64.973493
248400, -64.973510
249120, -64.973527
249840, -64.973543
250560, -64.973559
251280, -64.973575
252000, -64.973590
252720, -64.973605
253440, -64.973620
254160, -64.973634
254880, -64.973648
255600, -64.973662
256320, -64.973675
257040, -64.973688
257760, -64.973700
258480, -64.973712
259200, -64.973724
259920, -64.973735
260640, -64.973746
261360, -64.973757
262080, -64.973767
262800, -64.973777
263520, -64.973787
264240, -64.973796
264960, -64.973804
265680, -64.973813
266400, -64.973821
267120, -64.973829
267840, -64.973836
268560, -64.973843
269280, -64.973849
270000, -64.973856
270720, -64.973861
271440, -64.973867
272160, -64.973872
272880, -64.973877
273600, -64.973882
274320, -64.973886
275040, -64.973890
275760, -64.973893
276480, -64.973897
277200, -64.973900
277920, -64.973902
278640, -64.973905
279360, -64.973907
280080, -64.973909
280800, -64.973910
281520, -64.973911
282240, -64.973912
282960, -64.973913
283680, -64.973914
284400, -64.973914
285120, -64.973914
285840, -64.973914
286560, -64.973913
287280, -64.973913
288000, -64.973912
288720, -64.973911
289440, -64.973909
290160, -64.973908
290880, -64.973906
291600, -64.973904
292320, -64.973902
293040, -64.973900
293760, -64.973898
294480, -64.973896
295200, -64.973893
295920, -64.973890
296640, -64.973887
297360, -64.973884
298080, -64.973881
298800, -64.973878
299520, -64.973875
300240, -64.973871
300960, -64.973868
301680, -64.973864
302400, -64.973860
303120, -64.973856
303840, -64.973853
304560, -64.973849
305280, -64.973845
306000, -64.973841
306720, -64.973837
307440, -64.973832
308160, -64.973828
308880, -64.973824
309600, -64.973820
310320, -64.973816
311040, -64.973811
311760, -64.973807
312480, -64.973803
313200, -64.973798
313920, -64.973794
314640, -64.973790
315360, -64.973785
316080, -64.973781
316800, -64.973777
317520, -64.973773
318240, -64.973768
318960, -64.973764
319680, -64.973760
320400, -64.973756
321120, -64.973752
321840, -64.973748
322560, -64.973744
323280, -64.973740
324000, -64.973736
324720, -64.973732
325440, -64.973728
326160, -64.973724
326880, -64.973720
327600, -64.973717
328320, -64.973713
329040, -64.973709
329760, -64.973706
330480, -64.973702
331200, -64.973699
331920, -64.973696
332640, -64.973693
333360, -64.973689
334080, -64.973686
334800, -64.973683
335520, -64.973680
336240, -64.973677
336960, -64.973675
337680, -64.973672
338400, -64.973669
339120, -64.973667
339840, -64.973664
340560, -64.973662
341280, -64.973660
342000, -64.973657
342720, -64.973655
343440, -64.973653
344160, -64.973651
344880, -64.973649
345600, -64.973647
346320, -64.973645
347040, -64.973644
347760, -64.973642
348480, -64.973640
349200, -64.973639
349920, -64.973637
350640, -64.973636
351360, -64.973635
352080, -64.973634
352800, -64.973633
353520, -64.973631
354240, -64.973630
354960, -64.973630
355680, -64.973629
356400, -64.973628
357120, -64.973627
357840, -64.973627
358560, -64.973626
359280, -64.973625
360000, -64.973625
360720, -64.973625
361440, -64.973624
362160, -64.973624
362880, -64.973624
363600, -64.973623
364320, -64.973623
365040, -64.973623
365760, -64.973623
366480, -64.973623
367200, -64.973623
367920, -64.973624
368640, -64.973624
369360, -64.973624
370080, -64.973624
370800, -64.973624
371520, -64.973625
372240, -64.973625
372960, -64.973626
373680, -64.973626
374400, -64.973627
375120, -64.973627
375840, -64.973628
376560, -64.973628
377280, -64.973629
378000, -64.973629
378720, -64.973630
379440, -64.973631
380160, -64.973631
380880, -64.973632
381600, -64.973633
382320, -64.973634
383040, -64.973635
383760, -64.973635
384480, -64.973636
385200, -64.973637
385920, -64.973638
386640, -64.973639
387360, -64.973640
388080, -64.973641
388800, -64.973641
389520, -64.973642
390240, -64.973643
390960, -64.973644
391680, -64.973645
392400, -64.973646
393120, -64.973647
393840, -64.973648
394560, -64.973649
395280, -64.973650
396000, -64.973651
396720, -64.973652
397440, -64.973653
398160, -64.973654
398880, -64.973654
399600, -64.973655
400320, -64.973656
401040, -64.973657
401760, -64.973658
402480, -64.973659
403200, -64.973660
403920, -64.973661
404640, -64.973662
405360, -64.973663
406080, -64.973663
406800, -64.973664
407520, -64.973665
408240, -64.973666
408960, -64.973667
409680, -64.973667
410400, -64.973668
411120, -64.973669
411840, -64.973670
412560, -64.973671
413280, -64.973671
414000, -64.973672
414720, -64.973673
415440, -64.973673
416160, -64.973674
416880, -64.973675
417600, -64.973675
418320, -64.973676
419040, -64.973676
419760, -64.973677
420480, -64.973678
421200, -64.973678
421920, -64.973679
422640, -64.973679
423360, -64.973680
424080, -64.973680
424800, -64.973681
425520, -64.973681
426240, -64.973682
426960, -64.973682
427680, -64.973682
428400, -64.973683
429120, -64.973683
429840, -64.973684
430560, -64.973684
431280, -64.973684
432000, -64.973685
432720, -64.973685
433440, -64.973685
434160, -64.973685
434880, -64.973686
435600, -64.973686
436320, -64.973686
437040, -64.973686
437760, -64.973686
438480, -64.973687
439200, -64.973687
439920, -64.973687
440640, -64.973687
441360, -64.973687
442080, -64.973687
442800, -64.973687
443520, -64.973687
444240, -64.973688
444960, -64.973688
445680, -64.973688
446400, -64.973688
447120, -64.973688
447840, -64.973688
448560, -64.973688
449280, -64.973688
450000, -64.973688
450720, -64.973688
451440, -64.973688
452160, -64.973688
452880, -64.973688
453600, -64.973688
454320, -64.973687
455040, -64.973687
455760, -64.973687
456480, -64.973687
457200, -64.973687
457920, -64.973687
458640, -64.973687
459360, -64.973687
460080, -64.973687
460800, -64.973687
461520, -64.973686
462240, -64.973686
462960, -64.973686
463680, -64.973686
464400, -64.973686
465120, -64.973686
465840, -64.973686
466560, -64.973685
467280, -64.973685
468000, -64.973685
468720, -64.973685
469440, -64.973685
470160, -64.973685
470880, -64.973684
471600, -64.973684
472320, -64.973684
473040, -64.973684
473760, -64.973684
474480, -64.973683
475200, -64.973683
475920, -64.973683
476640, -64.973683
477360, -64.973683
478080, -64.973683
478800, -64.973682
479520, -64.973682
480240, -64.973682
480960, -64.973682
481680, -64.973682
482400, -64.973681
483120, -64.973681
483840, -64.973681
484560, -64.973681
485280, -64.973681
486000, -64.973681
486720, -64.973680
487440, -64.973680
488160, -64.973680
488880, -64.973680
489600, -64.973680
490320, -64.973680
491040, -64.973679
491760, -64.973679
492480, -64.973679
493200, -64.973679
493920, -64.973679
494640, -64.973679
495360, -64.973679
496080, -64.973678
496800, -64.973678
497520, -64.973678
498240, -64.973678
498960, -64.973678
499680, -64.973678
500400, -61.616983
501120, -58.396779
501840, -55.270219
502560, -52.178967
503280, -49.009940
504000, -45.575045
504720, -41.530940
505440, -36.277606
506160, -28.716202
506880, -16.930640
507600, 1.557645
508320, 25.162297
509040, 41.031046
509760, 43.471775
510480, 42.116460
511200, 40.273408
511920, 37.939538
512640, 35.218857
513360, 32.185498
514080, 28.905886
514800, 25.448953
515520, 21.869065
516240, 18.220330
516960, 14.540380
517680, 10.866402
518400, 7.219977
519120, 3.623796
519840, 0.086899
520560, -3.378269
521280, -6.771531
522000, -10.087227
522720, -13.330417
523440, -16.501071
524160, -19.608798
524880, -22.658344
525600, -25.666360
526320, -28.646747
527040, -31.627904
527760, -34.638192
528480, -37.722538
529200, -40.925878
529920, -44.305013
530640, -47.902070
531360, -51.737372
532080, -55.752641
532800, -59.779482
533520, -63.506779
534240, -66.583236
534960, -68.786628
535680, -70.152462
536400, -70.881597
537120, -71.206945
537840, -71.296069
538560, -71.258691
539280, -71.149830
540000, -71.004697
540720, -70.835600
541440, -70.654894
542160, -70.463045
542880, -70.266331
543600, -70.062093
544320, -69.854991
545040, -69.641518
545760, -69.425880
546480, -69.204340
547200, -68.980982
547920, -68.752010
548640, -68.521463
549360, -68.285529
550080, -68.048254
550800, -67.805841
551520, -67.562326
552240, -67.313912
552960, -67.064655
553680, -66.810783
554400, -66.556342
555120, -66.297554
555840, -66.038488
556560, -65.775394
557280, -65.512316
558000, -65.245489
558720, -64.978987
559440, -64.709070
560160, -64.439763
560880, -64.167302
561600, -63.895759
562320, -63.621369
563040, -63.348134
563760, -63.072281
564480, -62.797869
565200, -62.521062
565920, -62.245834
566640, -61.968391
567360, -61.692748
568080, -61.414976
568800, -61.139007
569520, -60.861019
570240, -60.584893
570960, -60.306650
571680, -60.030165
572400, -59.751577
573120, -59.474564
573840, -59.195084
574560, -58.916947
575280, -58.636131
576000, -58.356164
576720, -58.072922
577440, -57.790134
578160, -57.503449
578880, -57.216272
579600, -56.924366
580320, -56.631182
581040, -56.332023
581760, -56.030110
582480, -55.721032
583200, -55.407465
583920, -55.084447
584640, -54.754894
585360, -54.413301
586080, -54.061785
586800, -53.694856
587520, -53.313713
588240, -52.911716
588960, -52.489658
589680, -52.039185
590400, -51.559666
591120, -51.040501
591840, -50.478359
592560, -49.859005
593280, -49.174184
594000, -48.403727
594720, -47.529943
595440, -46.520692
596160, -45.341648
596880, -43.936780
597600, -42.238092
598320, -40.140556
599040, -37.507859
599760, -34.144449
600480, -29.807064
601200, -24.217719
601920, -17.196070
602640, -8.924342
603360, -0.344645
604080, 6.885627
604800, 11.354802
605520, 12.887214
606240, 12.231382
606960, 10.232931
607680, 7.463427
608400, 4.268693
609120, 0.849134
609840, -2.665022
610560, -6.198041
611280, -9.696183
612000, -13.133520
612720, -16.489799
613440, -19.762802
614160, -22.949567
614880, -26.061756
615600, -29.110767
616320, -32.122581
617040, -35.122681
617760, -38.151098
618480, -41.245194
619200, -44.450137
619920, -47.794053
620640, -51.286721
621360, -54.878108
622080, -58.447811
622800, -61.782359
623520, -64.641872
624240, -66.843753
624960, -68.359970
625680, -69.288751
626400, -69.792062
627120, -70.012002
627840, -70.059394
628560, -69.999819
629280, -69.879204
630000, -69.718474
630720, -69.535753
631440, -69.335541
632160, -69.126473
632880, -68.907623
633600, -68.684516
634320, -68.454435
635040, -68.221873
635760, -67.983521
636480, -67.743520
637200, -67.498342
637920, -67.251996
638640, -67.000900
639360, -66.749026
640080, -66.492751
640800, -66.236023
641520, -65.975235
642240, -65.714342
642960, -65.449711
643680, -65.185281
644400, -64.917452
645120, -64.650167
645840, -64.379788
646560, -64.110248
647280, -63.837951
648000, -63.566803
648720, -63.293155
649440, -63.020925
650160, -62.746511
650880, -62.473746
651600, -62.198962
652320, -61.926052
653040, -61.651357
653760, -61.378651
654480, -61.104232
655200, -60.831958
655920, -60.558059
656640, -60.286251
657360, -60.012793
658080, -59.741495
658800, -59.468426
659520, -59.197236
660240, -58.924135
660960, -58.652789
661680, -58.379162
662400, -58.106822
663120, -57.831913
663840, -57.557867
664560, -57.280540
665280, -57.003398
666000, -56.722499
666720, -56.440897
667440, -56.154315
668160, -55.866077
668880, -55.571793
669600, -55.274282
670320, -54.969048
671040, -54.659095
671760, -54.339226
672480, -54.011909
673200, -53.672264
673920, -53.321838
674640, -52.954857
675360, -52.572933
676080, -52.168937
676800, -51.743304
677520, -51.287880
678240, -50.801088
678960, -50.272800
679680, -49.698475
680400, -49.064090
681120, -48.360624
681840, -47.566897
682560, -46.664496
683280, -45.620502
684000, -44.399385
684720, -42.944367
685440, -41.187308
686160, -39.025471
686880, -36.329396
687600, -32.921096
688320, -28.595332
689040, -23.147576
689760, -16.509871
690480, -8.973246
691200, -1.438274
691920, 4.745647
692640, 8.525196
693360, 9.780013
694080, 9.078887
694800, 7.112857
695520, 4.391990
696240, 1.248249
696960, -2.118498
697680, -5.577332
698400, -9.052240
699120, -12.489752
699840, -15.864970
700560, -19.158671
701280, -22.370080
702000, -25.499486
702720, -28.561872
703440, -31.572524
704160, -34.561704
704880, -37.559269
705600, -40.607583
706320, -43.742769
707040, -47.001528
707760, -50.392568
708480, -53.888083
709200, -57.387123
709920, -60.715792
710640, -63.645907
711360, -65.989970
712080, -67.672351
712800, -68.757856
713520, -69.380210
714240, -69.686873
714960, -69.788062
715680, -69.765291
716400, -69.663979
717120, -69.517468
717840, -69.339687
718560, -69.144681
719280, -68.934939
720000, -68.717806
720720, -68.491865
721440, -68.262181
722160, -68.026008
722880, -67.787621
723600, -67.543792
724320, -67.298502
725040, -67.048367
725760, -66.797273
726480, -66.541761
727200, -66.285666
727920, -66.025523
728640, -65.765168
729360, -65.501108
730080, -65.237156
730800, -64.969843
731520, -64.702994
732240, -64.433102
732960, -64.163969
733680, -63.892128
734400, -63.621374
735120, -63.348186
735840, -63.076350
736560, -62.802392
737280, -62.530043
738000, -62.255760
738720, -61.983303
739440, -61.709173
740160, -61.437007
740880, -61.163233
741600, -60.891572
742320, -60.618434
743040, -60.347395
743760, -60.074838
744480, -59.804440
745200, -59.532468
745920, -59.262430
746640, -58.990655
747360, -58.720758
748080, -58.448819
748800, -58.178266
749520, -57.905368
750240, -57.633543
750960, -57.358762
751680, -57.084349
752400, -56.806489
753120, -56.528282
753840, -56.245563
754560, -55.961514
755280, -55.672107
756000, -55.380010
756720, -55.080858
757440, -54.777619
758160, -54.465509
758880, -54.146869
759600, -53.816983
760320, -53.477830
761040, -53.123803
761760, -52.756637
762480, -52.370004
763200, -51.964359
763920, -51.532859
764640, -51.074100
765360, -50.579458
766080, -50.045291
766800, -49.460056
767520, -48.816065
768240, -48.096370
768960, -47.287026
769680, -46.361001
770400, -45.291294
771120, -44.033531
771840, -42.536508
772560, -40.721045
773280, -38.489040
774000, -35.700608
774720, -32.184655
775440, -27.735168
776160, -22.178006
776880, -15.490871
777600, -8.053424
778320, -0.819711
779040, 4.904536
779760, 8.228941
780480, 9.145800
781200, 8.243139
781920, 6.164204
782640, 3.389068
783360, 0.219875
784080, -3.148781
784800, -6.600629
785520, -10.057012
786240, -13.474864
786960, -16.824269
787680, -20.095028
788400, -23.280451
789120, -26.389818
789840, -29.432597
790560, -32.433098
791280, -35.416066
792000, -38.419956
792720, -41.480377
793440, -44.639354
794160, -47.921766
794880, -51.333920
795600, -54.825052
796320, -58.280947
797040, -61.505298
797760, -64.279844
798480, -66.438156
799200, -67.949441
799920, -68.897312
800640, -69.427255
801360, -69.671830
802080, -69.737895
802800, -69.691017
803520, -69.577893
804240, -69.421007
804960, -69.239347
805680, -69.038533
806400, -68.827557
807120, -68.606172
807840, -68.379936
808560, -68.146600
809280, -67.910535
810000, -67.668787
810720, -67.425288
811440, -67.176830
812160, -66.927204
812880, -66.673109
813600, -66.418259
814320, -66.159321
815040, -65.900007
815760, -65.636971
816480, -65.373891
817200, -65.107422
817920, -64.841265
818640, -64.572059
819360, -64.303468
820080, -64.032146
820800, -63.761786
821520, -63.488994
822240, -63.217416
822960, -62.943698
823680, -62.671499
824400, -62.397383
825120, -62.124969
825840, -61.850885
826560, -61.578707
827280, -61.304964
828000, -61.033234
828720, -60.760119
829440, -60.489069
830160, -60.216566
830880, -59.946140
831600, -59.674313
832320, -59.404421
833040, -59.132890
833760, -58.863196
834480, -58.591701
835200, -58.321651
835920, -58.049405
836640, -57.778368
837360, -57.504670
838080, -57.231454
838800, -56.954988
839520, -56.678509
840240, -56.397896
840960, -56.116152
841680, -55.829419
842400, -55.540489
843120, -55.245037
843840, -54.945852
844560, -54.638716
845280, -54.325750
846000, -54.002304
846720, -53.670802
847440, -53.325689
848160, -52.968541
848880, -52.593971
849600, -52.202267
850320, -51.786904
851040, -51.347397
851760, -50.875342
852480, -50.368595
853200, -49.816021
853920, -49.212123
854640, -48.541698
855360, -47.793044
856080, -46.943557
856800, -45.971498
857520, -44.839590
858240, -43.505617
858960, -41.904484
859680, -39.956678
860400, -37.545998
861120, -34.526690
861840, -30.709713
862560, -25.897843
863280, -19.947545
864000, -12.954397
864720, -5.485044
865440, 1.325797
866160, 6.242166
866880, 8.670068
867600, 8.873112
868320, 7.495775
869040, 5.134897
869760, 2.197392
870480, -1.054019
871200, -4.460422
871920, -7.916551
872640, -11.361666
873360, -14.754040
874080, -18.075231
874800, -21.312183
875520, -24.468866
876240, -27.549870
876960, -30.574493
877680, -33.562948
878400, -36.549600
879120, -39.567848
879840, -42.660703
880560, -45.860743
881280, -49.192382
882000, -52.638910
882720, -56.132305
883440, -59.522195
884160, -62.600249
884880, -65.153116
885600, -67.065279
886320, -68.349532
887040, -69.124970
887760, -69.533169
888480, -69.702439
889200, -69.719109
889920, -69.644852
890640, -69.512085
891360, -69.345680
892080, -69.154954
892800, -68.950873
893520, -68.734551
894240, -68.512143
894960, -68.281948
895680, -68.048471
896400, -67.809036
897120, -67.567547
897840, -67.320973
898560, -67.073013
899280, -66.820514
900000, -66.567086
900720, -66.309520
901440, -66.051403
902160, -65.789530
902880, -65.527456
903600, -65.261952
904320, -64.996590
905040, -64.728164
905760, -64.460199
906480, -64.189464
907200, -63.919523
907920, -63.647149
908640, -63.375848
909360, -63.102377
910080, -62.830286
910800, -62.556296
911520, -62.283881
912240, -62.009780
912960, -61.737518
913680, -61.463723
914400, -61.191830
915120, -60.918550
915840, -60.647318
916560, -60.374701
917280, -60.104082
918000, -59.832133
918720, -59.562147
919440, -59.290629
920160, -59.020899
920880, -58.749584
921600, -58.479781
922320, -58.207919
923040, -57.937249
923760, -57.664249
924480, -57.391861
925200, -57.116422
925920, -56.841088
926640, -56.562051
927360, -56.282105
928080, -55.997454
928800, -55.711119
929520, -55.418787
930240, -55.123053
930960, -54.819919
931680, -54.511691
932400, -54.193740
933120, -53.868308
933840, -53.530596
934560, -53.181948
935280, -52.817160
936000, -52.437121
936720, -52.035359
937440, -51.612174
938160, -51.159465
938880, -50.675641
939600, -50.150721
940320, -49.580278
941040, -48.950572
941760, -48.252635
942480, -47.466132
943200, -46.572721
943920, -45.540703
944640, -44.335520
945360, -42.902839
946080, -41.177056
946800, -39.060579
947520, -36.430540
948240, -33.119476
948960, -28.934629
949680, -23.682833
950400, -17.293940
951120, -10.016764
951840, -2.657423
952560, 3.527378
953280, 7.475038
954000, 8.959157
954720, 8.457573
955440, 6.633077
956160, 4.005168
956880, 0.921074
957600, -2.407270
958320, -5.841513
959040, -9.299731
959760, -12.726121
960480, -16.092704
961200, -19.379609
961920, -22.585171
962640, -25.709180
963360, -28.766108
964080, -31.771717
964800, -34.756041
965520, -37.749336
966240, -40.793349
966960, -43.923909
967680, -47.176114
968400, -50.556400
969120, -54.034464
969840, -57.507398
970560, -60.800199
971280, -63.689233
972000, -65.993779
972720, -67.645224
973440, -68.710274
974160, -69.321251
974880, -69.622108
975600, -69.720763
976320, -69.696688
977040, -69.594795
977760, -69.447641
978480, -69.269370
979200, -69.073608
979920, -68.863217
980640, -68.645187
981360, -68.418495
982080, -68.187858
982800, -67.950917
983520, -67.711584
984240, -67.467013
984960, -67.220826
985680, -66.970014
986400, -66.718097
987120, -66.461986
987840, -66.205152
988560, -65.944507
989280, -65.683512
990000, -65.419046
990720, -65.154556
991440, -64.886949
992160, -64.619666
992880, -64.349576
993600, -64.080119
994320, -63.808202
995040, -63.537225
995760, -63.264050
996480, -62.992098
997200, -62.718267
997920, -62.445890
998640, -62.171807
999360, -61.899416
1000080, -61.625548
1000800, -61.353490
1001520, -61.080049
1002240, -60.808587
1002960, -60.535825
1003680, -60.264995
1004400, -59.992861
1005120, -59.722739
1005840, -59.451196
1006560, -59.181401
1007280, -58.910071
1008000, -58.640369
1008720, -58.368779
1009440, -58.098389
1010160, -57.825854
1010880, -57.554115
1011600, -57.279554
1012320, -57.005158
1013040, -56.727503
1013760, -56.449184
1014480, -56.166454
1015200, -55.882168
1015920, -55.592506
1016640, -55.299837
1017360, -55.000206
1018080, -54.696252
1018800, -54.383348
1019520, -54.063539
1020240, -53.732525
1020960, -53.391675
1021680, -53.035828
1022400, -52.666407
1023120, -52.277140
1023840, -51.868198
1024560, -51.432754
1025280, -50.969117
1026000, -50.468924
1026720, -49.927809
1027440, -49.334269
1028160, -48.679988
1028880, -47.947613
1029600, -47.122460
1030320, -46.177030
1031040, -45.082595
1031760, -43.793503
1032480, -42.255162
1033200, -40.386080
1033920, -38.083526
1034640, -35.203573
1035360, -31.570864
1036080, -26.981430
1036800, -21.275718
1037520, -14.476849
1038240, -7.040523
1038960, 0.009555
1039680, 5.391065
1040400, 8.336697
1041120, 8.951544
1041840, 7.850687
1042560, 5.654369
1043280, 2.813545
1044000, -0.388925
1044720, -3.771100
1045440, -7.223652
1046160, -10.672948
1046880, -14.079130
1047600, -17.414037
1048320, -20.669713
1049040, -23.840847
1049760, -26.936986
1050480, -29.969349
1051200, -32.963400
1051920, -35.945611
1052640, -38.955051
1053360, -42.027929
1054080, -45.204908
1054800, -48.507737
1055520, -51.934968
1056240, -55.426619
1056960, -58.853207
1057680, -62.010813
1058400, -64.684998
1059120, -66.728139
1059840, -68.133312
1060560, -68.998733
1061280, -69.471564
1062000, -69.679600
1062720, -69.722950
1063440, -69.662366
1064160, -69.540678
1064880, -69.378547
1065600, -69.193307
1066320, -68.990177
1067040, -68.777352
1067760, -68.554690
1068480, -68.327243
1069200, -68.093037
1069920, -67.856034
1070640, -67.613603
1071360, -67.369306
1072080, -67.120282
1072800, -66.869957
1073520, -66.615382
1074240, -66.359914
1074960, -66.100578
1075680, -65.840728
1076400, -65.577369
1077120, -65.313825
1077840, -65.047113
1078560, -64.780576
1079280, -64.511199
1080000, -64.242296
1080720, -63.970881
1081440, -63.700285
1082160, -63.427463
1082880, -63.155712
1083600, -62.882038
1084320, -62.609722
1085040, -62.335692
1085760, -62.063218
1086480, -61.789288
1087200, -61.517091
1087920, -61.243522
1088640, -60.971811
1089360, -60.698903
1090080, -60.427874
1090800, -60.155577
1091520, -59.885195
1092240, -59.613553
1092960, -59.343654
1093680, -59.072291
1094400, -58.802597
1095120, -58.531219
1095840, -58.261074
1096560, -57.988891
1097280, -57.717721
1098000, -57.443979
1098720, -57.170481
1099440, -56.893873
1100160, -56.616937
1100880, -56.335942
1101600, -56.053565
1102320, -55.766322
1103040, -55.476513
1103760, -55.180209
1104480, -54.879876
1105200, -54.571485
1105920, -54.256853
1106640, -53.931714
1107360, -53.597942
1108080, -53.250371
1108800, -52.890251
1109520, -52.512267
1110240, -52.116395
1110960, -51.696468
1111680, -51.251248
1112400, -50.772691
1113120, -50.257791
1113840, -49.695722
1114560, -49.079930
1115280, -48.395414
1116000, -47.629078
1116720, -46.757443
1117440, -45.756890
1118160, -44.588520
1118880, -43.207187
1119600, -41.544808
1120320, -39.515814
1121040, -36.997848
1121760, -33.837779
1122480, -29.841252
1123200, -24.814692
1123920, -18.644690
1124640, -11.501838
1125360, -4.068199
1126080, 2.449539
1126800, 6.889280
1127520, 8.837357
1128240, 8.677256
1128960, 7.066309
1129680, 4.566841
1130400, 1.551562
1131120, -1.739804
1131840, -5.162145
1132560, -8.619161
1133280, -12.056054
1134000, -15.434553
1134720, -18.739389
1135440, -21.959672
1136160, -25.099876
1136880, -28.167129
1137600, -31.182133
1138320, -34.166885
1139040, -37.156670
1139760, -40.186132
1140480, -43.297888
1141200, -46.522860
1141920, -49.879699
1142640, -53.342925
1143360, -56.829254
1144080, -60.173368
1144800, -63.160598
1145520, -65.589113
1146240, -67.369084
1146960, -68.539083
1147680, -69.229356
1148400, -69.580335
1149120, -69.713181
1149840, -69.707561
1150560, -69.619533
1151280, -69.478400
1152000, -69.306557
1152720, -69.112401
1153440, -68.905811
1154160, -68.687812
1154880, -68.463958
1155600, -68.232749
1156320, -67.998253
1157040, -67.758089
1157760, -67.515781
1158480, -67.268624
1159200, -67.019962
1159920, -66.766984
1160640, -66.512941
1161360, -66.254972
1162080, -65.996321
1162800, -65.734123
1163520, -65.471586
1164240, -65.205826
1164960, -64.940075
1165680, -64.671460
1166400, -64.403168
1167120, -64.132314
1167840, -63.862122
1168560, -63.589693
1169280, -63.318195
1170000, -63.044732
1170720, -62.772515
1171440, -62.498585
1172160, -62.226080
1172880, -61.952090
1173600, -61.679773
1174320, -61.406106
1175040, -61.134187
1175760, -60.861077
1176480, -60.589829
1177200, -60.317367
1177920, -60.046740
1178640, -59.774970
1179360, -59.504958
1180080, -59.233566
1180800, -58.963786
1181520, -58.692554
1182240, -58.422614
1182960, -58.150757
1183680, -57.879906
1184400, -57.606801
1185120, -57.334071
1185840, -57.058416
1186560, -56.782665
1187280, -56.503246
1188000, -56.222647
1188720, -55.937435
1189440, -55.650169
1190160, -55.356919
1190880, -55.059965
1191600, -54.755669
1192320, -54.445824
1193040, -54.126183
1193760, -53.798675
1194480, -53.458623
1195200, -53.107075
1195920, -52.739190
1196640, -52.355222
1197360, -51.949070
1198080, -51.520490
1198800, -51.061546
1199520, -50.570287
1200240, -50.036504
1200960, -49.455363
1201680, -48.812679
1202400, -48.098256
1203120, -47.291786
1203840, -46.373139
1204560, -45.309175
1205280, -44.062738
1206000, -42.576922
1206720, -40.780559
1207440, -38.570908
1208160, -35.817234
1208880, -32.345081
1209600, -27.958107
1210320, -22.474832
1211040, -15.871354
1211760, -8.493941
1212480, -1.268217
1213200, 4.525025
1213920, 7.960109
1214640, 8.989207
1215360, 8.167814
1216080, 6.144748
1216800, 3.401385
1217520, 0.253732
1218240, -3.105197
1218960, -6.549371
1219680, -10.004741
1220400, -13.420263
1221120, -16.771821
1221840, -20.042096
1222560, -23.230277
1223280, -26.338974
1224000, -29.383946
1224720, -32.382728
1225440, -35.366369
1226160, -38.366607
1226880, -41.425443
1227600, -44.578349
1228320, -47.856901
1229040, -51.261423
1229760, -54.749245
1230480, -58.201183
1231200, -61.429873
1231920, -64.210922
1232640, -66.382944
1233360, -67.905527
1234080, -68.866228
1234800, -69.403009
1235520, -69.655050
1236240, -69.723296
1236960, -69.680437
1237680, -69.567161
1238400, -69.412785
1239120, -69.230023
1239840, -69.031124
1240560, -68.818677
1241280, -68.598976
1242000, -68.371126
1242720, -68.139384
1243440, -67.901652
1244160, -67.661463
1244880, -67.416280
1245600, -67.169373
1246320, -66.918060
1247040, -66.665516
1247760, -66.408985
1248480, -66.151605
1249200, -65.890618
1249920, -65.629148
1250640, -65.364407
1251360, -65.099514
1252080, -64.831708
1252800, -64.564088
1253520, -64.293861
1254240, -64.024136
1254960, -63.752155
1255680, -63.480972
1256400, -63.207784
1257120, -62.935686
1257840, -62.661888
1258560, -62.389400
1259280, -62.115399
1260000, -61.842956
1260720, -61.569203
1261440, -61.297106
1262160, -61.023811
1262880, -60.752355
1263600, -60.479749
1264320, -60.208906
1265040, -59.936935
1265760, -59.666771
1266480, -59.395333
1267200, -59.125471
1267920, -58.854242
1268640, -58.584416
1269360, -58.312830
1270080, -58.042256
1270800, -57.769692
1271520, -57.497666
1272240, -57.222918
1272960, -56.948125
1273680, -56.670109
1274400, -56.391158
1275120, -56.107876
1275840, -55.822810
1276560, -55.532339
1277280, -55.238542
1278000, -54.937817
1278720, -54.632324
1279440, -54.317802
1280160, -53.995994
1280880, -53.662933
1281600, -53.319444
1282320, -52.960731
1283040, -52.587765
1283760, -52.194472
1284480, -51.780709
1285200, -51.339598
1285920, -50.869120
1286640, -50.360744
1287360, -49.809718
1288080, -49.204162
1288800, -48.535257
1289520, -47.784925
1290240, -46.936911
1290960, -45.963117
1291680, -44.832628
1292400, -43.496894
1293120, -41.897207
1293840, -39.947743
1294560, -37.538752
1295280, -34.518333
1296000, -30.704126
1296720, -25.893119
1297440, -19.948857
1298160, -12.961130
1298880, -5.502392
1299600, 1.301285
1300320, 6.210596
1301040, 8.638645
1301760, 8.841082
1302480, 7.466984
1303200, 5.106076
1303920, 2.171425
1304640, -1.080537
1305360, -4.484518
1306080, -7.941464
1306800, -11.384271
1307520, -14.777567
1308240, -18.096529
1308960, -21.334496
1309680, -24.489065
1310400, -27.571151
1311120, -30.593784
1311840, -33.583522
1312560, -36.568463
1313280, -39.588318
1314000, -42.679781
1314720, -45.881654
1315440, -49.211907
1316160, -52.659765
1316880, -56.150620
1317600, -59.539926
1318320, -62.613099
1319040, -65.163492
1319760, -67.070079
1320480, -68.352625
1321200, -69.124180
1321920, -69.532469
1322640, -69.699279
1323360, -69.716989
1324080, -69.640848
1324800, -69.509451
1325520, -69.341348
1326240, -69.152091
1326960, -68.946367
1327680, -68.731544
1328400, -68.507510
1329120, -68.278824
1329840, -68.043731
1330560, -67.805809
1331280, -67.562710
1332000, -67.317653
1332720, -67.068087
1333440, -66.817110
1334160, -66.562083
1334880, -66.306041
1335600, -66.046332
1336320, -65.785987
1337040, -65.522327
1337760, -65.258357
1338480, -64.991415
1339200, -64.724526
1339920, -64.454987
1340640, -64.185795
1341360, -63.914287
1342080, -63.643461
1342800, -63.370598
1343520, -63.098679
1344240, -62.825034
1344960, -62.552599
1345680, -62.278634
1346400, -62.006092
1347120, -61.732286
1347840, -61.460054
1348560, -61.186620
1349280, -60.914904
1350000, -60.642134
1350720, -60.371081
1351440, -60.098925
1352160, -59.828541
1352880, -59.557021
1353600, -59.287065
1354320, -59.015801
1355040, -58.746049
1355760, -58.474710
1356480, -58.204406
1357200, -57.932199
1357920, -57.660748
1358640, -57.386815
1359360, -57.112919
1360080, -56.836038
1360800, -56.558535
1361520, -56.277029
1362240, -55.993903
1362960, -55.705994
1363680, -55.415166
1364400, -55.117845
1365120, -54.816203
1365840, -54.506368
1366560, -54.189881
1367280, -53.862821
1368000, -53.526537
1368720, -53.176219
1369440, -52.812822
1370160, -52.431062
1370880, -52.030624
1371600, -51.605658
1372320, -51.154189
1373040, -50.668480
1373760, -50.144667
1374480, -49.572177
1375200, -48.943375
1375920, -48.243107
1376640, -47.457166
1377360, -46.561005
1378080, -45.528972
1378800, -44.320273
1379520, -42.886571
1380240, -41.155890
1380960, -39.036553
1381680, -36.399239
1382400, -33.082258
1383120, -28.886582
1383840, -23.625907
1384560, -17.226050
1385280, -9.946248
1386000, -2.592446
1386720, 3.571379
1387440, 7.495244
1388160, 8.955335
1388880, 8.439515
1389600, 6.603794
1390320, 3.971825
1391040, 0.883188
1391760, -2.445047
1392480, -5.881196
1393200, -9.337608
1393920, -12.764907
1394640, -16.129097
1395360, -19.416642
1396080, -22.619765
1396800, -25.744421
1397520, -28.799092
1398240, -31.805725
1398960, -34.788363
1399680, -37.783416
1400400, -40.826585
1401120, -43.959747
1401840, -47.211788
1402560, -50.594761
1403280, -54.071796
1404000, -57.545046
1404720, -60.832948
1405440, -63.717860
1406160, -66.013844
1406880, -67.659836
1407600, -68.717678
1408320, -69.326093
1409040, -69.622760
1409760, -69.721255
1410480, -69.694644
1411200, -69.593635
1411920, -69.444580
1412640, -69.267569
1413360, -69.070127
1414080, -68.861126
1414800, -68.641495
1415520, -68.416242
1416240, -68.184035
1416960, -67.948550
1417680, -67.707662
1418400, -67.464557
1419120, -67.216822
1419840, -66.967482
1420560, -66.714024
1421280, -66.459388
1422000, -66.201019
1422720, -65.941853
1423440, -65.679329
1424160, -65.416344
1424880, -65.150330
1425600, -64.884210
1426320, -64.615407
1427040, -64.346807
1427760, -64.075836
1428480, -63.805411
1429200, -63.532926
1429920, -63.261246
1430640, -62.987790
1431360, -62.715456
1432080, -62.441579
1432800, -62.168996
1433520, -61.895109
1434240, -61.622742
1434960, -61.349190
1435680, -61.077251
1436400, -60.804299
1437120, -60.533040
1437840, -60.260720
1438560, -59.990089
1439280, -59.718476
1440000, -59.448432
1440720, -59.177145
1441440, -58.907313
1442160, -58.636118
1442880, -58.366019
1443600, -58.094134
1444320, -57.823088
1445040, -57.549848
1445760, -57.276765
1446480, -57.000864
1447200, -56.724683
1447920, -56.444850
1448640, -56.163578
1449360, -55.877768
1450080, -55.589549
1450800, -55.295335
1451520, -54.997129
1452240, -54.691610
1452960, -54.380101
1453680, -54.058701
1454400, -53.729057
1455120, -53.386580
1455840, -53.032054
1456560, -52.660963
1457280, -52.272957
1458000, -51.862271
1458720, -51.427992
1459440, -50.962496
1460160, -50.463324
1460880, -49.920179
1461600, -49.327444
1462320, -48.670870
1463040, -47.938967
1463760, -47.111062
1464480, -46.165542
1465200, -45.067647
1465920, -43.777501
1466640, -42.234334
1467360, -40.362344
1468080, -38.052506
1468800, -35.166390
1469520, -31.522313
1470240, -26.922232
1470960, -21.202013
1471680, -14.393776
1472400, -6.953898
1473120, 0.082036
1473840, 5.438986
1474560, 8.353816
1475280, 8.946354
1476000, 7.828148
1476720, 5.623704
1477440, 2.775935
1478160, -0.427970
1478880, -3.812900
1479600, -7.264223
1480320, -10.714652
1481040, -14.118609
1481760, -17.454106
1482480, -20.707320
1483200, -23.878911
1483920, -26.972662
1484640, -30.005775
1485360, -32.997978
1486080, -35.981654
1486800, -38.990094
1487520, -42.065397
1488240, -45.242278
1488960, -48.548073
1489680, -51.975046
1490400, -55.468397
1491120, -58.891633
1491840, -62.046263
1492560, -64.712083
1493280, -66.748920
1494000, -68.145544
1494720, -69.006922
1495440, -69.474486
1496160, -69.681534
1496880, -69.721906
1497600, -69.661854
1498320, -69.538136
1499040, -69.377106
1499760, -69.190175
1500480, -68.988345
1501200, -68.773950
1501920, -68.552660
1502640, -68.323689
1503360, -68.090882
1504080, -67.852374
1504800, -67.611355
1505520, -67.365563
1506240, -67.117957
1506960, -66.866145
1507680, -66.612992
1508400, -66.356041
1509120, -66.098131
1509840, -65.836805
1510560, -65.574875
1511280, -65.309860
1512000, -65.044580
1512720, -64.776577
1513440, -64.508636
1514160, -64.238271
1514880, -63.968295
1515600, -63.696241
1516320, -63.424861
1517040, -63.151657
1517760, -62.879428
1518480, -62.605661
1519200, -62.333078
1519920, -62.059158
1520640, -61.786677
1521360, -61.513037
1522080, -61.240916
1522800, -60.967765
1523520, -60.696306
1524240, -60.423837
1524960, -60.152987
1525680, -59.881167
1526400, -59.610971
1527120, -59.339631
1527840, -59.069712
1528560, -58.798579
1529280, -58.528640
1530000, -58.257051
1530720, -57.986303
1531440, -57.713683
1532160, -57.441365
1532880, -57.166412
1533600, -56.891223
1534320, -56.612822
1535040, -56.333233
1535760, -56.049381
1536480, -55.763534
1537200, -55.472237
1537920, -55.177309
1538640, -54.875471
1539360, -54.568431
1540080, -54.252265
1540800, -53.928448
1541520, -53.593106
1542240, -53.246809
1542960, -52.885076
1543680, -52.508308
1544400, -52.110751
1545120, -51.691968
1545840, -51.244970
1546560, -50.767437
1547280, -50.250609
1548000, -49.689379
1548720, -49.071430
1549440, -48.387468
1550160, -47.618619
1550880, -46.747040
1551600, -45.743306
1552320, -44.574106
1553040, -43.188424
1553760, -41.523678
1554480, -39.488237
1555200, -36.965043
1555920, -33.794805
1556640, -29.788577
1557360, -24.747455
1558080, -18.565719
1558800, -11.412962
1559520, -3.983876
1560240, 2.516703
1560960, 6.926088
1561680, 8.847293
1562400, 8.664696
1563120, 7.041696
1563840, 4.532843
1564560, 1.514511
1565280, -1.780556
1566000, -5.202360
1566720, -8.660855
1567440, -12.095816
1568160, -15.474975
1568880, -18.777437
1569600, -21.998094
1570320, -25.135867
1571040, -28.203841
1571760, -31.216997
1572480, -34.203065
1573200, -37.191744
1573920, -40.223381
1574640, -43.334912
1575360, -46.562792
1576080, -49.919730
1576800, -53.385370
1577520, -56.869698
1578240, -60.212376
1578960, -63.192524
1579680, -65.614897
1580400, -67.385704
1581120, -68.550524
1581840, -69.234541
1582560, -69.583686
1583280, -69.713074
1584000, -69.707601
1584720, -69.617393
1585440, -69.477190
1586160, -69.303637
1586880, -69.110688
1587600, -68.902554
1588320, -68.685860
1589040, -68.460523
1589760, -68.230657
1590480, -67.994703
1591200, -67.755897
1591920, -67.512143
1592640, -67.266353
1593360, -67.016253
1594080, -66.764645
1594800, -66.509170
1595520, -66.252576
1596240, -65.992497
1596960, -65.731678
1597680, -65.467717
1598400, -65.203339
1599120, -64.936171
1599840, -64.668940
1600560, -64.399235
1601280, -64.129769
1602000, -63.858170
1602720, -63.587131
1603440, -63.314228
1604160, -63.042158
1604880, -62.768542
1605600, -62.496007
1606320, -62.222106
1607040, -61.949513
1607760, -61.675802
1608480, -61.403532
1609200, -61.130222
1609920, -60.858510
1610640, -60.585872
1611360, -60.314807
1612080, -60.042791
1612800, -59.772418
1613520, -59.501017
1614240, -59.231018
1614960, -58.959849
1615680, -58.690005
1616400, -58.418670
1617120, -58.148197
1617840, -57.875949
1618560, -57.604221
1619280, -57.330087
1620000, -57.055801
1620720, -56.778642
1621440, -56.500583
1622160, -56.218561
1622880, -55.934698
1623600, -55.645995
1624320, -55.354072
1625040, -55.055664
1625760, -54.752679
1626480, -54.441358
1627200, -54.122998
1627920, -53.793987
1628640, -53.455175
1629360, -53.102079
1630080, -52.735388
1630800, -52.349811
1631520, -51.944776
1632240, -51.514493
1632960, -51.056551
1633680, -50.563472
1634400, -50.030537
1635120, -49.447385
1635840, -48.805306
1636560, -48.088530
1637280, -47.282248
1638000, -46.360730
1638720, -45.296242
1639440, -44.045982
1640160, -42.558384
1640880, -40.756458
1641600, -38.542608
1642320, -35.780183
1643040, -32.299805
1643760, -27.899450
1644480, -22.404146
1645200, -15.787209
1645920, -8.406673
1646640, -1.188903
1647360, 4.579274
1648080, 7.986091
1648800, 8.988282
1649520, 8.150591
1650240, 6.115280
1650960, 3.366991
1651680, 0.214539
1652400, -3.144642
1653120, -6.590714
1653840, -10.044497
1654560, -13.460796
1655280, -16.810108
1656000, -20.080718
1656720, -23.266626
1657440, -26.375874
1658160, -29.418834
1658880, -32.418612
1659600, -35.400889
1660320, -38.402936
1661040, -41.461318
1661760, -44.616910
1662480, -47.895654
1663200, -51.302958
1663920, -54.789805
1664640, -58.241757
1665360, -61.465034
1666080, -64.240968
1666800, -66.403888
1667520, -67.920506
1668240, -68.874020
1668960, -69.408055
1669680, -69.656061
1670400, -69.723996
1671120, -69.678755
1671840, -69.566210
1672560, -69.410084
1673280, -69.228427
1674000, -69.028003
1674720, -68.816793
1675440, -68.595647
1676160, -68.369083
1676880, -68.135928
1677600, -67.899502
1678320, -67.657915
1679040, -67.414046
1679760, -67.165748
1680480, -66.915757
1681200, -66.661828
1681920, -66.406622
1682640, -66.147862
1683360, -65.888204
1684080, -65.625359
1684800, -65.361950
1685520, -65.095687
1686240, -64.829217
1686960, -64.560232
1687680, -64.291343
1688400, -64.020258
1689120, -63.749618
1689840, -63.477078
1690560, -63.205234
1691280, -62.931784
1692000, -62.659331
1692720, -62.385495
1693440, -62.112841
1694160, -61.839052
1694880, -61.566648
1695600, -61.293208
1696320, -61.021262
1697040, -60.748466
1697760, -60.477209
1698480, -60.205026
1699200, -59.934403
1699920, -59.662898
1700640, -59.392804
1701360, -59.121600
1702080, -58.851714
1702800, -58.580543
1703520, -58.310294
1704240, -58.038373
1704960, -57.767143
1705680, -57.493765
1706400, -57.220341
1707120, -56.944190
1707840, -56.667487
1708560, -56.387164
1709280, -56.105184
1710000, -55.818739
1710720, -55.529554
1711440, -55.234358
1712160, -54.934902
1712880, -54.627987
1713600, -54.314702
1714320, -53.991448
1715040, -53.659587
1715760, -53.314606
1716480, -52.957049
1717200, -52.582535
1717920, -52.190326
1718640, -51.774946
1719360, -51.334826
1720080, -50.862616
1720800, -50.355082
1721520, -49.802144
1722240, -49.197204
1722960, -48.526110
1723680, -47.776043
1724400, -46.925353
1725120, -45.951170
1725840, -44.817140
1726560, -43.479870
1727280, -41.875133
1728000, -39.922068
1728720, -37.505208
1729440, -34.477514
1730160, -30.650921
1730880, -25.827889
1731600, -19.868341
1732320, -12.871737
1733040, -5.412222
1733760, 1.373987
1734480, 6.256161
1735200, 8.652981
1735920, 8.833559
1736640, 7.442998
1737360, 5.074352
1738080, 2.133253
1738800, -1.120061
1739520, -4.526545
1740240, -7.982350
1740960, -11.426013
1741680, -14.817231
1742400, -18.136531
1743120, -21.372243
1743840, -24.527217
1744560, -27.607179
1745280, -30.630544
1746000, -33.618705
1746720, -36.605123
1747440, -39.624301
1748160, -42.718201
1748880, -45.920262
1749600, -49.253473
1750320, -52.701092
1751040, -56.193118
1751760, -59.578591
1752480, -62.647929
1753200, -65.189751
1753920, -67.089747
1754640, -68.364021
1755360, -69.131650
1756080, -69.535067
1756800, -69.700922
1757520, -69.715920
1758240, -69.640235
1758960, -69.506998
1759680, -69.339873
1760400, -69.149089
1761120, -68.944526
1761840, -68.728287
1762560, -68.505482
1763280, -68.275422
1764000, -68.041583
1764720, -67.802306
1765440, -67.560473
1766160, -67.314070
1766880, -67.065776
1767600, -66.813460
1768320, -66.559709
1769040, -66.302334
1769760, -66.043904
1770480, -65.782232
1771200, -65.519854
1771920, -65.254560
1772640, -64.988905
1773360, -64.720697
1774080, -64.452448
1774800, -64.181941
1775520, -63.911726
1776240, -63.639589
1776960, -63.368022
1777680, -63.094796
1778400, -62.822449
1779120, -62.548712
1779840, -62.276047
1780560, -62.002206
1781280, -61.729702
1782000, -61.456173
1782720, -61.184041
1783440, -60.911032
1784160, -60.639563
1784880, -60.367215
1785600, -60.096360
1786320, -59.824684
1787040, -59.554462
1787760, -59.283212
1788480, -59.013244
1789200, -58.742198
1789920, -58.472152
1790640, -58.200548
1791360, -57.929629
1792080, -57.656873
1792800, -57.384217
1793520, -57.109010
1794240, -56.833402
1794960, -56.554578
1795680, -56.274330
1796400, -55.989874
1797120, -55.703206
1797840, -55.411028
1798560, -55.114931
1799280, -54.811925
1800000, -54.503291
1800720, -54.185411
1801440, -53.859524
1802160, -53.521810
1802880, -53.172617
1803600, -52.807748
1804320, -52.427052
1805040, -52.025068
1805760, -51.601093
1806480, -51.147981
1807200, -50.663140
1807920, -50.137531
1808640, -49.565720
1809360, -48.934886
1810080, -48.234963
1810800, -47.446590
1811520, -46.550272
1812240, -45.515122
1812960, -44.305347
1813680, -42.867312
1814400, -41.133870
1815120, -39.007944
1815840, -36.364910
1816560, -33.037469
1817280, -28.831443
1818000, -23.556140
1818720, -17.144850
1819440, -9.856843
1820160, -2.510845
1820880, 3.632541
1821600, 7.525497
1822320, 8.959845
1823040, 8.423470
1823760, 6.576973
1824480, 3.936676
1825200, 0.845412
1825920, -2.486017
1826640, -5.921544
1827360, -9.379068
1828080, -12.804513
1828800, -16.169086
1829520, -19.454434
1830240, -22.657863
1830960, -25.780324
1831680, -28.835501
1832400, -31.840359
1833120, -34.824134
1833840, -37.818226
1834560, -40.863466
1835280, -43.996617
1836000, -47.251505
1836720, -50.634620
1837440, -54.113630
1838160, -57.584510
1838880, -60.870219
1839600, -63.747924
1840320, -66.037654
1841040, -67.674865
1841760, -68.727811
1842480, -69.330528
1843200, -69.625537
1843920, -69.720930
1844640, -69.694458
1845360, -69.591494
1846080, -69.443275
1846800, -69.264725
1847520, -69.068365
1848240, -68.857974
1848960, -68.639513
1849680, -68.412924
1850400, -68.181921
1851120, -67.945123
1851840, -67.705452
1852560, -67.461045
1853280, -67.214536
1854000, -66.963900
1854720, -66.711672
1855440, -66.455747
1856160, -66.198612
1856880, -65.938162
1857600, -65.676874
1858320, -65.412610
1859040, -65.147836
1859760, -64.880441
1860480, -64.612882
1861200, -64.343011
1861920, -64.073287
1862640, -63.801597
1863360, -63.530361
1864080, -63.257420
1864800, -62.985215
1865520, -62.711624
1866240, -62.438999
1866960, -62.165162
1867680, -61.892530
1868400, -61.618911
1869120, -61.346615
1869840, -61.073427
1870560, -60.801732
1871280, -60.529225
1872000, -60.258161
1872720, -59.986283
1873440, -59.715923
1874160, -59.444629
1874880, -59.174594
1875600, -58.903513
1876320, -58.633565
1877040, -58.362213
1877760, -58.091570
1878480, -57.819270
1879200, -57.547267
1879920, -57.272921
1880640, -56.998250
1881360, -56.720799
1882080, -56.442183
1882800, -56.159631
1883520, -55.875029
1884240, -55.585513
1884960, -55.292487
1885680, -54.992969
1886400, -54.688613
1887120, -54.375764
1887840, -54.055499
1888560, -53.724492
1889280, -53.383115
1890000, -53.027180
1890720, -52.657145
1891440, -52.267671
1892160, -51.857964
1892880, -51.422124
1893600, -50.957492
1894320, -50.456618
1895040, -49.914163
1895760, -49.319513
1896480, -48.663365
1897200, -47.929214
1897920, -47.101274
1898640, -46.152945
1899360, -45.054303
1900080, -43.760379
1900800, -42.215091
1901520, -40.337459
1902240, -38.023020
1902960, -35.127974
1903680, -31.475154
1904400, -26.861578
1905120, -21.129356
1905840, -14.308770
1906560, -6.867766
1907280, 0.156644
1908000, 5.486371
1908720, 8.373167
1909440, 8.940725
1910160, 7.807882
1910880, 5.592599
1911600, 2.740572
1912320, -0.467488
1913040, -3.852488
1913760, -7.305303
1914480, -10.754182
1915200, -14.158633
1915920, -17.492039
1916640, -20.745507
1917360, -23.914877
1918080, -27.008955
1918800, -30.040184
1919520, -33.033394
1920240, -36.016011
1920960, -39.026219
1921680, -42.101293
1922400, -45.280761
1923120, -48.586825
1923840, -52.016230
1924560, -55.508487
1925280, -58.931050
1926000, -62.080052
1926720, -64.740259
1927440, -66.768186
1928160, -68.159023
1928880, -69.013737
1929600, -69.478762
1930320, -69.682167
1931040, -69.722262
1931760, -69.660070
1932480, -69.537008
1933200, -69.374404
1933920, -69.188463
1934640, -68.985258
1935360, -68.771972
1936080, -68.549379
1936800, -68.321560
1937520, -68.087479
1938240, -67.850142
1938960, -67.607862
1939680, -67.363248
1940400, -67.114389
1941120, -66.863761
1941840, -66.609362
1942560, -66.353600
1943280, -66.094448
1944000, -65.834313
1944720, -65.571147
1945440, -65.307326
1946160, -65.040815
1946880, -64.774009
1947600, -64.504842
1948320, -64.235678
1949040, -63.964479
1949760, -63.693629
1950480, -63.421030
1951200, -63.149032
1951920, -62.875588
1952640, -62.603031
1953360, -62.329236
1954080, -62.056526
1954800, -61.782838
1955520, -61.510410
1956240, -61.237083
1956960, -60.965145
1957680, -60.692480
1958400, -60.421223
1959120, -60.149168
1959840, -59.878561
1960560, -59.607160
1961280, -59.337028
1962000, -59.065904
1962720, -58.795978
1963440, -58.524832
1964160, -58.254443
1964880, -57.982485
1965600, -57.711058
1966320, -57.437521
1967040, -57.163754
1967760, -56.887342
1968480, -56.610117
1969200, -56.329292
1969920, -56.046605
1970640, -55.759515
1971360, -55.469368
1972080, -55.173178
1972800, -54.872473
1973520, -54.564147
1974240, -54.249081
1974960, -53.923952
1975680, -53.589674
1976400, -53.242019
1977120, -52.881306
1977840, -52.503124
1978560, -52.106514
1979280, -51.686246
1980000, -51.240100
1980720, -50.760964
1981440, -50.244839
1982160, -49.681825
1982880, -49.064347
1983600, -48.378320
1984320, -47.609586
1985040, -46.735448
1985760, -45.731164
1986480, -44.558523
1987200, -43.171127
1987920, -41.501410
1988640, -39.462163
1989360, -36.931149
1990080, -33.753392
1990800, -29.734885
1991520, -24.681857
1992240, -18.485808
1992960, -11.325784
1993680, -3.898633
1994400, 2.581815
1995120, 6.963595
1995840, 8.855642
1996560, 8.653461
1997280, 7.016012
1998000, 4.500514
1998720, 1.476599
1999440, -1.819516
2000160, -5.243368
2000880, -8.700727
2001600, -12.136360
2002320, -15.513578
2003040, -18.816278
2003760, -22.034718
2004480, -25.172835
2005200, -28.238945
2005920, -31.252840
2006640, -34.237605
2007360, -37.227760
2008080, -40.258956
2008800, -43.372846
2009520, -46.601024
2010240, -49.960641
2010960, -53.426091
2011680, -56.911013
2012400, -60.249679
2013120, -63.225379
2013840, -65.639086
2014560, -67.403400
2015280, -68.560528
2016000, -69.240940
2016720, -69.585706
2017440, -69.714251
2018160, -69.706355
2018880, -69.616565
2019600, -69.474712
2020320, -69.302037
2021040, -69.107715
2021760, -68.900622
2022480, -68.682652
2023200, -68.458415
2023920, -68.227311
2024640, -67.992480
2025360, -67.752453
2026080, -67.509833
2026800, -67.262831
2027520, -67.013870
2028240, -66.761057
2028960, -66.506727
2029680, -66.248932
2030400, -65.990001
2031120, -65.727986
2031840, -65.465177
2032560, -65.199608
2033280, -64.933594
2034000, -64.665177
2034720, -64.396629
2035440, -64.125981
2036160, -63.855543
2036880, -63.583327
2037600, -63.311587
2038320, -63.038344
2039040, -62.765895
2039760, -62.492190
2040480, -62.219457
2041200, -61.945697
2041920, -61.673155
2042640, -61.399720
2043360, -61.127580
2044080, -60.854706
2044800, -60.583237
2045520, -60.311010
2046240, -60.040163
2046960, -59.768630
2047680, -59.498396
2048400, -59.227235
2049120, -58.957231
2049840, -58.686221
2050560, -58.416045
2051280, -58.144402
2052000, -57.873311
2052720, -57.600408
2053440, -57.327420
2054160, -57.051954
2054880, -56.775936
2055600, -56.496687
2056320, -56.215793
2057040, -55.930730
2057760, -55.643138
2058480, -55.349996
2059200, -55.052681
2059920, -54.748463
2060640, -54.438212
2061360, -54.118588
2062080, -53.790619
2062800, -53.450508
2063520, -53.098404
2064240, -52.730370
2064960, -52.345725
2065680, -51.939273
2066400, -51.509827
2067120, -51.050354
2067840, -50.557996
2068560, -50.023378
2069280, -49.440757
2070000, -48.796755
2070720, -48.080169
2071440, -47.271556
2072160, -46.349713
2072880, -45.282189
2073600, -44.030662
2074320, -42.538784
2075040, -40.733865
2075760, -38.513345
2076480, -35.744770
2077200, -32.253740
2077920, -27.842657
2078640, -22.332948
2079360, -15.705228
2080080, -8.319160
2080800, -1.111868
2081520, 4.633933
2082240, 8.010274
2082960, 8.988382
2083680, 8.132129
2084400, 6.087260
2085120, 3.331632
2085840, 0.176956
2086560, -3.184960
2087280, -6.630399
2088000, -10.085105
2088720, -13.499668
2089440, -16.849254
2090160, -20.117694
2090880, -23.303848
2091600, -26.411144
2092320, -29.454610
2093040, -32.452881
2093760, -35.436306
2094480, -38.437656
2095200, -41.498087
2095920, -44.653855
2096640, -47.935289
2097360, -51.342861
2098080, -54.831234
2098800, -58.280701
2099520, -61.501089
2100240, -64.269450
2100960, -66.425836
2101680, -67.934060
2102400, -68.882952
2103120, -69.411793
2103840, -69.658294
2104560, -69.723444
2105280, -69.678330
2106000, -69.564028
2106720, -69.408651
2107440, -69.225610
2108160, -69.026154
2108880, -68.813691
2109600, -68.593592
2110320, -68.365825
2111040, -68.133747
2111760, -67.896138
2112480, -67.655641
2113200, -67.410600
2113920, -67.163400
2114640, -66.912242
2115360, -66.659416
2116080, -66.403049
2116800, -66.145395
2117520, -65.884582
2118240, -65.622846
2118960, -65.358286
2119680, -65.093136
2120400, -64.825520
2121120, -64.557651
2121840, -64.287619
2122560, -64.017654
2123280, -63.745877
2124000, -63.474459
2124720, -63.201481
2125440, -62.929156
2126160, -62.655573
2126880, -62.382862
2127600, -62.109081
2128320, -61.836422
2129040, -61.562892
2129760, -61.290581
2130480, -61.017513
2131200, -60.745848
2131920, -60.473469
2132640, -60.202416
2133360, -59.930672
2134080, -59.660294
2134800, -59.389077
2135520, -59.118997
2136240, -58.847989
2136960, -58.577939
2137680, -58.306563
2138400, -58.035758
2139120, -57.763399
2139840, -57.491131
2140560, -57.216570
2141280, -56.941522
2142000, -56.663673
2142720, -56.384438
2143440, -56.101301
2144160, -55.815935
2144880, -55.525579
2145600, -55.231442
2146320, -54.930800
2147040, -54.624920
2147760, -54.310419
2148480, -53.988172
2149200, -53.655060
2149920, -53.311041
2150640, -52.952192
2151360, -52.578582
2152080, -52.185011
2152800, -51.770466
2153520, -51.328892
2154240, -50.857401
2154960, -50.348270
2155680, -49.795871
2156400, -49.189111
2157120, -48.518281
2157840, -47.766048
2158560, -46.915141
2159280, -45.938146
2160000, -44.803040
2160720, -43.461827
2161440, -41.854522
2162160, -39.895472
2162880, -37.473256
2163600, -34.435947
2164320, -30.599535
2165040, -25.762204
2165760, -19.789990
2166480, -12.782245
2167200, -5.324480
2167920, 1.446763
2168640, 6.299641
2169360, 8.668047
2170080, 8.824678
2170800, 7.420325
2171520, 5.041661
2172240, 2.096633
2172960, -1.160414
2173680, -4.566946
2174400, -8.024028
2175120, -11.466175
2175840, -14.857737
2176560, -18.174940
2177280, -21.410814
2178000, -24.563767
2178720, -27.644026
2179440, -30.665701
2180160, -33.654704
2180880, -36.640177
2181600, -39.661091
2182320, -42.754999
2183040, -45.959654
2183760, -49.293390
2184480, -52.743177
2185200, -56.233953
2185920, -59.618020
2186640, -62.681144
2187360, -65.216872
2188080, -67.107946
2188800, -68.376443
2189520, -69.137803
2190240, -69.538810
2190960, -69.701332
2191680, -69.716049
2192400, -69.638423
2193120, -69.505763
2193840, -69.337213
2194560, -69.147311
2195280, -68.941506
2196000, -68.726257
2196720, -68.502277
2197440, -68.273248
2198160, -68.038260
2198880, -67.800031
2199600, -67.557062
2200320, -67.311715
2201040, -67.062293
2201760, -66.811038
2202480, -66.556164
2203200, -66.299854
2203920, -66.040307
2204640, -65.779704
2205360, -65.516213
2206080, -65.251992
2206800, -64.985228
2207520, -64.718096
2208240, -64.448742
2208960, -64.179314
2209680, -63.907999
2210400, -63.636944
2211120, -63.364281
2211840, -63.092140
2212560, -62.818701
2213280, -62.546051
2214000, -62.272297
2214720, -61.999544
2215440, -61.725956
2216160, -61.453517
2216880, -61.180301
2217600, -60.908383
2218320, -60.635831
2219040, -60.364572
2219760, -60.092635
2220480, -59.822049
2221200, -59.550744
2221920, -59.280580
2222640, -59.009529
2223360, -58.739568
2224080, -58.468436
2224800, -58.197911
2225520, -57.925903
2226240, -57.654218
2226960, -57.380465
2227680, -57.106321
2228400, -56.829611
2229120, -56.551840
2229840, -56.270478
2230560, -55.987064
2231280, -55.699267
2232000, -55.408111
2232720, -55.110868
2233440, -54.808870
2234160, -54.499067
2234880, -54.182164
2235600, -53.855084
2236320, -53.518309
2237040, -53.167877
2237760, -52.803902
2238480, -52.421909
2239200, -52.020746
2239920, -51.595403
2240640, -51.143014
2241360, -50.656684
2242080, -50.131646
2242800, -49.558160
2243520, -48.927661
2244240, -48.225736
2244960, -47.437301
2245680, -46.538485
2246400, -45.502593
2247120, -44.289413
2247840, -42.849435
2248560, -41.110924
2249280, -38.980822
2250000, -36.329752
2250720, -32.994268
2251440, -28.775644
2252160, -23.488179
2252880, -17.063221
2253600, -9.769441
2254320, -2.428897
2255040, 3.691844
2255760, 7.556508
2256480, 8.963066
2257200, 8.408715
2257920, 6.549249
2258640, 3.903057
2259360, 0.806872
2260080, -2.525384
2260800, -5.962620
2261520, -9.418915
2262240, -12.844851
2262960, -16.207476
2263680, -19.492975
2264400, -22.694381
2265120, -25.816996
2265840, -28.870351
2266560, -31.875779
2267280, -34.858358
2268000, -37.853827
2268720, -40.898801
2269440, -44.034270
2270160, -47.289589
2270880, -50.675141
2271600, -54.153778
2272320, -57.624625
2273040, -60.905838
2273760, -63.778725
2274480, -66.059959
2275200, -67.690815
2275920, -68.736626
2276640, -69.336040
2277360, -69.627111
2278080, -69.721758
2278800, -69.693118
2279520, -69.590534
2280240, -69.440834
2280960, -69.263073
2281680, -69.065476
2282400, -68.856017
2283120, -68.636407
2283840, -68.410804
2284560, -68.178685
2285280, -67.942893
2286000, -67.702123
2286720, -67.458732
2287440, -67.211131
2288160, -66.961518
2288880, -66.708204
2289600, -66.453305
2290320, -66.195090
2291040, -65.935670
2291760, -65.673306
2292480, -65.410076
2293200, -65.144231
2293920, -64.877872
2294640, -64.609246
2295360, -64.340415
2296080, -64.069629
2296800, -63.798982
2297520, -63.526688
2298240, -63.254791
2298960, -62.981533
2299680, -62.708989
2300400, -62.435312
2301120, -62.162524
2301840, -61.888845
2302560, -61.616277
2303280, -61.342934
2304000, -61.070798
2304720, -60.798060
2305440, -60.526605
2306160, -60.254497
2306880, -59.983670
2307600, -59.712266
2308320, -59.442020
2309040, -59.170940
2309760, -58.900905
2310480, -58.629909
2311200, -58.359598
2311920, -58.087905
2312640, -57.816642
2313360, -57.543584
2314080, -57.270267
2314800, -56.994534
2315520, -56.718102
2316240, -56.438412
2316960, -56.156867
2317680, -55.871182
2318400, -55.582659
2319120, -55.288532
2319840, -54.989990
2320560, -54.684511
2321280, -54.372607
2322000, -54.051195
2322720, -53.721110
2323440, -53.378550
2324160, -53.023491
2324880, -52.652230
2325600, -52.263572
2326320, -51.852566
2327040, -51.417448
2327760, -50.951404
2328480, -50.451110
2329200, -49.907072
2329920, -49.312788
2330640, -48.654796
2331360, -47.920683
2332080, -47.090443
2332800, -46.141591
2333520, -45.039944
2334240, -43.744534
2334960, -42.194879
2335680, -40.313911
2336400, -37.992646
2337120, -35.090993
2337840, -31.427232
2338560, -26.802519
2339280, -21.056129
2340000, -14.225565
2340720, -6.781241
2341440, 0.229391
2342160, 5.534307
2342880, 8.391049
2343600, 8.936134
2344320, 7.786568
2345040, 5.562819
2345760, 2.704337
2346480, -0.505579
2347200, -3.892892
2347920, -7.344932
2348640, -10.794519
2349360, -14.197207
2350080, -17.530785
2350800, -20.782256
2351520, -23.951670
2352240, -27.043826
2352960, -30.075565
2353680, -33.067546
2354400, -36.051358
2355120, -39.061127
2355840, -42.138240
2356560, -45.318039
2357280, -48.626615
2358000, -52.056194
2358720, -55.549431
2359440, -58.969018
2360160, -62.114635
2360880, -64.767012
2361600, -66.788333
2362320, -68.171201
2363040, -69.021555
2363760, -69.481840
2364480, -69.683878
2365200, -69.721469
2365920, -69.659393
2366640, -69.534752
2367360, -69.372819
2368080, -69.185630
2368800, -68.983292
2369520, -68.768875
2370240, -68.547219
2370960, -68.318315
2371680, -68.085198
2372400, -67.846794
2373120, -67.605490
2373840, -67.359819
2374560, -67.111944
2375280, -66.860265
2376000, -66.606853
2376720, -66.350045
2377440, -66.091885
2378160, -65.830709
2378880, -65.568538
2379600, -65.303682
2380320, -65.038168
2381040, -64.770332
2381760, -64.502166
2382480, -64.231975
2383200, -63.961781
2383920, -63.689908
2384640, -63.418316
2385360, -63.145299
2386080, -62.872866
2386800, -62.599293
2387520, -62.326510
2388240, -62.052788
2388960, -61.780115
2389680, -61.506677
2390400, -61.234365
2391120, -60.961420
2391840, -60.689769
2392560, -60.417504
2393280, -60.146463
2394000, -59.874850
2394720, -59.604461
2395440, -59.333321
2396160, -59.063208
2396880, -58.792274
2397600, -58.522134
2398320, -58.250733
2399040, -57.979777
2399760, -57.707331
2400480, -57.434786
2401200, -57.159994
2401920, -56.884570
2402640, -56.606310
2403360, -56.326458
2404080, -56.042728
2404800, -55.756603
2405520, -55.465398
2406240, -55.170151
2406960, -54.868373
2407680, -54.560966
2408400, -54.244796
2409120, -53.920559
2409840, -53.585140
2410560, -53.238330
2411280, -52.876434
2412000, -52.499038
2412720, -52.101173
2413440, -51.681620
2414160, -51.234125
2414880, -50.755585
2415600, -50.237962
2416320, -49.675359
2417040, -49.056155
2417760, -48.370255
2418480, -47.599438
2419200, -46.724930
2419920, -45.717896
2420640, -44.544001
2421360, -43.152688
2422080, -41.480181
2422800, -39.434919
2423520, -36.898255
2424240, -33.710760
2424960, -29.682131
2425680, -24.614971
2426400, -18.406775
2427120, -11.237314
2427840, -3.814382
2428560, 2.647973
2429280, 6.999849
2430000, 8.864884
2430720, 8.640941
2431440, 6.991242
2432160, 4.466920
2432880, 1.439617
2433600, -1.859716
2434320, -5.283424
2435040, -8.741818
2435760, -12.175936
2436480, -15.553386
2437200, -18.854139
2437920, -22.072534
2438640, -25.208823
2439360, -28.275243
2440080, -31.287700
2440800, -34.273340
2441520, -37.262801
2442240, -40.295740
2442960, -43.409826
2443680, -46.640487
2444400, -50.000625
2445120, -53.468053
2445840, -56.951390
2446560, -60.288188
2447280, -63.257234
2448000, -65.664404
2448720, -67.420029
2449440, -68.571619
2450160, -69.246253
2450880, -69.588805
2451600, -69.714341
2452320, -69.706188
2453040, -69.614650
2453760, -69.473311
2454480, -69.299352
2455200, -69.105818
2455920, -68.897603
2456640, -68.680519
2457360, -68.455221
2458080, -68.225039
2458800, -67.989173
2459520, -67.750083
2460240, -67.506439
2460960, -67.260381
2461680, -67.010404
2462400, -66.758542
2463120, -66.503200
2463840, -66.246360
2464560, -65.986422
2465280, -65.725365
2466000, -65.461554
2466720, -65.196946
2467440, -64.929936
2468160, -64.662483
2468880, -64.392942
2469600, -64.123263
2470320, -63.851837
2471040, -63.580591
2471760, -63.307867
2472480, -63.035598
2473200, -62.762169
2473920, -62.489440
2474640, -62.215729
2475360, -61.942948
2476080, -61.669431
2476800, -61.396974
2477520, -61.123860
2478240, -60.851967
2478960, -60.579526
2479680, -60.308277
2480400, -60.036460
2481120, -59.765907
2481840, -59.494701
2482560, -59.224516
2483280, -58.953539
2484000, -58.683500
2484720, -58.412346
2485440, -58.141670
2486160, -57.869599
2486880, -57.597657
2487600, -57.323681
2488320, -57.049168
2489040, -56.772158
2489760, -56.493853
2490480, -56.211953
2491200, -55.927823
2491920, -55.639210
2492640, -55.346979
2493360, -55.048627
2494080, -54.745306
2494800, -54.433995
2495520, -54.115236
2496240, -53.786181
2496960, -53.446897
2497680, -53.093660
2498400, -52.726408
2499120, -52.340570
2499840, -51.934824
2500560, -54.623164
2501280, -56.866076
2502000, -58.851573
2502720, -60.672109
2503440, -62.362712
2504160, -63.920233
2504880, -65.333743
2505600, -66.588940
2506320, -67.684192
2507040, -68.622312
2507760, -69.417328
2508480, -70.082548
2509200, -70.636925
2509920, -71.094321
2510640, -71.471624
2511360, -71.779384
2512080, -72.030776
2512800, -72.232785
2513520, -72.395344
2514240, -72.522640
2514960, -72.622242
2515680, -72.696356
2516400, -72.750905
2517120, -72.786737
2517840, -72.808650
2518560, -72.816569
2519280, -72.814526
2520000, -72.801816
2520720, -72.781950
2521440, -72.753790
2522160, -72.720487
2522880, -72.680605
2523600, -72.637043
2524320, -72.588158
2525040, -72.536672
2525760, -72.480795
2526480, -72.423124
2527200, -72.361766
2527920, -72.299226
2528640, -72.233537
2529360, -72.167138
2530080, -72.098008
2530800, -72.028538
2531520, -71.956668
2532240, -71.884748
2532960, -71.810688
2533680, -71.736810
2534400, -71.661005
2535120, -71.585577
2535840, -71.508400
2536560, -71.431763
2537280, -71.353528
2538000, -71.275971
2538720, -71.196947
2539440, -71.118720
2540160, -71.039137
2540880, -70.960457
2541600, -70.880515
2542320, -70.801556
2543040, -70.721413
2543760, -70.642328
2544480, -70.562133
2545200, -70.483067
2545920, -70.402961
2546640, -70.324050
2547360, -70.244163
2548080, -70.165531
2548800, -70.085983
2549520, -70.007745
2550240, -69.928645
2550960, -69.850897
2551680, -69.772318
2552400, -69.695124
2553120, -69.617138
2553840, -69.540575
2554560, -69.463260
2555280, -69.387406
2556000, -69.310839
2556720, -69.235771
2557440, -69.160028
2558160, -69.085818
2558880, -69.010967
2559600, -68.937682
2560320, -68.863776
2561040, -68.791442
2561760, -68.718498
2562480, -68.647140
2563200, -68.575193
2563920, -68.504854
2564640, -68.433948
2565360, -68.364673
2566080, -68.294856
2566800, -68.226691
2567520, -68.158007
2568240, -68.090998
2568960, -68.023492
2569680, -67.957680
2570400, -67.891378
2571120, -67.826761
2571840, -67.761646
2572560, -67.698214
2573280, -67.634290
2574000, -67.572058
2574720, -67.509345
2575440, -67.448337
2576160, -67.386862
2576880, -67.327104
2577600, -67.266896
2578320, -67.208417
2579040, -67.149502
2579760, -67.092331
2580480, -67.034736
2581200, -66.978897
2581920, -66.922640
2582640, -66.868118
2583360, -66.813154
2584080, -66.759913
2584800, -66.706224
2585520, -66.654255
2586240, -66.601843
2586960, -66.551157
2587680, -66.500035
2588400, -66.450646
2589120, -66.400830
2589840, -66.352756
2590560, -66.304265
2591280, -66.257524
2592000, -66.210375
2592720, -66.164986
2593440, -66.119198
2594160, -66.075176
2594880, -66.030764
2595600, -65.988126
2596320, -65.945098
2597040, -65.903819
2597760, -65.862120
2598480, -65.822148
2599200, -65.781744
2599920, -65.743061
2600640, -65.703945
2601360, -65.666549
2602080, -65.628722
2602800, -65.592619
2603520, -65.556091
2604240, -65.521291
2604960, -65.486072
2605680, -65.452585
2606400, -65.418685
2607120, -65.386522
2607840, -65.353951
2608560, -65.323121
2609280, -65.291887
2610000, -65.262398
2610720, -65.232508
2611440, -65.204365
2612160, -65.175824
2612880, -65.149032
2613600, -65.121844
2614320, -65.096405
2615040, -65.070571
2615760, -65.046484
2616480, -65.022004
2617200, -64.999268
2617920, -64.976137
2618640, -64.954730
2619360, -64.932894
2620080, -64.912758
2620800, -64.892177
2621520, -64.873283
2622240, -64.853935
2622960, -64.836266
2623680, -64.818138
2624400, -64.801683
2625120, -64.784764
2625840, -64.769513
2626560, -64.753794
2627280, -64.739736
2628000, -64.725206
2628720, -64.712332
2629440, -64.698979
2630160, -64.687275
2630880, -64.675085
2631600, -64.664535
2632320, -64.653493
2633040, -64.644080
2633760, -64.634166
2634480, -64.625871
2635200, -64.617065
2635920, -64.609866
2636640, -64.602144
2637360, -64.596017
2638080, -64.589354
2638800, -64.584272
2639520, -64.578641
2640240, -64.574574
2640960, -64.569945
2641680, -64.566864
2642400, -64.563205
2643120, -64.561077
2643840, -64.558354
2644560, -64.557143
2645280, -64.555321
2646000, -64.554992
2646720, -64.554032
2647440, -64.554546
2648160, -64.554411
2648880, -64.555728
2649600, -64.556377
2650320, -64.558457
2651040, -64.559847
2651760, -64.562648
2652480, -64.564738
2653200, -64.568215
2653920, -64.570961
2654640, -64.575072
2655360, -64.578430
2656080, -64.583130
2656800, -64.587055
2657520, -64.592299
2658240, -64.596745
2658960, -64.602488
2659680, -64.607411
2660400, -64.613608
2661120, -64.618963
2661840, -64.625568
2662560, -64.631311
2663280, -64.638280
2664000, -64.644365
2664720, -64.651655
2665440, -64.658039
2666160, -64.665606
2666880, -64.672246
2667600, -64.680048
2668320, -64.686903
2669040, -64.694897
2669760, -64.701926
2670480, -64.710074
2671200, -64.717237
2671920, -64.725500
2672640, -64.732759
2673360, -64.741099
2674080, -64.748419
2674800, -64.756800
2675520, -64.764144
2676240, -64.772533
2676960, -64.779869
2677680, -64.788234
2678400, -64.795530
2679120, -64.803839
2679840, -64.811067
2680560, -64.819292
2681280, -64.826423
2682000, -64.834538
2682720, -64.841546
2683440, -64.849526
2684160, -64.856388
2684880, -64.864209
2685600, -64.870903
2686320, -64.878546
2687040, -64.885052
2687760, -64.892497
2688480, -64.898797
2689200, -64.906027
2689920, -64.912105
2690640, -64.919105
2691360, -64.924947
2692080, -64.931704
2692800, -64.937297
2693520, -64.943799
2694240, -64.949133
2694960, -64.955371
2695680, -64.960437
2696400, -64.966402
2697120, -64.971192
2697840, -64.976878
2698560, -64.981388
2699280, -64.986790
2700000, -64.991014
2700720, -64.996129
2701440, -65.000066
2702160, -65.004891
2702880, -65.008534
2703600, -65.013060
2704320, -65.016400
2705040, -65.020620
2705760, -65.023656
2706480, -65.027571
2707200, -65.030303
2707920, -65.033916
2708640, -65.036350
2709360, -65.039666
2710080, -65.041807
2710800, -65.044833
2711520, -65.046688
2712240, -65.049432
2712960, -65.051009
2713680, -65.053480
2714400, -65.054788
2715120, -65.056993
2715840, -65.058042
2716560, -65.059992
2717280, -65.060791
2718000, -65.062496
2718720, -65.063055
2719440, -65.064525
2720160, -65.064855
2720880, -65.066101
2721600, -65.066213
2722320, -65.067245
2723040, -65.067150
2723760, -65.067980
2724480, -65.067689
2725200, -65.068327
2725920, -65.067851
2726640, -65.068310
2727360, -65.067659
2728080, -65.067949
2728800, -65.067135
2729520, -65.067267
2730240, -65.066302
2730960, -65.066287
2731680, -65.065181
2732400, -65.065030
2733120, -65.063794
2733840, -65.063518
2734560, -65.062163
2735280, -65.061772
2736000, -65.060308
2736720, -65.059812
2737440, -65.058249
2738160, -65.057660
2738880, -65.056008
2739600, -65.055334
2740320, -65.053603
2741040, -65.052854
2741760, -65.051053
2742480, -65.050238
2743200, -65.048377
2743920, -65.047505
2744640, -65.045592
2745360, -65.044672
2746080, -65.042715
2746800, -65.041755
2747520, -65.039763
2748240, -65.038771
2748960, -65.036751
2749680, -65.035734
2750400, -65.033693
2751120, -65.032658
2751840, -65.030605
2752560, -65.029559
2753280, -65.027498
2754000, -65.026449
2754720, -65.024387
2755440, -65.023339
2756160, -65.021283
2756880, -65.020242
2757600, -65.018197
2758320, -65.017169
2759040, -65.015139
2759760, -65.014129
2760480, -65.012119
2761200, -65.011131
2761920, -65.009147
2762640, -65.008185
2763360, -65.006230
2764080, -65.005299
2764800, -65.003376
2765520, -65.002479
2766240, -65.000592
2766960, -64.999732
2767680, -64.997884
2768400, -64.997061
2769120, -64.995252
2769840, -64.994467
2770560, -64.992696
2771280, -64.991951
2772000, -64.990220
2772720, -64.989515
2773440, -64.987827
2774160, -64.987164
2774880, -64.985520
2775600, -64.984901
2776320, -64.983302
2777040, -64.982729
2777760, -64.981177
2778480, -64.980651
2779200, -64.979147
2779920, -64.978669
2780640, -64.977214
2781360, -64.976785
2782080, -64.975380
2782800, -64.975001
2783520, -64.973647
2784240, -64.973318
2784960, -64.972015
2785680, -64.971736
2786400, -64.970484
2787120, -64.970256
2787840, -64.969055
2788560, -64.968877
2789280, -64.967727
2790000, -64.967600
2790720, -64.966500
2791440, -64.966422
2792160, -64.965373
2792880, -64.965344
2793600, -64.964344
2794320, -64.964363
2795040, -64.963411
2795760, -64.963478
2796480, -64.962574
2797200, -64.962688
2797920, -64.961830
2798640, -64.961988
2799360, -64.961176
2800080, -64.961378
2800800, -64.960610
2801520, -64.960855
2802240, -64.960129
2802960, -64.960415
2803680, -64.959730
2804400, -64.960057
2805120, -64.959411
2805840, -64.959776
2806560, -64.959168
2807280, -64.959569
2808000, -64.958998
2808720, -64.959434
2809440, -64.958897
2810160, -64.959366
2810880, -64.958862
2811600, -64.959363
2812320, -64.958890
2813040, -64.959420
2813760, -64.958976
2814480, -64.959534
2815200, -64.959118
2815920, -64.959702
2816640, -64.959312
2817360, -64.959920
2818080, -64.959554
2818800, -64.960184
2819520, -64.959840
2820240, -64.960491
2820960, -64.960167
2821680, -64.960838
2822400, -64.960532
2823120, -64.961220
2823840, -64.960931
2824560, -64.961634
2825280, -64.961361
2826000, -64.962077
2826720, -64.961818
2827440, -64.962546
2828160, -64.962298
2828880, -64.963038
2829600, -64.962800
2830320, -64.963548
2831040, -64.963320
2831760, -64.964075
2832480, -64.963854
2833200, -64.964616
2833920, -64.964400
2834640, -64.965166
2835360, -64.964955
2836080, -64.965725
2836800, -64.965517
2837520, -64.966289
2838240, -64.966083
2838960, -64.966855
2839680, -64.966650
2840400, -64.967422
2841120, -64.967217
2841840, -64.967988
2842560, -64.967781
2843280, -64.968549
2844000, -64.968340
2844720, -64.969104
2845440, -64.968892
2846160, -64.969652
2846880, -64.969435
2847600, -64.970190
2848320, -64.969968
2849040, -64.970718
2849760, -64.970490
2850480, -64.971233
2851200, -64.970999
2851920, -64.971734
2852640, -64.971493
2853360, -64.972220
2854080, -64.971971
2854800, -64.972690
2855520, -64.972433
2856240, -64.973143
2856960, -64.972878
2857680, -64.973579
2858400, -64.973304
2859120, -64.973995
2859840, -64.973712
2860560, -64.974393
2861280, -64.974100
2862000, -64.974771
2862720, -64.974468
2863440, -64.975129
2864160, -64.974816
2864880, -64.975466
2865600, -64.975143
2866320, -64.975783
2867040, -64.975450
2867760, -64.976079
2868480, -64.975736
2869200, -64.976354
2869920, -64.976001
2870640, -64.976608
2871360, -64.976245
2872080, -64.976842
2872800, -64.976469
2873520, -64.977055
2874240, -64.976672
2874960, -64.977248
2875680, -64.976856
2876400, -64.977421
2877120, -64.977019
2877840, -64.977575
2878560, -64.977163
2879280, -64.977709
2880000, -64.977289
2880720, -64.977825
2881440, -64.977396
2882160, -64.977923
2882880, -64.977485
2883600, -64.978003
2884320, -64.977557
2885040, -64.978066
2885760, -64.977612
2886480, -64.978113
2887200, -64.977652
2887920, -64.978145
2888640, -64.977676
2889360, -64.978161
2890080, -64.977685
2890800, -64.978163
2891520, -64.977680
2892240, -64.978152
2892960, -64.977663
2893680, -64.978127
2894400, -64.977633
2895120, -64.978091
2895840, -64.977591
2896560, -64.978043
2897280, -64.977538
2898000, -64.977985
2898720, -64.977475
2899440, -64.977917
2900160, -64.977402
2900880, -64.977840
2901600, -64.977321
2902320, -64.977754
2903040, -64.977232
2903760, -64.977661
2904480, -64.977135
2905200, -64.977561
2905920, -64.977032
2906640, -64.977454
2907360, -64.976923
2908080, -64.977342
2908800, -64.976809
2909520, -64.977226
2910240, -64.976691
2910960, -64.977105
2911680, -64.976569
2912400, -64.976981
2913120, -64.976443
2913840, -64.976853
2914560, -64.976315
2915280, -64.976724
2916000, -64.976184
2916720, -64.976592
2917440, -64.976053
2918160, -64.976460
2918880, -64.975920
2919600, -64.976327
2920320, -64.975787
2921040, -64.976194
2921760, -64.975654
2922480, -64.976061
2923200, -64.975522
2923920, -64.975928
2924640, -64.975391
2925360, -64.975797
2926080, -64.975261
2926800, -64.975668
2927520, -64.975132
2928240, -64.975541
2928960, -64.975006
2929680, -64.975415
2930400, -64.974883
2931120, -64.975293
2931840, -64.974762
2932560, -64.975173
2933280, -64.974644
2934000, -64.975057
2934720, -64.974530
2935440, -64.974944
2936160, -64.974419
2936880, -64.974834
2937600, -64.974311
2938320, -64.974729
2939040, -64.974208
2939760, -64.974627
2940480, -64.974109
2941200, -64.974530
2941920, -64.974013
2942640, -64.974436
2943360, -64.973923
2944080, -64.974347
2944800, -64.973836
2945520, -64.974263
2946240, -64.973754
2946960, -64.974183
2947680, -64.973676
2948400, -64.974107
2949120, -64.973603
2949840, -64.974036
2950560, -64.973535
2951280, -64.973969
2952000, -64.973471
2952720, -64.973907
2953440, -64.973411
2954160, -64.973850
2954880, -64.973356
2955600, -64.973797
2956320, -64.973306
2957040, -64.973748
2957760, -64.973259
2958480, -64.973703
2959200, -64.973217
2959920, -64.973663
2960640, -64.973179
2961360, -64.973627
2962080, -64.973145
2962800, -64.973595
2963520, -64.973115
2964240, -64.973567
2964960, -64.973089
2965680, -64.973542
2966400, -64.973067
2967120, -64.973521
2967840, -64.973048
2968560, -64.973504
2969280, -64.973033
2970000, -64.973490
2970720, -64.973021
2971440, -64.973479
2972160, -64.973012
2972880, -64.973472
2973600, -64.973006
2974320, -64.973467
2975040, -64.973003
2975760, -64.973465
2976480, -64.973003
2977200, -64.973466
2977920, -64.973005
2978640, -64.973469
2979360, -64.973010
2980080, -64.973475
2980800, -64.973017
2981520, -64.973482
2982240, -64.973025
2982960, -64.973492
2983680, -64.973036
2984400, -64.973503
2985120, -64.973049
2985840, -64.973516
2986560, -64.973063
2987280, -64.973531
2988000, -64.973078
2988720, -64.973547
2989440, -64.973095
2990160, -64.973564
2990880, -64.973113
2991600, -64.973582
2992320, -64.973132
2993040, -64.973601
2993760, -64.973152
2994480, -64.973621
2995200, -64.973173
2995920, -64.973642
2996640, -64.973194
2997360, -64.973663
2998080, -64.973216
2998800, -64.973685
2999520, -64.973238
3000240, -64.973707
