# ./result/hh_runge_0820.txt
# dt = 820 [usec]
# t [usec], V [mV]
0, -65.000000
820, -64.997581
1640, -64.995269
2460, -64.993044
3280, -64.990893
4100, -64.988807
4920, -64.986780
5740, -64.984808
6560, -64.982890
7380, -64.981023
8200, -64.979207
9020, -64.977443
9840, -64.975729
10660, -64.974065
11480, -64.972453
12300, -64.970893
13120, -64.969383
13940, -64.967925
14760, -64.966519
15580, -64.965165
16400, -64.963862
17220, -64.962611
18040, -64.961412
18860, -64.960264
19680, -64.959168
20500, -64.958123
21320, -64.957128
22140, -64.956184
22960, -64.955290
23780, -64.954446
24600, -64.953651
25420, -64.952904
26240, -64.952206
27060, -64.951555
27880, -64.950951
28700, -64.950392
29520, -64.949879
30340, -64.949411
31160, -64.948986
31980, -64.948605
32800, -64.948265
33620, -64.947967
34440, -64.947709
35260, -64.947491
36080, -64.947311
36900, -64.947168
37720, -64.947063
38540, -64.946993
39360, -64.946957
40180, -64.946955
41000, -64.946985
41820, -64.947047
42640, -64.947140
43460, -64.947262
44280, -64.947412
45100, -64.947590
45920, -64.947794
46740, -64.948023
47560, -64.948277
48380, -64.948553
49200, -64.948852
50020, -64.949172
50840, -64.949512
51660, -64.949870
52480, -64.950247
53300, -64.950641
54120, -64.951050
54940, -64.951475
55760, -64.951913
56580, -64.952365
57400, -64.952828
58220, -64.953303
59040, -64.953788
59860, -64.954282
60680, -64.954784
61500, -64.955295
62320, -64.955811
63140, -64.956334
63960, -64.956862
64780, -64.957393
65600, -64.957929
66420, -64.958466
67240, -64.959006
68060, -64.959547
68880, -64.960089
69700, -64.960630
70520, -64.961171
71340, -64.961710
72160, -64.962247
72980, -64.962781
73800, -64.963312
74620, -64.963839
75440, -64.964362
76260, -64.964880
77080, -64.965392
77900, -64.965899
78720, -64.966400
79540, -64.966894
80360, -64.967381
81180, -64.967860
82000, -64.968332
82820, -64.968795
83640, -64.969250
84460, -64.969697
85280, -64.970134
86100, -64.970562
86920, -64.970980
87740, -64.971389
88560, -64.971788
89380, -64.972176
90200, -64.972555
91020, -64.972923
91840, -64.973280
92660, -64.973627
93480, -64.973963
94300, -64.974288
95120, -64.974602
95940, -64.974906
96760, -64.975198
97580, -64.975479
98400, -64.975750
99220, -64.976009
100040, -64.976257
100860, -64.976495
101680, -64.976721
102500, -64.976937
103320, -64.977142
104140, -64.977336
104960, -64.977520
105780, -64.977693
106600, -64.977856
107420, -64.978008
108240, -64.978151
109060, -64.978283
109880, -64.978406
110700, -64.978519
111520, -64.978623
112340, -64.978717
113160, -64.978802
113980, -64.978878
114800, -64.978945
115620, -64.979004
116440, -64.979054
117260, -64.979096
118080, -64.979131
118900, -64.979157
119720, -64.979175
120540, -64.979187
121360, -64.979191
122180, -64.979188
123000, -64.979179
123820, -64.979163
124640, -64.979140
125460, -64.979112
126280, -64.979078
127100, -64.979038
127920, -64.978993
128740, -64.978942
129560, -64.978887
130380, -64.978827
131200, -64.978762
132020, -64.978693
132840, -64.978620
133660, -64.978544
134480, -64.978463
135300, -64.978380
136120, -64.978292
136940, -64.978202
137760, -64.978110
138580, -64.978014
139400, -64.977916
140220, -64.977816
141040, -64.977714
141860, -64.977610
142680, -64.977505
143500, -64.977397
144320, -64.977289
145140, -64.977180
145960, -64.977069
146780, -64.976958
147600, -64.976846
148420, -64.976734
149240, -64.976621
150060, -64.976509
150880, -64.976396
151700, -64.976283
152520, -64.976171
153340, -64.976059
154160, -64.975947
154980, -64.975836
155800, -64.975726
156620, -64.975617
157440, -64.975508
158260, -64.975401
159080, -64.975295
159900, -64.975190
160720, -64.975086
161540, -64.974984
162360, -64.974884
163180, -64.974785
164000, -64.974687
164820, -64.974592
165640, -64.974498
166460, -64.974406
167280, -64.974316
168100, -64.974228
168920, -64.974142
169740, -64.974058
170560, -64.973976
171380, -64.973896
172200, -64.973819
173020, -64.973743
173840, -64.973670
174660, -64.973599
175480, -64.973530
176300, -64.973464
177120, -64.973399
177940, -64.973338
178760, -64.973278
179580, -64.973221
180400, -64.973166
181220, -64.973113
182040, -64.973062
182860, -64.973014
183680, -64.972968
184500, -64.972925
185320, -64.972883
186140, -64.972844
186960, -64.972807
187780, -64.972772
188600, -64.972740
189420, -64.972709
190240, -64.972681
191060, -64.972654
191880, -64.972630
192700, -64.972608
193520, -64.972587
194340, -64.972569
195160, -64.972552
195980, -64.972538
196800, -64.972525
197620, -64.972514
198440, -64.972505
199260, -64.972497
200080, -64.972491
200900, -64.972487
201720, -64.972484
202540, -64.972483
203360, -64.972483
204180, -64.972484
205000, -64.972487
205820, -64.972492
206640, -64.972497
207460, -64.972504
208280, -64.972512
209100, -64.972522
209920, -64.972532
210740, -64.972543
211560, -64.972556
212380, -64.972569
213200, -64.972583
214020, -64.972599
214840, -64.972615
215660, -64.972631
216480, -64.972649
217300, -64.972667
218120, -64.972686
218940, -64.972705
219760, -64.972725
220580, -64.972746
221400, -64.972767
222220, -64.972789
223040, -64.972810
223860, -64.972833
224680, -64.972855
225500, -64.972878
226320, -64.972901
227140, -64.972925
227960, -64.972948
228780, -64.972972
229600, -64.972996
230420, -64.973020
231240, -64.973043
232060, -64.973067
232880, -64.973091
233700, -64.973115
234520, -64.973139
235340, -64.973163
236160, -64.973186
236980, -64.973210
237800, -64.973233
238620, -64.973256
239440, -64.973279
240260, -64.973302
241080, -64.973324
241900, -64.973346
242720, -64.973368
243540, -64.973390
244360, -64.973411
245180, -64.973432
246000, -64.973452
246820, -64.973472
247640, -64.973492
248460, -64.973511
249280, -64.973530
250100, -64.973549
250920, -64.973567
251740, -64.973584
252560, -64.973602
253380, -64.973618
254200, -64.973635
255020, -64.973650
255840, -64.973666
256660, -64.973681
257480, -64.973695
258300, -64.973709
259120, -64.973722
259940, -64.973735
260760, -64.973748
261580, -64.973760
262400, -64.973771
263220, -64.973782
264040, -64.973793
264860, -64.973803
265680, -64.973813
266500, -64.973822
267320, -64.973830
268140, -64.973839
268960, -64.973846
269780, -64.973853
270600, -64.973860
271420, -64.973867
272240, -64.973873
273060, -64.973878
273880, -64.973883
274700, -64.973888
275520, -64.973892
276340, -64.973896
277160, -64.973899
277980, -64.973902
278800, -64.973905
279620, -64.973907
280440, -64.973909
281260, -64.973911
282080, -64.973912
282900, -64.973913
283720, -64.973914
284540, -64.973914
285360, -64.973914
286180, -64.973914
287000, -64.973913
287820, -64.973912
288640, -64.973911
289460, -64.973909
290280, -64.973908
291100, -64.973906
291920, -64.973904
292740, -64.973901
293560, -64.973899
294380, -64.973896
295200, -64.973893
296020, -64.973890
296840, -64.973887
297660, -64.973883
298480, -64.973880
299300, -64.973876
300120, -64.973872
300940, -64.973868
301760, -64.973864
302580, -64.973860
303400, -64.973855
304220, -64.973851
305040, -64.973846
305860, -64.973842
306680, -64.973837
307500, -64.973832
308320, -64.973828
309140, -64.973823
309960, -64.973818
310780, -64.973813
311600, -64.973808
312420, -64.973803
313240, -64.973798
314060, -64.973793
314880, -64.973788
315700, -64.973784
316520, -64.973779
317340, -64.973774
318160, -64.973769
318980, -64.973764
319800, -64.973759
320620, -64.973755
321440, -64.973750
322260, -64.973745
323080, -64.973741
323900, -64.973736
324720, -64.973732
325540, -64.973727
326360, -64.973723
327180, -64.973719
328000, -64.973715
328820, -64.973711
329640, -64.973707
330460, -64.973703
331280, -64.973699
332100, -64.973695
332920, -64.973691
333740, -64.973688
334560, -64.973684
335380, -64.973681
336200, -64.973678
337020, -64.973675
337840, -64.973671
338660, -64.973668
339480, -64.973666
340300, -64.973663
341120, -64.973660
341940, -64.973658
342760, -64.973655
343580, -64.973653
344400, -64.973650
345220, -64.973648
346040, -64.973646
346860, -64.973644
347680, -64.973642
348500, -64.973640
349320, -64.973639
350140, -64.973637
350960, -64.973636
351780, -64.973634
352600, -64.973633
353420, -64.973632
354240, -64.973630
355060, -64.973629
355880, -64.973628
356700, -64.973628
357520, -64.973627
358340, -64.973626
359160, -64.973626
359980, -64.973625
360800, -64.973625
361620, -64.973624
362440, -64.973624
363260, -64.973624
364080, -64.973623
364900, -64.973623
365720, -64.973623
366540, -64.973623
367360, -64.973623
368180, -64.973624
369000, -64.973624
369820, -64.973624
370640, -64.973624
371460, -64.973625
372280, -64.973625
373100, -64.973626
373920, -64.973626
374740, -64.973627
375560, -64.973627
376380, -64.973628
377200, -64.973629
378020, -64.973629
378840, -64.973630
379660, -64.973631
380480, -64.973632
381300, -64.973633
382120, -64.973633
382940, -64.973634
383760, -64.973635
384580, -64.973636
385400, -64.973637
386220, -64.973638
387040, -64.973639
387860, -64.973640
388680, -64.973641
389500, -64.973642
390320, -64.973643
391140, -64.973644
391960, -64.973645
392780, -64.973646
393600, -64.973648
394420, -64.973649
395240, -64.973650
396060, -64.973651
396880, -64.973652
397700, -64.973653
398520, -64.973654
399340, -64.973655
400160, -64.973656
400980, -64.973657
401800, -64.973658
402620, -64.973659
403440, -64.973660
404260, -64.973661
405080, -64.973662
405900, -64.973663
406720, -64.973664
407540, -64.973665
408360, -64.973666
409180, -64.973667
410000, -64.973668
410820, -64.973669
411640, -64.973670
412460, -64.973670
413280, -64.973671
414100, -64.973672
414920, -64.973673
415740, -64.973674
416560, -64.973674
417380, -64.973675
418200, -64.973676
419020, -64.973676
419840, -64.973677
420660, -64.973678
421480, -64.973678
422300, -64.973679
423120, -64.973680
423940, -64.973680
424760, -64.973681
425580, -64.973681
426400, -64.973682
427220, -64.973682
428040, -64.973683
428860, -64.973683
429680, -64.973683
430500, -64.973684
431320, -64.973684
432140, -64.973685
432960, -64.973685
433780, -64.973685
434600, -64.973686
435420, -64.973686
436240, -64.973686
437060, -64.973686
437880, -64.973686
438700, -64.973687
439520, -64.973687
440340, -64.973687
441160, -64.973687
441980, -64.973687
442800, -64.973687
443620, -64.973688
444440, -64.973688
445260, -64.973688
446080, -64.973688
446900, -64.973688
447720, -64.973688
448540, -64.973688
449360, -64.973688
450180, -64.973688
451000, -64.973688
451820, -64.973688
452640, -64.973688
453460, -64.973688
454280, -64.973687
455100, -64.973687
455920, -64.973687
456740, -64.973687
457560, -64.973687
458380, -64.973687
459200, -64.973687
460020, -64.973687
460840, -64.973687
461660, -64.973686
462480, -64.973686
463300, -64.973686
464120, -64.973686
464940, -64.973686
465760, -64.973686
466580, -64.973685
467400, -64.973685
468220, -64.973685
469040, -64.973685
469860, -64.973685
470680, -64.973684
471500, -64.973684
472320, -64.973684
473140, -64.973684
473960, -64.973684
474780, -64.973683
475600, -64.973683
476420, -64.973683
477240, -64.973683
478060, -64.973683
478880, -64.973682
479700, -64.973682
480520, -64.973682
481340, -64.973682
482160, -64.973682
482980, -64.973681
483800, -64.973681
484620, -64.973681
485440, -64.973681
486260, -64.973681
487080, -64.973680
487900, -64.973680
488720, -64.973680
489540, -64.973680
490360, -64.973680
491180, -64.973679
492000, -64.973679
492820, -64.973679
493640, -64.973679
494460, -64.973679
495280, -64.973679
496100, -64.973678
496920, -64.973678
497740, -64.973678
498560, -64.973678
499380, -64.973678
500200, -64.973678
501020, -61.163541
501840, -57.523968
502660, -53.988364
503480, -50.449457
504300, -46.690348
505120, -42.311356
505940, -36.535796
506760, -27.860828
507580, -13.471490
508400, 9.804194
509220, 35.248603
510040, 43.967182
510860, 42.411203
511680, 40.449534
512500, 37.776952
513320, 34.626409
514140, 31.084724
514960, 27.255063
515780, 23.232615
516600, 19.093284
517420, 14.906387
518240, 10.719067
519060, 6.573320
519880, 2.491898
520700, -1.503835
521520, -5.407942
522340, -9.212339
523160, -12.921369
523980, -16.535400
524800, -20.067656
525620, -23.526308
526440, -26.936896
527260, -30.323317
528080, -33.732396
528900, -37.214919
529720, -40.844159
530540, -44.693626
531360, -48.833321
532180, -53.269272
533000, -57.878629
533820, -62.313633
534640, -66.059909
535460, -68.709775
536280, -70.257521
537100, -70.999490
537920, -71.271434
538740, -71.295412
539560, -71.199364
540380, -71.040660
541200, -70.852332
542020, -70.644072
542840, -70.426300
543660, -70.198204
544480, -69.965312
545300, -69.724511
546120, -69.480224
546940, -69.228814
547760, -68.974457
548580, -68.713400
549400, -68.449754
550220, -68.179743
551040, -67.907493
551860, -67.629240
552680, -67.349100
553500, -67.063330
554320, -66.776085
555140, -66.483617
555960, -66.190073
556780, -65.891749
557600, -65.592806
558420, -65.289510
559240, -64.986030
560060, -64.678688
560880, -64.371587
561700, -64.061016
562520, -63.751154
563340, -63.438229
564160, -63.126343
564980, -62.811790
565800, -62.498627
566620, -62.183031
567440, -61.869093
568260, -61.552986
569080, -61.238628
569900, -60.922184
570720, -60.607631
571540, -60.290904
572360, -59.975891
573180, -59.658697
574000, -59.342900
574820, -59.024409
575640, -58.707071
576460, -58.386451
577280, -58.066081
578100, -57.741820
578920, -57.416861
579740, -57.086641
580560, -56.754593
581380, -56.415784
582200, -56.073076
583020, -55.721736
583840, -55.364051
584660, -54.994516
585480, -54.615633
586300, -54.220718
587120, -53.811206
587940, -53.380020
588760, -52.926910
589580, -52.443590
590400, -51.927343
591220, -51.367208
592040, -50.756748
592860, -50.079649
593680, -49.323548
594500, -48.461815
595320, -47.468196
596140, -46.297250
596960, -44.894508
597780, -43.172787
598600, -41.014338
599420, -38.238747
600240, -34.595174
601060, -29.734325
601880, -23.263568
602700, -14.944744
603520, -5.252896
604340, 4.022896
605160, 10.413743
605980, 12.881345
606800, 12.292270
607620, 9.934347
608440, 6.648557
609260, 2.897680
610080, -1.066335
610900, -5.090235
611720, -9.089762
612540, -13.010800
613360, -16.831341
614180, -20.538890
615000, -24.140938
615820, -27.647851
616640, -31.090730
617460, -34.503721
618280, -37.942215
619100, -41.461354
619920, -45.126052
620740, -48.975831
621560, -53.006633
622380, -57.103840
623200, -61.017750
624020, -64.390152
624840, -66.932164
625660, -68.581421
626480, -69.503718
627300, -69.931326
628120, -70.064591
628940, -70.028144
629760, -69.900389
630580, -69.718310
631400, -69.507621
632220, -69.276170
633040, -69.034116
633860, -68.781110
634680, -68.522969
635500, -68.257041
636320, -67.987922
637140, -67.712298
637960, -67.434381
638780, -67.150656
639600, -66.865243
640420, -66.574570
641240, -66.282705
642060, -65.986072
642880, -65.688761
643700, -65.387157
644520, -65.085331
645340, -64.779721
646160, -64.474369
646980, -64.165673
647800, -63.857711
648620, -63.546874
649440, -63.237166
650260, -62.924986
651080, -62.614365
651900, -62.301592
652720, -61.990653
653540, -61.677933
654360, -61.367251
655180, -61.054881
656000, -60.744785
656820, -60.433082
657640, -60.123561
658460, -59.812464
659280, -59.503482
660100, -59.192621
660920, -58.883626
661740, -58.572518
662560, -58.262717
663380, -57.950188
664200, -57.638524
665020, -57.323263
665840, -57.007761
666660, -56.687916
667480, -56.366540
668300, -56.039082
669120, -55.708770
669940, -55.370465
670760, -55.026764
671580, -54.672881
672400, -54.310552
673220, -53.934118
674040, -53.545433
674860, -53.137498
675680, -52.711160
676500, -52.258359
677320, -51.777991
678140, -51.260163
678960, -50.700838
679780, -50.086311
680600, -49.408026
681420, -48.644934
682240, -47.778799
683060, -46.776220
683880, -45.600102
684700, -44.189642
685520, -42.468918
686340, -40.320166
687160, -37.585903
687980, -34.038616
688800, -29.393372
689620, -23.343431
690440, -15.763566
691260, -7.108831
692080, 1.165236
692900, 7.093405
693720, 9.665308
694540, 9.376829
695360, 7.265797
696180, 4.148278
697000, 0.507800
697820, -3.371928
698640, -7.330769
699460, -11.268975
700280, -15.136014
701100, -18.900573
701920, -22.557555
702740, -26.109159
703560, -29.576575
704380, -32.987891
705200, -36.389275
706020, -39.831902
706840, -43.377892
707660, -47.074820
708480, -50.946344
709300, -54.936275
710120, -58.878338
710940, -62.474591
711760, -65.405183
712580, -67.486210
713400, -68.770472
714220, -69.450491
715040, -69.741116
715860, -69.797012
716680, -69.721656
717500, -69.568833
718320, -69.374148
719140, -69.151281
719960, -68.913519
720780, -68.662430
721600, -68.404765
722420, -68.138571
723240, -67.868689
724060, -67.592108
724880, -67.313068
725700, -67.028238
726520, -66.741688
727340, -66.449969
728160, -66.157077
728980, -65.859561
729800, -65.561399
730620, -65.259103
731440, -64.956654
732260, -64.650593
733080, -64.344847
733900, -64.035937
734720, -63.727849
735540, -63.417037
736360, -63.107427
737180, -62.795538
738000, -62.485242
738820, -62.172964
739640, -61.862608
740460, -61.550588
741280, -61.240661
742100, -60.929234
742920, -60.620118
743740, -60.309519
744560, -60.001164
745380, -59.691430
746200, -59.383772
747020, -59.074368
747840, -58.766904
748660, -58.457356
749480, -58.149126
750300, -57.838346
751120, -57.528328
751940, -57.214821
752760, -56.901156
753580, -56.583154
754400, -56.263627
755220, -55.938224
756040, -55.609971
756860, -55.273830
757680, -54.932428
758500, -54.580952
759320, -54.221103
760140, -53.847492
760960, -53.461653
761780, -53.056929
762600, -52.634270
763420, -52.185549
764240, -51.709874
765060, -51.197401
765880, -50.644430
766700, -50.037487
767520, -49.368550
768340, -48.617145
769160, -47.765765
769980, -46.782411
770800, -45.631844
771620, -44.256278
772440, -42.583990
773260, -40.504321
774080, -37.869957
774900, -34.468488
775720, -30.033028
776540, -24.267775
777360, -17.024290
778180, -8.647690
779000, -0.405990
779820, 5.819302
780640, 8.842302
781460, 8.936079
782280, 7.072289
783100, 4.098282
783920, 0.537876
784740, -3.299024
785560, -7.236712
786380, -11.166348
787200, -15.031650
788020, -18.797839
788840, -22.457899
789660, -26.012025
790480, -29.480067
791300, -32.889831
792120, -36.286555
792940, -39.720203
793760, -43.252517
794580, -46.931057
795400, -50.780669
796220, -54.748617
797040, -58.676093
797860, -62.274080
798680, -65.226277
799500, -67.341265
800320, -68.659803
801140, -69.366960
801960, -69.676084
802780, -69.743576
803600, -69.675028
804420, -69.526089
805240, -69.333440
806060, -69.111593
806880, -68.874173
807700, -68.623106
808520, -68.365199
809340, -68.098696
810160, -67.828390
810980, -67.551406
811800, -67.271904
812620, -66.986672
813440, -66.699688
814260, -66.407606
815080, -66.114330
815900, -65.816515
816720, -65.518031
817540, -65.215500
818360, -64.912806
819180, -64.606582
820000, -64.300661
820820, -63.991669
821640, -63.683490
822460, -63.372670
823280, -63.063039
824100, -62.751224
824920, -62.440973
825740, -62.128824
826560, -61.818587
827380, -61.506750
828200, -61.196982
829020, -60.885801
829840, -60.576881
830660, -60.266548
831480, -59.958438
832300, -59.648989
833120, -59.341573
833940, -59.032486
834760, -58.725322
835580, -58.416099
836400, -58.108143
837220, -57.797707
838040, -57.487933
838860, -57.174707
839680, -56.861282
840500, -56.543500
841320, -56.224114
842140, -55.898904
842960, -55.570701
843780, -55.234616
844600, -54.893210
845420, -54.541660
846240, -54.181621
847060, -53.807846
847880, -53.421634
848700, -53.016493
849520, -52.593319
850340, -52.143920
851160, -51.667379
851980, -51.153776
852800, -50.599394
853620, -49.990653
854440, -49.319469
855260, -48.565275
856080, -47.710201
856900, -46.722065
857720, -45.565192
858540, -44.181491
859360, -42.498658
860180, -40.405111
861000, -37.752508
861820, -34.327699
862640, -29.864193
863460, -24.070903
864280, -16.810855
865100, -8.453872
865920, -0.285607
866740, 5.829198
867560, 8.751542
868380, 8.780788
869200, 6.883160
870020, 3.893217
870840, 0.326656
871660, -3.510907
872480, -7.446042
873300, -11.371326
874120, -15.231259
874940, -18.991842
875760, -22.645596
876580, -26.194369
877400, -29.658658
878220, -33.065885
879040, -36.462074
879860, -39.897906
880680, -43.434610
881500, -47.118983
882320, -50.973121
883140, -54.940570
883960, -58.855893
884780, -62.425852
885600, -65.337039
886420, -67.409329
887240, -68.693356
888060, -69.377310
888880, -69.672408
889700, -69.731942
890520, -69.658875
891340, -69.507375
892160, -69.313134
892980, -69.090287
893800, -68.852110
894620, -68.600497
895440, -68.342089
896260, -68.075193
897080, -67.804486
897900, -67.527178
898720, -67.247329
899540, -66.961823
900360, -66.674535
901180, -66.382219
902000, -66.088682
902820, -65.790679
903640, -65.491978
904460, -65.189300
905280, -64.886433
906100, -64.580104
906920, -64.274049
907740, -63.964997
908560, -63.656724
909380, -63.345879
910200, -63.036196
911020, -62.724403
911840, -62.414136
912660, -62.102036
913480, -61.791820
914300, -61.480054
915120, -61.170320
915940, -60.859237
916760, -60.550360
917580, -60.240123
918400, -59.932070
919220, -59.622710
920040, -59.315330
920860, -59.006332
921680, -58.699218
922500, -58.390064
923320, -58.082115
924140, -57.771730
924960, -57.461911
925780, -57.148659
926600, -56.835143
927420, -56.517250
928240, -56.197657
929060, -55.872259
929880, -55.543721
930700, -55.207278
931520, -54.865413
932340, -54.513313
933160, -54.152566
933980, -53.778040
934800, -53.390822
935620, -52.984547
936440, -52.559963
937260, -52.108901
938080, -51.630364
938900, -51.114324
939720, -50.556982
940540, -49.944579
941360, -49.268633
942180, -48.508619
943000, -47.646067
943820, -46.648276
944640, -45.478671
945460, -44.078196
946280, -42.373033
947100, -40.249093
947920, -37.554845
948740, -34.073340
949560, -29.535194
950380, -23.653350
951200, -16.311177
952020, -7.926246
952840, 0.159870
953660, 6.086623
954480, 8.803637
955300, 8.682622
956120, 6.696326
956940, 3.658823
957760, 0.068794
958580, -3.778080
959400, -7.714361
960220, -11.636140
961040, -15.489992
961860, -19.243539
962680, -22.890371
963500, -26.432173
964320, -29.891669
965140, -33.296065
965960, -36.693330
966780, -40.133765
967600, -43.678729
968420, -47.373960
969240, -51.237542
970060, -55.206605
970880, -59.107426
971700, -62.641653
972520, -65.499482
973340, -67.515020
974160, -68.752387
974980, -69.404404
975800, -69.679865
976620, -69.728061
977440, -69.648507
978260, -69.493316
979080, -69.296844
979900, -69.072640
980720, -68.833512
981540, -68.581254
982360, -68.322302
983180, -68.055002
984000, -67.783901
984820, -67.506289
985640, -67.226117
986460, -66.940363
987280, -66.652799
988100, -66.360277
988920, -66.066507
989740, -65.768338
990560, -65.469441
991380, -65.166633
992200, -64.863610
993020, -64.557187
993840, -64.251008
994660, -63.941900
995480, -63.633536
996300, -63.322664
997120, -63.012925
997940, -62.701143
998760, -62.390848
999580, -62.078780
1000400, -61.768564
1001220, -61.456847
1002040, -61.147120
1002860, -60.836105
1003680, -60.527240
1004500, -60.217063
1005320, -59.909029
1006140, -59.599718
1006960, -59.292332
1007780, -58.983374
1008600, -58.676235
1009420, -58.367082
1010240, -58.059074
1011060, -57.748676
1011880, -57.438748
1012700, -57.125405
1013520, -56.811731
1014340, -56.493658
1015160, -56.173787
1015980, -55.848122
1016800, -55.519169
1017620, -55.182282
1018440, -54.839862
1019260, -54.487112
1020080, -54.125546
1020900, -53.750143
1021720, -53.361783
1022540, -52.954220
1023360, -52.527974
1024180, -52.074990
1025000, -51.594176
1025820, -51.075384
1026640, -50.514713
1027460, -49.898206
1028280, -49.216956
1029100, -48.450448
1029920, -47.579559
1030740, -46.570993
1031560, -45.387178
1032380, -43.967937
1033200, -42.237549
1034020, -40.079275
1034840, -37.337901
1035660, -33.792005
1036480, -29.169108
1037300, -23.185578
1038120, -15.748345
1038940, -7.331012
1039760, 0.660655
1040580, 6.377815
1041400, 8.870117
1042220, 8.586594
1043040, 6.504593
1043860, 3.415651
1044680, -0.199849
1045500, -4.057225
1046320, -7.994855
1047140, -11.912779
1047960, -15.760036
1048780, -19.506004
1049600, -23.145472
1050420, -26.680737
1051240, -30.135237
1052060, -33.537492
1052880, -36.936163
1053700, -40.381762
1054520, -43.936072
1055340, -47.643414
1056160, -51.517708
1056980, -55.488839
1057800, -59.373869
1058620, -62.868713
1059440, -65.669806
1060260, -67.625816
1061080, -68.814670
1061900, -69.433648
1062720, -69.688834
1063540, -69.725315
1064360, -69.639051
1065180, -69.480035
1066000, -69.281255
1066820, -69.055648
1067640, -68.815547
1068460, -68.562632
1069280, -68.303132
1070100, -68.035427
1070920, -67.763938
1071740, -67.486024
1072560, -67.205537
1073380, -66.919540
1074200, -66.631708
1075020, -66.338985
1075840, -66.044987
1076660, -65.746659
1077480, -65.447571
1078300, -65.144638
1079120, -64.841462
1079940, -64.534948
1080760, -64.228649
1081580, -63.919487
1082400, -63.611034
1083220, -63.300135
1084040, -62.990340
1084860, -62.678564
1085680, -62.368236
1086500, -62.056197
1087320, -61.745978
1088140, -61.434305
1088960, -61.124584
1089780, -60.813631
1090600, -60.504773
1091420, -60.194651
1092240, -59.886630
1093060, -59.577361
1093880, -59.269962
1094700, -58.961037
1095520, -58.653853
1096340, -58.344685
1097160, -58.036606
1097980, -57.726180
1098800, -57.416132
1099620, -57.102685
1100440, -56.788841
1101260, -56.470574
1102080, -56.150412
1102900, -55.824465
1103720, -55.495083
1104540, -55.157735
1105360, -54.814743
1106180, -54.461322
1107000, -54.098916
1107820, -53.722611
1108640, -53.333082
1109460, -52.924198
1110280, -52.496254
1111100, -52.041306
1111920, -51.558167
1112740, -51.036563
1113560, -50.472493
1114380, -49.851792
1115200, -49.165129
1116020, -48.391987
1116840, -47.512584
1117660, -46.493009
1118480, -45.294671
1119300, -43.856245
1120120, -42.099566
1120940, -39.905742
1121760, -37.115370
1122580, -33.502742
1123400, -28.792275
1124220, -22.705094
1125040, -15.173830
1125860, -6.729820
1126680, 1.158695
1127500, 6.660664
1128320, 8.928809
1129140, 8.485576
1129960, 6.310122
1130780, 3.171100
1131600, -0.469068
1132420, -4.336547
1133240, -8.275606
1134060, -12.189999
1134880, -16.030761
1135700, -19.768623
1136520, -23.400122
1137340, -26.929024
1138160, -30.378245
1138980, -33.778796
1139800, -37.178882
1140620, -40.630276
1141440, -44.194231
1142260, -47.913442
1143080, -51.798501
1143900, -55.771586
1144720, -59.640231
1145540, -63.094717
1146360, -65.837818
1147180, -67.734289
1148000, -68.875263
1148820, -69.461897
1149640, -69.697320
1150460, -69.722400
1151280, -69.629602
1152100, -69.466858
1152920, -69.265823
1153740, -69.038842
1154560, -68.797785
1155380, -68.544222
1156200, -68.284184
1157020, -68.016080
1157840, -67.744207
1158660, -67.465996
1159480, -67.185198
1160300, -66.898963
1161120, -66.610867
1161940, -66.317946
1162760, -66.023725
1163580, -65.725239
1164400, -65.425965
1165220, -65.122909
1166040, -64.819584
1166860, -64.512981
1167680, -64.206565
1168500, -63.897349
1169320, -63.588809
1170140, -63.277884
1170960, -62.968035
1171780, -62.656259
1172600, -62.345897
1173420, -62.033884
1174240, -61.723663
1175060, -61.412035
1175880, -61.102320
1176700, -60.791428
1177520, -60.482580
1178340, -60.172511
1179160, -59.864505
1179980, -59.555276
1180800, -59.247865
1181620, -58.938971
1182440, -58.631743
1183260, -58.322558
1184080, -58.014408
1184900, -57.703951
1185720, -57.393783
1186540, -57.080230
1187360, -56.766216
1188180, -56.447754
1189000, -56.127300
1189820, -55.801068
1190640, -55.471257
1191460, -55.133446
1192280, -54.789883
1193100, -54.435789
1193920, -54.072543
1194740, -53.695335
1195560, -53.304638
1196380, -52.894432
1197200, -52.464791
1198020, -52.007877
1198840, -51.522413
1199660, -50.997996
1200480, -50.430520
1201300, -49.805620
1202120, -49.113535
1202940, -48.333751
1203760, -47.445821
1204580, -46.415218
1205400, -45.202334
1206220, -43.744689
1207040, -41.961670
1207860, -39.732054
1208680, -36.892158
1209500, -33.212222
1210320, -28.413623
1211140, -22.223561
1211960, -14.601334
1212780, -6.138722
1213600, 1.638537
1214420, 6.923483
1215240, 8.973826
1216060, 8.378186
1216880, 6.114300
1217700, 2.928126
1218520, -0.735154
1219340, -4.611755
1220160, -8.551688
1220980, -12.462267
1221800, -16.296699
1222620, -20.027408
1223440, -23.650918
1224260, -27.173211
1225080, -30.618039
1225900, -34.016856
1226720, -37.418338
1227540, -40.875743
1228360, -44.449424
1229180, -48.180474
1230000, -52.075137
1230820, -56.049013
1231640, -59.900189
1232460, -63.313972
1233280, -65.998987
1234100, -67.837341
1234920, -68.932263
1235740, -69.488065
1236560, -69.704741
1237380, -69.719027
1238200, -69.620042
1239020, -69.453763
1239840, -69.250582
1240660, -69.022288
1241480, -68.780315
1242300, -68.526128
1243120, -68.265568
1243940, -67.997077
1244760, -67.724831
1245580, -67.446331
1246400, -67.165231
1247220, -66.878762
1248040, -66.590409
1248860, -66.297295
1249680, -66.002857
1250500, -65.704218
1251320, -65.404762
1252140, -65.101587
1252960, -64.798117
1253780, -64.491427
1254600, -64.184897
1255420, -63.875631
1256240, -63.567007
1257060, -63.256058
1257880, -62.946157
1258700, -62.634381
1259520, -62.323987
1260340, -62.012001
1261160, -61.701779
1261980, -61.390195
1262800, -61.080486
1263620, -60.769656
1264440, -60.460817
1265260, -60.150801
1266080, -59.842809
1266900, -59.533620
1267720, -59.226196
1268540, -58.917333
1269360, -58.610061
1270180, -58.300859
1271000, -57.992638
1271820, -57.682137
1272640, -57.371841
1273460, -57.058177
1274280, -56.743990
1275100, -56.425332
1275920, -56.104590
1276740, -55.778076
1277560, -55.447841
1278380, -55.109572
1279200, -54.765445
1280020, -54.410687
1280840, -54.046612
1281660, -53.668511
1282480, -53.276661
1283300, -52.865149
1284120, -52.433832
1284940, -51.974975
1285760, -51.487088
1286580, -50.959796
1287400, -50.388666
1288220, -49.759381
1289040, -49.061725
1289860, -48.275157
1290680, -47.378552
1291500, -46.336746
1292320, -45.109095
1293140, -43.631948
1293960, -41.822206
1294780, -39.555763
1295600, -36.665178
1296420, -32.916405
1297240, -28.028118
1298060, -21.733510
1298880, -14.022464
1299700, -5.546928
1300520, 2.108914
1301340, 7.172782
1302160, 9.007218
1302980, 8.263326
1303800, 5.914142
1304620, 2.682606
1305440, -1.002828
1306260, -4.887702
1307080, -8.827916
1307900, -12.734281
1308720, -16.562111
1309540, -20.285481
1310360, -23.902088
1311180, -27.417661
1312000, -30.858339
1312820, -34.255363
1313640, -37.659322
1314460, -41.123038
1315280, -44.706697
1316100, -48.449875
1316920, -52.353837
1317740, -56.326465
1318560, -60.156977
1319380, -63.527614
1320200, -66.154402
1321020, -67.935292
1321840, -68.985664
1322660, -69.511987
1323480, -69.710847
1324300, -69.714904
1325120, -69.610057
1325940, -69.440423
1326760, -69.235198
1327580, -69.005649
1328400, -68.762792
1329220, -68.508000
1330040, -68.246931
1330860, -67.978060
1331680, -67.705445
1332500, -67.426659
1333320, -67.145258
1334140, -66.858558
1334960, -66.569951
1335780, -66.276646
1336600, -65.981993
1337420, -65.683198
1338240, -65.383562
1339060, -65.080267
1339880, -64.776655
1340700, -64.469880
1341520, -64.163239
1342340, -63.853923
1343160, -63.545217
1343980, -63.234244
1344800, -62.924294
1345620, -62.612518
1346440, -62.302094
1347260, -61.990135
1348080, -61.679906
1348900, -61.368363
1349720, -61.058660
1350540, -60.747890
1351360, -60.439061
1352180, -60.129098
1353000, -59.821120
1353820, -59.511971
1354640, -59.204535
1355460, -58.895701
1356280, -58.588385
1357100, -58.279163
1357920, -57.970870
1358740, -57.660294
1359560, -57.349850
1360380, -57.036061
1361200, -56.721692
1362020, -56.402830
1362840, -56.081793
1363660, -55.754991
1364480, -55.424327
1365300, -55.085593
1366120, -54.740894
1366940, -54.385462
1367760, -54.020548
1368580, -53.641542
1369400, -53.248523
1370220, -52.835686
1371040, -52.402670
1371860, -51.941843
1372680, -51.451453
1373500, -50.921210
1374320, -50.346343
1375140, -49.712582
1375960, -49.009243
1376780, -48.215756
1377600, -47.310307
1378420, -46.257075
1379240, -45.014366
1380060, -43.517332
1380880, -41.680337
1381700, -39.376338
1382520, -36.434095
1383340, -32.615234
1384160, -27.636457
1384980, -21.239020
1385800, -13.443095
1386620, -4.965036
1387440, 2.561976
1388260, 7.403157
1389080, 9.027419
1389900, 8.141826
1390720, 5.711841
1391540, 2.437463
1392360, -1.268513
1393180, -5.161142
1394000, -9.101265
1394820, -13.003095
1395640, -16.823820
1396460, -20.539464
1397280, -24.148919
1398100, -27.658524
1398920, -31.095012
1399740, -34.490697
1400560, -37.897176
1401380, -41.367225
1402200, -44.960989
1403020, -48.716360
1403840, -52.629649
1404660, -56.600858
1405480, -60.410250
1406300, -63.736568
1407120, -66.305214
1407940, -68.029637
1408760, -69.036667
1409580, -69.534519
1410400, -69.716262
1411220, -69.710511
1412040, -69.600043
1412860, -69.427187
1413680, -69.219994
1414500, -68.989232
1415320, -68.745519
1416140, -68.490139
1416960, -68.228573
1417780, -67.959330
1418600, -67.686355
1419420, -67.407288
1420240, -67.125595
1421060, -66.838668
1421880, -66.549813
1422700, -66.256320
1423520, -65.961457
1424340, -65.662510
1425160, -65.362697
1425980, -65.059287
1426800, -64.755536
1427620, -64.448679
1428440, -64.141930
1429260, -63.832565
1430080, -63.523781
1430900, -63.212786
1431720, -62.902789
1432540, -62.591015
1433360, -62.280562
1434180, -61.968630
1435000, -61.658388
1435820, -61.346880
1436640, -61.037182
1437460, -60.726472
1438280, -60.417653
1439100, -60.107743
1439920, -59.799781
1440740, -59.490672
1441560, -59.183227
1442380, -58.874423
1443200, -58.567066
1444020, -58.257825
1444840, -57.949463
1445660, -57.638816
1446480, -57.328227
1447300, -57.014314
1448120, -56.699769
1448940, -56.380706
1449760, -56.059379
1450580, -55.732295
1451400, -55.401208
1452220, -55.062016
1453040, -54.716756
1453860, -54.360660
1454680, -53.994920
1455500, -53.615002
1456320, -53.220818
1457140, -52.806666
1457960, -52.371968
1458780, -51.909191
1459600, -51.416326
1460420, -50.883164
1461240, -50.304604
1462060, -49.666415
1462880, -48.957457
1463700, -48.156852
1464520, -47.242438
1465340, -46.177700
1466160, -44.919879
1466980, -43.402394
1467800, -41.537658
1468620, -39.195588
1469440, -36.201097
1470260, -32.311461
1471080, -27.241485
1471900, -20.741065
1472720, -12.864091
1473540, -4.390080
1474360, 2.998238
1475180, 7.615954
1476000, 9.035027
1476820, 8.013095
1477640, 5.505878
1478460, 2.190745
1479280, -1.534563
1480100, -5.434228
1480920, -9.374078
1481740, -13.271534
1482560, -17.085775
1483380, -20.793600
1484200, -24.395366
1485020, -27.899129
1485840, -31.331144
1486660, -34.726088
1487480, -38.135092
1488300, -41.611810
1489120, -45.215847
1489940, -48.982763
1490760, -52.905127
1491580, -56.874482
1492400, -60.661913
1493220, -63.942965
1494040, -66.453038
1494860, -68.121348
1495680, -69.085679
1496500, -69.555728
1497320, -69.720840
1498140, -69.705577
1498960, -69.589656
1499780, -69.413669
1500600, -69.204558
1501420, -68.972610
1502240, -68.728053
1503060, -68.472091
1503880, -68.210033
1504700, -67.940419
1505520, -67.667084
1506340, -67.387736
1507160, -67.105751
1507980, -66.818597
1508800, -66.529493
1509620, -66.235812
1510440, -65.940739
1511260, -65.641640
1512080, -65.341651
1512900, -65.038124
1513720, -64.734237
1514540, -64.427296
1515360, -64.120441
1516180, -63.811029
1517000, -63.502168
1517820, -63.191151
1518640, -62.881109
1519460, -62.569336
1520280, -62.258857
1521100, -61.946953
1521920, -61.636701
1522740, -61.325229
1523560, -61.015538
1524380, -60.704887
1525200, -60.396081
1526020, -60.086225
1526840, -59.778282
1527660, -59.469214
1528480, -59.161760
1529300, -58.852988
1530120, -58.545591
1530940, -58.236332
1531760, -57.927903
1532580, -57.617182
1533400, -57.306450
1534220, -56.992413
1535040, -56.677674
1535860, -56.358399
1536680, -56.036776
1537500, -55.709403
1538320, -55.377889
1539140, -55.038235
1539960, -54.692410
1540780, -54.335645
1541600, -53.969074
1542420, -53.588153
1543240, -53.192736
1544060, -52.777213
1544880, -52.340783
1545700, -51.876008
1546520, -51.380615
1547340, -50.844474
1548160, -50.262148
1548980, -49.619446
1549800, -48.904759
1550620, -48.096833
1551440, -47.173228
1552260, -46.096711
1553080, -44.823432
1553900, -43.284932
1554720, -41.391749
1555540, -39.010682
1556360, -35.962746
1557180, -32.000832
1558000, -26.837932
1558820, -20.234426
1559640, -12.280140
1560460, -3.820434
1561280, 3.420282
1562100, 7.810601
1562920, 9.028237
1563740, 7.874755
1564560, 5.293467
1565380, 1.939674
1566200, -1.803740
1567020, -5.709559
1567840, -9.648539
1568660, -13.541208
1569480, -17.348670
1570300, -21.049275
1571120, -24.643406
1571940, -28.141073
1572760, -31.569284
1573580, -34.963494
1574400, -38.375037
1575220, -41.858874
1576040, -45.473506
1576860, -49.252184
1577680, -53.181968
1578500, -57.147024
1579320, -60.909853
1580140, -64.144556
1580960, -66.595460
1581780, -68.208633
1582600, -69.131630
1583420, -69.574996
1584240, -69.724216
1585060, -69.699881
1585880, -69.578756
1586700, -69.399775
1587520, -69.188821
1588340, -68.955727
1589160, -68.710349
1589980, -68.453816
1590800, -68.191273
1591620, -67.921291
1592440, -67.647599
1593260, -67.367970
1594080, -67.085692
1594900, -66.798310
1595720, -66.508958
1596540, -66.215088
1597360, -65.919806
1598180, -65.620553
1599000, -65.320388
1599820, -65.016745
1600640, -64.712721
1601460, -64.405697
1602280, -64.098736
1603100, -63.789277
1603920, -63.480341
1604740, -63.169302
1605560, -62.859216
1606380, -62.547446
1607200, -62.236942
1608020, -61.925066
1608840, -61.614805
1609660, -61.303370
1610480, -60.993687
1611300, -60.683092
1612120, -60.374297
1612940, -60.064493
1613760, -59.756570
1614580, -59.447542
1615400, -59.140082
1616220, -58.831341
1617040, -58.523904
1617860, -58.214628
1618680, -57.906131
1619500, -57.595336
1620320, -57.284459
1621140, -56.970297
1621960, -56.655327
1622780, -56.335812
1623600, -56.013873
1624420, -55.686196
1625240, -55.354244
1626060, -55.014117
1626880, -54.667717
1627700, -54.310270
1628520, -53.942856
1629340, -53.560914
1630160, -53.164245
1630980, -52.747327
1631800, -52.309138
1632620, -51.842328
1633440, -51.344365
1634260, -50.805191
1635080, -50.219032
1635900, -49.571732
1636720, -48.851209
1637540, -48.035821
1638360, -47.102851
1639180, -46.014327
1640000, -44.725294
1640820, -43.165369
1641640, -41.243196
1642460, -38.822404
1643280, -35.719572
1644100, -31.683680
1644920, -26.427047
1645740, -19.721148
1646560, -11.693410
1647380, -3.255553
1648200, 3.829602
1649020, 7.992582
1649840, 9.013353
1650660, 7.732806
1651480, 5.080300
1652300, 1.689499
1653120, -2.071333
1653940, -5.982761
1654760, -9.920375
1655580, -13.807925
1656400, -17.608405
1657220, -21.301671
1658040, -24.889224
1658860, -28.380777
1659680, -31.805686
1660500, -35.199183
1661320, -38.614167
1662140, -42.105386
1662960, -45.730723
1663780, -49.521357
1664600, -53.458587
1665420, -57.418283
1666240, -61.154632
1667060, -64.341181
1667880, -66.732878
1668700, -68.292102
1669520, -69.175166
1670340, -69.592938
1671160, -69.726967
1671980, -69.693968
1672800, -69.567869
1673620, -69.386022
1674440, -69.173299
1675260, -68.939100
1676080, -68.692929
1676900, -68.435842
1677720, -68.172826
1678540, -67.902485
1679360, -67.628444
1680180, -67.348540
1681000, -67.065977
1681820, -66.778372
1682640, -66.488777
1683460, -66.194721
1684280, -65.899236
1685100, -65.599832
1685920, -65.299497
1686740, -64.995740
1687560, -64.691582
1688380, -64.384477
1689200, -64.077413
1690020, -63.767908
1690840, -63.458899
1691660, -63.147840
1692480, -62.837712
1693300, -62.525945
1694120, -62.215416
1694940, -61.903570
1695760, -61.593299
1696580, -61.281901
1697400, -60.972225
1698220, -60.661671
1699040, -60.352878
1699860, -60.043120
1700680, -59.735214
1701500, -59.426224
1702320, -59.118757
1703140, -58.810046
1703960, -58.502571
1704780, -58.193276
1705600, -57.884712
1706420, -57.573842
1707240, -57.262822
1708060, -56.948533
1708880, -56.633333
1709700, -56.313578
1710520, -55.991325
1711340, -55.663320
1712160, -55.330914
1712980, -54.990302
1713800, -54.643291
1714620, -54.285137
1715440, -53.916862
1716260, -53.533887
1717080, -53.135957
1717900, -52.717637
1718720, -52.277681
1719540, -51.808830
1720360, -51.308289
1721180, -50.766072
1722000, -50.176068
1722820, -49.524154
1723640, -48.797777
1724460, -47.974898
1725280, -47.032364
1726100, -45.931654
1726920, -44.626226
1727740, -43.044257
1728560, -41.092408
1729380, -38.631043
1730200, -35.472165
1731020, -31.360837
1731840, -26.008816
1732660, -19.199226
1733480, -11.101264
1734300, -2.693582
1735120, 4.227006
1735940, 8.159920
1736760, 8.986654
1737580, 7.582981
1738400, 4.861994
1739220, 1.435683
1740040, -2.341456
1740860, -6.258108
1741680, -10.194345
1742500, -14.076706
1743320, -17.869792
1744140, -21.555050
1744960, -25.135490
1745780, -28.621366
1746600, -32.042780
1747420, -35.435623
1748240, -38.854226
1749060, -42.352960
1749880, -45.989134
1750700, -49.791872
1751520, -53.736551
1752340, -57.690445
1753160, -61.399301
1753980, -64.535940
1754800, -66.867825
1755620, -68.373358
1756440, -69.217104
1757260, -69.609835
1758080, -69.729048
1758900, -69.687606
1759720, -69.556656
1760540, -69.372006
1761360, -69.157548
1762180, -68.922260
1763000, -68.675304
1763820, -68.417667
1764640, -68.154180
1765460, -67.883479
1766280, -67.609089
1767100, -67.328909
1767920, -67.046060
1768740, -66.758230
1769560, -66.468393
1770380, -66.174151
1771200, -65.878461
1772020, -65.578908
1772840, -65.278402
1773660, -64.974530
1774480, -64.670234
1775300, -64.363047
1776120, -64.055881
1776940, -63.746331
1777760, -63.437250
1778580, -63.126172
1779400, -62.816004
1780220, -62.504242
1781040, -62.193692
1781860, -61.881876
1782680, -61.571599
1783500, -61.260239
1784320, -60.950574
1785140, -60.640061
1785960, -60.331273
1786780, -60.021563
1787600, -59.713676
1788420, -59.404727
1789240, -59.097254
1790060, -58.788575
1790880, -58.481063
1791700, -58.171750
1792520, -57.863121
1793340, -57.552178
1794160, -57.241014
1794980, -56.926600
1795800, -56.611170
1796620, -56.291175
1797440, -55.968607
1798260, -55.640231
1799080, -55.307343
1799900, -54.966226
1800720, -54.618535
1801540, -54.259623
1802360, -53.890452
1803180, -53.506410
1804000, -53.107190
1804820, -52.687438
1805640, -52.245685
1806460, -51.774756
1807280, -51.271592
1808100, -50.726280
1808920, -50.132364
1809740, -49.475755
1810560, -48.743418
1811380, -47.912910
1812200, -46.960389
1813020, -45.846800
1813840, -44.524151
1814660, -42.919193
1815480, -40.936053
1816300, -38.431913
1817120, -35.214249
1817940, -31.024006
1818760, -25.572466
1819580, -18.658924
1820400, -10.495145
1821220, -2.129343
1822040, 4.615693
1822860, 8.314217
1823680, 8.948504
1824500, 7.424274
1825320, 4.636672
1826140, 1.175940
1826960, -2.616660
1827780, -6.537915
1828600, -10.472340
1829420, -14.349375
1830240, -18.135455
1831060, -21.812905
1831880, -25.385732
1832700, -28.866155
1833520, -32.283817
1834340, -35.676936
1835160, -39.099344
1835980, -42.605975
1836800, -46.253407
1837620, -50.067520
1838440, -54.018901
1839260, -57.966024
1840080, -61.645926
1840900, -64.730979
1841720, -67.001919
1842540, -68.453431
1843360, -69.258005
1844180, -69.625939
1845000, -69.730520
1845820, -69.680746
1846640, -69.545002
1847460, -69.357577
1848280, -69.141395
1849100, -68.905021
1849920, -68.657279
1850740, -68.399087
1851560, -68.135126
1852380, -67.864061
1853200, -67.589318
1854020, -67.308856
1854840, -67.025717
1855660, -66.737659
1856480, -66.447576
1857300, -66.153146
1858120, -65.857250
1858940, -65.557542
1859760, -65.256865
1860580, -64.952877
1861400, -64.648443
1862220, -64.341171
1863040, -64.033903
1863860, -63.724307
1864680, -63.415156
1865500, -63.104059
1866320, -62.793853
1867140, -62.482097
1867960, -62.171527
1868780, -61.859742
1869600, -61.549460
1870420, -61.238138
1871240, -60.928487
1872060, -60.618016
1872880, -60.309234
1873700, -59.999572
1874520, -59.691706
1875340, -59.382797
1876160, -59.075320
1876980, -58.766673
1877800, -58.459125
1878620, -58.149792
1879440, -57.841098
1880260, -57.530078
1881080, -57.218769
1881900, -56.904224
1882720, -56.588561
1883540, -56.268317
1884360, -55.945429
1885180, -55.616671
1886000, -55.283291
1886820, -54.941653
1887640, -54.593267
1888460, -54.233579
1889280, -53.863489
1890100, -53.478353
1890920, -53.077813
1891740, -52.656592
1892560, -52.212997
1893380, -51.739937
1894200, -51.234085
1895020, -50.685597
1895840, -50.087669
1896660, -49.426242
1897480, -48.687792
1898300, -47.849453
1899120, -46.886678
1899940, -45.759638
1900760, -44.419113
1901580, -42.790357
1902400, -40.774597
1903220, -38.225596
1904040, -34.946598
1904860, -30.674322
1905680, -25.121135
1906500, -18.101292
1907320, -9.874053
1908140, -1.558819
1908960, 4.998474
1909780, 8.457889
1910600, 8.900159
1911420, 7.256924
1912240, 4.403877
1913060, 0.909497
1913880, -2.898144
1914700, -6.823496
1915520, -10.755667
1916340, -14.626990
1917160, -18.405735
1917980, -22.075737
1918800, -25.641121
1919620, -29.115852
1920440, -32.530293
1921260, -35.923788
1922080, -39.350196
1922900, -42.865428
1923720, -46.524728
1924540, -50.350783
1925360, -54.307515
1926180, -58.244499
1927000, -61.891425
1927820, -64.923167
1928640, -67.132798
1929460, -68.530567
1930280, -69.296802
1931100, -69.640673
1931920, -69.731116
1932740, -69.673300
1933560, -69.532928
1934380, -69.342816
1935200, -69.124957
1936020, -68.887522
1936840, -68.639008
1937660, -68.380267
1938480, -68.115835
1939300, -67.844405
1940120, -67.569310
1940940, -67.288566
1941760, -67.005137
1942580, -66.716849
1943400, -66.426521
1944220, -66.131899
1945040, -65.835797
1945860, -65.535935
1946680, -65.235086
1947500, -64.930981
1948320, -64.626410
1949140, -64.319053
1949960, -64.011683
1950780, -63.702041
1951600, -63.392820
1952420, -63.081704
1953240, -62.771461
1954060, -62.459710
1954880, -62.149121
1955700, -61.837367
1956520, -61.527082
1957340, -61.215798
1958160, -60.906161
1958980, -60.595731
1959800, -60.286957
1960620, -59.977342
1961440, -59.669471
1962260, -59.360585
1963080, -59.053095
1963900, -58.744473
1964720, -58.436885
1965540, -58.127531
1966360, -57.818770
1967180, -57.507670
1968000, -57.196214
1968820, -56.881536
1969640, -56.565634
1970460, -56.245137
1971280, -55.921921
1972100, -55.592773
1972920, -55.258889
1973740, -54.916719
1974560, -54.567622
1975380, -54.207137
1976200, -53.836106
1977020, -53.449849
1977840, -53.047956
1978660, -52.625230
1979480, -52.179748
1980300, -51.704503
1981120, -51.195896
1981940, -50.644150
1982760, -50.042109
1983580, -49.375738
1984400, -48.631017
1985220, -47.784640
1986040, -46.811339
1986860, -45.670484
1987680, -44.311599
1988500, -42.658400
1989320, -40.609135
1990140, -38.014067
1990960, -34.672163
1991780, -30.316087
1992600, -24.659216
1993420, -17.534604
1994240, -9.251516
1995060, -0.998984
1995880, 5.363823
1996700, 8.584215
1997520, 8.840112
1998340, 7.082930
1999160, 4.167656
1999980, 0.641540
2000800, -3.180245
2001620, -7.109214
2002440, -11.038719
2003260, -14.903860
2004080, -18.674784
2004900, -22.336979
2005720, -25.895722
2006540, -29.364621
2007360, -32.776469
2008180, -36.170346
2009000, -39.601416
2009820, -43.125494
2010640, -46.796651
2011460, -50.634767
2012280, -54.596810
2013100, -58.523129
2013920, -62.135761
2014740, -65.112327
2015560, -67.259994
2016380, -68.604738
2017200, -69.333622
2018020, -69.654214
2018840, -69.731023
2019660, -69.665457
2020480, -69.520620
2021300, -69.327910
2022120, -69.108426
2022940, -68.869955
2023760, -68.620685
2024580, -68.361404
2025400, -68.096506
2026220, -67.824715
2027040, -67.549270
2027860, -67.268245
2028680, -66.984529
2029500, -66.696011
2030320, -66.405437
2031140, -66.110626
2031960, -65.814319
2032780, -65.514304
2033600, -65.213285
2034420, -64.909065
2035240, -64.604358
2036060, -64.296917
2036880, -63.989448
2037700, -63.679757
2038520, -63.370466
2039340, -63.059331
2040160, -62.749054
2040980, -62.437308
2041800, -62.126703
2042620, -61.814982
2043440, -61.504695
2044260, -61.193451
2045080, -60.883829
2045900, -60.573442
2046720, -60.264676
2047540, -59.955109
2048360, -59.647235
2049180, -59.338371
2050000, -59.030869
2050820, -58.722272
2051640, -58.414645
2052460, -58.105268
2053280, -57.796442
2054100, -57.485262
2054920, -57.173659
2055740, -56.858846
2056560, -56.542706
2057380, -56.221953
2058200, -55.898409
2059020, -55.568868
2059840, -55.234479
2060660, -54.891774
2061480, -54.541963
2062300, -54.180678
2063120, -53.808704
2063940, -53.421320
2064760, -53.018068
2065580, -52.593829
2066400, -52.146452
2067220, -51.669011
2068040, -51.157636
2068860, -50.602616
2069680, -49.996440
2070500, -49.325078
2071320, -48.574035
2072140, -47.719558
2072960, -46.735652
2073780, -45.580876
2074600, -44.203491
2075420, -42.525666
2076240, -40.442654
2077060, -37.801204
2077880, -34.395659
2078700, -29.955008
2079520, -24.194088
2080340, -16.966159
2081160, -8.631772
2081980, -0.451370
2082800, 5.709134
2083620, 8.693294
2084440, 8.769240
2085260, 6.903266
2086080, 3.928810
2086900, 0.372770
2087720, -3.461968
2088540, -7.394018
2089360, -11.320790
2090180, -15.180089
2091000, -18.943412
2091820, -22.597204
2092640, -26.148771
2093460, -29.612367
2094280, -33.021441
2095100, -36.415631
2095920, -39.851638
2096740, -43.384668
2097560, -47.067623
2098380, -50.917418
2099200, -54.884484
2100020, -58.799530
2100840, -62.376974
2101660, -65.297140
2102480, -67.382829
2103300, -68.675591
2104120, -69.368277
2104940, -69.666454
2105760, -69.730174
2106580, -69.657173
2107400, -69.508046
2108220, -69.312834
2109040, -69.091776
2109860, -68.852300
2110680, -68.602290
2111500, -68.342478
2112320, -68.077121
2113140, -67.804973
2113960, -67.529181
2114780, -67.247877
2115600, -66.963875
2116420, -66.675126
2117240, -66.384309
2118060, -66.089308
2118880, -65.792800
2119700, -65.492632
2120520, -65.191445
2121340, -64.887110
2122160, -64.582270
2122980, -64.274746
2123800, -63.967180
2124620, -63.657437
2125440, -63.348076
2126260, -63.036923
2127080, -62.726612
2127900, -62.414874
2128720, -62.104255
2129540, -61.792568
2130360, -61.482282
2131180, -61.171079
2132000, -60.861476
2132820, -60.551133
2133640, -60.242377
2134460, -59.932860
2135280, -59.624984
2136100, -59.316144
2136920, -59.008631
2137740, -58.700061
2138560, -58.392397
2139380, -58.082999
2140200, -57.774109
2141020, -57.462850
2141840, -57.151101
2142660, -56.836155
2143480, -56.519778
2144300, -56.198770
2145120, -55.874901
2145940, -55.544967
2146760, -55.210074
2147580, -54.866835
2148400, -54.516313
2149220, -54.154227
2150040, -53.781311
2150860, -53.392800
2151680, -52.988192
2152500, -52.562387
2153320, -52.113076
2154140, -51.633408
2154960, -51.119239
2155780, -50.560918
2156600, -49.950579
2157420, -49.273932
2158240, -48.516324
2159060, -47.653512
2159880, -46.658744
2160700, -45.489735
2161520, -44.093453
2162340, -42.390492
2163160, -40.273046
2163980, -37.584304
2164800, -34.113890
2165620, -29.587206
2166440, -23.722659
2167260, -16.394591
2168080, -8.018706
2168900, 0.079841
2169720, 6.034457
2170540, 8.786191
2171360, 8.688555
2172180, 6.718664
2173000, 3.687882
2173820, 0.103481
2174640, -3.743041
2175460, -7.677423
2176280, -11.600999
2177100, -15.454166
2177920, -19.210110
2178740, -22.856421
2179560, -26.400618
2180380, -29.859288
2181200, -33.265473
2182020, -36.661053
2182840, -40.102188
2183660, -43.644381
2184480, -47.339352
2185300, -51.199910
2186120, -55.169932
2186940, -59.071104
2187760, -62.611695
2188580, -65.475367
2189400, -67.500173
2190220, -68.742564
2191040, -69.400496
2191860, -69.677274
2192680, -69.728526
2193500, -69.648447
2194320, -69.495229
2195140, -69.297623
2195960, -69.075054
2196780, -68.834606
2197600, -68.583877
2198420, -68.323546
2199240, -68.057738
2200060, -67.785237
2200880, -67.509102
2201700, -67.227521
2202520, -66.943237
2203340, -66.654259
2204160, -66.363201
2204980, -66.068013
2205800, -65.771304
2206620, -65.470985
2207440, -65.169632
2208260, -64.865184
2209080, -64.560212
2209900, -64.252606
2210720, -63.944944
2211540, -63.635151
2212360, -63.325722
2213180, -63.014550
2214000, -62.704207
2214820, -62.392478
2215640, -62.081846
2216460, -61.770194
2217280, -61.459911
2218100, -61.148749
2218920, -60.839165
2219740, -60.528865
2220560, -60.220121
2221380, -59.910653
2222200, -59.602775
2223020, -59.293958
2223840, -58.986435
2224660, -58.677870
2225480, -58.370156
2226300, -58.060727
2227120, -57.751769
2227940, -57.440427
2228760, -57.128532
2229580, -56.813450
2230400, -56.496836
2231220, -56.175572
2232040, -55.851375
2232860, -55.521047
2233680, -55.185649
2234500, -54.841872
2235320, -54.490634
2236140, -54.127743
2236960, -53.753880
2237780, -53.364235
2238600, -52.958261
2239420, -52.530793
2240240, -52.079475
2241060, -51.597516
2241880, -51.080490
2242700, -50.518805
2243520, -49.904229
2244340, -49.222205
2245160, -48.457922
2245980, -47.586634
2246800, -46.580819
2247620, -45.397331
2248440, -43.981828
2249260, -42.253192
2250080, -40.100641
2250900, -37.363746
2251720, -33.827352
2252540, -29.213688
2253360, -23.244455
2254180, -15.817990
2255000, -7.406124
2255820, 0.598441
2256640, 6.339913
2257460, 8.861261
2258280, 8.596315
2259100, 6.527538
2259920, 3.443548
2260740, -0.167360
2261560, -4.024814
2262380, -7.960777
2263200, -11.880584
2264020, -15.727231
2264840, -19.475536
2265660, -23.114481
2266480, -26.651873
2267300, -30.105554
2268120, -33.509404
2268940, -36.906475
2269760, -40.352853
2270580, -43.904598
2271400, -47.611859
2272220, -51.483403
2273040, -55.455648
2273860, -59.341128
2274680, -62.842103
2275500, -65.648594
2276320, -67.613144
2277140, -68.806387
2277960, -69.430720
2278780, -69.686917
2279600, -69.726207
2280420, -69.639337
2281240, -69.482187
2282060, -69.282275
2282880, -69.058243
2283700, -68.816850
2284520, -68.565418
2285340, -68.304576
2286160, -68.038324
2286980, -67.765473
2287800, -67.488999
2288620, -67.207143
2289440, -66.922578
2290260, -66.633372
2291080, -66.342075
2291900, -66.046700
2292720, -65.749793
2293540, -65.449323
2294360, -65.147807
2295180, -64.843246
2296000, -64.538144
2296820, -64.230458
2297640, -63.922702
2298460, -63.612858
2299280, -63.303363
2300100, -62.992174
2300920, -62.681799
2301740, -62.370076
2302560, -62.059433
2303380, -61.747816
2304200, -61.437537
2305020, -61.126417
2305840, -60.816855
2306660, -60.506600
2307480, -60.197868
2308300, -59.888450
2309120, -59.580573
2309940, -59.271780
2310760, -58.964248
2311580, -58.655675
2312400, -58.347904
2313220, -58.038440
2314040, -57.729411
2314860, -57.417985
2315680, -57.105944
2316500, -56.790728
2317320, -56.473877
2318140, -56.152357
2318960, -55.827836
2319780, -55.497113
2320600, -55.161210
2321420, -54.816896
2322240, -54.464944
2323060, -54.101246
2323880, -53.726437
2324700, -53.335656
2325520, -52.928315
2326340, -52.499181
2327160, -52.045850
2327980, -51.561595
2328800, -51.041707
2329620, -50.476647
2330440, -49.857822
2331260, -49.170404
2332080, -48.399423
2332900, -47.519627
2333720, -46.502723
2334540, -45.304696
2335360, -43.869895
2336180, -42.114903
2337000, -39.926616
2337820, -37.140622
2338640, -33.537210
2339460, -28.835635
2340280, -22.761866
2341100, -15.239953
2341920, -6.800289
2342740, 1.102078
2343560, 6.627908
2344380, 8.923162
2345200, 8.496718
2346020, 6.333236
2346840, 3.198499
2347660, -0.437509
2348480, -4.305239
2349300, -8.242778
2350120, -12.158967
2350940, -15.999071
2351760, -19.739134
2352580, -23.370199
2353400, -26.901245
2354220, -30.349722
2355040, -33.751860
2355860, -37.150414
2356680, -40.602489
2357500, -44.163948
2358320, -47.883174
2359140, -51.765617
2359960, -55.739854
2360780, -59.609030
2361600, -63.069558
2362420, -65.818041
2363240, -67.722700
2364060, -68.867741
2364880, -69.459404
2365700, -69.695686
2366520, -69.723422
2367340, -69.629991
2368160, -69.469038
2368980, -69.266887
2369800, -69.041431
2370620, -68.799114
2371440, -68.546992
2372260, -68.285647
2373080, -68.018956
2373900, -67.745759
2374720, -67.468949
2375540, -67.186819
2376360, -66.901977
2377180, -66.612545
2378000, -66.321012
2378820, -66.025451
2379640, -65.728348
2380460, -65.427730
2381280, -65.126053
2382100, -64.821381
2382920, -64.516151
2383740, -64.208385
2384560, -63.900538
2385380, -63.590645
2386200, -63.281086
2387020, -62.969881
2387840, -62.659466
2388660, -62.347747
2389480, -62.037092
2390300, -61.725511
2391120, -61.415238
2391940, -61.104162
2392760, -60.794623
2393580, -60.484415
2394400, -60.175699
2395220, -59.866332
2396040, -59.558457
2396860, -59.249689
2397680, -58.942150
2398500, -58.633570
2399320, -58.325743
2400140, -58.016245
2400960, -57.707148
2401780, -57.395639
2402600, -57.083453
2403420, -56.768104
2404240, -56.451018
2405060, -56.129244
2405880, -55.804399
2406700, -55.473283
2407520, -55.136878
2408340, -54.792028
2409160, -54.439363
2409980, -54.074861
2410800, -53.699108
2411620, -53.307193
2412440, -52.898489
2413260, -52.467692
2414080, -52.012353
2414900, -51.525805
2415720, -51.003059
2416540, -50.434629
2417360, -49.811562
2418180, -49.118752
2419000, -48.341079
2419820, -47.452780
2420640, -46.424790
2421460, -45.212227
2422280, -43.758134
2423100, -41.976792
2423920, -39.752686
2424740, -36.917179
2425560, -33.246381
2426380, -28.456631
2427200, -22.279805
2428020, -14.666719
2428840, -6.207274
2429660, 1.584388
2430480, 6.893045
2431300, 8.969654
2432120, 8.390023
2432940, 6.137526
2433760, 2.955364
2434580, -0.703929
2435400, -4.580856
2436220, -8.519372
2437040, -12.431747
2437860, -16.265576
2438680, -19.998454
2439500, -23.621415
2440320, -27.145814
2441140, -30.589780
2441960, -33.990147
2442780, -37.390067
2443600, -40.848110
2444420, -44.419331
2445240, -48.150346
2446060, -52.042620
2446880, -56.017964
2447700, -59.870124
2448520, -63.289981
2449340, -65.980278
2450160, -67.826529
2450980, -68.925285
2451800, -69.485868
2452620, -69.703301
2453440, -69.720123
2454260, -69.620495
2455080, -69.455942
2455900, -69.251669
2456720, -69.024854
2457540, -68.781652
2458360, -68.528867
2459180, -68.267035
2460000, -67.999918
2460820, -67.726385
2461640, -67.449248
2462460, -67.166852
2463280, -66.881739
2464100, -66.592087
2464920, -66.300323
2465740, -66.004582
2466560, -65.707288
2467380, -65.406525
2468200, -65.104691
2469020, -64.799911
2469840, -64.494557
2470660, -64.186714
2471480, -63.878779
2472300, -63.568840
2473120, -63.259218
2473940, -62.947999
2474760, -62.637547
2475580, -62.325833
2476400, -62.015167
2477220, -61.703622
2478040, -61.393356
2478860, -61.082324
2479680, -60.772809
2480500, -60.462647
2481320, -60.153947
2482140, -59.844631
2482960, -59.536760
2483780, -59.228017
2484600, -58.920471
2485420, -58.611884
2486240, -58.304003
2487060, -57.994471
2487880, -57.685298
2488700, -57.373701
2489520, -57.061369
2490340, -56.745885
2491160, -56.428568
2491980, -56.106542
2492800, -55.781379
2493620, -55.449876
2494440, -55.112977
2495260, -54.767599
2496080, -54.414233
2496900, -54.048939
2497720, -53.672257
2498540, -53.279225
2499360, -52.869179
2500180, -52.436742
2501000, -55.489435
2501820, -57.995771
2502640, -60.194896
2503460, -62.179646
2504280, -63.977892
2505100, -65.574049
2505920, -66.962761
2506740, -68.138408
2507560, -69.120032
2508380, -69.922913
2509200, -70.577805
2510020, -71.102773
2510840, -71.525746
2511660, -71.859280
2512480, -72.125062
2513300, -72.329753
2514120, -72.489846
2514940, -72.607665
2515760, -72.696138
2516580, -72.754703
2517400, -72.793956
2518220, -72.811466
2519040, -72.816323
2519860, -72.804893
2520680, -72.785291
2521500, -72.753102
2522320, -72.715805
2523140, -72.668472
2523960, -72.618161
2524780, -72.559605
2525600, -72.499577
2526420, -72.432585
2527240, -72.365209
2528060, -72.291802
2528880, -72.218810
2529700, -72.140481
2530520, -72.063167
2531340, -71.981042
2532160, -71.900391
2532980, -71.815330
2533800, -71.732093
2534620, -71.644764
2535440, -71.559543
2536260, -71.470492
2537080, -71.383783
2537900, -71.293459
2538720, -71.205671
2539540, -71.114452
2540360, -71.025933
2541180, -70.934138
2542000, -70.845179
2542820, -70.753061
2543640, -70.663890
2544460, -70.571673
2545280, -70.482507
2546100, -70.390400
2546920, -70.301441
2547740, -70.209635
2548560, -70.121064
2549380, -70.029733
2550200, -69.941718
2551020, -69.851010
2551840, -69.763666
2552660, -69.673682
2553480, -69.587116
2554300, -69.497968
2555120, -69.412294
2555940, -69.324097
2556760, -69.239430
2557580, -69.152295
2558400, -69.068740
2559220, -68.982771
2560040, -68.900425
2560860, -68.815687
2561680, -68.734579
2562500, -68.651103
2563320, -68.571284
2564140, -68.489129
2564960, -68.410664
2565780, -68.329898
2566600, -68.252855
2567420, -68.173548
2568240, -68.097994
2569060, -68.020208
2569880, -67.946206
2570700, -67.869982
2571520, -67.797525
2572340, -67.722840
2573160, -67.651923
2573980, -67.578790
2574800, -67.509440
2575620, -67.437894
2576440, -67.370150
2577260, -67.300232
2578080, -67.234134
2578900, -67.165886
2579720, -67.101476
2580540, -67.034937
2581360, -66.972254
2582180, -66.907446
2583000, -66.846465
2583820, -66.783329
2584640, -66.724004
2585460, -66.662521
2586280, -66.604850
2587100, -66.545029
2587920, -66.489030
2588740, -66.430895
2589560, -66.376593
2590380, -66.320170
2591200, -66.267591
2592020, -66.212907
2592840, -66.162079
2593660, -66.109159
2594480, -66.060107
2595300, -66.008975
2596120, -65.961720
2596940, -65.912369
2597760, -65.866847
2598580, -65.819197
2599400, -65.775354
2600220, -65.729376
2601040, -65.687202
2601860, -65.642895
2602680, -65.602396
2603500, -65.559772
2604320, -65.520961
2605140, -65.480034
2605960, -65.442927
2606780, -65.403713
2607600, -65.368325
2608420, -65.330838
2609240, -65.297182
2610060, -65.261434
2610880, -65.229520
2611700, -65.195520
2612520, -65.165355
2613340, -65.133109
2614160, -65.104699
2614980, -65.074210
2615800, -65.047555
2616620, -65.018821
2617440, -64.993918
2618260, -64.966929
2619080, -64.943735
2619900, -64.918414
2620720, -64.896856
2621540, -64.873151
2622360, -64.853193
2623180, -64.831079
2624000, -64.812702
2624820, -64.792161
2625640, -64.775349
2626460, -64.756369
2627280, -64.741108
2628100, -64.723672
2628920, -64.709945
2629740, -64.694036
2630560, -64.681825
2631380, -64.667421
2632200, -64.656702
2633020, -64.643780
2633840, -64.634526
2634660, -64.623056
2635480, -64.615237
2636300, -64.605187
2637120, -64.598768
2637940, -64.590101
2638760, -64.585045
2639580, -64.577720
2640400, -64.573984
2641220, -64.567959
2642040, -64.565498
2642860, -64.560724
2643680, -64.559488
2644500, -64.555916
2645320, -64.555853
2646140, -64.553429
2646960, -64.554484
2647780, -64.553151
2648600, -64.555267
2649420, -64.554965
2650240, -64.558082
2651060, -64.558752
2651880, -64.562807
2652700, -64.564385
2653520, -64.569314
2654340, -64.571736
2655160, -64.577476
2655980, -64.580676
2656800, -64.587159
2657620, -64.591071
2658440, -64.598231
2659260, -64.602789
2660080, -64.610559
2660900, -64.615696
2661720, -64.624010
2662540, -64.629659
2663360, -64.638452
2664180, -64.644547
2665000, -64.653753
2665820, -64.660231
2666640, -64.669785
2667460, -64.676583
2668280, -64.686425
2669100, -64.693480
2669920, -64.703548
2670740, -64.710803
2671560, -64.721039
2672380, -64.728435
2673200, -64.738785
2674020, -64.746268
2674840, -64.756676
2675660, -64.764194
2676480, -64.774612
2677300, -64.782117
2678120, -64.792496
2678940, -64.799940
2679760, -64.810236
2680580, -64.817579
2681400, -64.827750
2682220, -64.834950
2683040, -64.844960
2683860, -64.851981
2684680, -64.861793
2685500, -64.868603
2686320, -64.878186
2687140, -64.884754
2687960, -64.894081
2688780, -64.900381
2689600, -64.909426
2690420, -64.915434
2691240, -64.924175
2692060, -64.929872
2692880, -64.938291
2693700, -64.943658
2694520, -64.951738
2695340, -64.956762
2696160, -64.964492
2696980, -64.969160
2697800, -64.976529
2698620, -64.980833
2699440, -64.987833
2700260, -64.991768
2701080, -64.998394
2701900, -65.001955
2702720, -65.008202
2703540, -65.011378
2704360, -65.017232
2705180, -65.020013
2706000, -65.025470
2706820, -65.027857
2707640, -65.032920
2708460, -65.034917
2709280, -65.039593
2710100, -65.041209
2710920, -65.045507
2711740, -65.046752
2712560, -65.050684
2713380, -65.051571
2714200, -65.055149
2715020, -65.055691
2715840, -65.058929
2716660, -65.059139
2717480, -65.062052
2718300, -65.061945
2719120, -65.064547
2719940, -65.064139
2720760, -65.066447
2721580, -65.065754
2722400, -65.067782
2723220, -65.066820
2724040, -65.068586
2724860, -65.067371
2725680, -65.068891
2726500, -65.067439
2727320, -65.068730
2728140, -65.067058
2728960, -65.068135
2729780, -65.066260
2730600, -65.067141
2731420, -65.065078
2732240, -65.065778
2733060, -65.063545
2733880, -65.064080
2734700, -65.061691
2735520, -65.062077
2736340, -65.059548
2737160, -65.059800
2737980, -65.057146
2738800, -65.057280
2739620, -65.054515
2740440, -65.054544
2741260, -65.051683
2742080, -65.051621
2742900, -65.048678
2743720, -65.048538
2744540, -65.045525
2745360, -65.045320
2746180, -65.042250
2747000, -65.041993
2747820, -65.038878
2748640, -65.038580
2749460, -65.035430
2750280, -65.035102
2751100, -65.031930
2751920, -65.031583
2752740, -65.028397
2753560, -65.028040
2754380, -65.024851
2755200, -65.024493
2756020, -65.021309
2756840, -65.020959
2757660, -65.017789
2758480, -65.017455
2759300, -65.014305
2760120, -65.013995
2760940, -65.010873
2761760, -65.010592
2762580, -65.007505
2763400, -65.007260
2764220, -65.004213
2765040, -65.004009
2765860, -65.001008
2766680, -65.000850
2767500, -64.997899
2768320, -64.997790
2769140, -64.994889
2769960, -64.994829
2770780, -64.991979
2771600, -64.991970
2772420, -64.989172
2773240, -64.989216
2774060, -64.986474
2774880, -64.986573
2775700, -64.983889
2776520, -64.984046
2777340, -64.981423
2778160, -64.981640
2778980, -64.979079
2779800, -64.979358
2780620, -64.976861
2781440, -64.977203
2782260, -64.974771
2783080, -64.975177
2783900, -64.972811
2784720, -64.973283
2785540, -64.970983
2786360, -64.971520
2787180, -64.969288
2788000, -64.969889
2788820, -64.967723
2789640, -64.968390
2790460, -64.966290
2791280, -64.967021
2792100, -64.964987
2792920, -64.965782
2793740, -64.963812
2794560, -64.964669
2795380, -64.962762
2796200, -64.963680
2797020, -64.961835
2797840, -64.962813
2798660, -64.961028
2799480, -64.962063
2800300, -64.960336
2801120, -64.961427
2801940, -64.959757
2802760, -64.960902
2803580, -64.959285
2804400, -64.960482
2805220, -64.958917
2806040, -64.960163
2806860, -64.958648
2807680, -64.959941
2808500, -64.958473
2809320, -64.959810
2810140, -64.958386
2810960, -64.959765
2811780, -64.958384
2812600, -64.959801
2813420, -64.958459
2814240, -64.959914
2815060, -64.958608
2815880, -64.960097
2816700, -64.958825
2817520, -64.960345
2818340, -64.959104
2819160, -64.960653
2819980, -64.959441
2820800, -64.961015
2821620, -64.959830
2822440, -64.961427
2823260, -64.960265
2824080, -64.961884
2824900, -64.960743
2825720, -64.962379
2826540, -64.961257
2827360, -64.962909
2828180, -64.961803
2829000, -64.963469
2829820, -64.962376
2830640, -64.964053
2831460, -64.962972
2832280, -64.964658
2833100, -64.963586
2833920, -64.965279
2834740, -64.964215
2835560, -64.965912
2836380, -64.964853
2837200, -64.966554
2838020, -64.965498
2838840, -64.967200
2839660, -64.966145
2840480, -64.967846
2841300, -64.966792
2842120, -64.968491
2842940, -64.967435
2843760, -64.969130
2844580, -64.968070
2845400, -64.969760
2846220, -64.968697
2847040, -64.970380
2847860, -64.969311
2848680, -64.970986
2849500, -64.969910
2850320, -64.971577
2851140, -64.970493
2851960, -64.972150
2852780, -64.971057
2853600, -64.972704
2854420, -64.971602
2855240, -64.973237
2856060, -64.972124
2856880, -64.973747
2857700, -64.972623
2858520, -64.974234
2859340, -64.973099
2860160, -64.974696
2860980, -64.973549
2861800, -64.975133
2862620, -64.973974
2863440, -64.975544
2864260, -64.974372
2865080, -64.975928
2865900, -64.974744
2866720, -64.976286
2867540, -64.975089
2868360, -64.976617
2869180, -64.975407
2870000, -64.976920
2870820, -64.975697
2871640, -64.977197
2872460, -64.975961
2873280, -64.977447
2874100, -64.976199
2874920, -64.977670
2875740, -64.976410
2876560, -64.977868
2877380, -64.976596
2878200, -64.978040
2879020, -64.976756
2879840, -64.978188
2880660, -64.976893
2881480, -64.978312
2882300, -64.977005
2883120, -64.978412
2883940, -64.977095
2884760, -64.978490
2885580, -64.977163
2886400, -64.978547
2887220, -64.977211
2888040, -64.978584
2888860, -64.977238
2889680, -64.978601
2890500, -64.977246
2891320, -64.978599
2892140, -64.977237
2892960, -64.978581
2893780, -64.977210
2894600, -64.978546
2895420, -64.977168
2896240, -64.978496
2897060, -64.977112
2897880, -64.978431
2898700, -64.977042
2899520, -64.978354
2900340, -64.976960
2901160, -64.978266
2901980, -64.976866
2902800, -64.978166
2903620, -64.976762
2904440, -64.978057
2905260, -64.976649
2906080, -64.977939
2906900, -64.976528
2907720, -64.977814
2908540, -64.976400
2909360, -64.977682
2910180, -64.976266
2911000, -64.977544
2911820, -64.976127
2912640, -64.977402
2913460, -64.975983
2914280, -64.977257
2915100, -64.975837
2915920, -64.977108
2916740, -64.975688
2917560, -64.976957
2918380, -64.975537
2919200, -64.976806
2920020, -64.975386
2920840, -64.976654
2921660, -64.975235
2922480, -64.976502
2923300, -64.975084
2924120, -64.976351
2924940, -64.974935
2925760, -64.976202
2926580, -64.974787
2927400, -64.976055
2928220, -64.974642
2929040, -64.975910
2929860, -64.974500
2930680, -64.975769
2931500, -64.974361
2932320, -64.975632
2933140, -64.974226
2933960, -64.975498
2934780, -64.974095
2935600, -64.975369
2936420, -64.973969
2937240, -64.975244
2938060, -64.973848
2938880, -64.975125
2939700, -64.973732
2940520, -64.975011
2941340, -64.973621
2942160, -64.974902
2942980, -64.973516
2943800, -64.974799
2944620, -64.973416
2945440, -64.974701
2946260, -64.973322
2947080, -64.974610
2947900, -64.973234
2948720, -64.974524
2949540, -64.973152
2950360, -64.974444
2951180, -64.973076
2952000, -64.974370
2952820, -64.973005
2953640, -64.974301
2954460, -64.972940
2955280, -64.974239
2956100, -64.972881
2956920, -64.974182
2957740, -64.972828
2958560, -64.974131
2959380, -64.972780
2960200, -64.974085
2961020, -64.972738
2961840, -64.974045
2962660, -64.972701
2963480, -64.974010
2964300, -64.972669
2965120, -64.973979
2965940, -64.972642
2966760, -64.973954
2967580, -64.972619
2968400, -64.973933
2969220, -64.972601
2970040, -64.973917
2970860, -64.972588
2971680, -64.973904
2972500, -64.972578
2973320, -64.973896
2974140, -64.972573
2974960, -64.973892
2975780, -64.972571
2976600, -64.973891
2977420, -64.972572
2978240, -64.973893
2979060, -64.972577
2979880, -64.973899
2980700, -64.972584
2981520, -64.973907
2982340, -64.972594
2983160, -64.973918
2983980, -64.972607
2984800, -64.973931
2985620, -64.972622
2986440, -64.973946
2987260, -64.972639
2988080, -64.973963
2988900, -64.972657
2989720, -64.973982
2990540, -64.972678
2991360, -64.974002
2992180, -64.972699
2993000, -64.974024
2993820, -64.972722
2994640, -64.974046
2995460, -64.972746
2996280, -64.974070
2997100, -64.972770
2997920, -64.974094
2998740, -64.972796
2999560, -64.974119
3000380, -64.972821
