# ./result/hh_cnexp_0940.txt
# dt = 940 [usec]
# t [usec], V [mV]
0, -65.000000
940, -64.997238
1880, -64.994612
2820, -64.992095
3760, -64.989669
4700, -64.987323
5640, -64.985051
6580, -64.982849
7520, -64.980715
8460, -64.978648
9400, -64.976648
10340, -64.974715
11280, -64.972848
12220, -64.971049
13160, -64.969317
14100, -64.967653
15040, -64.966057
15980, -64.964529
16920, -64.963069
17860, -64.961677
18800, -64.960353
19740, -64.959096
20680, -64.957907
21620, -64.956784
22560, -64.955727
23500, -64.954735
24440, -64.953808
25380, -64.952946
26320, -64.952146
27260, -64.951409
28200, -64.950732
29140, -64.950116
30080, -64.949559
31020, -64.949060
31960, -64.948618
32900, -64.948231
33840, -64.947898
34780, -64.947617
35720, -64.947388
36660, -64.947209
37600, -64.947078
38540, -64.946995
39480, -64.946956
40420, -64.946962
41360, -64.947010
42300, -64.947099
43240, -64.947227
44180, -64.947393
45120, -64.947595
46060, -64.947831
47000, -64.948101
47940, -64.948401
48880, -64.948732
49820, -64.949090
50760, -64.949476
51700, -64.949886
52640, -64.950320
53580, -64.950776
54520, -64.951252
55460, -64.951748
56400, -64.952261
57340, -64.952790
58280, -64.953334
59220, -64.953891
60160, -64.954461
61100, -64.955040
62040, -64.955629
62980, -64.956227
63920, -64.956831
64860, -64.957440
65800, -64.958054
66740, -64.958671
67680, -64.959291
68620, -64.959911
69560, -64.960532
70500, -64.961152
71440, -64.961769
72380, -64.962384
73320, -64.962995
74260, -64.963602
75200, -64.964203
76140, -64.964798
77080, -64.965386
78020, -64.965967
78960, -64.966539
79900, -64.967102
80840, -64.967656
81780, -64.968200
82720, -64.968733
83660, -64.969255
84600, -64.969766
85540, -64.970265
86480, -64.970751
87420, -64.971225
88360, -64.971686
89300, -64.972134
90240, -64.972568
91180, -64.972988
92120, -64.973395
93060, -64.973787
94000, -64.974166
94940, -64.974530
95880, -64.974879
96820, -64.975215
97760, -64.975535
98700, -64.975842
99640, -64.976134
100580, -64.976411
101520, -64.976674
102460, -64.976923
103400, -64.977158
104340, -64.977379
105280, -64.977586
106220, -64.977779
107160, -64.977959
108100, -64.978125
109040, -64.978278
109980, -64.978419
110920, -64.978546
111860, -64.978662
112800, -64.978765
113740, -64.978856
114680, -64.978935
115620, -64.979003
116560, -64.979060
117500, -64.979107
118440, -64.979143
119380, -64.979169
120320, -64.979184
121260, -64.979191
122200, -64.979188
123140, -64.979177
124080, -64.979157
125020, -64.979129
125960, -64.979093
126900, -64.979049
127840, -64.978998
128780, -64.978941
129720, -64.978877
130660, -64.978807
131600, -64.978731
132540, -64.978649
133480, -64.978563
134420, -64.978471
135360, -64.978375
136300, -64.978275
137240, -64.978171
138180, -64.978063
139120, -64.977952
140060, -64.977838
141000, -64.977721
141940, -64.977602
142880, -64.977481
143820, -64.977358
144760, -64.977233
145700, -64.977107
146640, -64.976980
147580, -64.976852
148520, -64.976723
149460, -64.976594
150400, -64.976464
151340, -64.976335
152280, -64.976206
153220, -64.976078
154160, -64.975950
155100, -64.975823
156040, -64.975696
156980, -64.975571
157920, -64.975448
158860, -64.975326
159800, -64.975205
160740, -64.975086
161680, -64.974969
162620, -64.974855
163560, -64.974742
164500, -64.974631
165440, -64.974523
166380, -64.974417
167320, -64.974314
168260, -64.974213
169200, -64.974115
170140, -64.974020
171080, -64.973927
172020, -64.973837
172960, -64.973750
173900, -64.973666
174840, -64.973585
175780, -64.973507
176720, -64.973432
177660, -64.973360
178600, -64.973291
179540, -64.973225
180480, -64.973162
181420, -64.973102
182360, -64.973045
183300, -64.972991
184240, -64.972939
185180, -64.972891
186120, -64.972846
187060, -64.972804
188000, -64.972764
188940, -64.972728
189880, -64.972694
190820, -64.972663
191760, -64.972634
192700, -64.972608
193640, -64.972585
194580, -64.972564
195520, -64.972546
196460, -64.972530
197400, -64.972517
198340, -64.972506
199280, -64.972497
200220, -64.972490
201160, -64.972485
202100, -64.972483
203040, -64.972482
203980, -64.972484
204920, -64.972487
205860, -64.972492
206800, -64.972498
207740, -64.972506
208680, -64.972516
209620, -64.972527
210560, -64.972540
211500, -64.972554
212440, -64.972569
213380, -64.972586
214320, -64.972604
215260, -64.972622
216200, -64.972642
217140, -64.972663
218080, -64.972684
219020, -64.972707
219960, -64.972730
220900, -64.972753
221840, -64.972778
222780, -64.972803
223720, -64.972828
224660, -64.972854
225600, -64.972880
226540, -64.972907
227480, -64.972934
228420, -64.972961
229360, -64.972988
230300, -64.973015
231240, -64.973043
232180, -64.973070
233120, -64.973097
234060, -64.973125
235000, -64.973152
235940, -64.973179
236880, -64.973206
237820, -64.973233
238760, -64.973259
239700, -64.973286
240640, -64.973311
241580, -64.973337
242520, -64.973362
243460, -64.973387
244400, -64.973411
245340, -64.973435
246280, -64.973458
247220, -64.973481
248160, -64.973504
249100, -64.973525
250040, -64.973547
250980, -64.973567
251920, -64.973588
252860, -64.973607
253800, -64.973626
254740, -64.973645
255680, -64.973662
256620, -64.973679
257560, -64.973696
258500, -64.973712
259440, -64.973727
260380, -64.973742
261320, -64.973756
262260, -64.973769
263200, -64.973782
264140, -64.973794
265080, -64.973805
266020, -64.973816
266960, -64.973826
267900, -64.973836
268840, -64.973845
269780, -64.973853
270720, -64.973861
271660, -64.973868
272600, -64.973875
273540, -64.973881
274480, -64.973886
275420, -64.973891
276360, -64.973896
277300, -64.973900
278240, -64.973903
279180, -64.973906
280120, -64.973909
281060, -64.973911
282000, -64.973912
282940, -64.973913
283880, -64.973914
284820, -64.973914
285760, -64.973914
286700, -64.973913
287640, -64.973912
288580, -64.973911
289520, -64.973909
290460, -64.973908
291400, -64.973905
292340, -64.973903
293280, -64.973900
294220, -64.973897
295160, -64.973893
296100, -64.973890
297040, -64.973886
297980, -64.973882
298920, -64.973878
299860, -64.973873
300800, -64.973869
301740, -64.973864
302680, -64.973859
303620, -64.973854
304560, -64.973849
305500, -64.973844
306440, -64.973839
307380, -64.973833
308320, -64.973828
309260, -64.973822
310200, -64.973817
311140, -64.973811
312080, -64.973806
313020, -64.973800
313960, -64.973794
314900, -64.973789
315840, -64.973783
316780, -64.973777
317720, -64.973772
318660, -64.973766
319600, -64.973761
320540, -64.973755
321480, -64.973750
322420, -64.973745
323360, -64.973740
324300, -64.973734
325240, -64.973729
326180, -64.973724
327120, -64.973719
328060, -64.973715
329000, -64.973710
329940, -64.973705
330880, -64.973701
331820, -64.973697
332760, -64.973692
333700, -64.973688
334640, -64.973684
335580, -64.973680
336520, -64.973677
337460, -64.973673
338400, -64.973670
339340, -64.973666
340280, -64.973663
341220, -64.973660
342160, -64.973657
343100, -64.973654
344040, -64.973651
344980, -64.973649
345920, -64.973646
346860, -64.973644
347800, -64.973642
348740, -64.973640
349680, -64.973638
350620, -64.973636
351560, -64.973635
352500, -64.973633
353440, -64.973632
354380, -64.973630
355320, -64.973629
356260, -64.973628
357200, -64.973627
358140, -64.973626
359080, -64.973626
360020, -64.973625
360960, -64.973624
361900, -64.973624
362840, -64.973624
363780, -64.973623
364720, -64.973623
365660, -64.973623
366600, -64.973623
367540, -64.973623
368480, -64.973624
369420, -64.973624
370360, -64.973624
371300, -64.973625
372240, -64.973625
373180, -64.973626
374120, -64.973626
375060, -64.973627
376000, -64.973628
376940, -64.973628
377880, -64.973629
378820, -64.973630
379760, -64.973631
380700, -64.973632
381640, -64.973633
382580, -64.973634
383520, -64.973635
384460, -64.973636
385400, -64.973637
386340, -64.973638
387280, -64.973639
388220, -64.973641
389160, -64.973642
390100, -64.973643
391040, -64.973644
391980, -64.973645
392920, -64.973647
393860, -64.973648
394800, -64.973649
395740, -64.973650
396680, -64.973651
397620, -64.973653
398560, -64.973654
399500, -64.973655
400440, -64.973656
401380, -64.973658
402320, -64.973659
403260, -64.973660
404200, -64.973661
405140, -64.973662
406080, -64.973663
407020, -64.973664
407960, -64.973665
408900, -64.973667
409840, -64.973668
410780, -64.973669
411720, -64.973670
412660, -64.973671
413600, -64.973671
414540, -64.973672
415480, -64.973673
416420, -64.973674
417360, -64.973675
418300, -64.973676
419240, -64.973677
420180, -64.973677
421120, -64.973678
422060, -64.973679
423000, -64.973679
423940, -64.973680
424880, -64.973681
425820, -64.973681
426760, -64.973682
427700, -64.973682
428640, -64.973683
429580, -64.973683
430520, -64.973684
431460, -64.973684
432400, -64.973685
433340, -64.973685
434280, -64.973685
435220, -64.973686
436160, -64.973686
437100, -64.973686
438040, -64.973687
438980, -64.973687
439920, -64.973687
440860, -64.973687
441800, -64.973687
442740, -64.973687
443680, -64.973688
444620, -64.973688
445560, -64.973688
446500, -64.973688
447440, -64.973688
448380, -64.973688
449320, -64.973688
450260, -64.973688
451200, -64.973688
452140, -64.973688
453080, -64.973688
454020, -64.973688
454960, -64.973687
455900, -64.973687
456840, -64.973687
457780, -64.973687
458720, -64.973687
459660, -64.973687
460600, -64.973687
461540, -64.973686
462480, -64.973686
463420, -64.973686
464360, -64.973686
465300, -64.973686
466240, -64.973685
467180, -64.973685
468120, -64.973685
469060, -64.973685
470000, -64.973685
470940, -64.973684
471880, -64.973684
472820, -64.973684
473760, -64.973684
474700, -64.973683
475640, -64.973683
476580, -64.973683
477520, -64.973683
478460, -64.973682
479400, -64.973682
480340, -64.973682
481280, -64.973682
482220, -64.973682
483160, -64.973681
484100, -64.973681
485040, -64.973681
485980, -64.973681
486920, -64.973680
487860, -64.973680
488800, -64.973680
489740, -64.973680
490680, -64.973680
491620, -64.973679
492560, -64.973679
493500, -64.973679
494440, -64.973679
495380, -64.973679
496320, -64.973678
497260, -64.973678
498200, -64.973678
499140, -64.973678
500080, -64.973678
501020, -60.623352
501960, -56.486754
502900, -52.454107
503840, -48.316434
504780, -43.625398
505720, -37.459326
506660, -27.851749
507600, -10.835525
508540, 17.525725
509480, 42.142344
510420, 43.444252
511360, 40.979310
512300, 38.166689
513240, 34.532740
514180, 30.438852
515120, 25.976685
516060, 21.300690
517000, 16.514470
517940, 11.709540
518880, 6.944762
519820, 2.266995
520760, -2.301629
521700, -6.743313
522640, -11.057881
523580, -15.244370
524520, -19.317601
525460, -23.290891
526400, -27.196632
527340, -31.074761
528280, -34.994009
529220, -39.039890
530160, -43.327311
531100, -47.962648
532040, -52.996960
532980, -58.273107
533920, -63.279480
534860, -67.235908
535800, -69.685464
536740, -70.852856
537680, -71.264089
538620, -71.306918
539560, -71.188803
540500, -70.996161
541440, -70.770858
542380, -70.524683
543320, -70.268290
544260, -70.000668
545200, -69.727172
546140, -69.444554
547080, -69.157215
548020, -68.861518
548960, -68.561690
549900, -68.254020
550840, -67.942730
551780, -67.624138
552720, -67.302460
553660, -66.974039
554600, -66.643156
555540, -66.306138
556480, -65.967277
557420, -65.622979
558360, -65.277489
559300, -64.927211
560240, -64.576459
561180, -64.221560
562120, -63.866815
563060, -63.508592
564000, -63.151075
564940, -62.790638
565880, -62.431431
566820, -62.069680
567760, -61.709593
568700, -61.347243
569640, -60.986647
570580, -60.624041
571520, -60.263115
572460, -59.899895
573400, -59.538243
574340, -59.173790
575280, -58.810285
576220, -58.443329
577160, -58.076202
578100, -57.704589
579040, -57.331368
579980, -56.951668
580920, -56.568613
581860, -56.176473
582800, -55.777828
583740, -55.366732
584680, -54.944651
585620, -54.505315
586560, -54.048567
587500, -53.566865
588440, -53.058085
589380, -52.512257
590320, -51.923868
591260, -51.278482
592200, -50.564489
593140, -49.757750
594080, -48.834898
595020, -47.753426
595960, -46.461376
596900, -44.872933
597840, -42.870261
598780, -40.262369
599720, -36.766270
600660, -31.951723
601600, -25.258331
602540, -16.203465
603480, -5.197300
604420, 5.283596
605360, 11.659582
606300, 12.994273
607240, 11.060477
608180, 7.541746
609120, 3.295801
610060, -1.248288
611000, -5.866685
611940, -10.431193
612880, -14.882042
613820, -19.187437
614760, -23.349334
615700, -27.381407
616640, -31.324418
617580, -35.232303
618520, -39.186962
619460, -43.275921
620400, -47.586941
621340, -52.144311
622280, -56.839108
623220, -61.321735
624160, -65.068036
625100, -67.675491
626040, -69.164106
626980, -69.849029
627920, -70.067774
628860, -70.038617
629800, -69.886645
630740, -69.668581
631680, -69.417708
632620, -69.144419
633560, -68.859660
634500, -68.563171
635440, -68.260784
636380, -67.949780
637320, -67.634788
638260, -67.312467
639200, -66.987144
640140, -66.655364
641080, -66.321350
642020, -65.981606
642960, -65.640396
643900, -65.294176
644840, -64.947189
645780, -64.595956
646720, -64.244651
647660, -63.889777
648600, -63.535550
649540, -63.178373
650480, -62.822449
651420, -62.464179
652360, -62.107623
653300, -61.749208
654240, -61.392902
655180, -61.034954
656120, -60.679437
657060, -60.322370
658000, -59.967609
658940, -59.611372
659880, -59.257147
660820, -58.900943
661760, -58.546427
662700, -58.189165
663640, -57.832699
664580, -57.472610
665520, -57.111906
666460, -56.746196
667400, -56.378178
668340, -56.002813
669280, -55.623087
670220, -55.232998
671160, -54.834708
672100, -54.422227
673040, -53.996409
673980, -53.550816
674920, -53.084429
675860, -52.589006
676800, -52.061500
677740, -51.490775
678680, -50.869554
679620, -50.181084
680560, -49.410957
681500, -48.530503
682440, -47.509810
683380, -46.297412
684320, -44.828729
685260, -42.999644
686200, -40.664813
687140, -37.596439
688080, -33.473712
689020, -27.862125
689960, -20.344558
690900, -10.959185
691840, -1.071641
692780, 6.507427
693720, 9.750859
694660, 9.194790
695600, 6.416413
696540, 2.549647
697480, -1.807635
698420, -6.334058
699360, -10.861750
700300, -15.295870
701240, -19.598507
702180, -23.755000
703120, -27.782156
704060, -31.711535
705000, -35.604030
705940, -39.532190
706880, -43.587272
707820, -47.842328
708760, -52.320349
709700, -56.896992
710640, -61.242416
711580, -64.861561
712520, -67.398257
713460, -68.866641
714400, -69.562818
715340, -69.794267
716280, -69.777962
717220, -69.629892
718160, -69.415542
719100, -69.161885
720040, -68.888048
720980, -68.597997
721920, -68.299588
722860, -67.991269
723800, -67.678164
724740, -67.357321
725680, -67.033157
726620, -66.702392
727560, -66.369233
728500, -66.030295
729440, -65.689781
730380, -65.344248
731320, -64.997865
732260, -64.647253
733200, -64.296504
734140, -63.942201
735080, -63.588509
736020, -63.231905
736960, -62.876512
737900, -62.518849
738840, -62.162889
739780, -61.805137
740720, -61.449535
741660, -61.092402
742600, -60.737724
743540, -60.381679
744480, -60.028026
745420, -59.673101
746360, -59.320353
747300, -58.965853
748240, -58.613309
749180, -58.258342
750120, -57.904398
751060, -57.547327
752000, -57.190023
752940, -56.828164
753880, -56.464646
754820, -56.094479
755760, -55.720560
756700, -55.337404
757640, -54.947066
758580, -54.544183
759520, -54.129535
760460, -53.696862
761400, -53.246047
762340, -52.769058
763280, -52.264218
764220, -51.720812
765160, -51.133775
766100, -50.488230
767040, -49.772304
767980, -48.962456
768920, -48.035485
769860, -46.949284
770800, -45.653367
771740, -44.065019
772680, -42.073888
773620, -39.505480
774560, -36.111416
775500, -31.533392
776440, -25.343962
777380, -17.237935
778320, -7.643029
779260, 1.532432
780200, 7.534553
781140, 9.262177
782080, 7.789814
783020, 4.569562
783960, 0.506384
784900, -3.914169
785840, -8.437390
786780, -12.920595
787720, -17.295391
788660, -21.529110
789600, -25.624059
790540, -29.598488
791480, -33.500580
792420, -37.392234
793360, -41.359459
794300, -45.484258
795240, -49.827882
796180, -54.354670
797120, -58.858824
798060, -62.917919
799000, -66.066802
799940, -68.099974
800880, -69.187972
801820, -69.648406
802760, -69.754898
803700, -69.670951
804640, -69.490389
805580, -69.255276
806520, -68.992213
807460, -68.709001
808400, -68.415278
809340, -68.110513
810280, -67.800234
811220, -67.481828
812160, -67.159759
813100, -66.830894
814040, -66.499414
814980, -66.162023
815920, -65.822847
816860, -65.478558
817800, -65.133230
818740, -64.783554
819680, -64.433588
820620, -64.079970
821560, -63.726797
822500, -63.370654
823440, -63.015555
824380, -62.658166
825320, -62.302356
826260, -61.944683
827200, -61.589122
828140, -61.232023
829080, -60.877260
830020, -60.521248
830960, -60.167598
831900, -59.812684
832840, -59.460083
833780, -59.105856
834720, -58.753641
835660, -58.399313
836600, -58.046135
837540, -57.690207
838480, -57.334363
839420, -56.974255
840360, -56.613090
841300, -56.245798
842240, -55.875098
843180, -55.496130
844120, -55.110699
845060, -54.713656
846000, -54.306166
846940, -53.881895
847880, -53.441605
848820, -52.977189
849760, -52.488159
850700, -51.963833
851640, -51.400914
852580, -50.784833
853520, -50.106524
854460, -49.345149
855400, -48.480231
856340, -47.475662
857280, -46.289663
858220, -44.853613
859160, -43.076567
860100, -40.814568
861040, -37.862939
861980, -33.916544
862920, -28.577728
863860, -21.437802
864800, -12.472532
865740, -2.800546
866680, 5.011776
867620, 8.787403
868560, 8.686001
869500, 6.180364
870440, 2.454625
871380, -1.827960
872320, -6.320958
873260, -10.831607
874200, -15.262763
875140, -19.563209
876080, -23.722560
877020, -27.748065
877960, -31.677321
878900, -35.562607
879840, -39.482853
880780, -43.520786
881720, -47.756210
882660, -52.205370
883600, -56.756809
884540, -61.082242
885480, -64.705924
886420, -67.261812
887360, -68.759604
888300, -69.476752
889240, -69.725237
890180, -69.715931
891120, -69.574445
892060, -69.360499
893000, -69.109567
893940, -68.833958
894880, -68.545428
895820, -68.244598
896760, -67.937466
897700, -67.621788
898640, -67.302085
899580, -66.975369
900520, -66.645805
901460, -66.310178
902400, -65.972542
903340, -65.629677
904280, -65.285565
905220, -64.936962
906160, -64.587895
907100, -64.235053
908040, -63.882441
908980, -63.526787
909920, -63.171996
910860, -62.814788
911800, -62.459056
912740, -62.101387
913680, -61.745701
914620, -61.388488
915560, -61.033495
916500, -60.677322
917440, -60.323484
918380, -59.968373
919320, -59.615698
920260, -59.261497
921200, -58.909269
922140, -58.555243
923080, -58.202482
924020, -57.847081
924960, -57.492158
925900, -57.133287
926840, -56.773572
927780, -56.408383
928720, -56.040184
929660, -55.664552
930600, -55.283195
931540, -54.890890
932480, -54.489460
933420, -54.072430
934360, -53.640987
935300, -53.187390
936240, -52.711093
937180, -52.202773
938120, -51.659214
939060, -51.067642
940000, -50.420678
940940, -49.698635
941880, -48.884859
942820, -47.948251
943760, -46.853657
944700, -45.541938
945640, -43.936528
946580, -41.917650
947520, -39.315053
948460, -35.869290
949400, -31.226565
950340, -24.956051
951280, -16.785486
952220, -7.201204
953160, 1.816919
954100, 7.573731
955040, 9.096793
955980, 7.514728
956920, 4.240940
957860, 0.158785
958800, -4.268280
959740, -8.785912
960680, -13.262150
961620, -17.624627
962560, -21.848943
963500, -25.931294
964440, -29.899000
965380, -33.794722
966320, -37.689158
967260, -41.661614
968200, -45.800255
969140, -50.154818
970080, -54.686462
971020, -59.167038
971960, -63.170524
972900, -66.235179
973840, -68.191575
974780, -69.222355
975720, -69.652307
976660, -69.739846
977600, -69.648873
978540, -69.461806
979480, -69.225866
980420, -68.959329
981360, -68.676780
982300, -68.380342
983240, -68.076647
984180, -67.763892
985120, -67.446711
986060, -67.122282
987000, -66.794739
987940, -66.460987
988880, -66.125000
989820, -65.783640
990760, -65.440838
991700, -65.093407
992640, -64.745307
993580, -64.393321
994520, -64.041356
995460, -63.686255
996400, -63.331841
997340, -62.974883
998280, -62.619290
999220, -62.261679
1000160, -61.905866
1001100, -61.548549
1002040, -61.193340
1002980, -60.836877
1003920, -60.482776
1004860, -60.127428
1005800, -59.774460
1006740, -59.420153
1007680, -59.067831
1008620, -58.713915
1009560, -58.361443
1010500, -58.006479
1011440, -57.652374
1012380, -57.294645
1013320, -56.936213
1014260, -56.572967
1015200, -56.207113
1016140, -55.834180
1017080, -55.456400
1018020, -55.068412
1018960, -54.672319
1019900, -54.261892
1020840, -53.838073
1021780, -53.394204
1022720, -52.929454
1023660, -52.435865
1024600, -51.910012
1025540, -51.341025
1026480, -50.721549
1027420, -50.034770
1028360, -49.266973
1029300, -48.389616
1030240, -47.372739
1031180, -46.165976
1032120, -44.705993
1033060, -42.890745
1034000, -40.578962
1034940, -37.551491
1035880, -33.501665
1036820, -28.018903
1037760, -20.713478
1038700, -11.623211
1039640, -2.010651
1040580, 5.498056
1041520, 8.885330
1042460, 8.512458
1043400, 5.860213
1044340, 2.067822
1045280, -2.244756
1046220, -6.742862
1047160, -11.250380
1048100, -15.669038
1049040, -19.958095
1049980, -24.101847
1050920, -28.117881
1051860, -32.038437
1052800, -35.924464
1053740, -39.849694
1054680, -43.904375
1055620, -48.158294
1056560, -52.625626
1057500, -57.170359
1058440, -61.452597
1059380, -64.985284
1060320, -67.439164
1061260, -68.849617
1062200, -69.513574
1063140, -69.729509
1064080, -69.705790
1065020, -69.554059
1065960, -69.337336
1066900, -69.082006
1067840, -68.806545
1068780, -68.515102
1069720, -68.215197
1070660, -67.905586
1071600, -67.591086
1072540, -67.269068
1073480, -66.943653
1074420, -66.611872
1075360, -66.277629
1076300, -65.937860
1077240, -65.596454
1078180, -65.250283
1079120, -64.903218
1080060, -64.552165
1081000, -64.200928
1081940, -63.846409
1082880, -63.492425
1083820, -63.135787
1084760, -62.780321
1085700, -62.422797
1086640, -62.066912
1087580, -61.709494
1088520, -61.354100
1089460, -60.997396
1090400, -60.643082
1091340, -60.287542
1092280, -59.934280
1093220, -59.579870
1094160, -59.227465
1095100, -58.873492
1096040, -58.521204
1096980, -58.166611
1097920, -57.812906
1098860, -57.456050
1099800, -57.098728
1100740, -56.736993
1101680, -56.373186
1102620, -56.002742
1103560, -55.628335
1104500, -55.244470
1105440, -54.853042
1106380, -54.448660
1107320, -54.031970
1108260, -53.597127
1109200, -53.143221
1110140, -52.662695
1111080, -52.152997
1112020, -51.603888
1112960, -51.009248
1113900, -50.354631
1114840, -49.626789
1115780, -48.801302
1116720, -47.853185
1117660, -46.738949
1118600, -45.404682
1119540, -43.764193
1120480, -41.699787
1121420, -39.027663
1122360, -35.487100
1123300, -30.707281
1124240, -24.264834
1125180, -15.920332
1126120, -6.282265
1127060, 2.534601
1128000, 7.887676
1128940, 9.052580
1129880, 7.255570
1130820, 3.877696
1131760, -0.254101
1132700, -4.696609
1133640, -9.216361
1134580, -13.682354
1135520, -18.033985
1136460, -22.242254
1137400, -26.314211
1138340, -30.271788
1139280, -34.166121
1140220, -38.062467
1141160, -42.048451
1142100, -46.204605
1143040, -50.581483
1143980, -55.119228
1144920, -59.577402
1145860, -63.506866
1146800, -66.468295
1147740, -68.322819
1148680, -69.284350
1149620, -69.670693
1150560, -69.737490
1151500, -69.633040
1152440, -69.441518
1153380, -69.200399
1154320, -68.933562
1155260, -68.647929
1156200, -68.352270
1157140, -68.046075
1158080, -67.734432
1159020, -67.414956
1159960, -67.091777
1160900, -66.762050
1161840, -66.429636
1162780, -66.091544
1163720, -65.751602
1164660, -65.406768
1165600, -65.060825
1166540, -64.710772
1167480, -64.360342
1168420, -64.006489
1169360, -63.653019
1170300, -63.296780
1171240, -62.941507
1172180, -62.584137
1173120, -62.228249
1174060, -61.870716
1175000, -61.515158
1175940, -61.158249
1176880, -60.803585
1177820, -60.447799
1178760, -60.094240
1179700, -59.739605
1180640, -59.387067
1181580, -59.033033
1182520, -58.680874
1183460, -58.326630
1184400, -57.973328
1185340, -57.617341
1186280, -57.261125
1187220, -56.900700
1188160, -56.538789
1189100, -56.170715
1190040, -55.798957
1190980, -55.418701
1191920, -55.031549
1192860, -54.632715
1193800, -54.222716
1194740, -53.795625
1195680, -53.351501
1196620, -52.882648
1197560, -52.387759
1198500, -51.856527
1199440, -51.284617
1200380, -50.657750
1201320, -49.965441
1202260, -49.186680
1203200, -48.299238
1204140, -47.265061
1205080, -46.039117
1206020, -44.549026
1206960, -42.695305
1207900, -40.324108
1208840, -37.215657
1209780, -33.046364
1210720, -27.405701
1211660, -19.915229
1212600, -10.696609
1213540, -1.158112
1214480, 6.008370
1215420, 8.989417
1216360, 8.332993
1217300, 5.534081
1218240, 1.669631
1219180, -2.670315
1220120, -7.176798
1221060, -11.677185
1222000, -16.086285
1222940, -20.359605
1223880, -24.492376
1224820, -28.496349
1225760, -32.412746
1226700, -36.297886
1227640, -40.233384
1228580, -44.302716
1229520, -48.579263
1230460, -53.060603
1231400, -57.600722
1232340, -61.830271
1233280, -65.270493
1234220, -67.614671
1235160, -68.940659
1236100, -69.548380
1237040, -69.735712
1237980, -69.694343
1238920, -69.535980
1239860, -69.313041
1240800, -69.056831
1241740, -68.778041
1242680, -68.487187
1243620, -68.184728
1244560, -67.876135
1245500, -67.559337
1246440, -67.238503
1247380, -66.910913
1248320, -66.580412
1249260, -66.244078
1250200, -65.905670
1251140, -65.562249
1252080, -65.217509
1253020, -64.868507
1253960, -64.518955
1254900, -64.165848
1255840, -63.812904
1256780, -63.457116
1257720, -63.102108
1258660, -62.744907
1259600, -62.389065
1260540, -62.031486
1261480, -61.675807
1262420, -61.318753
1263360, -60.963804
1264300, -60.607830
1265240, -60.254031
1266180, -59.899124
1267120, -59.546435
1268060, -59.192343
1269000, -58.840080
1269940, -58.486050
1270880, -58.133078
1271820, -57.777587
1272760, -57.422245
1273700, -57.062988
1274640, -56.702674
1275580, -56.336760
1276520, -55.967503
1277460, -55.590704
1278400, -55.207678
1279340, -54.813574
1280280, -54.409616
1281220, -53.989726
1282160, -53.554806
1283100, -53.097006
1284040, -52.615573
1284980, -52.100889
1285920, -51.549509
1286860, -50.948127
1287800, -50.288670
1288740, -49.550961
1289680, -48.716526
1290620, -47.752600
1291560, -46.621063
1292500, -45.259300
1293440, -43.585124
1294380, -41.468808
1295320, -38.726391
1296260, -35.080663
1297200, -30.158047
1298140, -23.530608
1299080, -15.012863
1300020, -5.334491
1300960, 3.245213
1301900, 8.178797
1302840, 8.982544
1303780, 6.979576
1304720, 3.497873
1305660, -0.678219
1306600, -5.138108
1307540, -9.655376
1308480, -14.113931
1309420, -18.450454
1310360, -22.647065
1311300, -26.704940
1312240, -30.655272
1313180, -34.545001
1314120, -38.448049
1315060, -42.445934
1316000, -46.623992
1316940, -51.019753
1317880, -55.566598
1318820, -59.992917
1319760, -63.846718
1320700, -66.697818
1321640, -68.452916
1322580, -69.342351
1323520, -69.689258
1324460, -69.732376
1325400, -69.618118
1326340, -69.418835
1327280, -69.176001
1328220, -68.905459
1329160, -68.620160
1330100, -68.321859
1331040, -68.016572
1331980, -67.702619
1332920, -67.384256
1333860, -67.058907
1334800, -66.730402
1335740, -66.395910
1336680, -66.059121
1337620, -65.717184
1338560, -65.373726
1339500, -65.025859
1340440, -64.677260
1341380, -64.324978
1342320, -63.972645
1343260, -63.617387
1344200, -63.262725
1345140, -62.905732
1346080, -62.549991
1347020, -62.192427
1347960, -61.836580
1348900, -61.479382
1349840, -61.124181
1350780, -60.767919
1351720, -60.413850
1352660, -60.058684
1353600, -59.705782
1354540, -59.351615
1355480, -58.999265
1356420, -58.645465
1357360, -58.292842
1358300, -57.937803
1359240, -57.583300
1360180, -57.225183
1361120, -56.866137
1362060, -56.502152
1363000, -56.135228
1363940, -55.761233
1364880, -55.381860
1365820, -54.992124
1366760, -54.593869
1367700, -54.180843
1368640, -53.753797
1369580, -53.305952
1370520, -52.836289
1371460, -52.336598
1372400, -51.803231
1373340, -51.224839
1374280, -50.593741
1375220, -49.892241
1376160, -49.105242
1377100, -48.203645
1378040, -47.154723
1378980, -45.905161
1379920, -44.386122
1380860, -42.487875
1381800, -40.057052
1382740, -36.859324
1383680, -32.567061
1384620, -26.757990
1385560, -19.080561
1386500, -9.740129
1387440, -0.308245
1388380, 6.492545
1389320, 9.059689
1390260, 8.131332
1391200, 5.189186
1392140, 1.259965
1393080, -3.108448
1394020, -7.618542
1394960, -12.114623
1395900, -16.509951
1396840, -20.771431
1397780, -24.888844
1398720, -28.883113
1399660, -32.791500
1400600, -36.679205
1401540, -40.622662
1402480, -44.711430
1403420, -49.008373
1404360, -53.507745
1405300, -58.034789
1406240, -62.210606
1407180, -65.549763
1408120, -67.786482
1409060, -69.025919
1410000, -69.582318
1410940, -69.738788
1411880, -69.683724
1412820, -69.515683
1413760, -69.290021
1414700, -69.029650
1415640, -68.750909
1416580, -68.457313
1417520, -68.155651
1418460, -67.844736
1419400, -67.528984
1420340, -67.205991
1421280, -66.879569
1422220, -66.547006
1423160, -66.211923
1424100, -65.871537
1425040, -65.529442
1425980, -65.182796
1426920, -64.835197
1427860, -64.483811
1428800, -64.132172
1429740, -63.777471
1430680, -63.423215
1431620, -63.066509
1432560, -62.710908
1433500, -62.353420
1434440, -61.997481
1435380, -61.640212
1436320, -61.284830
1437260, -60.928309
1438200, -60.574006
1439140, -60.218621
1440080, -59.865400
1441020, -59.511107
1441960, -59.158654
1442900, -58.804779
1443840, -58.452331
1444780, -58.097656
1445720, -57.743701
1446660, -57.386550
1447600, -57.028676
1448540, -56.666459
1449480, -56.301753
1450420, -55.930359
1451360, -55.554465
1452300, -55.168940
1453240, -54.775459
1454180, -54.368589
1455120, -53.948793
1456060, -53.510288
1457000, -53.051763
1457940, -52.565992
1458880, -52.049521
1459820, -51.492439
1460760, -50.887490
1461700, -50.219638
1462640, -49.475105
1463580, -48.628088
1464520, -47.651236
1465460, -46.498519
1466400, -45.111787
1467340, -43.399562
1468280, -41.233147
1469220, -38.415056
1470160, -34.664506
1471100, -29.592607
1472040, -22.782953
1472980, -14.095671
1473920, -4.404104
1474860, 3.915410
1475800, 8.424155
1476740, 8.886268
1477680, 6.688179
1478620, 3.113685
1479560, -1.105378
1480500, -5.576953
1481440, -10.094218
1482380, -14.541084
1483320, -18.866279
1484260, -23.046916
1485200, -27.093590
1486140, -31.033678
1487080, -34.922230
1488020, -38.828881
1488960, -42.842472
1489900, -47.039909
1490840, -51.458170
1491780, -56.006435
1492720, -60.401786
1493660, -64.171238
1494600, -66.915026
1495540, -68.571317
1496480, -69.396145
1497420, -69.703236
1498360, -69.727599
1499300, -69.601112
1500240, -69.397780
1501180, -69.150178
1502120, -68.879326
1503060, -68.591151
1504000, -68.293523
1504940, -67.985897
1505880, -67.672927
1506820, -67.352418
1507760, -67.028187
1508700, -66.697644
1509640, -66.364357
1510580, -66.025609
1511520, -65.684956
1512460, -65.339615
1513400, -64.993102
1514340, -64.642695
1515280, -64.291834
1516220, -63.937761
1517160, -63.583984
1518100, -63.227638
1519040, -62.872193
1519980, -62.514823
1520920, -62.158848
1521860, -61.801431
1522800, -61.445857
1523740, -61.089105
1524680, -60.734508
1525620, -60.378899
1526560, -60.025386
1527500, -59.670962
1528440, -59.318425
1529380, -58.964504
1530320, -58.612255
1531260, -58.257962
1532200, -57.904422
1533140, -57.548143
1534080, -57.191379
1535020, -56.830468
1535960, -56.467669
1536900, -56.098656
1537840, -55.725687
1538780, -55.343965
1539720, -54.954911
1540660, -54.553868
1541600, -54.140993
1542540, -53.710711
1543480, -53.262372
1544420, -52.788648
1545360, -52.287404
1546300, -51.748667
1547240, -51.167047
1548180, -50.528494
1549120, -49.821058
1550060, -49.022596
1551000, -48.110102
1551940, -47.043215
1552880, -45.773297
1553820, -44.221751
1554760, -42.281960
1555700, -39.788039
1556640, -36.503101
1557580, -32.083381
1558520, -26.108385
1559460, -18.245565
1560400, -8.804196
1561340, 0.498947
1562280, 6.922902
1563220, 9.097718
1564160, 7.914458
1565100, 4.844318
1566040, 0.853243
1566980, -3.537211
1567920, -8.052924
1568860, -12.540284
1569800, -16.925565
1570740, -21.171178
1571680, -25.277063
1572620, -29.260047
1573560, -33.165215
1574500, -37.053032
1575440, -41.007745
1576380, -45.112778
1577320, -49.432947
1578260, -53.943318
1579200, -58.458799
1580140, -62.572229
1581080, -65.812704
1582020, -67.942865
1582960, -69.104214
1583900, -69.610053
1584840, -69.741288
1585780, -69.670616
1586720, -69.496776
1587660, -69.265523
1588600, -69.004380
1589540, -68.722578
1590480, -68.429505
1591420, -68.125471
1592360, -67.815465
1593300, -67.497573
1594240, -67.175642
1595180, -66.847198
1596120, -66.515789
1597060, -66.178766
1598000, -65.839615
1598940, -65.495653
1599880, -65.150312
1600820, -64.800924
1601760, -64.450910
1602700, -64.097549
1603640, -63.744294
1604580, -63.388378
1605520, -63.033173
1606460, -62.675982
1607400, -62.320045
1608340, -61.962557
1609280, -61.606864
1610220, -61.249949
1611160, -60.895043
1612100, -60.539219
1613040, -60.185442
1613980, -59.830720
1614920, -59.478015
1615860, -59.124018
1616800, -58.771721
1617740, -58.417673
1618680, -58.064485
1619620, -57.708884
1620560, -57.353113
1621500, -56.993444
1622440, -56.632495
1623380, -56.265811
1624320, -55.895462
1625260, -55.517298
1626200, -55.132463
1627140, -54.736436
1628080, -54.329849
1629020, -53.906985
1629960, -53.468096
1630900, -53.005695
1631840, -52.518792
1632780, -51.997394
1633720, -51.437818
1634660, -50.826172
1635600, -50.153156
1636540, -49.398699
1637480, -48.542363
1638420, -47.549531
1639360, -46.378951
1640300, -44.964278
1641240, -43.217163
1642180, -40.997640
1643120, -38.107422
1644060, -34.249648
1645000, -29.033226
1645940, -22.042380
1646880, -13.202141
1647820, -3.518654
1648760, 4.520865
1649700, 8.619850
1650640, 8.763581
1651580, 6.392376
1652520, 2.732049
1653460, -1.522045
1654400, -6.006181
1655340, -10.518495
1656280, -14.957153
1657220, -19.267064
1658160, -23.436055
1659100, -27.470318
1660040, -31.404887
1660980, -35.290904
1661920, -39.205416
1662860, -43.231666
1663800, -47.450820
1664740, -51.885444
1665680, -56.436787
1666620, -60.791679
1667560, -64.478824
1668500, -67.114175
1669440, -68.679559
1670380, -69.441397
1671320, -69.715006
1672260, -69.719265
1673200, -69.584629
1674140, -69.374584
1675080, -69.125598
1676020, -68.851422
1676960, -68.563580
1677900, -68.263524
1678840, -67.956719
1679780, -67.641606
1680720, -67.322098
1681660, -66.995854
1682600, -66.666416
1683540, -66.331203
1684480, -65.993638
1685420, -65.651138
1686360, -65.307051
1687300, -64.958762
1688240, -64.609676
1689180, -64.257105
1690120, -63.904426
1691060, -63.549004
1692000, -63.194110
1692940, -62.837090
1693880, -62.481222
1694820, -62.123716
1695760, -61.767858
1696700, -61.410787
1697640, -61.055614
1698580, -60.699560
1699520, -60.345537
1700460, -59.990556
1701400, -59.637723
1702340, -59.283689
1703280, -58.931315
1704220, -58.577496
1705160, -58.224652
1706100, -57.869492
1707040, -57.514558
1707980, -57.156028
1708920, -56.796368
1709860, -56.431638
1710800, -56.063651
1711740, -55.688592
1712680, -55.307632
1713620, -54.916142
1714560, -54.515418
1715500, -54.099575
1716440, -53.669158
1717380, -53.217204
1718320, -52.742517
1719260, -52.236591
1720200, -51.695569
1721140, -51.107580
1722080, -50.464639
1723020, -49.748106
1723960, -48.941208
1724900, -48.014126
1725840, -46.931865
1726780, -45.637353
1727720, -44.055219
1728660, -42.069367
1729600, -39.513587
1730540, -36.135490
1731480, -31.587799
1732420, -25.441796
1733360, -17.401182
1734300, -7.872354
1735240, 1.272340
1736180, 7.311507
1737120, 9.102367
1738060, 7.683000
1739000, 4.491194
1739940, 0.446345
1740880, -3.966617
1741820, -8.482835
1742760, -12.964587
1743700, -17.335557
1744640, -21.569425
1745580, -25.661304
1746520, -29.636055
1747460, -33.535191
1748400, -37.427318
1749340, -41.391646
1750280, -45.516532
1751220, -49.855917
1752160, -54.379935
1753100, -58.875058
1754040, -62.926180
1754980, -66.063886
1755920, -68.092066
1756860, -69.175046
1757800, -69.635890
1758740, -69.740355
1759680, -69.657985
1760620, -69.475688
1761560, -69.242131
1762500, -68.977245
1763440, -68.695507
1764380, -68.399909
1765320, -68.096590
1766260, -67.784429
1767200, -67.467474
1768140, -67.143537
1769080, -66.816144
1770020, -66.482822
1770960, -66.146930
1771900, -65.805946
1772840, -65.463189
1773780, -65.116086
1774720, -64.767979
1775660, -64.416274
1776600, -64.064258
1777540, -63.709388
1778480, -63.354881
1779420, -62.998116
1780360, -62.642400
1781300, -62.284955
1782240, -61.928980
1783180, -61.571806
1784120, -61.216421
1785060, -60.860073
1786000, -60.505789
1786940, -60.150562
1787880, -59.797398
1788820, -59.443226
1789760, -59.090741
1790700, -58.736968
1791640, -58.384374
1792580, -58.029616
1793520, -57.675423
1794460, -57.317976
1795400, -56.959560
1796340, -56.596734
1797280, -56.231062
1798220, -55.858667
1799160, -55.481251
1800100, -55.094034
1801040, -54.698489
1801980, -54.289113
1802920, -53.866203
1803860, -53.423851
1804800, -52.960580
1805740, -52.469220
1806680, -51.945717
1807620, -51.380065
1808560, -50.764315
1809500, -50.082650
1810440, -49.320833
1811380, -48.451561
1812320, -47.445047
1813260, -46.252581
1814200, -44.811670
1815140, -43.023810
1816080, -40.750794
1817020, -37.779431
1817960, -33.809326
1818900, -28.435413
1819840, -21.259419
1820780, -12.267566
1821720, -2.618316
1822660, 5.113547
1823600, 8.788962
1824540, 8.621496
1825480, 6.079231
1826420, 2.339124
1827360, -1.951360
1828300, -6.443629
1829240, -10.954154
1830180, -15.380193
1831120, -19.678559
1832060, -23.832382
1833000, -27.856101
1833940, -31.781441
1834880, -35.667866
1835820, -39.588190
1836760, -43.631672
1837700, -47.870721
1838640, -52.325853
1839580, -56.873562
1840520, -61.187672
1841460, -64.783843
1842400, -67.311406
1843340, -68.782954
1844280, -69.485987
1845220, -69.724072
1846160, -69.711807
1847100, -69.566294
1848040, -69.352684
1848980, -69.099366
1849920, -68.824906
1850860, -68.534400
1851800, -68.234931
1852740, -67.925943
1853680, -67.611697
1854620, -67.290185
1855560, -66.964938
1856500, -66.633597
1857440, -66.299464
1858380, -65.960079
1859320, -65.618734
1860260, -65.272899
1861200, -64.925842
1862140, -64.575078
1863080, -64.223804
1864020, -63.869523
1864960, -63.515461
1865900, -63.159022
1866840, -62.803430
1867780, -62.446071
1868720, -62.090033
1869660, -61.732742
1870600, -61.377173
1871540, -61.020584
1872480, -60.666070
1873420, -60.310641
1874360, -59.957187
1875300, -59.602911
1876240, -59.250350
1877180, -58.896521
1878120, -58.544117
1879060, -58.189729
1880000, -57.835938
1880940, -57.479357
1881880, -57.122049
1882820, -56.760651
1883760, -56.396973
1884700, -56.027020
1885640, -55.652851
1886580, -55.269660
1887520, -54.878708
1888460, -54.475304
1889400, -54.059458
1890340, -53.625903
1891280, -53.173287
1892220, -52.694621
1893160, -52.186949
1894100, -51.640610
1895040, -51.049160
1895980, -50.398766
1896920, -49.676000
1897860, -48.857535
1898800, -47.918433
1899740, -46.816694
1900680, -45.499069
1901620, -43.881754
1902560, -41.849892
1903500, -39.224794
1904440, -35.750914
1905380, -31.064993
1906320, -24.742287
1907260, -16.517277
1908200, -6.917599
1909140, 2.040629
1910080, 7.671318
1911020, 9.082539
1911960, 7.431284
1912900, 4.125524
1913840, 0.026626
1914780, -4.404194
1915720, -8.923689
1916660, -13.395500
1917600, -17.755751
1918540, -21.973993
1919480, -26.053668
1920420, -30.016883
1921360, -33.912828
1922300, -37.806580
1923240, -41.784327
1924180, -45.927452
1925120, -50.290422
1926060, -54.822983
1927000, -59.298039
1927940, -63.277253
1928880, -66.310261
1929820, -68.233121
1930760, -69.242738
1931700, -69.657634
1932640, -69.739537
1933580, -69.643193
1934520, -69.455732
1935460, -69.217091
1936400, -68.951495
1937340, -68.666919
1938280, -68.371767
1939220, -68.066232
1940160, -67.754869
1941100, -67.435915
1942040, -67.112921
1942980, -66.783640
1943920, -66.451352
1944860, -66.113653
1945800, -65.773783
1946740, -65.429292
1947680, -65.083373
1948620, -64.733611
1949560, -64.383158
1950500, -64.029553
1951440, -63.676008
1952380, -63.319975
1953320, -62.964591
1954260, -62.607396
1955200, -62.251370
1956140, -61.893974
1957080, -61.538254
1958020, -61.181468
1958960, -60.826616
1959900, -60.470944
1960840, -60.117203
1961780, -59.762670
1962720, -59.409963
1963660, -59.056064
1964600, -58.703744
1965540, -58.349676
1966480, -57.996278
1967420, -57.640555
1968360, -57.284352
1969300, -56.924259
1970240, -56.562477
1971180, -56.194887
1972120, -55.823365
1973060, -55.443767
1974000, -55.057081
1974940, -54.659088
1975880, -54.249833
1976820, -53.823945
1977760, -53.381032
1978700, -52.913952
1979640, -52.420988
1980580, -51.892400
1981520, -51.323525
1982460, -50.700680
1983400, -50.013189
1984340, -49.240981
1985280, -48.361540
1986220, -47.338227
1987160, -46.126509
1988100, -44.656070
1989040, -42.829824
1989980, -40.498416
1990920, -37.446646
1991860, -33.358395
1992800, -27.827218
1993740, -20.462576
1994680, -11.332269
1995620, -1.739493
1996560, 5.661731
1997500, 8.921473
1998440, 8.456960
1999380, 5.758677
2000320, 1.942101
2001260, -2.378236
2002200, -6.880196
2003140, -11.384382
2004080, -15.801201
2005020, -20.084233
2005960, -24.225478
2006900, -28.236777
2007840, -32.157112
2008780, -36.041836
2009720, -39.971049
2010660, -44.029142
2011600, -48.291356
2012540, -52.762098
2013480, -57.306738
2014420, -61.571635
2015360, -65.076443
2016300, -67.494731
2017240, -68.879367
2018180, -69.524346
2019120, -69.732142
2020060, -69.701752
2021000, -69.548915
2021940, -69.329187
2022880, -69.074595
2023820, -68.797055
2024760, -68.506820
2025700, -68.205084
2026640, -67.896817
2027580, -67.580568
2028520, -67.259946
2029460, -66.932821
2030400, -66.602467
2031340, -66.266541
2032280, -65.928224
2033220, -65.585160
2034160, -65.240462
2035100, -64.891764
2036040, -64.542206
2036980, -64.189357
2037920, -63.836356
2038860, -63.480782
2039800, -63.125678
2040740, -62.768644
2041680, -62.412671
2042620, -62.055231
2043560, -61.699381
2044500, -61.342444
2045440, -60.987313
2046380, -60.631456
2047320, -60.277485
2048260, -59.922685
2049200, -59.569837
2050140, -59.215881
2051080, -58.863466
2052020, -58.509611
2052960, -58.156548
2053900, -57.801262
2054840, -57.445902
2055780, -57.086954
2056720, -56.726684
2057660, -56.361198
2058600, -55.992146
2059540, -55.615979
2060480, -55.233403
2061420, -54.840121
2062360, -54.436894
2063300, -54.018184
2064240, -53.584352
2065180, -53.128219
2066120, -52.648436
2067060, -52.136166
2068000, -51.587371
2068940, -50.989609
2069880, -50.334549
2070820, -49.602647
2071760, -48.775420
2072700, -47.821386
2073640, -46.702814
2074580, -45.359007
2075520, -43.709101
2076460, -41.627589
2077400, -38.934701
2078340, -35.360589
2079280, -30.537555
2080220, -24.036678
2081160, -15.637396
2082100, -5.984181
2083040, 2.761154
2083980, 7.984501
2084920, 9.033574
2085860, 7.171296
2086800, 3.758856
2087740, -0.386374
2088680, -4.835656
2089620, -9.353680
2090560, -13.818508
2091500, -18.164327
2092440, -22.370062
2093380, -26.436671
2094320, -30.393024
2095260, -34.284901
2096200, -38.184319
2097140, -42.172947
2098080, -46.336875
2099020, -50.718574
2099960, -55.260257
2100900, -59.707606
2101840, -63.614617
2102780, -66.540534
2103720, -68.364722
2104660, -69.302390
2105600, -69.677188
2106540, -69.735444
2107480, -69.628871
2108420, -69.433881
2109360, -69.193218
2110300, -68.924205
2111240, -68.639680
2112180, -68.342183
2113120, -68.037277
2114060, -67.723903
2115000, -67.405779
2115940, -67.080914
2116880, -66.752573
2117820, -66.418502
2118760, -66.081822
2119700, -65.740250
2120640, -65.396850
2121580, -65.049299
2122520, -64.700705
2123460, -64.348690
2124400, -63.996316
2125340, -63.641284
2126280, -63.286542
2127220, -62.929727
2128160, -62.573870
2129100, -62.216453
2130040, -61.860450
2130980, -61.503375
2131920, -61.148003
2132860, -60.791836
2133800, -60.437588
2134740, -60.082524
2135680, -59.729432
2136620, -59.375382
2137560, -59.022875
2138500, -58.669201
2139440, -58.316465
2140380, -57.961618
2141320, -57.607095
2142260, -57.249283
2143200, -56.890287
2144140, -56.526726
2145080, -56.160010
2146020, -55.786550
2146960, -55.407566
2147900, -55.018603
2148840, -54.620955
2149780, -54.209011
2150720, -53.782931
2151660, -53.336642
2152600, -52.868528
2153540, -52.371131
2154480, -51.840218
2155420, -51.265272
2156360, -50.638063
2157300, -49.941864
2158240, -49.161499
2159180, -48.268602
2160120, -47.230770
2161060, -45.996390
2162000, -44.498397
2162940, -42.629848
2163880, -40.241061
2164820, -37.103737
2165760, -32.897052
2166700, -27.202649
2167640, -19.653792
2168580, -10.395174
2169520, -0.888825
2170460, 6.165494
2171400, 9.014252
2172340, 8.271615
2173280, 5.425593
2174220, 1.541204
2175160, -2.808977
2176100, -7.315684
2177040, -11.815830
2177980, -16.219531
2178920, -20.490205
2179860, -24.617219
2180800, -28.619155
2181740, -32.532041
2182680, -36.418940
2183620, -40.355891
2184560, -44.432232
2185500, -48.714109
2186440, -53.202086
2187380, -57.737168
2188320, -61.951128
2189260, -65.359203
2190200, -67.670368
2191140, -68.967713
2192080, -69.559921
2193020, -69.736335
2193960, -69.691521
2194900, -69.529067
2195840, -69.306223
2196780, -69.047703
2197720, -68.769903
2198660, -68.477197
2199600, -68.175968
2200540, -67.865658
2201480, -67.550169
2202420, -67.227671
2203360, -66.901428
2204300, -66.569295
2205240, -66.234335
2206180, -65.894321
2207120, -65.552297
2208060, -65.205975
2209000, -64.858394
2209940, -64.507283
2210880, -64.155617
2211820, -63.801139
2212760, -63.446812
2213700, -63.090290
2214640, -62.734571
2215580, -62.377232
2216520, -62.021148
2217460, -61.663990
2218400, -61.308441
2219340, -60.952019
2220280, -60.597549
2221220, -60.242273
2222160, -59.888874
2223100, -59.534703
2224040, -59.182104
2224980, -58.828356
2225920, -58.475801
2226860, -58.121316
2227800, -57.767284
2228740, -57.410396
2229680, -57.052550
2230620, -56.690660
2231560, -56.326101
2232500, -55.955195
2233440, -55.579654
2234380, -55.194864
2235320, -54.801927
2236260, -54.396075
2237200, -53.977184
2238140, -53.540156
2239080, -53.083095
2240020, -52.599316
2240960, -52.085034
2241900, -51.530874
2242840, -50.929329
2243780, -50.266238
2244720, -49.527332
2245660, -48.687936
2246600, -47.720877
2247540, -46.581653
2248480, -45.212937
2249420, -43.525724
2250360, -41.394480
2251300, -38.627080
2252240, -34.949034
2253180, -29.977936
2254120, -23.292650
2255060, -14.718424
2256000, -5.035319
2256940, 3.465254
2257880, 8.261354
2258820, 8.954593
2259760, 6.886589
2260700, 3.375265
2261640, -0.815998
2262580, -5.278841
2263520, -9.797231
2264460, -14.251061
2265400, -18.585004
2266340, -22.775595
2267280, -26.830755
2268220, -30.776635
2269160, -34.666868
2270100, -38.570105
2271040, -42.573944
2271980, -46.757195
2272920, -51.161163
2273860, -55.707532
2274800, -60.125074
2275740, -63.951120
2276680, -66.769069
2277620, -68.491251
2278560, -69.360560
2279500, -69.693487
2280440, -69.731398
2281380, -69.612187
2282320, -69.412521
2283260, -69.167185
2284200, -68.897486
2285140, -68.610305
2286080, -68.313169
2287020, -68.006176
2287960, -67.693489
2288900, -67.373483
2289840, -67.049443
2290780, -66.719331
2291720, -66.386175
2292660, -66.047805
2293600, -65.707229
2294540, -65.362215
2295480, -65.015733
2296420, -64.665602
2297360, -64.314726
2298300, -63.960884
2299240, -63.607050
2300180, -63.250898
2301120, -62.895350
2302060, -62.538137
2303000, -62.182031
2303940, -61.824731
2304880, -61.469002
2305820, -61.112355
2306760, -60.757575
2307700, -60.402064
2308640, -60.048376
2309580, -59.694039
2310520, -59.341342
2311460, -58.987541
2312400, -58.635185
2313340, -58.281080
2314280, -57.927468
2315220, -57.571448
2316160, -57.214711
2317100, -56.854121
2318040, -56.491461
2318980, -56.122921
2319920, -55.750199
2320860, -55.369126
2321800, -54.980552
2322740, -54.580455
2323680, -54.168420
2324620, -53.739388
2325560, -53.292325
2326500, -52.820410
2327440, -52.321159
2328380, -51.785118
2329320, -51.206625
2330260, -50.572183
2331200, -49.869707
2332140, -49.078071
2333080, -48.173900
2334020, -47.118245
2334960, -45.863057
2335900, -44.332598
2336840, -42.421894
2337780, -39.969781
2338720, -36.745039
2339660, -32.410874
2340600, -26.549316
2341540, -18.811054
2342480, -9.437555
2343420, -0.043850
2344360, 6.636336
2345300, 9.076300
2346240, 8.062807
2347180, 5.079145
2348120, 1.128444
2349060, -3.246470
2350000, -7.759596
2350940, -12.252041
2351880, -16.645183
2352820, -20.900680
2353760, -25.014983
2354700, -29.004201
2355640, -32.912002
2356580, -36.798573
2357520, -40.746606
2358460, -44.839731
2359400, -49.145278
2360340, -53.647344
2361280, -58.171816
2362220, -62.326973
2363160, -65.635586
2364100, -67.837082
2365040, -69.052139
2365980, -69.591148
2366920, -69.740309
2367860, -69.679223
2368800, -69.510216
2369740, -69.281807
2370680, -69.022114
2371620, -68.741453
2372560, -68.448957
2373500, -68.145601
2374440, -67.835911
2375380, -67.518540
2376320, -67.196821
2377260, -66.868819
2378200, -66.537559
2379140, -66.200923
2380080, -65.861865
2381020, -65.518240
2381960, -65.172944
2382900, -64.823841
2383840, -64.473826
2384780, -64.120704
2385720, -63.767397
2386660, -63.411678
2387600, -63.056383
2388540, -62.699342
2389480, -62.343281
2390420, -61.985915
2391360, -61.630080
2392300, -61.273277
2393240, -60.918202
2394180, -60.562482
2395120, -60.208541
2396060, -59.853910
2397000, -59.501053
2397940, -59.147178
2398880, -58.794735
2399820, -58.440847
2400760, -58.087575
2401700, -57.732166
2402640, -57.376384
2403580, -57.017009
2404520, -56.656130
2405460, -56.289868
2406400, -55.919738
2407340, -55.542193
2408280, -55.157818
2409220, -54.762598
2410160, -54.356747
2411100, -53.935047
2412040, -53.497349
2412980, -53.036663
2413920, -52.551460
2414860, -52.032495
2415800, -51.475552
2416740, -50.867550
2417680, -50.198988
2418620, -49.450378
2419560, -48.601331
2420500, -47.618481
2421440, -46.461024
2422380, -45.064500
2423320, -43.342224
2424260, -41.158107
2425200, -38.318134
2426140, -34.532710
2427080, -29.415929
2428020, -22.547778
2428960, -13.812394
2429900, -4.120244
2430840, 4.112509
2431780, 8.491897
2432720, 8.850002
2433660, 6.596335
2434600, 2.992813
2435540, -1.236789
2436480, -5.713609
2437420, -10.228578
2438360, -14.673889
2439300, -18.993383
2440240, -23.170778
2441180, -27.212692
2442120, -31.152054
2443060, -35.038928
2444000, -38.948716
2444940, -42.965214
2445880, -47.170583
2446820, -51.593154
2447760, -56.143444
2448700, -60.525315
2449640, -64.269912
2450580, -66.978496
2451520, -68.606828
2452460, -69.410536
2453400, -69.707750
2454340, -69.724711
2455280, -69.596504
2456220, -69.390096
2457160, -69.142962
2458100, -68.870131
2459040, -68.582978
2459980, -68.283661
2460920, -67.977214
2461860, -67.662646
2462800, -67.343374
2463740, -67.017587
2464680, -66.688314
2465620, -66.353499
2466560, -66.016045
2467500, -65.673890
2468440, -65.329864
2469380, -64.981871
2470320, -64.632800
2471260, -64.280481
2472200, -63.927766
2473140, -63.572551
2474080, -63.217581
2475020, -62.860721
2475960, -62.504742
2476900, -62.147366
2477840, -61.791358
2478780, -61.434394
2479720, -61.079056
2480660, -60.723082
2481600, -60.368889
2482540, -60.013996
2483480, -59.660994
2484420, -59.307071
2485360, -58.954555
2486300, -58.600895
2487240, -58.247974
2488180, -57.893007
2489120, -57.538067
2490060, -57.179831
2491000, -56.820229
2491940, -56.455906
2492880, -56.088131
2493820, -55.713589
2494760, -55.333022
2495700, -54.942286
2496640, -54.542259
2497580, -54.127536
2498520, -53.698127
2499460, -53.247738
2500400, -52.774626
2501340, -56.236669
2502280, -59.030544
2503220, -61.451116
2504160, -63.594495
2505100, -65.469492
2506040, -67.062998
2506980, -68.379964
2507920, -69.441670
2508860, -70.284448
2509800, -70.944274
2510740, -71.457336
2511680, -71.851561
2512620, -72.152559
2513560, -72.377970
2514500, -72.544458
2515440, -72.662380
2516380, -72.742616
2517320, -72.790981
2518260, -72.814818
2519200, -72.817195
2520140, -72.803317
2521080, -72.774583
2522020, -72.734895
2522960, -72.684633
2523900, -72.626891
2524840, -72.561412
2525780, -72.490783
2526720, -72.414343
2527660, -72.334356
2528600, -72.249900
2529540, -72.163026
2530480, -72.072644
2531420, -71.980663
2532360, -71.885875
2533300, -71.790089
2534240, -71.692017
2535180, -71.593407
2536120, -71.492921
2537060, -71.392265
2538000, -71.290064
2538940, -71.187990
2539880, -71.084642
2540820, -70.981666
2541760, -70.877641
2542700, -70.774179
2543640, -70.669836
2544580, -70.566222
2545520, -70.461889
2546460, -70.358439
2547400, -70.254416
2548340, -70.151414
2549280, -70.047970
2550220, -69.945671
2551160, -69.843035
2552100, -69.741623
2553040, -69.639951
2553980, -69.539586
2554920, -69.439048
2555860, -69.339903
2556800, -69.240671
2557740, -69.142914
2558680, -69.045150
2559620, -68.948936
2560560, -68.852770
2561500, -68.758180
2562440, -68.663661
2563380, -68.570758
2564320, -68.477972
2565260, -68.386852
2566200, -68.295902
2567140, -68.206668
2568080, -68.117655
2569020, -68.030406
2569960, -67.943425
2570900, -67.858225
2571840, -67.773276
2572780, -67.690097
2573720, -67.607179
2574660, -67.526051
2575600, -67.445209
2576540, -67.366186
2577480, -67.287482
2578420, -67.210628
2579360, -67.134124
2580300, -67.059499
2581240, -66.985254
2582180, -66.912906
2583120, -66.840908
2584060, -66.770756
2585000, -66.700933
2585940, -66.632952
2586880, -66.565307
2587820, -66.499518
2588760, -66.434082
2589700, -66.370521
2590640, -66.307334
2591580, -66.246042
2592520, -66.185145
2593460, -66.126161
2594400, -66.067591
2595340, -66.010953
2596280, -65.954745
2597220, -65.900441
2598160, -65.846503
2599100, -65.794423
2600040, -65.742686
2600980, -65.692799
2601920, -65.643258
2602860, -65.595572
2603800, -65.548241
2604740, -65.502777
2605680, -65.457680
2606620, -65.414460
2607560, -65.371620
2608500, -65.330667
2609440, -65.290103
2610380, -65.251435
2611320, -65.213162
2612260, -65.176792
2613200, -65.140822
2614140, -65.106757
2615080, -65.073095
2616020, -65.041337
2616960, -65.009981
2617900, -64.980527
2618840, -64.951444
2619780, -64.924203
2620720, -64.897283
2621660, -64.872170
2622600, -64.847354
2623540, -64.824329
2624480, -64.801588
2625420, -64.780626
2626360, -64.759938
2627300, -64.741017
2628240, -64.722360
2629180, -64.705457
2630120, -64.688804
2631060, -64.673888
2632000, -64.659206
2632940, -64.646242
2633880, -64.633492
2634820, -64.622438
2635760, -64.611573
2636700, -64.602380
2637640, -64.593349
2638580, -64.585960
2639520, -64.578703
2640460, -64.573057
2641400, -64.567509
2642340, -64.563536
2643280, -64.559627
2644220, -64.557253
2645160, -64.554904
2646100, -64.554051
2647040, -64.553180
2647980, -64.553761
2648920, -64.554282
2649860, -64.556210
2650800, -64.558032
2651740, -64.561213
2652680, -64.564241
2653620, -64.568581
2654560, -64.572718
2655500, -64.578118
2656440, -64.583267
2657380, -64.589627
2658320, -64.595686
2659260, -64.602907
2660200, -64.609776
2661140, -64.617757
2662080, -64.625337
2663020, -64.633977
2663960, -64.642168
2664900, -64.651370
2665840, -64.660074
2666780, -64.669741
2667720, -64.678864
2668660, -64.688902
2669600, -64.698351
2670540, -64.708670
2671480, -64.718357
2672420, -64.728871
2673360, -64.738710
2674300, -64.749336
2675240, -64.759247
2676180, -64.769907
2677120, -64.779817
2678060, -64.790438
2679000, -64.800275
2679940, -64.810790
2680880, -64.820489
2681820, -64.830837
2682760, -64.840339
2683700, -64.850462
2684640, -64.859714
2685580, -64.869561
2686520, -64.878515
2687460, -64.888042
2688400, -64.896655
2689340, -64.905822
2690280, -64.914058
2691220, -64.922830
2692160, -64.930658
2693100, -64.939007
2694040, -64.946400
2694980, -64.954303
2695920, -64.961240
2696860, -64.968679
2697800, -64.975143
2698740, -64.982103
2699680, -64.988084
2700620, -64.994556
2701560, -65.000046
2702500, -65.006025
2703440, -65.011012
2704380, -65.016476
2705320, -65.020945
2706260, -65.025887
2707200, -65.029836
2708140, -65.034263
2709080, -65.037701
2710020, -65.041622
2710960, -65.044563
2711900, -65.047995
2712840, -65.050456
2713780, -65.053417
2714720, -65.055417
2715660, -65.057927
2716600, -65.059486
2717540, -65.061567
2718480, -65.062708
2719420, -65.064382
2720360, -65.065129
2721300, -65.066420
2722240, -65.066796
2723180, -65.067727
2724120, -65.067757
2725060, -65.068354
2726000, -65.068063
2726940, -65.068350
2727880, -65.067762
2728820, -65.067765
2729760, -65.066905
2730700, -65.066648
2731640, -65.065541
2732580, -65.065048
2733520, -65.063718
2734460, -65.063014
2735400, -65.061483
2736340, -65.060591
2737280, -65.058884
2738220, -65.057827
2739160, -65.055965
2740100, -65.054764
2741040, -65.052770
2741980, -65.051447
2742920, -65.049341
2743860, -65.047915
2744800, -65.045717
2745740, -65.044208
2746680, -65.041936
2747620, -65.040362
2748560, -65.038035
2749500, -65.036414
2750440, -65.034048
2751380, -65.032395
2752320, -65.030005
2753260, -65.028336
2754200, -65.025938
2755140, -65.024267
2756080, -65.021874
2757020, -65.020213
2757960, -65.017837
2758900, -65.016199
2759840, -65.013851
2760780, -65.012247
2761720, -65.009938
2762660, -65.008377
2763600, -65.006116
2764540, -65.004607
2765480, -65.002403
2766420, -65.000954
2767360, -64.998813
2768300, -64.997429
2769240, -64.995353
2770180, -64.994034
2771120, -64.992025
2772060, -64.990773
2773000, -64.988834
2773940, -64.987653
2774880, -64.985787
2775820, -64.984682
2776760, -64.982893
2777700, -64.981866
2778640, -64.980158
2779580, -64.979213
2780520, -64.977587
2781460, -64.976726
2782400, -64.975185
2783340, -64.974409
2784280, -64.972954
2785220, -64.972264
2786160, -64.970896
2787100, -64.970293
2788040, -64.969012
2788980, -64.968495
2789920, -64.967301
2790860, -64.966870
2791800, -64.965762
2792740, -64.965415
2793680, -64.964391
2794620, -64.964127
2795560, -64.963185
2796500, -64.963003
2797440, -64.962141
2798380, -64.962037
2799320, -64.961253
2800260, -64.961225
2801200, -64.960516
2802140, -64.960561
2803080, -64.959923
2804020, -64.960038
2804960, -64.959469
2805900, -64.959650
2806840, -64.959145
2807780, -64.959389
2808720, -64.958946
2809660, -64.959249
2810600, -64.958863
2811540, -64.959221
2812480, -64.958888
2813420, -64.959297
2814360, -64.959014
2815300, -64.959470
2816240, -64.959233
2817180, -64.959732
2818120, -64.959536
2819060, -64.960074
2820000, -64.959915
2820940, -64.960489
2821880, -64.960363
2822820, -64.960968
2823760, -64.960873
2824700, -64.961505
2825640, -64.961435
2826580, -64.962091
2827520, -64.962043
2828460, -64.962719
2829400, -64.962690
2830340, -64.963382
2831280, -64.963368
2832220, -64.964074
2833160, -64.964071
2834100, -64.964787
2835040, -64.964793
2835980, -64.965515
2836920, -64.965528
2837860, -64.966254
2838800, -64.966269
2839740, -64.966996
2840680, -64.967012
2841620, -64.967738
2842560, -64.967751
2843500, -64.968474
2844440, -64.968483
2845380, -64.969200
2846320, -64.969202
2847260, -64.969911
2848200, -64.969905
2849140, -64.970605
2850080, -64.970589
2851020, -64.971277
2851960, -64.971250
2852900, -64.971926
2853840, -64.971885
2854780, -64.972547
2855720, -64.972493
2856660, -64.973140
2857600, -64.973071
2858540, -64.973702
2859480, -64.973617
2860420, -64.974232
2861360, -64.974131
2862300, -64.974729
2863240, -64.974610
2864180, -64.975191
2865120, -64.975055
2866060, -64.975618
2867000, -64.975464
2867940, -64.976009
2868880, -64.975838
2869820, -64.976365
2870760, -64.976177
2871700, -64.976686
2872640, -64.976480
2873580, -64.976971
2874520, -64.976748
2875460, -64.977222
2876400, -64.976982
2877340, -64.977439
2878280, -64.977182
2879220, -64.977623
2880160, -64.977350
2881100, -64.977775
2882040, -64.977487
2882980, -64.977896
2883920, -64.977594
2884860, -64.977988
2885800, -64.977671
2886740, -64.978052
2887680, -64.977722
2888620, -64.978089
2889560, -64.977746
2890500, -64.978100
2891440, -64.977746
2892380, -64.978089
2893320, -64.977723
2894260, -64.978055
2895200, -64.977679
2896140, -64.978001
2897080, -64.977616
2898020, -64.977928
2898960, -64.977535
2899900, -64.977839
2900840, -64.977438
2901780, -64.977734
2902720, -64.977326
2903660, -64.977616
2904600, -64.977201
2905540, -64.977485
2906480, -64.977066
2907420, -64.977344
2908360, -64.976920
2909300, -64.977195
2910240, -64.976767
2911180, -64.977037
2912120, -64.976607
2913060, -64.976874
2914000, -64.976441
2914940, -64.976706
2915880, -64.976271
2916820, -64.976535
2917760, -64.976099
2918700, -64.976362
2919640, -64.975926
2920580, -64.976188
2921520, -64.975752
2922460, -64.976014
2923400, -64.975578
2924340, -64.975841
2925280, -64.975407
2926220, -64.975670
2927160, -64.975238
2928100, -64.975503
2929040, -64.975072
2929980, -64.975339
2930920, -64.974911
2931860, -64.975180
2932800, -64.974754
2933740, -64.975026
2934680, -64.974603
2935620, -64.974877
2936560, -64.974458
2937500, -64.974735
2938440, -64.974319
2939380, -64.974600
2940320, -64.974187
2941260, -64.974471
2942200, -64.974062
2943140, -64.974349
2944080, -64.973944
2945020, -64.974235
2945960, -64.973834
2946900, -64.974129
2947840, -64.973732
2948780, -64.974030
2949720, -64.973637
2950660, -64.973939
2951600, -64.973550
2952540, -64.973856
2953480, -64.973471
2954420, -64.973780
2955360, -64.973399
2956300, -64.973712
2957240, -64.973335
2958180, -64.973651
2959120, -64.973278
2960060, -64.973598
2961000, -64.973228
2961940, -64.973551
2962880, -64.973185
2963820, -64.973512
2964760, -64.973149
2965700, -64.973479
2966640, -64.973119
2967580, -64.973452
2968520, -64.973096
2969460, -64.973431
2970400, -64.973078
2971340, -64.973416
2972280, -64.973065
2973220, -64.973406
2974160, -64.973058
2975100, -64.973401
2976040, -64.973056
2976980, -64.973401
2977920, -64.973058
2978860, -64.973405
2979800, -64.973064
2980740, -64.973412
2981680, -64.973074
2982620, -64.973424
2983560, -64.973087
2984500, -64.973439
2985440, -64.973103
2986380, -64.973456
2987320, -64.973122
2988260, -64.973476
2989200, -64.973143
2990140, -64.973498
2991080, -64.973167
2992020, -64.973522
2992960, -64.973192
2993900, -64.973548
2994840, -64.973218
2995780, -64.973575
2996720, -64.973246
2997660, -64.973603
2998600, -64.973274
2999540, -64.973631
3000480, -64.973303
