# ./result/hh_cnexp_0670.txt
# dt = 670 [usec]
# t [usec], V [mV]
0, -65.000000
670, -64.998013
1340, -64.996102
2010, -64.994253
2680, -64.992457
3350, -64.990709
4020, -64.989004
4690, -64.987338
5360, -64.985710
6030, -64.984118
6700, -64.982562
7370, -64.981039
8040, -64.979551
8710, -64.978097
9380, -64.976677
10050, -64.975291
10720, -64.973939
11390, -64.972621
12060, -64.971337
12730, -64.970087
13400, -64.968872
14070, -64.967691
14740, -64.966545
15410, -64.965433
16080, -64.964356
16750, -64.963314
17420, -64.962306
18090, -64.961332
18760, -64.960393
19430, -64.959489
20100, -64.958618
20770, -64.957782
21440, -64.956979
22110, -64.956210
22780, -64.955475
23450, -64.954772
24120, -64.954103
24790, -64.953466
25460, -64.952862
26130, -64.952290
26800, -64.951749
27470, -64.951240
28140, -64.950762
28810, -64.950314
29480, -64.949897
30150, -64.949510
30820, -64.949151
31490, -64.948822
32160, -64.948521
32830, -64.948248
33500, -64.948003
34170, -64.947785
34840, -64.947593
35510, -64.947428
36180, -64.947288
36850, -64.947172
37520, -64.947082
38190, -64.947015
38860, -64.946972
39530, -64.946951
40200, -64.946953
40870, -64.946976
41540, -64.947021
42210, -64.947086
42880, -64.947171
43550, -64.947276
44220, -64.947400
44890, -64.947542
45560, -64.947701
46230, -64.947878
46900, -64.948071
47570, -64.948281
48240, -64.948505
48910, -64.948745
49580, -64.948999
50250, -64.949267
50920, -64.949548
51590, -64.949841
52260, -64.950146
52930, -64.950463
53600, -64.950791
54270, -64.951130
54940, -64.951478
55610, -64.951835
56280, -64.952202
56950, -64.952576
57620, -64.952959
58290, -64.953348
58960, -64.953744
59630, -64.954147
60300, -64.954555
60970, -64.954969
61640, -64.955388
62310, -64.955810
62980, -64.956237
63650, -64.956667
64320, -64.957100
64990, -64.957536
65660, -64.957974
66330, -64.958413
67000, -64.958854
67670, -64.959296
68340, -64.959739
69010, -64.960181
69680, -64.960624
70350, -64.961065
71020, -64.961506
71690, -64.961946
72360, -64.962384
73030, -64.962820
73700, -64.963254
74370, -64.963686
75040, -64.964114
75710, -64.964540
76380, -64.964962
77050, -64.965381
77720, -64.965796
78390, -64.966206
79060, -64.966613
79730, -64.967014
80400, -64.967411
81070, -64.967803
81740, -64.968190
82410, -64.968572
83080, -64.968947
83750, -64.969318
84420, -64.969682
85090, -64.970040
85760, -64.970392
86430, -64.970738
87100, -64.971078
87770, -64.971410
88440, -64.971737
89110, -64.972056
89780, -64.972369
90450, -64.972674
91120, -64.972973
91790, -64.973265
92460, -64.973549
93130, -64.973827
93800, -64.974097
94470, -64.974360
95140, -64.974615
95810, -64.974864
96480, -64.975105
97150, -64.975338
97820, -64.975564
98490, -64.975783
99160, -64.975995
99830, -64.976199
100500, -64.976396
101170, -64.976586
101840, -64.976768
102510, -64.976943
103180, -64.977111
103850, -64.977272
104520, -64.977426
105190, -64.977573
105860, -64.977713
106530, -64.977845
107200, -64.977971
107870, -64.978091
108540, -64.978203
109210, -64.978309
109880, -64.978409
110550, -64.978502
111220, -64.978588
111890, -64.978668
112560, -64.978743
113230, -64.978811
113900, -64.978873
114570, -64.978929
115240, -64.978979
115910, -64.979024
116580, -64.979063
117250, -64.979097
117920, -64.979125
118590, -64.979148
119260, -64.979166
119930, -64.979179
120600, -64.979187
121270, -64.979191
121940, -64.979189
122610, -64.979184
123280, -64.979173
123950, -64.979159
124620, -64.979140
125290, -64.979117
125960, -64.979091
126630, -64.979060
127300, -64.979026
127970, -64.978988
128640, -64.978947
129310, -64.978903
129980, -64.978855
130650, -64.978804
131320, -64.978751
131990, -64.978694
132660, -64.978635
133330, -64.978573
134000, -64.978509
134670, -64.978442
135340, -64.978373
136010, -64.978302
136680, -64.978229
137350, -64.978154
138020, -64.978077
138690, -64.977999
139360, -64.977918
140030, -64.977837
140700, -64.977754
141370, -64.977670
142040, -64.977584
142710, -64.977498
143380, -64.977410
144050, -64.977322
144720, -64.977233
145390, -64.977143
146060, -64.977053
146730, -64.976962
147400, -64.976870
148070, -64.976779
148740, -64.976687
149410, -64.976595
150080, -64.976503
150750, -64.976410
151420, -64.976318
152090, -64.976226
152760, -64.976135
153430, -64.976043
154100, -64.975952
154770, -64.975861
155440, -64.975771
156110, -64.975681
156780, -64.975592
157450, -64.975504
158120, -64.975416
158790, -64.975329
159460, -64.975243
160130, -64.975158
160800, -64.975073
161470, -64.974990
162140, -64.974908
162810, -64.974826
163480, -64.974746
164150, -64.974667
164820, -64.974589
165490, -64.974512
166160, -64.974437
166830, -64.974362
167500, -64.974290
168170, -64.974218
168840, -64.974148
169510, -64.974079
170180, -64.974011
170850, -64.973945
171520, -64.973880
172190, -64.973817
172860, -64.973755
173530, -64.973695
174200, -64.973636
174870, -64.973579
175540, -64.973523
176210, -64.973469
176880, -64.973416
177550, -64.973365
178220, -64.973315
178890, -64.973267
179560, -64.973220
180230, -64.973175
180900, -64.973132
181570, -64.973090
182240, -64.973049
182910, -64.973010
183580, -64.972973
184250, -64.972937
184920, -64.972902
185590, -64.972869
186260, -64.972838
186930, -64.972807
187600, -64.972779
188270, -64.972752
188940, -64.972726
189610, -64.972702
190280, -64.972679
190950, -64.972657
191620, -64.972637
192290, -64.972618
192960, -64.972601
193630, -64.972584
194300, -64.972569
194970, -64.972556
195640, -64.972543
196310, -64.972532
196980, -64.972522
197650, -64.972513
198320, -64.972506
198990, -64.972499
199660, -64.972494
200330, -64.972489
201000, -64.972486
201670, -64.972484
202340, -64.972483
203010, -64.972483
203680, -64.972483
204350, -64.972485
205020, -64.972488
205690, -64.972491
206360, -64.972496
207030, -64.972501
207700, -64.972507
208370, -64.972514
209040, -64.972521
209710, -64.972530
210380, -64.972539
211050, -64.972548
211720, -64.972559
212390, -64.972570
213060, -64.972581
213730, -64.972594
214400, -64.972607
215070, -64.972620
215740, -64.972634
216410, -64.972648
217080, -64.972663
217750, -64.972678
218420, -64.972694
219090, -64.972710
219760, -64.972726
220430, -64.972743
221100, -64.972760
221770, -64.972778
222440, -64.972795
223110, -64.972813
223780, -64.972832
224450, -64.972850
225120, -64.972869
225790, -64.972887
226460, -64.972906
227130, -64.972925
227800, -64.972945
228470, -64.972964
229140, -64.972983
229810, -64.973003
230480, -64.973022
231150, -64.973042
231820, -64.973061
232490, -64.973081
233160, -64.973101
233830, -64.973120
234500, -64.973140
235170, -64.973159
235840, -64.973178
236510, -64.973197
237180, -64.973217
237850, -64.973236
238520, -64.973254
239190, -64.973273
239860, -64.973292
240530, -64.973310
241200, -64.973328
241870, -64.973346
242540, -64.973364
243210, -64.973382
243880, -64.973399
244550, -64.973417
245220, -64.973434
245890, -64.973450
246560, -64.973467
247230, -64.973483
247900, -64.973499
248570, -64.973515
249240, -64.973530
249910, -64.973545
250580, -64.973560
251250, -64.973575
251920, -64.973589
252590, -64.973603
253260, -64.973617
253930, -64.973630
254600, -64.973643
255270, -64.973656
255940, -64.973668
256610, -64.973680
257280, -64.973692
257950, -64.973704
258620, -64.973715
259290, -64.973726
259960, -64.973736
260630, -64.973746
261300, -64.973756
261970, -64.973766
262640, -64.973775
263310, -64.973784
263980, -64.973793
264650, -64.973801
265320, -64.973809
265990, -64.973816
266660, -64.973824
267330, -64.973831
268000, -64.973837
268670, -64.973844
269340, -64.973850
270010, -64.973856
270680, -64.973861
271350, -64.973866
272020, -64.973871
272690, -64.973876
273360, -64.973880
274030, -64.973884
274700, -64.973888
275370, -64.973891
276040, -64.973895
276710, -64.973898
277380, -64.973900
278050, -64.973903
278720, -64.973905
279390, -64.973907
280060, -64.973909
280730, -64.973910
281400, -64.973911
282070, -64.973912
282740, -64.973913
283410, -64.973913
284080, -64.973914
284750, -64.973914
285420, -64.973914
286090, -64.973914
286760, -64.973913
287430, -64.973912
288100, -64.973912
288770, -64.973911
289440, -64.973909
290110, -64.973908
290780, -64.973906
291450, -64.973905
292120, -64.973903
292790, -64.973901
293460, -64.973899
294130, -64.973897
294800, -64.973894
295470, -64.973892
296140, -64.973889
296810, -64.973887
297480, -64.973884
298150, -64.973881
298820, -64.973878
299490, -64.973875
300160, -64.973871
300830, -64.973868
301500, -64.973865
302170, -64.973861
302840, -64.973858
303510, -64.973854
304180, -64.973851
304850, -64.973847
305520, -64.973843
306190, -64.973839
306860, -64.973836
307530, -64.973832
308200, -64.973828
308870, -64.973824
309540, -64.973820
310210, -64.973816
310880, -64.973812
311550, -64.973808
312220, -64.973804
312890, -64.973800
313560, -64.973796
314230, -64.973792
314900, -64.973788
315570, -64.973784
316240, -64.973780
316910, -64.973776
317580, -64.973772
318250, -64.973768
318920, -64.973764
319590, -64.973760
320260, -64.973757
320930, -64.973753
321600, -64.973749
322270, -64.973745
322940, -64.973741
323610, -64.973738
324280, -64.973734
324950, -64.973730
325620, -64.973727
326290, -64.973723
326960, -64.973720
327630, -64.973716
328300, -64.973713
328970, -64.973710
329640, -64.973706
330310, -64.973703
330980, -64.973700
331650, -64.973697
332320, -64.973694
332990, -64.973691
333660, -64.973688
334330, -64.973685
335000, -64.973682
335670, -64.973680
336340, -64.973677
337010, -64.973674
337680, -64.973672
338350, -64.973669
339020, -64.973667
339690, -64.973665
340360, -64.973662
341030, -64.973660
341700, -64.973658
342370, -64.973656
343040, -64.973654
343710, -64.973652
344380, -64.973650
345050, -64.973648
345720, -64.973647
346390, -64.973645
347060, -64.973644
347730, -64.973642
348400, -64.973641
349070, -64.973639
349740, -64.973638
350410, -64.973637
351080, -64.973635
351750, -64.973634
352420, -64.973633
353090, -64.973632
353760, -64.973631
354430, -64.973630
355100, -64.973629
355770, -64.973629
356440, -64.973628
357110, -64.973627
357780, -64.973627
358450, -64.973626
359120, -64.973626
359790, -64.973625
360460, -64.973625
361130, -64.973624
361800, -64.973624
362470, -64.973624
363140, -64.973624
363810, -64.973623
364480, -64.973623
365150, -64.973623
365820, -64.973623
366490, -64.973623
367160, -64.973623
367830, -64.973623
368500, -64.973624
369170, -64.973624
369840, -64.973624
370510, -64.973624
371180, -64.973625
371850, -64.973625
372520, -64.973625
373190, -64.973626
373860, -64.973626
374530, -64.973627
375200, -64.973627
375870, -64.973628
376540, -64.973628
377210, -64.973629
377880, -64.973629
378550, -64.973630
379220, -64.973631
379890, -64.973631
380560, -64.973632
381230, -64.973633
381900, -64.973633
382570, -64.973634
383240, -64.973635
383910, -64.973636
384580, -64.973636
385250, -64.973637
385920, -64.973638
386590, -64.973639
387260, -64.973640
387930, -64.973640
388600, -64.973641
389270, -64.973642
389940, -64.973643
390610, -64.973644
391280, -64.973645
391950, -64.973645
392620, -64.973646
393290, -64.973647
393960, -64.973648
394630, -64.973649
395300, -64.973650
395970, -64.973651
396640, -64.973652
397310, -64.973652
397980, -64.973653
398650, -64.973654
399320, -64.973655
399990, -64.973656
400660, -64.973657
401330, -64.973658
402000, -64.973658
402670, -64.973659
403340, -64.973660
404010, -64.973661
404680, -64.973662
405350, -64.973663
406020, -64.973663
406690, -64.973664
407360, -64.973665
408030, -64.973666
408700, -64.973666
409370, -64.973667
410040, -64.973668
410710, -64.973669
411380, -64.973669
412050, -64.973670
412720, -64.973671
413390, -64.973671
414060, -64.973672
414730, -64.973673
415400, -64.973673
416070, -64.973674
416740, -64.973675
417410, -64.973675
418080, -64.973676
418750, -64.973676
419420, -64.973677
420090, -64.973677
420760, -64.973678
421430, -64.973678
422100, -64.973679
422770, -64.973679
423440, -64.973680
424110, -64.973680
424780, -64.973681
425450, -64.973681
426120, -64.973682
426790, -64.973682
427460, -64.973682
428130, -64.973683
428800, -64.973683
429470, -64.973683
430140, -64.973684
430810, -64.973684
431480, -64.973684
432150, -64.973685
432820, -64.973685
433490, -64.973685
434160, -64.973685
434830, -64.973686
435500, -64.973686
436170, -64.973686
436840, -64.973686
437510, -64.973686
438180, -64.973687
438850, -64.973687
439520, -64.973687
440190, -64.973687
440860, -64.973687
441530, -64.973687
442200, -64.973687
442870, -64.973687
443540, -64.973687
444210, -64.973688
444880, -64.973688
445550, -64.973688
446220, -64.973688
446890, -64.973688
447560, -64.973688
448230, -64.973688
448900, -64.973688
449570, -64.973688
450240, -64.973688
450910, -64.973688
451580, -64.973688
452250, -64.973688
452920, -64.973688
453590, -64.973688
454260, -64.973687
454930, -64.973687
455600, -64.973687
456270, -64.973687
456940, -64.973687
457610, -64.973687
458280, -64.973687
458950, -64.973687
459620, -64.973687
460290, -64.973687
460960, -64.973687
461630, -64.973686
462300, -64.973686
462970, -64.973686
463640, -64.973686
464310, -64.973686
464980, -64.973686
465650, -64.973686
466320, -64.973685
466990, -64.973685
467660, -64.973685
468330, -64.973685
469000, -64.973685
469670, -64.973685
470340, -64.973684
471010, -64.973684
471680, -64.973684
472350, -64.973684
473020, -64.973684
473690, -64.973684
474360, -64.973683
475030, -64.973683
475700, -64.973683
476370, -64.973683
477040, -64.973683
477710, -64.973683
478380, -64.973682
479050, -64.973682
479720, -64.973682
480390, -64.973682
481060, -64.973682
481730, -64.973682
482400, -64.973681
483070, -64.973681
483740, -64.973681
484410, -64.973681
485080, -64.973681
485750, -64.973681
486420, -64.973680
487090, -64.973680
487760, -64.973680
488430, -64.973680
489100, -64.973680
489770, -64.973680
490440, -64.973680
491110, -64.973679
491780, -64.973679
492450, -64.973679
493120, -64.973679
493790, -64.973679
494460, -64.973679
495130, -64.973679
495800, -64.973678
496470, -64.973678
497140, -64.973678
497810, -64.973678
498480, -64.973678
499150, -64.973678
499820, -64.973678
500490, -61.844832
501160, -58.836454
501830, -55.914424
502500, -53.037056
503170, -50.123888
503840, -47.048966
504510, -43.588502
505180, -39.371425
505850, -33.744824
506520, -25.581248
507190, -13.047534
507860, 5.659354
508530, 27.535922
509200, 41.111441
509870, 43.394517
510540, 42.283038
511210, 40.627839
511880, 38.541432
512550, 36.104806
513220, 33.374529
513890, 30.412034
514560, 27.267530
515230, 23.994771
515900, 20.633894
516570, 17.226758
517240, 13.800770
517910, 10.385138
518580, 6.995478
519250, 3.650487
519920, 0.356371
520590, -2.875935
521260, -6.046371
521930, -9.149486
522600, -12.189897
523270, -15.165755
523940, -18.084894
524610, -20.949189
525280, -23.771149
525950, -26.559076
526620, -29.332830
527290, -32.109437
527960, -34.920000
528630, -37.794929
529300, -40.778364
529970, -43.908975
530640, -47.228927
531310, -50.752465
531980, -54.455768
532650, -58.225810
533320, -61.854017
533990, -65.049861
534660, -67.567452
535330, -69.313734
536000, -70.385450
536670, -70.961492
537340, -71.222442
538010, -71.292933
538680, -71.257662
539350, -71.159469
540020, -71.028265
540690, -70.874295
541360, -70.709189
542030, -70.533229
542700, -70.352677
543370, -70.164924
544040, -69.974659
544710, -69.778420
545380, -69.580416
546050, -69.376924
546720, -69.172012
547390, -68.961882
548060, -68.750556
548730, -68.534208
549400, -68.316847
550070, -68.094655
550740, -67.871646
551410, -67.644003
552080, -67.415732
552750, -67.183032
553420, -66.949924
554090, -66.712617
554760, -66.475117
555430, -66.233638
556100, -65.992207
556770, -65.747058
557440, -65.502190
558110, -65.253823
558780, -65.005989
559450, -64.754931
560120, -64.504637
560790, -64.251324
561460, -63.999015
562130, -63.743958
562800, -63.490110
563470, -63.233676
564140, -62.978661
564810, -62.721299
565480, -62.465504
566150, -62.207459
566820, -61.951140
567490, -61.692746
568160, -61.436137
568830, -61.177459
569500, -60.920647
570170, -60.661848
570840, -60.404849
571510, -60.145749
572180, -59.888432
572850, -59.628961
573520, -59.371040
574190, -59.110703
574860, -58.851773
575530, -58.590190
576200, -58.329556
576870, -58.065821
577540, -57.802726
578210, -57.536027
578880, -57.269191
579550, -56.998059
580220, -56.726258
580890, -56.449227
581560, -56.170256
582230, -55.885025
582900, -55.596733
583570, -55.300558
584240, -54.999515
584910, -54.689007
585580, -54.371340
586250, -54.041279
586920, -53.701378
587590, -53.345582
588260, -52.975500
588930, -52.585012
589600, -52.174329
590270, -51.736010
590940, -51.269130
591610, -50.764141
592280, -50.217851
592950, -49.617587
593620, -48.955840
594290, -48.214959
594960, -47.379898
595630, -46.422482
596300, -45.314501
596970, -44.009254
597640, -42.452881
598310, -40.561694
598980, -38.231557
599650, -35.313351
600320, -31.622802
600990, -26.935198
601660, -21.053161
602330, -13.936257
603000, -5.975278
603670, 1.806352
604340, 8.002426
605010, 11.679860
605680, 12.873897
606350, 12.232563
607020, 10.421618
607690, 7.914647
608360, 4.999638
609030, 1.860770
609700, -1.390957
610370, -4.677075
611040, -7.952783
611710, -11.183323
612380, -14.354349
613050, -17.452413
613720, -20.478182
614390, -23.430262
615060, -26.319956
615730, -29.156081
616400, -31.960353
617070, -34.752588
617740, -37.565927
618410, -40.429222
619080, -43.379990
619750, -46.443685
620420, -49.638562
621090, -52.944720
621760, -56.299832
622430, -59.567438
623100, -62.564677
623770, -65.096798
624440, -67.047103
625110, -68.405867
625780, -69.266232
626450, -69.752328
627120, -69.986718
627790, -70.055767
628460, -70.024279
629130, -69.927281
629800, -69.792364
630470, -69.630153
631140, -69.453074
631810, -69.262594
632480, -69.065665
633150, -68.860499
633820, -68.652099
634490, -68.437511
635160, -68.221038
635830, -67.999309
636500, -67.776367
637170, -67.548673
637840, -67.320166
638510, -67.087258
639180, -66.853859
639850, -66.616353
640520, -66.378623
641190, -66.137056
641860, -65.895541
642530, -65.650465
643200, -65.405692
643870, -65.157613
644540, -64.910113
645210, -64.659582
645880, -64.409870
646550, -64.157367
647220, -63.905950
647890, -63.652004
648560, -63.399357
649230, -63.144386
649900, -62.890955
650570, -62.635428
651240, -62.381597
651910, -62.125819
652580, -61.871931
653250, -61.616263
653920, -61.362556
654590, -61.107139
655260, -60.853810
655930, -60.598847
656600, -60.345929
657270, -60.091342
657940, -59.838841
658610, -59.584630
659280, -59.332315
659950, -59.078126
660620, -58.825764
661290, -58.571340
661960, -58.318368
662630, -58.063006
663300, -57.808889
663970, -57.552002
664640, -57.295742
665310, -57.036175
665980, -56.776843
666650, -56.513539
667320, -56.249505
667990, -55.980679
668660, -55.710433
669330, -55.434259
670000, -55.155190
670670, -54.868963
671340, -54.578452
672010, -54.278835
672680, -53.972808
673350, -53.655685
674020, -53.329366
674690, -52.988513
675360, -52.635201
676030, -52.262984
676700, -51.872888
677370, -51.458090
678040, -51.018009
678710, -50.544624
679380, -50.035162
680050, -49.479133
680720, -48.870571
681390, -48.194676
682060, -47.440367
682730, -46.584962
683400, -45.607741
684070, -44.472946
684740, -43.141659
685410, -41.553659
686080, -39.636389
686750, -37.285305
687420, -34.373001
688090, -30.734810
688760, -26.200552
689430, -20.636685
690100, -14.087819
690770, -6.951796
691440, -0.110174
692110, 5.332180
692780, 8.627645
693450, 9.757118
694120, 9.188336
694790, 7.479989
695460, 5.059595
696130, 2.219295
696800, -0.859249
697470, -4.052612
698140, -7.286658
698810, -10.507739
699480, -13.687853
700150, -16.804628
700820, -19.852418
701490, -22.825630
702160, -25.732185
702830, -28.578472
703500, -31.383764
704170, -34.165578
704840, -36.953935
705510, -39.776019
706180, -42.668151
706850, -45.655864
707520, -48.760491
708190, -51.971475
708860, -55.243710
709530, -58.466233
710200, -61.480719
710870, -64.101627
711540, -66.194794
712210, -67.715191
712880, -68.723511
713550, -69.327270
714220, -69.646766
714890, -69.773826
715560, -69.780211
716230, -69.707296
716900, -69.587151
717570, -69.433756
718240, -69.261518
718910, -69.073444
719580, -68.877233
720250, -68.671825
720920, -68.462449
721590, -68.246553
722260, -68.028454
722930, -67.805040
723600, -67.580269
724270, -67.350808
724940, -67.120484
725610, -66.885891
726280, -66.650795
726950, -66.411746
727620, -66.172490
728290, -65.929582
728960, -65.686759
729630, -65.440552
730300, -65.194690
730970, -64.945725
731640, -64.697391
732310, -64.446206
732980, -64.195890
733650, -63.942993
734320, -63.691237
734990, -63.437126
735660, -63.184357
736330, -62.929476
737000, -62.676179
737670, -62.420942
738340, -62.167434
739010, -61.912183
739680, -61.658844
740350, -61.403855
741020, -61.150842
741690, -60.896307
742360, -60.643852
743030, -60.389860
743700, -60.137904
744370, -59.884451
745040, -59.633032
745710, -59.379964
746380, -59.128756
747050, -58.875826
747720, -58.624623
748390, -58.371378
749060, -58.119518
749730, -57.865403
750400, -57.612374
751070, -57.356550
751740, -57.101258
752410, -56.842776
753080, -56.584281
753750, -56.321749
754420, -56.058369
755090, -55.790299
755760, -55.520428
756430, -55.244533
757100, -54.965602
757770, -54.679524
758440, -54.388721
759110, -54.088672
759780, -53.782044
760450, -53.463847
761120, -53.136022
761790, -52.793525
762460, -52.437759
763130, -52.062640
763800, -51.669207
764470, -51.250160
765140, -50.805002
765810, -50.325257
766480, -49.808174
767150, -49.242787
767820, -48.623054
768490, -47.933386
769160, -47.162502
769830, -46.287041
770500, -45.284904
771170, -44.119177
771840, -42.749373
772510, -41.112923
773180, -39.135114
773850, -36.709084
774520, -33.706062
775190, -29.964115
775860, -25.324192
776530, -19.682372
777200, -13.135311
777870, -6.145822
778540, 0.378104
779210, 5.398172
779880, 8.293621
780550, 9.128536
781220, 8.375769
781890, 6.562243
782560, 4.085751
783230, 1.219103
783900, -1.866943
784570, -5.055721
785240, -8.277179
785910, -11.480672
786580, -14.640082
787250, -17.734721
787920, -20.760068
788590, -23.711859
789260, -26.599072
789930, -29.429519
790600, -32.223673
791270, -35.000539
791940, -37.791189
792610, -40.623927
793280, -43.533871
793950, -46.544015
794620, -49.669666
795290, -52.890081
795960, -56.145281
796630, -59.309341
797300, -62.215129
797970, -64.685568
798640, -66.611211
799310, -67.977126
799980, -68.862630
800650, -69.378785
801320, -69.640023
801990, -69.730019
802660, -69.713118
803330, -69.625618
804000, -69.496041
804670, -69.336417
805340, -69.159749
806010, -68.968445
806680, -68.769618
807350, -68.562094
808020, -68.350809
808690, -68.133267
809360, -67.913587
810030, -67.688770
810700, -67.462608
811370, -67.231909
812040, -67.000349
812710, -66.764665
813380, -66.528468
814050, -66.288457
814720, -66.048238
815390, -65.804513
816060, -65.560862
816730, -65.313966
817400, -65.067417
818070, -64.817916
818740, -64.569029
819410, -64.317432
820080, -64.066705
820750, -63.813549
821420, -63.561509
822090, -63.307247
822760, -63.054326
823430, -62.799439
824100, -62.546097
824770, -62.290936
825440, -62.037492
826110, -61.782443
826780, -61.529245
827450, -61.274498
828120, -61.021701
828790, -60.767509
829460, -60.515303
830130, -60.261638
830800, -60.009962
831470, -59.756901
832140, -59.505743
832810, -59.252983
833480, -59.002012
834150, -58.749411
834820, -58.498360
835490, -58.245277
836160, -57.993480
836830, -57.739488
837500, -57.486351
838170, -57.230386
838840, -56.974818
839510, -56.716057
840180, -56.456991
840850, -56.193803
841520, -55.929585
842190, -55.660534
842860, -55.389320
843530, -55.111932
844200, -54.831264
844870, -54.543052
845540, -54.249662
846210, -53.946774
846880, -53.636809
847550, -53.314697
848220, -52.982312
848890, -52.634743
849560, -52.272807
850230, -51.890636
850900, -51.488769
851570, -51.059828
852240, -50.603189
852910, -50.109643
853580, -49.576268
854250, -48.991093
854920, -48.347742
855590, -47.629198
856260, -46.822200
856930, -45.902047
857600, -44.844126
858270, -43.607927
858940, -42.147554
859610, -40.394577
860280, -38.265564
860950, -35.644062
861620, -32.391505
862290, -28.341956
862960, -23.350642
863630, -17.367963
864300, -10.609062
864970, -3.702473
865640, 2.345261
866310, 6.598979
866980, 8.690932
867650, 8.880150
868320, 7.685853
868990, 5.595290
869660, 2.953722
870330, -0.005615
871000, -3.137368
871670, -6.341584
872340, -9.558851
873010, -12.745632
873680, -15.880671
874350, -18.947113
875020, -21.943197
875690, -24.867290
876360, -27.730549
877030, -30.543193
877700, -33.327759
878370, -36.105419
879040, -38.908673
879710, -41.766299
880380, -44.712238
881050, -47.765172
881720, -50.930730
882390, -54.172250
883060, -57.406571
883730, -60.486402
884400, -63.237014
885070, -65.498509
885740, -67.199314
886410, -68.363278
887080, -69.090435
887750, -69.494286
888420, -69.680631
889090, -69.722528
889760, -69.675091
890430, -69.568273
891100, -69.426206
891770, -69.258393
892440, -69.076061
893110, -68.880766
893780, -68.678879
894450, -68.469005
895120, -68.255716
895790, -68.036522
896460, -67.815320
897130, -67.589191
897800, -67.361760
898470, -67.129954
899140, -66.897300
899810, -66.660659
900480, -66.423502
901150, -66.182666
901820, -65.941620
902490, -65.697197
903160, -65.452834
903830, -65.205358
904500, -64.958224
905170, -64.708267
905840, -64.458906
906510, -64.206962
907180, -63.955881
907850, -63.702496
908520, -63.450200
909190, -63.195804
909860, -62.942737
910530, -62.687817
911200, -62.434401
911870, -62.179279
912540, -61.925853
913210, -61.670914
913880, -61.417768
914550, -61.163173
915220, -60.910496
915890, -60.656482
916560, -60.404378
917230, -60.150894
917900, -59.899355
918570, -59.646448
919240, -59.395342
919910, -59.142692
920580, -58.891766
921250, -58.639182
921920, -58.388013
922590, -58.134841
923260, -57.882868
923930, -57.628615
924600, -57.375039
925270, -57.118628
925940, -56.862493
926610, -56.603012
927280, -56.342987
927950, -56.078778
928620, -55.813369
929290, -55.542874
929960, -55.269887
930630, -54.990580
931300, -54.707720
931970, -54.416915
932640, -54.120459
933310, -53.814217
933980, -53.500118
934650, -53.173302
935320, -52.835544
935990, -52.481610
936660, -52.112234
937330, -51.721698
938000, -51.309753
938670, -50.869168
939340, -50.398608
940010, -49.888648
940680, -49.335618
941350, -48.726913
942020, -48.054509
942690, -47.301044
943360, -46.450814
944030, -45.476497
944700, -44.349918
945370, -43.026346
946040, -41.454220
946710, -39.556373
947380, -37.239117
948050, -34.374190
948720, -30.812494
949390, -26.387836
950060, -20.983684
950730, -14.634906
951400, -7.717851
952070, -1.041669
952740, 4.345316
953410, 7.703135
954080, 8.948564
954750, 8.499183
955420, 6.881670
956090, 4.529304
956760, 1.733368
957430, -1.310925
958100, -4.482433
958770, -7.697023
959440, -10.905549
960110, -14.071735
960780, -17.179452
961450, -20.215930
962120, -23.182108
962790, -26.078826
963460, -28.919262
964130, -31.716282
964800, -34.495031
965470, -37.278936
966140, -40.101703
966810, -42.992050
967480, -45.981480
968150, -49.082309
968820, -52.286910
969490, -55.537773
970160, -58.727352
970830, -61.689723
971500, -64.250665
972170, -66.278860
972840, -67.746434
973510, -68.712392
974180, -69.290681
974850, -69.591615
975520, -69.710329
976190, -69.709052
976860, -69.634200
977530, -69.509967
978200, -69.356552
978870, -69.181230
979540, -68.993649
980210, -68.794620
980880, -68.589843
981550, -68.377730
982220, -68.162524
982890, -67.941746
983560, -67.719077
984230, -67.491685
984900, -67.263034
985570, -67.030167
986240, -66.796466
986910, -66.558911
987580, -66.320837
988250, -66.079217
988920, -65.837386
989590, -65.592296
990260, -65.347259
990930, -65.099236
991600, -64.851554
992270, -64.601161
992940, -64.351352
993610, -64.099087
994280, -63.847681
994950, -63.594075
995620, -63.341539
996290, -63.087024
996960, -62.833831
997630, -62.578874
998300, -62.325390
998970, -62.070311
999640, -61.816914
1000310, -61.562070
1000980, -61.308973
1001650, -61.054522
1002320, -60.801962
1002990, -60.548105
1003660, -60.296087
1004330, -60.042767
1005000, -59.791348
1005670, -59.538567
1006340, -59.287486
1007010, -59.034916
1007680, -58.784007
1008350, -58.531400
1009020, -58.280074
1009690, -58.026769
1010360, -57.774574
1011030, -57.520007
1011700, -57.265937
1012370, -57.009016
1013040, -56.752248
1013710, -56.491969
1014380, -56.230904
1015050, -55.965584
1015720, -55.698822
1016390, -55.426724
1017060, -55.151812
1017730, -54.870429
1018400, -54.584946
1019070, -54.291170
1019740, -53.991310
1020410, -53.681367
1021080, -53.362789
1021750, -53.030909
1022420, -52.687402
1023090, -52.326676
1023760, -51.949385
1024430, -51.549765
1025100, -51.126971
1025770, -50.673889
1026440, -50.188180
1027110, -49.660464
1027780, -49.085758
1028450, -48.451336
1029120, -47.747340
1029790, -46.954815
1030460, -46.056569
1031130, -45.022510
1031800, -43.820479
1032470, -42.400314
1033140, -40.702768
1033810, -38.642248
1034480, -36.113564
1035150, -32.976509
1035820, -29.073824
1036490, -24.248022
1037160, -18.430889
1037830, -11.775734
1038500, -4.840655
1039170, 1.417819
1039840, 6.008080
1040510, 8.455266
1041180, 8.926405
1041850, 7.928327
1042520, 5.959154
1043190, 3.393251
1043860, 0.474249
1044530, -2.634640
1045200, -5.832545
1045870, -9.048758
1046540, -12.243049
1047210, -15.385882
1047880, -18.465244
1048550, -21.471576
1049220, -24.408483
1049890, -27.279536
1050560, -30.100300
1051230, -32.885866
1051900, -35.663488
1052570, -38.458977
1053240, -41.306877
1053910, -44.235094
1054580, -47.270840
1055250, -50.417401
1055920, -53.651040
1056590, -56.892047
1057260, -60.008942
1057930, -62.822822
1058600, -65.171382
1059270, -66.961134
1059940, -68.207095
1060610, -68.995028
1061280, -69.444560
1061950, -69.658625
1062620, -69.720988
1063290, -69.683925
1063960, -69.586315
1064630, -69.447544
1065300, -69.284553
1065970, -69.102815
1066640, -68.910667
1067310, -68.708332
1067980, -68.500943
1068650, -68.286780
1069320, -68.069790
1069990, -67.847521
1070660, -67.623459
1071330, -67.394863
1072000, -67.165044
1072670, -66.931160
1073340, -66.696451
1074010, -66.458016
1074680, -66.219064
1075350, -65.976695
1076020, -65.734113
1076690, -65.488390
1077360, -65.242713
1078030, -64.994176
1078700, -64.745979
1079370, -64.495181
1080040, -64.244956
1080710, -63.992398
1081380, -63.740697
1082050, -63.486896
1082720, -63.234147
1083390, -62.979537
1084060, -62.726236
1084730, -62.471258
1085400, -62.217727
1086070, -61.962708
1086740, -61.709340
1087410, -61.454596
1088080, -61.201555
1088750, -60.947257
1089420, -60.694793
1090090, -60.441080
1090760, -60.189144
1091430, -59.935986
1092100, -59.684641
1092770, -59.431951
1093440, -59.180878
1094110, -58.928374
1094780, -58.677403
1095450, -58.424718
1096120, -58.173199
1096790, -57.919736
1097460, -57.667199
1098130, -57.412231
1098800, -57.157607
1099470, -56.900132
1100140, -56.642539
1100810, -56.381320
1101480, -56.119112
1102150, -55.852601
1102820, -55.584263
1103490, -55.310391
1104160, -55.033420
1104830, -54.749850
1105500, -54.461642
1106170, -54.164796
1106840, -53.861435
1107510, -53.547343
1108180, -53.223909
1108850, -52.886627
1109520, -52.536696
1110190, -52.168571
1110860, -51.782795
1111530, -51.373098
1112200, -50.938509
1112870, -50.471737
1113540, -49.969644
1114210, -49.422717
1114880, -48.824698
1115550, -48.161906
1116220, -47.423433
1116890, -46.588221
1117560, -45.636257
1118230, -44.534448
1118900, -43.245984
1119570, -41.715198
1120240, -39.874781
1120910, -37.628872
1121580, -34.859799
1122250, -31.415986
1122920, -27.137117
1123590, -21.887593
1124260, -15.674225
1124930, -8.803473
1125600, -2.024882
1126270, 3.625238
1126940, 7.318500
1127610, 8.873804
1128280, 8.650939
1128950, 7.184669
1129620, 4.922936
1130290, 2.182789
1130960, -0.833543
1131630, -3.990005
1132300, -7.202930
1132970, -10.413554
1133640, -13.589325
1134310, -16.705888
1134980, -19.755068
1135650, -22.730628
1136320, -25.638836
1136990, -28.485995
1137660, -31.290071
1138330, -34.068704
1139000, -36.850744
1139670, -39.663855
1140340, -42.543010
1141010, -45.514214
1141680, -48.598500
1142350, -51.787325
1143020, -55.037747
1143690, -58.245454
1144360, -61.256007
1145030, -63.887718
1145700, -66.003945
1146370, -67.554528
1147040, -68.592287
1147710, -69.221132
1148380, -69.559340
1149050, -69.699882
1149720, -69.715051
1150390, -69.648115
1151060, -69.531449
1151730, -69.380420
1152400, -69.209253
1153070, -69.021957
1153740, -68.825778
1154410, -68.620468
1155080, -68.410685
1155750, -68.194609
1156420, -67.975930
1157090, -67.752234
1157760, -67.526828
1158430, -67.297064
1159100, -67.066110
1159770, -66.831235
1160440, -66.595540
1161110, -66.356247
1161780, -66.116440
1162450, -65.873344
1163120, -65.630025
1163790, -65.383685
1164460, -65.137391
1165130, -64.888362
1165800, -64.639657
1166470, -64.388468
1167140, -64.137849
1167810, -63.885021
1168480, -63.633026
1169150, -63.379039
1169820, -63.126098
1170490, -62.871415
1171160, -62.618002
1171830, -62.363010
1172500, -62.109447
1173170, -61.854509
1173840, -61.601162
1174510, -61.346519
1175180, -61.093547
1175850, -60.839418
1176520, -60.587037
1177190, -60.333463
1177860, -60.081615
1178530, -59.828630
1179200, -59.577335
1179870, -59.324725
1180540, -59.073657
1181210, -58.821222
1181880, -58.570155
1182550, -58.317367
1183220, -58.065641
1183890, -57.812010
1184560, -57.559086
1185230, -57.303679
1185900, -57.048472
1186570, -56.790418
1187240, -56.531956
1187910, -56.269754
1188580, -56.006363
1189250, -55.738621
1189920, -55.468660
1190590, -55.192956
1191260, -54.913866
1191930, -54.627832
1192600, -54.336665
1193270, -54.036534
1193940, -53.729476
1194610, -53.411027
1195280, -53.082516
1195950, -52.739596
1196620, -52.382863
1197290, -52.006944
1197960, -51.612265
1198630, -51.192002
1199300, -50.745059
1199970, -50.263424
1200640, -49.743753
1201310, -49.175502
1201980, -48.552036
1202650, -47.858131
1203320, -47.081553
1203990, -46.199636
1204660, -45.189206
1205330, -44.013552
1206000, -42.631041
1206670, -40.978742
1207340, -38.980708
1208010, -36.529836
1208680, -33.496070
1209350, -29.718866
1210020, -25.042433
1210690, -19.371655
1211360, -12.820368
1212030, -5.872608
1212700, 0.556217
1213370, 5.447638
1214040, 8.220064
1214710, 8.962529
1215380, 8.150866
1216050, 6.302562
1216720, 3.807166
1217390, 0.930935
1218060, -2.158087
1218730, -5.346242
1219400, -8.564293
1220070, -11.762925
1220740, -14.915998
1221410, -18.004001
1222080, -21.022248
1222750, -23.967638
1223420, -26.848818
1224090, -29.674817
1224760, -32.465965
1225430, -35.242326
1226100, -38.034543
1226770, -40.871112
1227440, -43.786676
1228110, -46.804054
1228780, -49.936014
1229450, -53.159380
1230120, -56.408293
1230790, -59.553114
1231460, -62.424850
1232130, -64.850213
1232800, -66.727313
1233470, -68.049802
1234140, -68.900988
1234810, -69.393174
1235480, -69.638287
1236150, -69.718269
1236820, -69.694809
1237490, -69.603426
1238160, -69.471076
1238830, -69.309865
1239500, -69.131806
1240170, -68.939748
1240840, -68.740039
1241510, -68.532078
1242180, -68.320114
1242850, -68.102269
1243520, -67.882007
1244190, -67.656956
1244860, -67.430266
1245530, -67.199382
1246200, -66.967337
1246870, -66.731507
1247540, -66.494862
1248210, -66.254744
1248880, -66.014117
1249550, -65.770325
1250220, -65.526303
1250890, -65.279376
1251560, -65.032496
1252230, -64.783005
1252900, -64.533824
1253570, -64.282271
1254240, -64.031288
1254910, -63.778217
1255580, -63.525956
1256250, -63.271809
1256920, -63.018701
1257590, -62.763969
1258260, -62.510470
1258930, -62.255484
1259600, -62.001912
1260270, -61.747074
1260940, -61.493768
1261610, -61.239240
1262280, -60.986356
1262950, -60.732402
1263620, -60.480111
1264290, -60.226682
1264960, -59.974933
1265630, -59.722108
1266300, -59.470858
1266970, -59.218322
1267640, -58.967260
1268310, -58.714860
1268980, -58.463676
1269650, -58.210768
1270320, -57.958826
1270990, -57.704965
1271660, -57.451612
1272330, -57.195731
1273000, -56.939920
1273670, -56.681171
1274340, -56.421756
1275010, -56.158504
1275680, -55.893883
1276350, -55.624656
1277020, -55.352883
1277690, -55.075199
1278360, -54.793875
1279030, -54.505196
1279700, -54.210916
1280370, -53.907365
1281040, -53.596230
1281710, -53.273098
1282380, -52.939226
1283050, -52.590204
1283720, -52.226242
1284390, -51.842110
1285060, -51.437537
1285730, -51.005790
1286400, -50.545605
1287070, -50.048144
1287740, -49.509841
1288410, -48.919015
1289080, -48.268292
1289750, -47.541192
1290420, -46.723251
1291090, -45.789717
1291760, -44.714505
1292430, -43.456664
1293100, -41.968312
1293770, -40.179854
1294440, -38.004609
1295110, -35.323859
1295780, -31.995639
1296450, -27.853974
1297120, -22.759731
1297790, -16.683584
1298460, -9.878565
1299130, -3.020406
1299800, 2.867263
1300470, 6.891772
1301140, 8.760220
1301810, 8.777241
1302480, 7.468118
1303150, 5.306117
1303820, 2.622672
1304490, -0.360086
1305160, -3.502725
1305830, -6.710088
1306500, -9.924896
1307170, -13.106130
1307840, -16.233564
1308510, -19.292148
1309180, -22.280172
1309850, -25.197095
1310520, -28.053842
1311190, -30.861665
1311860, -33.643576
1312530, -36.422283
1313200, -39.230009
1313870, -42.095842
1314540, -45.052592
1315210, -48.118211
1315880, -51.294370
1316550, -54.539258
1317220, -57.763005
1317890, -60.813945
1318560, -63.515726
1319230, -65.715243
1319900, -67.352338
1320570, -68.461409
1321240, -69.146525
1321910, -69.521346
1322580, -69.688310
1323250, -69.718062
1323920, -69.662683
1324590, -69.551066
1325260, -69.405638
1325930, -69.235844
1326600, -69.051882
1327270, -68.855675
1327940, -68.652823
1328610, -68.442455
1329280, -68.228473
1329950, -68.008969
1330620, -67.787201
1331290, -67.560851
1331960, -67.332922
1332630, -67.100952
1333300, -66.867848
1333970, -66.631084
1334640, -66.393515
1335310, -66.152594
1335980, -65.911173
1336650, -65.666698
1337320, -65.421994
1337990, -65.174501
1338660, -64.927062
1339330, -64.677121
1340000, -64.427484
1340670, -64.175589
1341340, -63.924269
1342010, -63.670963
1342680, -63.418453
1343350, -63.164166
1344020, -62.910919
1344690, -62.656132
1345360, -62.402554
1346030, -62.147589
1346700, -61.894031
1347370, -61.639264
1348040, -61.385992
1348710, -61.131585
1349380, -60.878803
1350050, -60.624983
1350720, -60.372765
1351390, -60.119478
1352060, -59.867838
1352730, -59.615118
1353400, -59.363885
1354070, -59.111409
1354740, -58.860356
1355410, -58.607919
1356080, -58.356573
1356750, -58.103519
1357420, -57.851353
1358090, -57.597167
1358760, -57.343322
1359430, -57.086925
1360100, -56.830484
1360770, -56.570936
1361440, -56.310491
1362110, -56.046129
1362780, -55.780233
1363450, -55.509462
1364120, -55.235820
1364790, -54.956100
1365460, -54.672386
1366130, -54.380914
1366800, -54.083387
1367470, -53.776283
1368140, -53.460819
1368810, -53.132760
1369480, -52.793286
1370150, -52.437629
1370820, -52.065937
1371490, -51.673098
1372160, -51.258067
1372830, -50.814219
1373500, -50.339379
1374170, -49.824705
1374840, -49.265600
1375510, -48.649997
1376180, -47.968802
1376850, -47.204969
1377520, -46.341662
1378190, -45.351328
1378860, -44.204154
1379530, -42.854720
1380200, -41.248670
1380870, -39.307283
1381540, -36.933116
1382210, -33.995185
1382880, -30.341099
1383550, -25.807011
1384220, -20.286702
1384890, -13.846251
1385560, -6.909456
1386230, -0.332208
1386900, 4.842521
1387570, 7.944180
1388240, 8.964871
1388910, 8.352856
1389580, 6.630317
1390250, 4.213528
1390920, 1.380509
1391590, -1.683808
1392260, -4.863696
1392930, -8.079497
1393600, -11.284227
1394270, -14.444368
1394940, -17.544294
1395610, -20.572535
1396280, -23.530269
1396950, -26.419772
1397620, -29.254439
1398290, -32.048142
1398960, -34.825587
1399630, -37.612000
1400300, -40.441027
1400970, -43.341652
1401640, -46.343546
1402310, -49.457232
1402980, -52.670388
1403650, -55.920426
1404320, -59.092660
1404990, -62.016637
1405660, -64.519978
1406330, -66.481125
1407000, -67.884445
1407670, -68.798195
1408340, -69.338005
1409010, -69.613015
1409680, -69.714619
1410350, -69.702691
1411020, -69.620843
1411690, -69.492378
1412360, -69.335954
1413030, -69.158857
1413700, -68.969781
1414370, -68.769913
1415040, -68.564229
1415710, -68.351654
1416380, -68.135789
1417050, -67.914715
1417720, -67.691502
1418390, -67.463899
1419060, -67.234770
1419730, -67.001746
1420400, -66.767615
1421070, -66.529943
1421740, -66.291476
1422410, -66.049777
1423080, -65.807589
1423750, -65.562453
1424420, -65.317090
1425090, -65.069055
1425760, -64.821084
1426430, -64.570710
1427100, -64.320641
1427770, -64.068426
1428440, -63.816795
1429110, -63.563269
1429780, -63.310532
1430450, -63.056125
1431120, -62.802763
1431790, -62.547937
1432460, -62.294301
1433130, -62.039376
1433800, -61.785853
1434470, -61.531177
1435140, -61.277959
1435810, -61.023690
1436480, -60.771029
1437150, -60.517357
1437820, -60.265228
1438490, -60.012094
1439160, -59.760575
1439830, -59.507967
1440500, -59.256759
1441170, -59.004348
1441840, -58.753308
1442510, -58.500832
1443180, -58.249324
1443850, -57.996118
1444520, -57.743718
1445190, -57.489195
1445860, -57.234843
1446530, -56.977910
1447200, -56.720787
1447870, -56.460390
1448540, -56.198871
1449210, -55.933354
1449880, -55.666010
1450550, -55.393547
1451220, -55.117916
1451890, -54.836050
1452560, -54.549658
1453230, -54.255149
1453900, -53.954162
1454570, -53.643182
1455240, -53.323093
1455910, -52.989823
1456580, -52.644437
1457250, -52.281813
1457920, -51.902034
1458590, -51.499745
1459260, -51.073521
1459930, -50.616815
1460600, -50.126439
1461270, -49.593563
1461940, -49.012267
1462610, -48.370327
1463280, -47.656795
1463950, -46.852703
1464620, -45.939553
1465290, -44.887169
1465960, -43.661432
1466630, -42.211142
1467300, -40.474573
1467970, -38.363635
1468640, -35.769207
1469310, -32.548323
1469980, -28.541828
1470650, -23.597560
1471320, -17.664826
1471990, -10.937170
1472660, -4.026776
1473330, 2.077546
1474000, 6.420674
1474670, 8.609241
1475340, 8.873581
1476010, 7.733622
1476680, 5.675242
1477350, 3.055591
1478020, 0.106576
1478690, -3.017575
1479360, -6.220640
1480030, -9.436204
1480700, -12.625775
1481370, -15.761613
1482040, -18.832287
1482710, -21.829802
1483380, -24.758085
1484050, -27.622133
1484720, -30.437757
1485390, -33.221373
1486060, -35.999816
1486730, -38.799618
1487400, -41.655587
1488070, -44.595736
1488740, -47.645069
1489410, -50.804362
1490080, -54.044435
1490750, -57.279334
1491420, -60.369192
1492090, -63.133973
1492760, -65.417776
1493430, -67.139091
1494100, -68.324006
1494770, -69.064821
1495440, -69.480830
1496110, -69.672849
1496780, -69.720806
1497450, -69.674839
1498120, -69.571340
1498790, -69.429010
1499460, -69.263435
1500130, -69.080172
1500800, -68.886698
1501470, -68.683620
1502140, -68.475399
1502810, -68.260813
1503480, -68.043201
1504150, -67.820655
1504820, -67.596074
1505490, -67.367276
1506160, -67.136999
1506830, -66.902964
1507500, -66.667839
1508170, -66.429291
1508840, -66.189961
1509510, -65.947517
1510180, -65.704590
1510850, -65.458823
1511520, -65.212835
1512190, -64.964290
1512860, -64.715813
1513530, -64.465034
1514200, -64.214563
1514870, -63.962058
1515540, -63.710138
1516210, -63.456414
1516880, -63.203476
1517550, -62.948976
1518220, -62.695508
1518890, -62.440657
1519560, -62.186982
1520230, -61.932116
1520900, -61.678620
1521570, -61.424035
1522240, -61.170880
1522910, -60.916760
1523580, -60.664186
1524250, -60.410643
1524920, -60.158600
1525590, -59.905622
1526260, -59.654158
1526930, -59.401622
1527600, -59.150418
1528270, -58.898066
1528940, -58.646935
1529610, -58.394353
1530280, -58.142644
1530950, -57.889265
1531620, -57.636489
1532290, -57.381529
1532960, -57.126609
1533630, -56.869104
1534300, -56.611135
1534970, -56.349771
1535640, -56.087100
1536310, -55.820374
1536980, -55.551449
1537650, -55.277193
1538320, -54.999495
1538990, -54.715421
1539660, -54.426293
1540330, -54.128686
1541000, -53.824179
1541670, -53.509014
1542340, -53.184039
1543010, -52.845318
1543680, -52.493360
1544350, -52.123192
1545020, -51.734799
1545690, -51.322284
1546360, -50.884115
1547030, -50.413326
1547700, -49.906198
1548370, -49.353455
1549040, -48.748209
1549710, -48.076876
1550380, -47.327833
1551050, -46.479886
1551720, -45.511640
1552390, -44.389533
1553060, -43.074894
1553730, -41.510969
1554400, -39.627084
1555070, -37.324800
1555740, -34.482525
1556410, -30.946360
1557080, -26.555422
1557750, -21.184928
1558420, -14.867796
1559090, -7.959190
1559760, -1.259807
1560430, 4.186925
1561100, 7.617629
1561770, 8.931645
1562440, 8.530255
1563110, 6.946515
1563780, 4.612694
1564450, 1.829879
1565120, -1.209428
1565790, -4.376595
1566460, -7.591947
1567130, -10.799902
1567800, -13.969275
1568470, -17.077688
1569140, -20.117790
1569810, -23.084754
1570480, -25.984840
1571150, -28.825432
1571820, -31.625098
1572490, -34.402828
1573160, -37.187450
1573830, -40.006987
1574500, -42.895889
1575170, -45.880244
1575840, -48.978496
1576510, -52.178874
1577180, -55.431059
1577850, -58.623609
1578520, -61.597524
1579190, -64.172685
1579860, -66.220932
1580530, -67.705156
1581200, -68.687424
1581870, -69.275321
1582540, -69.585189
1583210, -69.707425
1583880, -69.710688
1584550, -69.636428
1585220, -69.514865
1585890, -69.360879
1586560, -69.187507
1587230, -68.998912
1587900, -68.801557
1588570, -68.595594
1589240, -68.385044
1589910, -68.168580
1590580, -67.949315
1591250, -67.725356
1591920, -67.499453
1592590, -67.269494
1593260, -67.038099
1593930, -66.803079
1594600, -66.566984
1595270, -66.327582
1595940, -66.087413
1596610, -65.844244
1597280, -65.600596
1597950, -65.354214
1598620, -65.107623
1599290, -64.858588
1599960, -64.609618
1600630, -64.358450
1601300, -64.107598
1601970, -63.854825
1602640, -63.602625
1603310, -63.348717
1603980, -63.095599
1604650, -62.841027
1605320, -62.587460
1605990, -62.332595
1606660, -62.078900
1607330, -61.824115
1608000, -61.570651
1608670, -61.316165
1609340, -61.063089
1610010, -60.809137
1610680, -60.556655
1611350, -60.303248
1612020, -60.051302
1612690, -59.798493
1613360, -59.547087
1614030, -59.294626
1614700, -59.043434
1615370, -58.791145
1616040, -58.539925
1616710, -58.287233
1617380, -58.035322
1618050, -57.781768
1618720, -57.528608
1619390, -57.273201
1620060, -57.017701
1620730, -56.759608
1621400, -56.500771
1622070, -56.238413
1622740, -55.974559
1623410, -55.706540
1624080, -55.435953
1624750, -55.159824
1625420, -54.879983
1626090, -54.593334
1626760, -54.301167
1627430, -54.000201
1628100, -53.691944
1628770, -53.372359
1629440, -53.042259
1630110, -52.697839
1630780, -52.339022
1631450, -51.960984
1632120, -51.563480
1632790, -51.140190
1633460, -50.689477
1634130, -50.203603
1634800, -49.678664
1635470, -49.104306
1636140, -48.473286
1636810, -47.770421
1637480, -46.982373
1638150, -46.086683
1638820, -45.058823
1639490, -43.861498
1640160, -42.450570
1640830, -40.761828
1641500, -38.715928
1642170, -36.203120
1642840, -33.089543
1643510, -29.213033
1644180, -24.420654
1644850, -18.634081
1645520, -12.001510
1646190, -5.060406
1646860, 1.235827
1647530, 5.892772
1648200, 8.408098
1648870, 8.937233
1649540, 7.976959
1650210, 6.033956
1650880, 3.481615
1651550, 0.572445
1652220, -2.533474
1652890, -5.728421
1653560, -8.946173
1654230, -12.140343
1654900, -15.286324
1655570, -18.366505
1656240, -21.376493
1656910, -24.314249
1657580, -27.188522
1658250, -30.009252
1658920, -32.796735
1659590, -35.573004
1660260, -38.368821
1660930, -41.213247
1661600, -44.139747
1662270, -47.170571
1662940, -50.315194
1663610, -53.545741
1664280, -56.789577
1664950, -59.911561
1665620, -62.739048
1666290, -65.103104
1666960, -66.912603
1667630, -68.173748
1668300, -68.976019
1668970, -69.433446
1669640, -69.655028
1670310, -69.720029
1670980, -69.686837
1671650, -69.589491
1672320, -69.453095
1672990, -69.289442
1673660, -69.109507
1674330, -68.916346
1675000, -68.715594
1675670, -68.507055
1676340, -68.294385
1677010, -68.076186
1677680, -67.855369
1678350, -67.630071
1679020, -67.402905
1679690, -67.171834
1680360, -66.939366
1681030, -66.703393
1681700, -66.466363
1682370, -66.226139
1683040, -65.985164
1683710, -65.741301
1684380, -65.496963
1685050, -65.249997
1685720, -65.002835
1686390, -64.753341
1687060, -64.503908
1687730, -64.252380
1688400, -64.001177
1689070, -63.748165
1689740, -63.495712
1690410, -63.241646
1691080, -62.988375
1691750, -62.733751
1692420, -62.480108
1693090, -62.225248
1693760, -61.971555
1694430, -61.716856
1695100, -61.463435
1695770, -61.209060
1696440, -60.956080
1697110, -60.702282
1697780, -60.449887
1698450, -60.196617
1699120, -59.944774
1699790, -59.692098
1700460, -59.440730
1701130, -59.188330
1701800, -58.937148
1702470, -58.684858
1703140, -58.433506
1703810, -58.180678
1704480, -57.928552
1705150, -57.674721
1705820, -57.421109
1706490, -57.165205
1707160, -56.909097
1707830, -56.650247
1708500, -56.390423
1709170, -56.126983
1709840, -55.861885
1710510, -55.592349
1711180, -55.319934
1711850, -55.041802
1712520, -54.759720
1713190, -54.470404
1713860, -54.175114
1714530, -53.870706
1715200, -53.558253
1715870, -53.233877
1716540, -52.898331
1717210, -52.547589
1717880, -52.181360
1718550, -51.794930
1719220, -51.387334
1719890, -50.952349
1720560, -50.487996
1721230, -49.985895
1721900, -49.441865
1722570, -48.844421
1723240, -48.185250
1723910, -47.448243
1724580, -46.617767
1725250, -45.668789
1725920, -44.573726
1726590, -43.290881
1727260, -41.770258
1727930, -39.940068
1728600, -37.710513
1729270, -34.959603
1729940, -31.541770
1730610, -27.291569
1731280, -22.076569
1731950, -15.891033
1732620, -9.033481
1733290, -2.234288
1733960, 3.466949
1734630, 7.232077
1735300, 8.852388
1735970, 8.680593
1736640, 7.245939
1737310, 5.005850
1737980, 2.276449
1738650, -0.732011
1739320, -3.886723
1739990, -7.097605
1740660, -10.310093
1741330, -13.486076
1742000, -16.606034
1742670, -19.656298
1743340, -22.635564
1744010, -25.544672
1744680, -28.394886
1745350, -31.198769
1746020, -33.978952
1746690, -36.759043
1747360, -39.571915
1748030, -42.447180
1748700, -45.416227
1749370, -48.495469
1750040, -51.682530
1750710, -54.930787
1751380, -58.143204
1752050, -61.161928
1752720, -63.810021
1753390, -65.943102
1754060, -67.512983
1754730, -68.564707
1755400, -69.206281
1756070, -69.551100
1756740, -69.698115
1757410, -69.715310
1758080, -69.651763
1758750, -69.535149
1759420, -69.386277
1760090, -69.214402
1760760, -69.028793
1761430, -68.831617
1762100, -68.627812
1762770, -68.416916
1763440, -68.202269
1764110, -67.982428
1764780, -67.760126
1765450, -67.533534
1766120, -67.305143
1766790, -67.072988
1767460, -66.839473
1768130, -66.602567
1768800, -66.364622
1769470, -66.123596
1770140, -65.881838
1770810, -65.637291
1771480, -65.392279
1772150, -65.144748
1772820, -64.897038
1773490, -64.647089
1774160, -64.397210
1774830, -64.145339
1775500, -63.893811
1776170, -63.640557
1776840, -63.387863
1777510, -63.133657
1778180, -62.880257
1778850, -62.625574
1779520, -62.371861
1780190, -62.117022
1780860, -61.863354
1781530, -61.608728
1782200, -61.355353
1782870, -61.101100
1783540, -60.848233
1784210, -60.594570
1784880, -60.342260
1785550, -60.089131
1786220, -59.837407
1786890, -59.584834
1787560, -59.333491
1788230, -59.081150
1788900, -58.829983
1789570, -58.577651
1790240, -58.326143
1790910, -58.073162
1791580, -57.820814
1792250, -57.566651
1792920, -57.312547
1793590, -57.056116
1794260, -56.799376
1794930, -56.539713
1795600, -56.278855
1796270, -56.014287
1796940, -55.747907
1797610, -55.476805
1798280, -55.202508
1798950, -54.922315
1799620, -54.637744
1800290, -54.345543
1800960, -54.046934
1801630, -53.738898
1802300, -53.422050
1802970, -53.092669
1803640, -52.751448
1804310, -52.393977
1804980, -52.019922
1805650, -51.624668
1806320, -51.206482
1806990, -50.759232
1807660, -50.280006
1808330, -49.760433
1809000, -49.195091
1809670, -48.572333
1810340, -47.882094
1811010, -47.107264
1811680, -46.230268
1812350, -45.223150
1813020, -44.054516
1813690, -42.678077
1814360, -41.036576
1815030, -39.049671
1815700, -36.616132
1816370, -33.601834
1817040, -29.851801
1817710, -25.204362
1818380, -19.566220
1819050, -13.036564
1819720, -6.089988
1820390, 0.373240
1821060, 5.324494
1821730, 8.166872
1822400, 8.965823
1823070, 8.195998
1823740, 6.372343
1824410, 3.893873
1825080, 1.025442
1825750, -2.057620
1826420, -5.245103
1827090, -8.461846
1827760, -11.662871
1828430, -14.816598
1829100, -17.908160
1829770, -20.927605
1830440, -23.876524
1831110, -26.758523
1831780, -29.587329
1832450, -32.378069
1833120, -35.155610
1833790, -37.945509
1834460, -40.781340
1835130, -43.692753
1835800, -46.707782
1836470, -49.834906
1837140, -53.057075
1837810, -56.305776
1838480, -59.457687
1839150, -62.339660
1839820, -64.782443
1840490, -66.676182
1841160, -68.016418
1841830, -68.879587
1842500, -69.382523
1843170, -69.632801
1843840, -69.718164
1844510, -69.696100
1845180, -69.607625
1845850, -69.475111
1846520, -69.315838
1847190, -69.137020
1847860, -68.946531
1848530, -68.745835
1849200, -68.539299
1849870, -68.326255
1850540, -68.109774
1851210, -67.888391
1851880, -67.664674
1852550, -67.436843
1853220, -67.207274
1853890, -66.974076
1854560, -66.739550
1855230, -66.501742
1855900, -66.262916
1856570, -66.021118
1857240, -65.778608
1857910, -65.533406
1858580, -65.287753
1859250, -65.039685
1859920, -64.791457
1860590, -64.541081
1861260, -64.290783
1861930, -64.038597
1862600, -63.786772
1863270, -63.533301
1863940, -63.280393
1864610, -63.026070
1865280, -62.772568
1865950, -62.517847
1866620, -62.264087
1867290, -62.009289
1867960, -61.755667
1868630, -61.501132
1869300, -61.247821
1869970, -60.993704
1870640, -60.740965
1871310, -60.487446
1871980, -60.235231
1872650, -59.982253
1873320, -59.730643
1873990, -59.478171
1874660, -59.226852
1875330, -58.974569
1876000, -58.723394
1876670, -58.471001
1877340, -58.219324
1878010, -57.966180
1878680, -57.713561
1879350, -57.459026
1880020, -57.204401
1880690, -56.947418
1881360, -56.689945
1882030, -56.429388
1882700, -56.167434
1883370, -55.901690
1884040, -55.633792
1884710, -55.360939
1885380, -55.084618
1886050, -54.802247
1886720, -54.514980
1887390, -54.219718
1888060, -53.917637
1888730, -53.605601
1889400, -53.284039
1890070, -52.949361
1890740, -52.602033
1891410, -52.237420
1892080, -51.855131
1892750, -51.450107
1893420, -51.020448
1894090, -50.560063
1894760, -50.065018
1895430, -49.526923
1896100, -48.939026
1896770, -48.289229
1897440, -47.565914
1898110, -46.749961
1898780, -45.821642
1899450, -44.750305
1900120, -43.500142
1900790, -42.018868
1901460, -40.242331
1902130, -38.079751
1902800, -35.418134
1903470, -32.111605
1904140, -27.999290
1904810, -22.934997
1905480, -16.888437
1906150, -10.096463
1906820, -3.226103
1907490, 2.708696
1908160, 6.798342
1908830, 8.733106
1909500, 8.799233
1910170, 7.525083
1910840, 5.382931
1911510, 2.713175
1912180, -0.263802
1912850, -3.401855
1913520, -6.609392
1914190, -9.823533
1914860, -13.007487
1915530, -16.135568
1916200, -19.197456
1916870, -22.186459
1917540, -25.106594
1918210, -27.963788
1918880, -30.774018
1919550, -33.555412
1920220, -36.335053
1920890, -39.140255
1921560, -42.004918
1922230, -44.957327
1922900, -48.020612
1923570, -51.192745
1924240, -54.437975
1924910, -57.663341
1925580, -60.723447
1926250, -63.437486
1926920, -65.655379
1927590, -67.308850
1928260, -68.434309
1928930, -69.129796
1929600, -69.513862
1930270, -69.684951
1930940, -69.719294
1931610, -69.664885
1932280, -69.555828
1932950, -69.410101
1933620, -69.242083
1934290, -69.057341
1934960, -68.862610
1935630, -68.658793
1936300, -68.449783
1936970, -68.234760
1937640, -68.016562
1938310, -67.793718
1938980, -67.568648
1939650, -67.339625
1940320, -67.108919
1940990, -66.874710
1941660, -66.639198
1942330, -66.400513
1943000, -66.160834
1943670, -65.918290
1944340, -65.675047
1945010, -65.429211
1945680, -65.182941
1946350, -64.934362
1947020, -64.685635
1947690, -64.434851
1948360, -64.184161
1949030, -63.931686
1949700, -63.679576
1950370, -63.425905
1951040, -63.172806
1951710, -62.918391
1952380, -62.664785
1953050, -62.410036
1953720, -62.156245
1954390, -61.901508
1955060, -61.647912
1955730, -61.393461
1956400, -61.140220
1957070, -60.886254
1957740, -60.633598
1958410, -60.380200
1959080, -60.128076
1959750, -59.875253
1960420, -59.623698
1961090, -59.371291
1961760, -59.119983
1962430, -58.867757
1963100, -58.616494
1963770, -58.363989
1964440, -58.112117
1965110, -57.858797
1965780, -57.605807
1966450, -57.350829
1967120, -57.095640
1967790, -56.838078
1968460, -56.579759
1969130, -56.318224
1969800, -56.055114
1970470, -55.788147
1971140, -55.518659
1971810, -55.243992
1972480, -54.965592
1973150, -54.680907
1973820, -54.390822
1974490, -54.092382
1975160, -53.786718
1975830, -53.470421
1976500, -53.143903
1977170, -52.803692
1977840, -52.449704
1978510, -52.077437
1979180, -51.686424
1979850, -51.271026
1980520, -50.829261
1981190, -50.354377
1981860, -49.842176
1982530, -49.283513
1983200, -48.670973
1983870, -47.990953
1984540, -47.231187
1985210, -46.370270
1985880, -45.385514
1986550, -44.242764
1987220, -42.901581
1987890, -41.303615
1988560, -39.375326
1989230, -37.015517
1989900, -34.098770
1990570, -30.468793
1991240, -25.965902
1991910, -20.475633
1992580, -14.061190
1993250, -7.127615
1993920, -0.523816
1994590, 4.709824
1995260, 7.879174
1995930, 8.961111
1996600, 8.391218
1997270, 6.697805
1997940, 4.296955
1998610, 1.474983
1999280, -1.585209
1999950, -4.761695
2000620, -7.978380
2001290, -11.182828
2001960, -14.345733
2002630, -17.446601
2003300, -20.478283
2003970, -23.437129
2004640, -26.329774
2005310, -29.164808
2005980, -31.960484
2006650, -34.736913
2007320, -37.523783
2007990, -40.349912
2008660, -43.248919
2009330, -46.246227
2010000, -49.357594
2010670, -52.567215
2011340, -55.818629
2012010, -58.994355
2012680, -61.930267
2013350, -64.448050
2014020, -66.428291
2014690, -67.847467
2015360, -68.776175
2016030, -69.324930
2016700, -69.607927
2017370, -69.712843
2018040, -69.704889
2018710, -69.623700
2019380, -69.497524
2020050, -69.340713
2020720, -69.165259
2021390, -68.975400
2022060, -68.776929
2022730, -68.570307
2023400, -68.359029
2024070, -68.142161
2024740, -67.922338
2025410, -67.698094
2026080, -67.471719
2026750, -67.241542
2027420, -67.009732
2028090, -66.774540
2028760, -66.538071
2029430, -66.298534
2030100, -66.058027
2030770, -65.814760
2031440, -65.570807
2032110, -65.324359
2032780, -65.077497
2033450, -64.828431
2034120, -64.579222
2034790, -64.328051
2035460, -64.076992
2036130, -63.824251
2036800, -63.571872
2037470, -63.318020
2038140, -63.064752
2038810, -62.810267
2039480, -62.556573
2040150, -62.301811
2040820, -62.048012
2041490, -61.793356
2042160, -61.539802
2042830, -61.285451
2043500, -61.032299
2044170, -60.778501
2044840, -60.525944
2045510, -60.272682
2046180, -60.020662
2046850, -59.768007
2047520, -59.516517
2048190, -59.264181
2048860, -59.012891
2049530, -58.760725
2050200, -58.509376
2050870, -58.256756
2051540, -58.004685
2052210, -57.751184
2052880, -57.497811
2053550, -57.242377
2054220, -56.986608
2054890, -56.728426
2055560, -56.469222
2056230, -56.206669
2056900, -55.942364
2057570, -55.674018
2058240, -55.402810
2058910, -55.126214
2059580, -54.845632
2060250, -54.558326
2060920, -54.265167
2061590, -53.963324
2062260, -53.653773
2062930, -53.332931
2063600, -53.001182
2064270, -52.655163
2064940, -52.294213
2065610, -51.913953
2066280, -51.513535
2066950, -51.087078
2067620, -50.632494
2068290, -50.142214
2068960, -49.611867
2069630, -49.031179
2070300, -48.392397
2070970, -47.680260
2071640, -46.880406
2072310, -45.970085
2072980, -44.923812
2073650, -43.703343
2074320, -42.262327
2074990, -40.535117
2075660, -38.438891
2076330, -35.860994
2077000, -32.663789
2077670, -28.684052
2078340, -23.772661
2079010, -17.869249
2079680, -11.160788
2080350, -4.241357
2081020, 1.903713
2081690, 6.314146
2082360, 8.569890
2083030, 8.889596
2083700, 7.785546
2084370, 5.751553
2085040, 3.144744
2085710, 0.204654
2086380, -2.916706
2087050, -6.117319
2087720, -9.334172
2088390, -12.523909
2089060, -15.662799
2089730, -18.734683
2090400, -21.735708
2091070, -24.665160
2091740, -27.532214
2092410, -30.348061
2093080, -33.133318
2093750, -35.910264
2094420, -38.710001
2095090, -41.562646
2095760, -44.500712
2096430, -47.545244
2097100, -50.702239
2097770, -53.939446
2098440, -57.177353
2099110, -60.273587
2099780, -63.052687
2100450, -65.352753
2101120, -67.093294
2101790, -68.293096
2102460, -69.047334
2103130, -69.470925
2103800, -69.669793
2104470, -69.720353
2105140, -69.677822
2105810, -69.574719
2106480, -69.434443
2107150, -69.268409
2107820, -69.086671
2108490, -68.892413
2109160, -68.690657
2109830, -68.481525
2110500, -68.268177
2111170, -68.049601
2111840, -67.828254
2112510, -67.602682
2113180, -67.375063
2113850, -67.143779
2114520, -66.910910
2115190, -66.674768
2115860, -66.437374
2116530, -66.197019
2117200, -65.955718
2117870, -65.711758
2118540, -65.467125
2119210, -65.220095
2119880, -64.972675
2120550, -64.723149
2121220, -64.473487
2121890, -64.221958
2122560, -63.970561
2123230, -63.717577
2123900, -63.464953
2124570, -63.210945
2125240, -62.957535
2125910, -62.702991
2126580, -62.449226
2127250, -62.194470
2127920, -61.940682
2128590, -61.686102
2129260, -61.432593
2129930, -61.178350
2130600, -60.925301
2131270, -60.671639
2131940, -60.419168
2132610, -60.166036
2133280, -59.914128
2133950, -59.661579
2134620, -59.410118
2135290, -59.157834
2135960, -58.906557
2136630, -58.654354
2137300, -58.402859
2137970, -58.150087
2138640, -57.897800
2139310, -57.643974
2139980, -57.390125
2140650, -57.134171
2141320, -56.877785
2141990, -56.618804
2142660, -56.358590
2143330, -56.094930
2144000, -55.829372
2144670, -55.559491
2145340, -55.286446
2146010, -55.007831
2146680, -54.725000
2147350, -54.435006
2148020, -54.138709
2148690, -53.833396
2149360, -53.519622
2150030, -53.193945
2150700, -52.856711
2151370, -52.504181
2152040, -52.135658
2152710, -51.746849
2153380, -51.336182
2154050, -50.897852
2154720, -50.429227
2155390, -49.922322
2156060, -49.372217
2156730, -48.767773
2157400, -48.099796
2158070, -47.352438
2158740, -46.508954
2159410, -45.543901
2160080, -44.428250
2160750, -43.119416
2161420, -41.565334
2162090, -39.691814
2162760, -37.405499
2163430, -34.581422
2164100, -31.070690
2164770, -26.708011
2165440, -21.370092
2166110, -15.078762
2166780, -8.179858
2167450, -1.457316
2168120, 4.042360
2168790, 7.543158
2169460, 8.918588
2170130, 8.564189
2170800, 7.009429
2171470, 4.695147
2172140, 1.922089
2172810, -1.110275
2173480, -4.275840
2174150, -7.489593
2174820, -10.699450
2175490, -13.869486
2176160, -16.981184
2176830, -20.022412
2177500, -22.992494
2178170, -25.893382
2178840, -28.736838
2179510, -31.536666
2180180, -34.315807
2180850, -37.098718
2181520, -39.917598
2182190, -42.802846
2182860, -45.784842
2183530, -48.878344
2184200, -52.076798
2184870, -55.327828
2185540, -58.525648
2186210, -61.508236
2186880, -64.099404
2187550, -66.164468
2188220, -67.667065
2188890, -68.662605
2189560, -69.262136
2190230, -69.578198
2190900, -69.706212
2191570, -69.711442
2192240, -69.640143
2192910, -69.518751
2193580, -69.366608
2194250, -69.192720
2194920, -69.005543
2195590, -68.807409
2196260, -68.602698
2196930, -68.391264
2197600, -68.175984
2198270, -67.955790
2198940, -67.732981
2199610, -67.506127
2200280, -67.277300
2200950, -67.044940
2201620, -66.811039
2202290, -66.573969
2202960, -66.335675
2203630, -66.094521
2204300, -65.852451
2204970, -65.607810
2205640, -65.362518
2206310, -65.114926
2206980, -64.866971
2207650, -64.616993
2208320, -64.366896
2208990, -64.115028
2209660, -63.863318
2210330, -63.610095
2211000, -63.357242
2211670, -63.103095
2212340, -62.849568
2213010, -62.594967
2213680, -62.341143
2214350, -62.086408
2215020, -61.832656
2215690, -61.578149
2216360, -61.324695
2217030, -61.070574
2217700, -60.817647
2218370, -60.564119
2219040, -60.311740
2219710, -60.058748
2220380, -59.806964
2221050, -59.554516
2221720, -59.303086
2222390, -59.050857
2223060, -58.799599
2223730, -58.547349
2224400, -58.295701
2225070, -58.042770
2225740, -57.790264
2226410, -57.536098
2227080, -57.281758
2227750, -57.025268
2228420, -56.768252
2229090, -56.508448
2229760, -56.247197
2230430, -55.982398
2231100, -55.715521
2231770, -55.444036
2232440, -55.169086
2233110, -54.888379
2233780, -54.602958
2234450, -54.309990
2235120, -54.010309
2235790, -53.701304
2236460, -53.383082
2237130, -53.052339
2237800, -52.709377
2238470, -52.350047
2239140, -51.973629
2239810, -51.575816
2240480, -51.154391
2241150, -50.703617
2241820, -50.219926
2242490, -49.695320
2243160, -49.123637
2243830, -48.493556
2244500, -47.794118
2245170, -47.008045
2245840, -46.117114
2246510, -45.092855
2247180, -43.902364
2247850, -42.497960
2248520, -40.819982
2249190, -38.785767
2249860, -36.290494
2250530, -33.197080
2251200, -29.348005
2251870, -24.585325
2252540, -18.830340
2253210, -12.217123
2253880, -5.274284
2254550, 1.059015
2255220, 5.777825
2255890, 8.361938
2256560, 8.945672
2257230, 8.025009
2257900, 6.105467
2258570, 3.568868
2259240, 0.667111
2259910, -2.433452
2260580, -5.627765
2261250, -8.844620
2261920, -12.041072
2262590, -15.187749
2263260, -18.271012
2263930, -21.282191
2264600, -24.223077
2265270, -27.098142
2265940, -29.921162
2266610, -32.708528
2267280, -35.485878
2267950, -38.279699
2268620, -41.123078
2269290, -44.045601
2269960, -47.073990
2270630, -50.214440
2271300, -53.444322
2271970, -56.688578
2272640, -59.817782
2273310, -62.656067
2273980, -65.037462
2274650, -66.863880
2275320, -68.142190
2275990, -68.956190
2276660, -69.423698
2277330, -69.650342
2278000, -69.720265
2278670, -69.688551
2279340, -69.593790
2280010, -69.457402
2280680, -69.295424
2281350, -69.114937
2282020, -68.923103
2282690, -68.721584
2283360, -68.514236
2284030, -68.300712
2284700, -68.083645
2285370, -67.861936
2286040, -67.637742
2286710, -67.409664
2287380, -67.179680
2288050, -66.946286
2288720, -66.711388
2289390, -66.473423
2290060, -66.234264
2290730, -65.992345
2291400, -65.749537
2292070, -65.504247
2292740, -65.258327
2293410, -65.010205
2294080, -64.761746
2294750, -64.511346
2295420, -64.260844
2296090, -64.008666
2296760, -63.756671
2297430, -63.503236
2298100, -63.250181
2298770, -62.995921
2299440, -62.742302
2300110, -62.487666
2300780, -62.233804
2301450, -61.979113
2302120, -61.725408
2302790, -61.470987
2303460, -61.217601
2304130, -60.963616
2304800, -60.710806
2305470, -60.457409
2306140, -60.205125
2306810, -59.952279
2307480, -59.700591
2308150, -59.448225
2308820, -59.196817
2309490, -58.944639
2310160, -58.693347
2310830, -58.441012
2311500, -58.189189
2312170, -57.936086
2312840, -57.683272
2313510, -57.428704
2314180, -57.173831
2314850, -56.916777
2315520, -56.658978
2316190, -56.398239
2316860, -56.135872
2317530, -55.869879
2318200, -55.601447
2318870, -55.328181
2319540, -55.051191
2320210, -54.768288
2320880, -54.480164
2321550, -54.184121
2322220, -53.880962
2322890, -53.567839
2323560, -53.244815
2324230, -52.908694
2324900, -52.559430
2325570, -52.192786
2326240, -51.807987
2326910, -51.400178
2327580, -50.967073
2328250, -50.502820
2328920, -50.002979
2329590, -49.459503
2330260, -48.864877
2330930, -48.206974
2331600, -47.473657
2332270, -46.645540
2332940, -45.701734
2333610, -44.610995
2334280, -43.335890
2334950, -41.822930
2335620, -40.004976
2336290, -37.789112
2336960, -35.058174
2337630, -31.663483
2338300, -27.443545
2338970, -22.260033
2339640, -16.104832
2340310, -9.259403
2340980, -2.444432
2341650, 3.308652
2342320, 7.142670
2342990, 8.830228
2343660, 8.707457
2344330, 7.306954
2345000, 5.086432
2345670, 2.370129
2346340, -0.632602
2347010, -3.783168
2347680, -6.994184
2348350, -10.206190
2349020, -13.384591
2349690, -16.505615
2350360, -19.559186
2351030, -22.539848
2351700, -25.452097
2352370, -28.303080
2353040, -31.109034
2353710, -33.888512
2354380, -36.669190
2355050, -39.479645
2355720, -42.353345
2356390, -45.318034
2357060, -48.394565
2357730, -51.577651
2358400, -54.826007
2359070, -58.040535
2359740, -61.069444
2360410, -63.731429
2361080, -65.883439
2361750, -67.470244
2362420, -68.538156
2363090, -69.190207
2363760, -69.543912
2364430, -69.695162
2365100, -69.716649
2365770, -69.654245
2366440, -69.539941
2367110, -69.390974
2367780, -69.220645
2368450, -69.034471
2369120, -68.838549
2369790, -68.633998
2370460, -68.424240
2371130, -68.208771
2371800, -67.990017
2372470, -67.766860
2373140, -67.541329
2373810, -67.312065
2374480, -67.080955
2375150, -66.846554
2375820, -66.610681
2376490, -66.371841
2377160, -66.131837
2377830, -65.889175
2378500, -65.645641
2379170, -65.399717
2379840, -65.153190
2380510, -64.904559
2381180, -64.655605
2381850, -64.404797
2382520, -64.153912
2383190, -63.901448
2383860, -63.649171
2384530, -63.395535
2385200, -63.142298
2385870, -62.887948
2386540, -62.634227
2387210, -62.379560
2387880, -62.125677
2388550, -61.871049
2389220, -61.617374
2389890, -61.363038
2390560, -61.109732
2391230, -60.855899
2391900, -60.603182
2392570, -60.349909
2393240, -60.097725
2393910, -59.845036
2394580, -59.593411
2395250, -59.341111
2395920, -59.089720
2396590, -58.837597
2397260, -58.586223
2397930, -58.333773
2398600, -58.081758
2399270, -57.828474
2399940, -57.575289
2400610, -57.320271
2401280, -57.064832
2401950, -56.807190
2402620, -56.548540
2403290, -56.286810
2403960, -56.023280
2404630, -55.756048
2405300, -55.486016
2405970, -55.210913
2406640, -54.931828
2407310, -54.646505
2407980, -54.355481
2408650, -54.056181
2409320, -53.749375
2409990, -53.431918
2410660, -53.103870
2411330, -52.762138
2412000, -52.406132
2412670, -52.031732
2413340, -51.638103
2414010, -51.219784
2414680, -50.774423
2415350, -50.295395
2416020, -49.778111
2416690, -49.213464
2417360, -48.593601
2418030, -47.904810
2418700, -47.133903
2419370, -46.259602
2420040, -45.257958
2420710, -44.094102
2421380, -42.725877
2422050, -41.092904
2422720, -39.119171
2423390, -36.700562
2424060, -33.707686
2424730, -29.982355
2425400, -25.365806
2426070, -19.757857
2426740, -13.251995
2427410, -6.306157
2428080, 0.187317
2428750, 5.199841
2429420, 8.110131
2430090, 8.968321
2430760, 8.238720
2431430, 6.442333
2432100, 3.978898
2432770, 1.120647
2433440, -1.958587
2434110, -5.143162
2434780, -8.360670
2435450, -11.561812
2436120, -14.718299
2436790, -17.811184
2437460, -20.833983
2438130, -23.784313
2438800, -26.669294
2439470, -29.498702
2440140, -32.291194
2440810, -35.067730
2441480, -37.857495
2442150, -40.690491
2442820, -43.599959
2443490, -46.610492
2444160, -49.734971
2444830, -52.953769
2445500, -56.204101
2446170, -59.360764
2446840, -62.255034
2447510, -64.713017
2448180, -66.625589
2448850, -67.981494
2449520, -68.858913
2450190, -69.370536
2450860, -69.628229
2451530, -69.716866
2452200, -69.698402
2452870, -69.610695
2453540, -69.480196
2454210, -69.320708
2454880, -69.143298
2455550, -68.952221
2456220, -68.752700
2456890, -68.545430
2457560, -68.333467
2458230, -68.116191
2458900, -67.895846
2459570, -67.671306
2460240, -67.444491
2460910, -67.214083
2461580, -66.981886
2462250, -66.746509
2462920, -66.509692
2463590, -66.270007
2464260, -66.029189
2464930, -65.785810
2465600, -65.541579
2466270, -65.295049
2466940, -65.047942
2467610, -64.798830
2468280, -64.549406
2468950, -64.298217
2469620, -64.046975
2470290, -63.794249
2470960, -63.541715
2471630, -63.287901
2472300, -63.034506
2472970, -62.780090
2473640, -62.526292
2474310, -62.271614
2474980, -62.017732
2475650, -61.763187
2476320, -61.509564
2476990, -61.255328
2477660, -61.002119
2478330, -60.748455
2479000, -60.495845
2479670, -60.242706
2480340, -59.990634
2481010, -59.738105
2481680, -59.486545
2482350, -59.234310
2483020, -58.982940
2483690, -58.730856
2484360, -58.479387
2485030, -58.226810
2485700, -57.974594
2486370, -57.721089
2487040, -57.467501
2487710, -57.212004
2488380, -56.955977
2489050, -56.697653
2489720, -56.438080
2490390, -56.175298
2491060, -55.910556
2491730, -55.641862
2492400, -55.370054
2493070, -55.092974
2493740, -54.811677
2494410, -54.523700
2495080, -54.229579
2495750, -53.926847
2496420, -53.616030
2497090, -53.293919
2497760, -52.960553
2498430, -52.612801
2499100, -52.249654
2499770, -51.867092
2500440, -54.384862
2501110, -56.501437
2501780, -58.381225
2502450, -60.106507
2503120, -61.719466
2503790, -63.219612
2504460, -64.603438
2505130, -65.853664
2505800, -66.968544
2506470, -67.941987
2507140, -68.785347
2507810, -69.503448
2508480, -70.114637
2509150, -70.626870
2509820, -71.058654
2510490, -71.416334
2511160, -71.715927
2511830, -71.960991
2512500, -72.164831
2513170, -72.328499
2513840, -72.463084
2514510, -72.567745
2515180, -72.651955
2515850, -72.713515
2516520, -72.760749
2517190, -72.790505
2517860, -72.810303
2518530, -72.816327
2519200, -72.815532
2519870, -72.803637
2520540, -72.787205
2521210, -72.761626
2521880, -72.733181
2522550, -72.697031
2523220, -72.659257
2523890, -72.614855
2524560, -72.569761
2525230, -72.518854
2525900, -72.467961
2526570, -72.411880
2527240, -72.356360
2527910, -72.296134
2528580, -72.236894
2529250, -72.173329
2529920, -72.111086
2530590, -72.044822
2531260, -71.980148
2531930, -71.911698
2532600, -71.845053
2533270, -71.774827
2533940, -71.706583
2534610, -71.634925
2535280, -71.565397
2535950, -71.492596
2536620, -71.422053
2537290, -71.348357
2537960, -71.277029
2538630, -71.202653
2539300, -71.130740
2539970, -71.055871
2540640, -70.983548
2541310, -70.908351
2541980, -70.835765
2542650, -70.760367
2543320, -70.687642
2543990, -70.612167
2544660, -70.539420
2545330, -70.463983
2546000, -70.391328
2546670, -70.316036
2547340, -70.243576
2548010, -70.168531
2548680, -70.096362
2549350, -70.021656
2550020, -69.949867
2550690, -69.875578
2551360, -69.804232
2552030, -69.730413
2552700, -69.659565
2553370, -69.586277
2554040, -69.515989
2554710, -69.443295
2555380, -69.373631
2556050, -69.301593
2556720, -69.232613
2557390, -69.161291
2558060, -69.093054
2558730, -69.022504
2559400, -68.955065
2560070, -68.885331
2560740, -68.818713
2561410, -68.749809
2562080, -68.684030
2562750, -68.615982
2563420, -68.551074
2564090, -68.483916
2564760, -68.419916
2565430, -68.353685
2566100, -68.290629
2566770, -68.225364
2567440, -68.163290
2568110, -68.099026
2568780, -68.037968
2569450, -67.974739
2570120, -67.914724
2570790, -67.852534
2571460, -67.793547
2572130, -67.732384
2572800, -67.674424
2573470, -67.614296
2574140, -67.557378
2574810, -67.498303
2575480, -67.442446
2576150, -67.384445
2576820, -67.329671
2577490, -67.272767
2578160, -67.219100
2578830, -67.163315
2579500, -67.110776
2580170, -67.056132
2580840, -67.004744
2581510, -66.951261
2582180, -66.901024
2582850, -66.848671
2583520, -66.799547
2584190, -66.748301
2584860, -66.700279
2585530, -66.650137
2586200, -66.603220
2586870, -66.554189
2587540, -66.508388
2588210, -66.460480
2588880, -66.415807
2589550, -66.369037
2590220, -66.325508
2590890, -66.279891
2591560, -66.237520
2592230, -66.193070
2592900, -66.151871
2593570, -66.108602
2594240, -66.068590
2594910, -66.026514
2595580, -65.987699
2596250, -65.946823
2596920, -65.909186
2597590, -65.869462
2598260, -65.832958
2598930, -65.794358
2599600, -65.758970
2600270, -65.721486
2600940, -65.687212
2601610, -65.650844
2602280, -65.617688
2602950, -65.582442
2603620, -65.550410
2604290, -65.516295
2604960, -65.485396
2605630, -65.452420
2606300, -65.422662
2606970, -65.390833
2607640, -65.362224
2608310, -65.331550
2608980, -65.304097
2609650, -65.274583
2610320, -65.248293
2610990, -65.219945
2611660, -65.194821
2612330, -65.167643
2613000, -65.143689
2613670, -65.117683
2614340, -65.094899
2615010, -65.070066
2615680, -65.048454
2616350, -65.024794
2617020, -65.004351
2617690, -64.981860
2618360, -64.962572
2619030, -64.941212
2619700, -64.923032
2620370, -64.902765
2621040, -64.885665
2621710, -64.866471
2622380, -64.850435
2623050, -64.832302
2623720, -64.817320
2624390, -64.800239
2625060, -64.786303
2625730, -64.770265
2626400, -64.757367
2627070, -64.742365
2627740, -64.730497
2628410, -64.716521
2629080, -64.705673
2629750, -64.692715
2630420, -64.682876
2631090, -64.670922
2631760, -64.662081
2632430, -64.651118
2633100, -64.643259
2633770, -64.633273
2634440, -64.626380
2635110, -64.617353
2635780, -64.611409
2636450, -64.603323
2637120, -64.598309
2637790, -64.591143
2638460, -64.587037
2639130, -64.580770
2639800, -64.577549
2640470, -64.572158
2641140, -64.569797
2641810, -64.565255
2642480, -64.563730
2643150, -64.560012
2643820, -64.559294
2644490, -64.556370
2645160, -64.556432
2645830, -64.554274
2646500, -64.555084
2647170, -64.553661
2647840, -64.555188
2648510, -64.554468
2649180, -64.556681
2649850, -64.556631
2650520, -64.559496
2651190, -64.560083
2651860, -64.563566
2652530, -64.564755
2653200, -64.568820
2653870, -64.570576
2654540, -64.575189
2655210, -64.577476
2655880, -64.582601
2656550, -64.585384
2657220, -64.590984
2657890, -64.594226
2658560, -64.600265
2659230, -64.603929
2659900, -64.610372
2660570, -64.614422
2661240, -64.621231
2661910, -64.625632
2662580, -64.632771
2663250, -64.637486
2663920, -64.644921
2664590, -64.649914
2665260, -64.657609
2665930, -64.662846
2666600, -64.670766
2667270, -64.676213
2667940, -64.684324
2668610, -64.689947
2669280, -64.698216
2669950, -64.703984
2670620, -64.712379
2671290, -64.718259
2671960, -64.726749
2672630, -64.732710
2673300, -64.741266
2673970, -64.747280
2674640, -64.755872
2675310, -64.761910
2675980, -64.770510
2676650, -64.776546
2677320, -64.785129
2677990, -64.791136
2678660, -64.799678
2679330, -64.805632
2680000, -64.814108
2680670, -64.819988
2681340, -64.828376
2682010, -64.834159
2682680, -64.842439
2683350, -64.848106
2684020, -64.856259
2684690, -64.861791
2685360, -64.869799
2686030, -64.875179
2686700, -64.883025
2687370, -64.888238
2688040, -64.895909
2688710, -64.900941
2689380, -64.908422
2690050, -64.913260
2690720, -64.920540
2691390, -64.925172
2692060, -64.932240
2692730, -64.936658
2693400, -64.943505
2694070, -64.947699
2694740, -64.954317
2695410, -64.958280
2696080, -64.964663
2696750, -64.968389
2697420, -64.974530
2698090, -64.978015
2698760, -64.983911
2699430, -64.987150
2700100, -64.992798
2700770, -64.995789
2701440, -65.001186
2702110, -65.003927
2702780, -65.009069
2703450, -65.011552
2704120, -65.016432
2704790, -65.018651
2705460, -65.023266
2706130, -65.025222
2706800, -65.029572
2707470, -65.031267
2708140, -65.035356
2708810, -65.036794
2709480, -65.040627
2710150, -65.041813
2710820, -65.045394
2711490, -65.046333
2712160, -65.049670
2712830, -65.050369
2713500, -65.053467
2714170, -65.053933
2714840, -65.056801
2715510, -65.057042
2716180, -65.059686
2716850, -65.059710
2717520, -65.062139
2718190, -65.061953
2718860, -65.064175
2719530, -65.063788
2720200, -65.065812
2720870, -65.065232
2721540, -65.067067
2722210, -65.066303
2722880, -65.067957
2723550, -65.067019
2724220, -65.068501
2724890, -65.067396
2725560, -65.068715
2726230, -65.067454
2726900, -65.068619
2727570, -65.067210
2728240, -65.068230
2728910, -65.066682
2729580, -65.067566
2730250, -65.065888
2730920, -65.066644
2731590, -65.064845
2732260, -65.065483
2732930, -65.063572
2733600, -65.064100
2734270, -65.062085
2734940, -65.062512
2735610, -65.060401
2736280, -65.060735
2736950, -65.058536
2737620, -65.058786
2738290, -65.056508
2738960, -65.056681
2739630, -65.054332
2740300, -65.054436
2740970, -65.052024
2741640, -65.052066
2742310, -65.049597
2742980, -65.049585
2743650, -65.047068
2744320, -65.047009
2744990, -65.044449
2745660, -65.044350
2746330, -65.041754
2747000, -65.041621
2747670, -65.038997
2748340, -65.038837
2749010, -65.036190
2749680, -65.036008
2750350, -65.033345
2751020, -65.033147
2751690, -65.030472
2752360, -65.030264
2753030, -65.027583
2753700, -65.027371
2754370, -65.024689
2755040, -65.024476
2755710, -65.021798
2756380, -65.021590
2757050, -65.018920
2757720, -65.018721
2758390, -65.016064
2759060, -65.015878
2759730, -65.013238
2760400, -65.013069
2761070, -65.010448
2761740, -65.010300
2762410, -65.007703
2763080, -65.007578
2763750, -65.005008
2764420, -65.004909
2765090, -65.002369
2765760, -65.002300
2766430, -64.999792
2767100, -64.999756
2767770, -64.997282
2768440, -64.997277
2769110, -64.994837
2769780, -64.994865
2770450, -64.992458
2771120, -64.992519
2771790, -64.990149
2772460, -64.990244
2773130, -64.987910
2773800, -64.988041
2774470, -64.985745
2775140, -64.985914
2775810, -64.983658
2776480, -64.983865
2777150, -64.981649
2777820, -64.981896
2778490, -64.979722
2779160, -64.980010
2779830, -64.977879
2780500, -64.978208
2781170, -64.976120
2781840, -64.976492
2782510, -64.974448
2783180, -64.974862
2783850, -64.972863
2784520, -64.973320
2785190, -64.971365
2785860, -64.971866
2786530, -64.969956
2787200, -64.970499
2787870, -64.968634
2788540, -64.969221
2789210, -64.967400
2789880, -64.968030
2790550, -64.966254
2791220, -64.966926
2791890, -64.965194
2792560, -64.965908
2793230, -64.964219
2793900, -64.964975
2794570, -64.963328
2795240, -64.964125
2795910, -64.962520
2796580, -64.963357
2797250, -64.961793
2797920, -64.962669
2798590, -64.961146
2799260, -64.962059
2799930, -64.960575
2800600, -64.961526
2801270, -64.960080
2801940, -64.961067
2802610, -64.959658
2803280, -64.960679
2803950, -64.959306
2804620, -64.960361
2805290, -64.959022
2805960, -64.960110
2806630, -64.958804
2807300, -64.959923
2807970, -64.958649
2808640, -64.959797
2809310, -64.958553
2809980, -64.959730
2810650, -64.958515
2811320, -64.959719
2811990, -64.958532
2812660, -64.959761
2813330, -64.958600
2814000, -64.959853
2814670, -64.958717
2815340, -64.959992
2816010, -64.958880
2816680, -64.960176
2817350, -64.959086
2818020, -64.960402
2818690, -64.959331
2819360, -64.960666
2820030, -64.959614
2820700, -64.960965
2821370, -64.959932
2822040, -64.961298
2822710, -64.960281
2823380, -64.961661
2824050, -64.960658
2824720, -64.962051
2825390, -64.961062
2826060, -64.962466
2826730, -64.961489
2827400, -64.962903
2828070, -64.961936
2828740, -64.963359
2829410, -64.962402
2830080, -64.963832
2830750, -64.962883
2831420, -64.964320
2832090, -64.963378
2832760, -64.964819
2833430, -64.963884
2834100, -64.965329
2834770, -64.964398
2835440, -64.965846
2836110, -64.964918
2836780, -64.966368
2837450, -64.965444
2838120, -64.966894
2838790, -64.965971
2839460, -64.967421
2840130, -64.966499
2840800, -64.967948
2841470, -64.967026
2842140, -64.968473
2842810, -64.967550
2843480, -64.968994
2844150, -64.968069
2844820, -64.969510
2845490, -64.968582
2846160, -64.970018
2846830, -64.969088
2847500, -64.970519
2848170, -64.969585
2848840, -64.971010
2849510, -64.970071
2850180, -64.971491
2850850, -64.970547
2851520, -64.971960
2852190, -64.971010
2852860, -64.972416
2853530, -64.971460
2854200, -64.972858
2854870, -64.971897
2855540, -64.973286
2856210, -64.972318
2856880, -64.973699
2857550, -64.972724
2858220, -64.974097
2858890, -64.973114
2859560, -64.974478
2860230, -64.973487
2860900, -64.974842
2861570, -64.973844
2862240, -64.975189
2862910, -64.974183
2863580, -64.975518
2864250, -64.974504
2864920, -64.975830
2865590, -64.974808
2866260, -64.976124
2866930, -64.975093
2867600, -64.976400
2868270, -64.975361
2868940, -64.976658
2869610, -64.975611
2870280, -64.976898
2870950, -64.975842
2871620, -64.977120
2872290, -64.976056
2872960, -64.977324
2873630, -64.976252
2874300, -64.977511
2874970, -64.976431
2875640, -64.977680
2876310, -64.976593
2876980, -64.977832
2877650, -64.976737
2878320, -64.977968
2878990, -64.976865
2879660, -64.978087
2880330, -64.976977
2881000, -64.978190
2881670, -64.977073
2882340, -64.978278
2883010, -64.977154
2883680, -64.978350
2884350, -64.977219
2885020, -64.978408
2885690, -64.977271
2886360, -64.978452
2887030, -64.977308
2887700, -64.978482
2888370, -64.977333
2889040, -64.978499
2889710, -64.977344
2890380, -64.978503
2891050, -64.977343
2891720, -64.978496
2892390, -64.977331
2893060, -64.978478
2893730, -64.977308
2894400, -64.978448
2895070, -64.977274
2895740, -64.978409
2896410, -64.977231
2897080, -64.978360
2897750, -64.977178
2898420, -64.978302
2899090, -64.977117
2899760, -64.978236
2900430, -64.977047
2901100, -64.978162
2901770, -64.976970
2902440, -64.978081
2903110, -64.976887
2903780, -64.977994
2904450, -64.976797
2905120, -64.977900
2905790, -64.976701
2906460, -64.977801
2907130, -64.976601
2907800, -64.977698
2908470, -64.976496
2909140, -64.977590
2909810, -64.976387
2910480, -64.977478
2911150, -64.976274
2911820, -64.977363
2912490, -64.976158
2913160, -64.977245
2913830, -64.976040
2914500, -64.977126
2915170, -64.975920
2915840, -64.977004
2916510, -64.975799
2917180, -64.976881
2917850, -64.975676
2918520, -64.976757
2919190, -64.975553
2919860, -64.976633
2920530, -64.975429
2921200, -64.976509
2921870, -64.975306
2922540, -64.976385
2923210, -64.975183
2923880, -64.976262
2924550, -64.975061
2925220, -64.976140
2925890, -64.974940
2926560, -64.976019
2927230, -64.974821
2927900, -64.975900
2928570, -64.974703
2929240, -64.975783
2929910, -64.974588
2930580, -64.975668
2931250, -64.974475
2931920, -64.975555
2932590, -64.974364
2933260, -64.975445
2933930, -64.974256
2934600, -64.975338
2935270, -64.974152
2935940, -64.975234
2936610, -64.974050
2937280, -64.975133
2937950, -64.973951
2938620, -64.975036
2939290, -64.973856
2939960, -64.974942
2940630, -64.973765
2941300, -64.974851
2941970, -64.973677
2942640, -64.974764
2943310, -64.973593
2943980, -64.974681
2944650, -64.973512
2945320, -64.974602
2945990, -64.973436
2946660, -64.974527
2947330, -64.973363
2948000, -64.974455
2948670, -64.973294
2949340, -64.974388
2950010, -64.973229
2950680, -64.974324
2951350, -64.973168
2952020, -64.974265
2952690, -64.973111
2953360, -64.974209
2954030, -64.973058
2954700, -64.974157
2955370, -64.973009
2956040, -64.974109
2956710, -64.972963
2957380, -64.974064
2958050, -64.972921
2958720, -64.974024
2959390, -64.972883
2960060, -64.973986
2960730, -64.972849
2961400, -64.973953
2962070, -64.972818
2962740, -64.973923
2963410, -64.972790
2964080, -64.973896
2964750, -64.972766
2965420, -64.973873
2966090, -64.972745
2966760, -64.973853
2967430, -64.972727
2968100, -64.973836
2968770, -64.972712
2969440, -64.973821
2970110, -64.972700
2970780, -64.973810
2971450, -64.972691
2972120, -64.973802
2972790, -64.972684
2973460, -64.973795
2974130, -64.972680
2974800, -64.973792
2975470, -64.972678
2976140, -64.973791
2976810, -64.972679
2977480, -64.973792
2978150, -64.972682
2978820, -64.973795
2979490, -64.972686
2980160, -64.973800
2980830, -64.972693
2981500, -64.973807
2982170, -64.972702
2982840, -64.973816
2983510, -64.972712
2984180, -64.973826
2984850, -64.972724
2985520, -64.973837
2986190, -64.972737
2986860, -64.973851
2987530, -64.972751
2988200, -64.973865
2988870, -64.972766
2989540, -64.973880
2990210, -64.972783
2990880, -64.973896
2991550, -64.972800
2992220, -64.973914
2992890, -64.972819
2993560, -64.973932
2994230, -64.972838
2994900, -64.973950
2995570, -64.972857
2996240, -64.973969
2996910, -64.972877
2997580, -64.973989
2998250, -64.972898
2998920, -64.974009
2999590, -64.972919
3000260, -64.974029
