# ./result/hh_cnexp_0970.txt
# dt = 970 [usec]
# t [usec], V [mV]
0, -65.000000
970, -64.997152
1940, -64.994449
2910, -64.991859
3880, -64.989366
4850, -64.986956
5820, -64.984625
6790, -64.982367
7760, -64.980182
8730, -64.978068
9700, -64.976025
10670, -64.974053
11640, -64.972153
12610, -64.970324
13580, -64.968567
14550, -64.966883
15520, -64.965271
16490, -64.963731
17460, -64.962263
18430, -64.960868
19400, -64.959545
20370, -64.958293
21340, -64.957113
22310, -64.956003
23280, -64.954963
24250, -64.953992
25220, -64.953090
26190, -64.952255
27160, -64.951486
28130, -64.950782
29100, -64.950143
30070, -64.949567
31040, -64.949052
32010, -64.948597
32980, -64.948201
33950, -64.947863
34920, -64.947581
35890, -64.947353
36860, -64.947178
37830, -64.947054
38800, -64.946980
39770, -64.946954
40740, -64.946974
41710, -64.947039
42680, -64.947146
43650, -64.947295
44620, -64.947483
45590, -64.947709
46560, -64.947970
47530, -64.948266
48500, -64.948594
49470, -64.948953
50440, -64.949341
51410, -64.949756
52380, -64.950197
53350, -64.950662
54320, -64.951149
55290, -64.951656
56260, -64.952183
57230, -64.952726
58200, -64.953286
59170, -64.953860
60140, -64.954447
61110, -64.955045
62080, -64.955653
63050, -64.956270
64020, -64.956894
64990, -64.957523
65960, -64.958158
66930, -64.958795
67900, -64.959434
68870, -64.960075
69840, -64.960715
70810, -64.961354
71780, -64.961990
72750, -64.962623
73720, -64.963252
74690, -64.963876
75660, -64.964493
76630, -64.965104
77600, -64.965706
78570, -64.966301
79540, -64.966886
80510, -64.967461
81480, -64.968026
82450, -64.968579
83420, -64.969121
84390, -64.969651
85360, -64.970168
86330, -64.970673
87300, -64.971164
88270, -64.971641
89240, -64.972104
90210, -64.972553
91180, -64.972987
92150, -64.973406
93120, -64.973810
94090, -64.974200
95060, -64.974574
96030, -64.974933
97000, -64.975276
97970, -64.975604
98940, -64.975916
99910, -64.976214
100880, -64.976496
101850, -64.976762
102820, -64.977014
103790, -64.977250
104760, -64.977472
105730, -64.977679
106700, -64.977872
107670, -64.978050
108640, -64.978214
109610, -64.978364
110580, -64.978501
111550, -64.978624
112520, -64.978735
113490, -64.978832
114460, -64.978917
115430, -64.978990
116400, -64.979051
117370, -64.979101
118340, -64.979139
119310, -64.979167
120280, -64.979184
121250, -64.979191
122220, -64.979188
123190, -64.979176
124160, -64.979155
125130, -64.979125
126100, -64.979087
127070, -64.979041
128040, -64.978987
129010, -64.978926
129980, -64.978858
130950, -64.978784
131920, -64.978704
132890, -64.978618
133860, -64.978527
134830, -64.978430
135800, -64.978329
136770, -64.978224
137740, -64.978115
138710, -64.978002
139680, -64.977885
140650, -64.977766
141620, -64.977644
142590, -64.977519
143560, -64.977393
144530, -64.977264
145500, -64.977135
146470, -64.977004
147440, -64.976871
148410, -64.976739
149380, -64.976606
150350, -64.976472
151320, -64.976339
152290, -64.976206
153260, -64.976073
154230, -64.975941
155200, -64.975810
156170, -64.975680
157140, -64.975551
158110, -64.975424
159080, -64.975298
160050, -64.975174
161020, -64.975052
161990, -64.974932
162960, -64.974814
163930, -64.974699
164900, -64.974586
165870, -64.974475
166840, -64.974367
167810, -64.974262
168780, -64.974159
169750, -64.974060
170720, -64.973963
171690, -64.973869
172660, -64.973778
173630, -64.973691
174600, -64.973606
175570, -64.973525
176540, -64.973447
177510, -64.973372
178480, -64.973300
179450, -64.973231
180420, -64.973166
181390, -64.973104
182360, -64.973045
183330, -64.972989
184300, -64.972937
185270, -64.972887
186240, -64.972841
187210, -64.972797
188180, -64.972757
189150, -64.972720
190120, -64.972686
191090, -64.972654
192060, -64.972626
193030, -64.972600
194000, -64.972577
194970, -64.972557
195940, -64.972539
196910, -64.972524
197880, -64.972511
198850, -64.972501
199820, -64.972493
200790, -64.972487
201760, -64.972484
202730, -64.972482
203700, -64.972483
204670, -64.972486
205640, -64.972490
206610, -64.972497
207580, -64.972505
208550, -64.972515
209520, -64.972526
210490, -64.972539
211460, -64.972553
212430, -64.972569
213400, -64.972586
214370, -64.972604
215340, -64.972624
216310, -64.972644
217280, -64.972666
218250, -64.972688
219220, -64.972711
220190, -64.972735
221160, -64.972760
222130, -64.972785
223100, -64.972811
224070, -64.972837
225040, -64.972864
226010, -64.972891
226980, -64.972919
227950, -64.972947
228920, -64.972975
229890, -64.973003
230860, -64.973031
231830, -64.973060
232800, -64.973088
233770, -64.973116
234740, -64.973144
235710, -64.973172
236680, -64.973200
237650, -64.973228
238620, -64.973255
239590, -64.973282
240560, -64.973309
241530, -64.973335
242500, -64.973361
243470, -64.973387
244440, -64.973412
245410, -64.973436
246380, -64.973461
247350, -64.973484
248320, -64.973507
249290, -64.973530
250260, -64.973551
251230, -64.973573
252200, -64.973593
253170, -64.973613
254140, -64.973633
255110, -64.973651
256080, -64.973670
257050, -64.973687
258020, -64.973704
258990, -64.973720
259960, -64.973735
260930, -64.973750
261900, -64.973764
262870, -64.973777
263840, -64.973790
264810, -64.973802
265780, -64.973813
266750, -64.973824
267720, -64.973834
268690, -64.973843
269660, -64.973852
270630, -64.973860
271600, -64.973868
272570, -64.973875
273540, -64.973881
274510, -64.973887
275480, -64.973892
276450, -64.973896
277420, -64.973900
278390, -64.973904
279360, -64.973907
280330, -64.973909
281300, -64.973911
282270, -64.973912
283240, -64.973913
284210, -64.973914
285180, -64.973914
286150, -64.973914
287120, -64.973913
288090, -64.973912
289060, -64.973910
290030, -64.973908
291000, -64.973906
291970, -64.973904
292940, -64.973901
293910, -64.973898
294880, -64.973894
295850, -64.973891
296820, -64.973887
297790, -64.973883
298760, -64.973879
299730, -64.973874
300700, -64.973869
301670, -64.973864
302640, -64.973859
303610, -64.973854
304580, -64.973849
305550, -64.973844
306520, -64.973838
307490, -64.973833
308460, -64.973827
309430, -64.973821
310400, -64.973816
311370, -64.973810
312340, -64.973804
313310, -64.973798
314280, -64.973792
315250, -64.973787
316220, -64.973781
317190, -64.973775
318160, -64.973769
319130, -64.973764
320100, -64.973758
321070, -64.973752
322040, -64.973747
323010, -64.973742
323980, -64.973736
324950, -64.973731
325920, -64.973726
326890, -64.973721
327860, -64.973716
328830, -64.973711
329800, -64.973706
330770, -64.973702
331740, -64.973697
332710, -64.973693
333680, -64.973688
334650, -64.973684
335620, -64.973680
336590, -64.973676
337560, -64.973673
338530, -64.973669
339500, -64.973666
340470, -64.973662
341440, -64.973659
342410, -64.973656
343380, -64.973653
344350, -64.973651
345320, -64.973648
346290, -64.973646
347260, -64.973643
348230, -64.973641
349200, -64.973639
350170, -64.973637
351140, -64.973635
352110, -64.973634
353080, -64.973632
354050, -64.973631
355020, -64.973630
355990, -64.973628
356960, -64.973627
357930, -64.973627
358900, -64.973626
359870, -64.973625
360840, -64.973624
361810, -64.973624
362780, -64.973624
363750, -64.973623
364720, -64.973623
365690, -64.973623
366660, -64.973623
367630, -64.973623
368600, -64.973624
369570, -64.973624
370540, -64.973624
371510, -64.973625
372480, -64.973625
373450, -64.973626
374420, -64.973626
375390, -64.973627
376360, -64.973628
377330, -64.973629
378300, -64.973630
379270, -64.973630
380240, -64.973631
381210, -64.973632
382180, -64.973633
383150, -64.973635
384120, -64.973636
385090, -64.973637
386060, -64.973638
387030, -64.973639
388000, -64.973640
388970, -64.973641
389940, -64.973643
390910, -64.973644
391880, -64.973645
392850, -64.973646
393820, -64.973648
394790, -64.973649
395760, -64.973650
396730, -64.973652
397700, -64.973653
398670, -64.973654
399640, -64.973655
400610, -64.973657
401580, -64.973658
402550, -64.973659
403520, -64.973660
404490, -64.973661
405460, -64.973663
406430, -64.973664
407400, -64.973665
408370, -64.973666
409340, -64.973667
410310, -64.973668
411280, -64.973669
412250, -64.973670
413220, -64.973671
414190, -64.973672
415160, -64.973673
416130, -64.973674
417100, -64.973675
418070, -64.973676
419040, -64.973676
420010, -64.973677
420980, -64.973678
421950, -64.973679
422920, -64.973679
423890, -64.973680
424860, -64.973681
425830, -64.973681
426800, -64.973682
427770, -64.973682
428740, -64.973683
429710, -64.973683
430680, -64.973684
431650, -64.973684
432620, -64.973685
433590, -64.973685
434560, -64.973685
435530, -64.973686
436500, -64.973686
437470, -64.973686
438440, -64.973687
439410, -64.973687
440380, -64.973687
441350, -64.973687
442320, -64.973687
443290, -64.973687
444260, -64.973688
445230, -64.973688
446200, -64.973688
447170, -64.973688
448140, -64.973688
449110, -64.973688
450080, -64.973688
451050, -64.973688
452020, -64.973688
452990, -64.973688
453960, -64.973688
454930, -64.973687
455900, -64.973687
456870, -64.973687
457840, -64.973687
458810, -64.973687
459780, -64.973687
460750, -64.973687
461720, -64.973686
462690, -64.973686
463660, -64.973686
464630, -64.973686
465600, -64.973686
466570, -64.973685
467540, -64.973685
468510, -64.973685
469480, -64.973685
470450, -64.973684
471420, -64.973684
472390, -64.973684
473360, -64.973684
474330, -64.973684
475300, -64.973683
476270, -64.973683
477240, -64.973683
478210, -64.973683
479180, -64.973682
480150, -64.973682
481120, -64.973682
482090, -64.973682
483060, -64.973681
484030, -64.973681
485000, -64.973681
485970, -64.973681
486940, -64.973680
487910, -64.973680
488880, -64.973680
489850, -64.973680
490820, -64.973679
491790, -64.973679
492760, -64.973679
493730, -64.973679
494700, -64.973679
495670, -64.973678
496640, -64.973678
497610, -64.973678
498580, -64.973678
499550, -64.973678
500520, -60.488970
501490, -56.229064
502460, -52.070249
503430, -47.768738
504400, -42.790853
505370, -36.011749
506340, -24.979249
507310, -4.888660
508280, 26.227690
509250, 44.674440
510220, 42.320277
511190, 40.123747
512160, 36.719688
513130, 32.788694
514100, 28.359170
515070, 23.631970
516040, 18.734302
517010, 13.773888
517980, 8.834343
518950, 3.967604
519920, -0.786974
520890, -5.414181
521860, -9.902409
522830, -14.256552
523800, -18.482575
524770, -22.601572
525740, -26.638001
526710, -30.641155
527680, -34.675068
528650, -38.838869
529620, -43.248316
530590, -48.029356
531560, -53.229843
532530, -58.675465
533500, -63.775107
534470, -67.682348
535440, -69.972968
536410, -70.990684
537380, -71.300469
538350, -71.288761
539320, -71.136294
540290, -70.924931
541260, -70.682160
542230, -70.424680
543200, -70.153830
544170, -69.875911
545140, -69.588065
546110, -69.294859
547080, -68.992730
548050, -68.685960
549020, -68.370854
549990, -68.051659
550960, -67.724716
551930, -67.394268
552900, -67.056674
553870, -66.716246
554840, -66.369344
555810, -66.020284
556780, -65.665509
557750, -65.309295
558720, -64.948073
559690, -64.586203
560660, -64.220033
561630, -63.853901
562600, -63.484202
563570, -63.115148
564540, -62.743149
565510, -62.372351
566480, -61.999008
567450, -61.627376
568420, -61.253448
569390, -60.881296
570360, -60.507046
571330, -60.134442
572300, -59.759556
573270, -59.386015
574240, -59.009519
575210, -58.633883
576180, -58.254282
577150, -57.874114
578120, -57.488770
579090, -57.100963
580060, -56.705938
581030, -56.305953
582000, -55.895437
582970, -55.476599
583940, -55.042642
584910, -54.595141
585880, -54.125868
586850, -53.634717
587820, -53.111652
588790, -52.553911
589760, -51.947658
590730, -51.285475
591700, -50.546402
592670, -49.712142
593640, -48.748346
594610, -47.615425
595580, -46.245833
596550, -44.549384
597520, -42.378064
598490, -39.513071
599460, -35.605540
600430, -30.149494
601400, -22.507992
602370, -12.339565
603340, -0.763144
604310, 8.689062
605280, 12.852392
606250, 12.339212
607220, 9.344723
608190, 5.227723
609160, 0.630723
610130, -4.126630
611100, -8.866702
612070, -13.503215
613040, -17.991376
614010, -22.323983
614980, -26.512284
615950, -30.595082
616920, -34.627185
617890, -38.694634
618860, -42.892473
619830, -47.319298
620800, -52.009334
621770, -56.852917
622740, -61.470262
623710, -65.286066
624680, -67.876255
625650, -69.298571
626620, -69.914113
627590, -70.079832
628560, -70.013892
629530, -69.836155
630500, -69.598745
631470, -69.331997
632440, -69.044600
633410, -68.746580
634380, -68.437168
635350, -68.121960
636320, -67.798109
637290, -67.470186
638260, -67.134840
639230, -66.796426
640200, -66.451477
641170, -66.104272
642140, -65.751359
643110, -65.396996
644080, -65.037700
645050, -64.677786
646020, -64.313717
646990, -63.949761
647960, -63.582458
648930, -63.215959
649900, -62.846759
650870, -62.479041
651840, -62.109147
652810, -61.741261
653780, -61.371632
654750, -61.004255
655720, -60.635504
656690, -60.269071
657660, -59.901114
658630, -59.535493
659600, -59.167992
660570, -58.802366
661540, -58.434364
662510, -58.067305
663480, -57.697052
664450, -57.326528
665420, -56.951097
666390, -56.573975
667360, -56.189739
668330, -55.801144
669300, -55.402708
670270, -54.996197
671240, -54.576085
672210, -54.142714
673180, -53.689295
674150, -53.215228
675120, -52.711691
676090, -52.175900
677060, -51.595922
678030, -50.964428
679000, -50.264234
679970, -49.479311
680940, -48.579644
681910, -47.532931
682880, -46.283705
683850, -44.760926
684820, -42.849438
685790, -40.385472
686760, -37.111632
687730, -32.661747
688700, -26.549330
689670, -18.360644
690640, -8.361323
691610, 1.502176
692580, 8.068667
693550, 9.927009
694520, 8.316924
695490, 4.885703
696460, 0.617798
697430, -3.992464
698400, -8.679413
699370, -13.309508
700340, -17.810459
701310, -22.160618
702280, -26.360814
703250, -30.445071
704220, -34.463641
705190, -38.497996
706160, -42.638506
707130, -46.979635
708100, -51.558700
709070, -56.282214
710040, -60.818182
711010, -64.642029
711980, -67.325543
712950, -68.866524
713920, -69.577006
714890, -69.802695
715860, -69.770013
716830, -69.608867
717800, -69.378643
718770, -69.113894
719740, -68.825785
720710, -68.525569
721680, -68.213286
722650, -67.894862
723620, -67.567750
724590, -67.236576
725560, -66.898164
726530, -66.556837
727500, -66.209232
728470, -65.859600
729440, -65.504564
730410, -65.148316
731380, -64.787491
732350, -64.426276
733320, -64.061249
734290, -63.696638
735260, -63.328952
736230, -62.962336
737200, -62.593379
738170, -62.226061
739140, -61.856887
740110, -61.489881
741080, -61.121339
742050, -60.755273
743020, -60.387878
743990, -60.022914
744960, -59.656716
745930, -59.292708
746900, -58.926943
747870, -58.563072
748840, -58.196683
749810, -57.831236
750780, -57.462369
751750, -57.092986
752720, -56.718763
753690, -56.342215
754660, -55.958358
755630, -55.569961
756600, -55.171036
757570, -54.763675
758540, -54.341583
759510, -53.905530
760480, -53.448626
761450, -52.969709
762420, -52.460324
763390, -51.916483
764360, -51.326317
765330, -50.681490
766300, -49.963170
767270, -49.155526
768240, -48.226268
769210, -47.139945
770180, -45.837384
771150, -44.241121
772120, -42.226707
773090, -39.617140
774060, -36.138376
775030, -31.408664
776000, -24.953280
776970, -16.463659
777940, -6.495518
778910, 2.693290
779880, 8.176818
780850, 9.179865
781820, 7.124433
782790, 3.497404
783760, -0.844535
784730, -5.465497
785700, -10.129949
786670, -14.719535
787640, -19.173010
788610, -23.475544
789580, -27.634677
790550, -31.689975
791520, -35.698739
792490, -39.747935
793460, -43.929027
794430, -48.326955
795400, -52.947020
796370, -57.637982
797340, -61.996466
798310, -65.496716
799280, -67.818738
800250, -69.080252
801220, -69.621747
802190, -69.757929
803160, -69.680094
804130, -69.495815
805100, -69.253020
806070, -68.980661
807040, -68.687403
808010, -68.383223
808980, -68.067684
809950, -67.746380
810920, -67.416700
811890, -67.083150
812860, -66.742607
813830, -66.399289
814800, -66.049921
815770, -65.698689
816740, -65.342258
817710, -64.984773
818680, -64.622953
819650, -64.260867
820620, -63.895199
821590, -63.530073
822560, -63.162068
823530, -62.795289
824500, -62.426299
825470, -62.059059
826440, -61.690180
827410, -61.323467
828380, -60.955361
829350, -60.589787
830320, -60.222896
831290, -59.858458
832260, -59.492705
833230, -59.129055
834200, -58.763723
835170, -58.399986
836140, -58.033655
837110, -57.668213
838080, -57.298983
839050, -56.928978
840020, -56.553838
840990, -56.175819
841960, -55.790205
842930, -55.399132
843900, -54.996948
844870, -54.585826
845840, -54.158757
846810, -53.716712
847780, -53.251946
848750, -52.763513
849720, -52.241824
850690, -51.683035
851660, -51.073644
852630, -50.405262
853600, -49.656534
854570, -48.808528
855540, -47.826433
856510, -46.669651
857480, -45.270442
858450, -43.539302
859420, -41.333214
860390, -38.447062
861360, -34.568529
862330, -29.277999
863300, -22.115905
864270, -12.984531
865240, -2.993661
866210, 5.095543
867180, 8.880081
868150, 8.579457
869120, 5.828183
870090, 1.878016
871060, -2.596011
872030, -7.249065
873000, -11.892195
873970, -16.434009
874940, -20.829768
875910, -25.075451
876880, -29.187805
877850, -33.216732
878820, -37.228181
879790, -41.315132
880760, -45.567896
881730, -50.052587
882700, -54.725657
883670, -59.345750
884640, -63.434078
885610, -66.500930
886580, -68.388761
887550, -69.337548
888520, -69.696154
889490, -69.736046
890460, -69.609187
891430, -69.399497
892400, -69.142843
893370, -68.862210
894340, -68.563512
895310, -68.255313
896280, -67.936602
897250, -67.612571
898220, -67.280522
899190, -66.944816
900160, -66.602361
901130, -66.257273
902100, -65.906357
903070, -65.553706
904040, -65.196059
905010, -64.837502
905980, -64.474788
906950, -64.111939
907920, -63.745730
908890, -63.380142
909860, -63.011865
910830, -62.644951
911800, -62.275937
912770, -61.908757
913740, -61.540042
914710, -61.173507
915680, -60.805716
916650, -60.440362
917620, -60.073750
918590, -59.709628
919560, -59.344078
920530, -58.980549
921500, -58.615355
922470, -58.251464
923440, -57.884890
924410, -57.518822
925380, -57.148702
926350, -56.777590
927320, -56.400775
928290, -56.020630
929260, -55.632639
930230, -55.238275
931200, -54.832179
932170, -54.415793
933140, -53.982431
934110, -53.533032
935080, -53.059005
936050, -52.559527
937020, -52.023752
937990, -51.447909
938960, -50.816678
939930, -50.120086
940900, -49.335758
941870, -48.441000
942840, -47.396366
943810, -46.154730
944780, -44.639319
945750, -42.744483
946720, -40.304004
947690, -37.077551
948660, -32.708292
949630, -26.744319
950600, -18.792887
951570, -9.108246
952540, 0.517575
953510, 7.090656
954480, 9.135016
955450, 7.695204
956420, 4.371691
957390, 0.162591
958360, -4.408916
959330, -9.073816
960300, -13.683838
961270, -18.172010
962240, -22.507372
963210, -26.698250
964180, -30.770750
965150, -34.783776
966120, -38.812304
967090, -42.953736
968060, -47.292288
969030, -51.864110
970000, -56.557774
970970, -61.035067
971940, -64.770423
972910, -67.369881
973880, -68.848695
974850, -69.528231
975820, -69.736590
976790, -69.698658
977760, -69.532076
978730, -69.301473
979700, -69.033135
980670, -68.745314
981640, -68.441755
982610, -68.129876
983580, -67.808214
984550, -67.481617
985520, -67.147337
986490, -66.809601
987460, -66.465338
988430, -66.118589
989400, -65.766231
990370, -65.412254
991340, -65.053486
992310, -64.693954
993280, -64.330436
994250, -63.966909
995220, -63.600222
996190, -63.234237
997160, -62.865750
998130, -62.498668
999100, -62.129633
1000070, -61.762540
1001040, -61.393964
1002010, -61.027609
1002980, -60.660148
1003950, -60.295026
1004920, -59.928701
1005890, -59.564785
1006860, -59.199366
1007830, -58.835908
1008800, -58.470546
1009770, -58.106309
1010740, -57.739363
1011710, -57.372485
1012680, -57.001339
1013650, -56.629017
1014620, -56.250424
1015590, -55.868049
1016560, -55.477042
1017530, -55.078917
1018500, -54.668534
1019470, -54.246535
1020440, -53.806528
1021410, -53.348505
1022380, -52.864165
1023350, -52.351820
1024320, -51.800329
1025290, -51.204388
1026260, -50.548451
1027230, -49.819903
1028200, -48.994354
1029170, -48.046612
1030140, -46.931741
1031110, -45.594513
1032080, -43.944954
1033050, -41.860353
1034020, -39.145827
1034990, -35.520976
1035960, -30.583429
1036930, -23.871483
1037900, -15.144976
1038870, -5.169855
1039840, 3.598659
1040810, 8.403939
1041780, 8.877854
1042750, 6.537083
1043720, 2.781550
1044690, -1.614366
1045660, -6.245147
1046630, -10.901146
1047600, -15.467817
1048570, -19.897918
1049540, -24.173317
1050510, -28.312913
1051480, -32.353417
1052450, -36.362903
1053420, -40.423672
1054390, -44.634275
1055360, -49.065124
1056330, -53.710030
1057300, -58.372023
1058270, -62.621977
1059240, -65.935925
1060210, -68.069958
1061180, -69.190037
1062150, -69.650824
1063120, -69.741683
1064090, -69.643547
1065060, -69.446026
1066030, -69.198789
1067000, -68.920866
1067970, -68.626908
1068940, -68.319042
1069910, -68.003799
1070880, -67.679382
1071850, -67.350353
1072820, -67.013946
1073790, -66.674269
1074760, -66.328278
1075730, -65.979945
1076700, -65.626217
1077670, -65.270985
1078640, -64.911169
1079610, -64.550705
1080580, -64.186442
1081550, -63.822305
1082520, -63.455155
1083490, -63.088817
1084460, -62.720180
1085430, -62.352983
1086400, -61.983988
1087370, -61.617028
1088340, -61.248639
1089310, -60.882512
1090280, -60.515280
1091250, -60.150351
1092220, -59.784308
1093190, -59.420488
1094160, -59.055149
1095130, -58.691748
1096100, -58.326214
1097070, -57.961630
1098040, -57.594217
1099010, -57.226459
1099980, -56.854236
1100950, -56.480188
1101920, -56.099472
1102890, -55.714631
1103860, -55.320326
1104830, -54.918209
1105800, -54.502950
1106770, -54.074855
1107740, -53.627774
1108710, -53.160663
1109680, -52.665497
1110650, -52.139258
1111620, -51.571006
1112590, -50.953551
1113560, -50.270954
1114530, -49.508170
1115500, -48.637475
1116470, -47.629151
1117440, -46.432562
1118410, -44.983085
1119380, -43.178171
1120350, -40.870985
1121320, -37.834010
1122290, -33.742006
1123260, -28.152074
1124230, -20.634662
1125200, -11.229651
1126170, -1.358425
1127140, 6.073192
1128110, 9.043724
1129080, 8.193725
1130050, 5.160577
1131020, 1.084666
1131990, -3.440255
1132960, -8.099175
1133930, -12.729730
1134900, -17.245394
1135870, -21.614749
1136840, -25.832781
1137810, -29.927324
1138780, -33.945146
1139750, -37.963962
1140720, -42.072159
1141690, -46.365081
1142660, -50.889087
1143630, -55.578204
1144600, -60.139293
1145570, -64.074259
1146540, -66.923791
1147510, -68.617914
1148480, -69.433210
1149450, -69.719289
1150420, -69.718799
1151390, -69.574024
1152360, -69.352241
1153330, -69.091622
1154300, -68.805715
1155270, -68.506429
1156240, -68.194687
1157210, -67.876324
1158180, -67.549292
1159150, -67.217938
1160120, -66.879490
1161090, -66.537932
1162060, -66.190279
1163030, -65.840433
1164000, -65.485378
1164970, -65.128954
1165940, -64.768161
1166910, -64.406821
1167880, -64.041878
1168850, -63.677206
1169820, -63.309664
1170790, -62.943046
1171760, -62.574290
1172730, -62.207026
1173700, -61.838124
1174670, -61.471234
1175640, -61.103024
1176610, -60.737150
1177580, -60.370149
1178550, -60.005437
1179520, -59.639713
1180490, -59.276022
1181460, -58.910793
1182430, -58.547296
1183400, -58.181498
1184370, -57.816518
1185340, -57.448325
1186310, -57.079493
1187280, -56.706071
1188250, -56.330192
1189220, -55.947264
1190190, -55.559676
1191160, -55.161842
1192130, -54.755532
1193100, -54.334801
1194070, -53.900118
1195040, -53.444969
1196010, -52.967913
1196980, -52.460915
1197950, -51.919741
1198920, -51.333027
1199890, -50.692256
1200860, -49.979257
1201830, -49.178285
1202800, -48.257862
1203770, -47.183100
1204740, -45.896515
1205710, -44.322800
1206680, -42.340912
1207650, -39.778980
1208620, -36.371941
1209590, -31.748279
1210560, -25.440733
1211530, -17.122846
1212500, -7.260320
1213470, 2.023509
1214440, 7.790884
1215410, 9.070222
1216380, 7.181789
1217350, 3.638553
1218320, -0.664423
1219290, -5.269772
1220260, -9.930981
1221230, -14.523487
1222200, -18.983114
1223170, -23.291601
1224140, -27.456107
1225110, -31.514384
1226080, -35.522605
1227050, -39.566235
1228020, -43.736690
1228990, -48.119699
1229960, -52.726682
1230930, -57.414465
1231900, -61.794086
1232870, -65.340160
1233840, -67.717293
1234810, -69.022799
1235780, -69.592123
1236750, -69.743474
1237720, -69.673653
1238690, -69.493346
1239660, -69.252743
1240630, -68.981414
1241600, -68.688864
1242570, -68.384953
1243540, -68.069724
1244510, -67.748477
1245480, -67.418988
1246450, -67.085426
1247420, -66.745034
1248390, -66.401679
1249360, -66.052444
1250330, -65.701164
1251300, -65.344858
1252270, -64.987318
1253240, -64.625618
1254210, -64.263474
1255180, -63.897923
1256150, -63.532737
1257120, -63.164848
1258090, -62.798009
1259060, -62.429137
1260030, -62.061839
1261000, -61.693081
1261970, -61.326317
1262940, -60.958339
1263910, -60.592725
1264880, -60.225974
1265850, -59.861508
1266820, -59.495912
1267790, -59.132254
1268760, -58.767097
1269730, -58.403376
1270700, -58.037253
1271670, -57.671857
1272640, -57.302873
1273610, -56.932962
1274580, -56.558126
1275550, -56.180270
1276520, -55.795027
1277490, -55.404203
1278460, -55.002495
1279430, -54.591738
1280400, -54.165294
1281370, -53.723786
1282340, -53.259867
1283310, -52.772248
1284280, -52.251760
1285250, -51.694230
1286220, -51.086616
1287190, -50.420224
1288160, -49.674244
1289130, -48.829644
1290100, -47.852305
1291070, -46.701772
1292040, -45.311370
1293010, -43.592287
1293980, -41.403817
1294950, -38.543187
1295920, -34.702394
1296890, -29.465406
1297860, -22.372055
1298830, -13.304281
1299800, -3.318856
1300770, 4.866885
1301740, 8.796269
1302710, 8.603791
1303680, 5.910226
1304650, 1.987610
1305620, -2.474797
1306590, -7.124526
1307560, -11.768734
1308530, -16.313946
1309500, -20.713737
1310470, -24.963431
1311440, -29.078683
1312410, -33.108526
1313380, -37.118852
1314350, -41.201876
1315320, -45.448457
1316290, -49.925773
1317260, -54.594710
1318230, -59.220258
1319200, -63.329940
1320170, -66.428818
1321140, -68.347448
1322110, -69.317612
1323080, -69.688706
1324050, -69.735040
1325020, -69.611609
1325990, -69.403565
1326960, -69.147934
1327930, -68.867756
1328900, -68.569488
1329870, -68.261441
1330840, -67.942997
1331810, -67.619026
1332780, -67.287189
1333750, -66.951506
1334720, -66.609236
1335690, -66.264150
1336660, -65.913398
1337630, -65.560731
1338600, -65.203232
1339570, -64.844642
1340540, -64.482061
1341510, -64.119163
1342480, -63.753070
1343450, -63.387421
1344420, -63.019249
1345390, -62.652259
1346360, -62.283338
1347330, -61.916075
1348300, -61.547449
1349270, -61.180828
1350240, -60.813120
1351210, -60.447681
1352180, -60.081155
1353150, -59.716946
1354120, -59.351491
1355090, -58.987888
1356060, -58.622809
1357030, -58.258872
1358000, -57.892428
1358970, -57.526344
1359940, -57.156394
1360910, -56.785293
1361880, -56.408694
1362850, -56.028620
1363820, -55.640893
1364790, -55.246673
1365760, -54.840936
1366730, -54.424818
1367700, -53.991963
1368670, -53.543015
1369640, -53.069716
1370610, -52.570901
1371580, -52.036150
1372550, -51.461348
1373520, -50.831640
1374490, -50.136841
1375460, -49.354955
1376430, -48.463191
1377400, -47.422759
1378370, -46.186622
1379340, -44.678959
1380310, -42.795002
1381280, -40.370525
1382250, -37.167080
1383220, -32.831176
1384190, -26.912206
1385160, -19.011387
1386130, -9.356099
1387100, 0.303070
1388070, 6.978368
1389040, 9.127510
1390010, 7.752271
1390980, 4.460461
1391950, 0.265652
1392920, -4.300853
1393890, -8.965276
1394860, -13.577490
1395830, -18.068987
1396800, -22.407774
1397770, -26.601756
1398740, -30.676672
1399710, -34.690377
1400680, -38.717619
1401650, -42.855241
1402620, -47.188281
1403590, -51.755040
1404560, -56.448208
1405530, -60.935864
1406500, -64.694196
1407470, -67.321626
1408440, -68.823798
1409410, -69.518014
1410380, -69.734559
1411350, -69.700719
1412320, -69.536362
1413290, -69.306805
1414260, -69.039191
1415230, -68.751679
1416200, -68.448473
1417170, -68.136711
1418140, -67.815297
1419110, -67.488755
1420080, -67.154682
1421050, -66.816970
1422020, -66.472891
1422990, -66.126146
1423960, -65.773952
1424930, -65.419960
1425900, -65.061339
1426870, -64.701773
1427840, -64.338384
1428810, -63.974807
1429780, -63.608234
1430750, -63.242186
1431720, -62.873796
1432690, -62.506637
1433660, -62.137689
1434630, -61.770505
1435600, -61.402007
1436570, -61.035558
1437540, -60.668164
1438510, -60.302945
1439480, -59.936691
1440450, -59.572687
1441420, -59.207354
1442390, -58.843812
1443360, -58.478550
1444330, -58.114251
1445300, -57.747416
1446270, -57.380503
1447240, -57.009506
1448210, -56.637174
1449180, -56.258773
1450150, -55.876447
1451120, -55.485708
1452090, -55.087722
1453060, -54.677680
1454030, -54.255927
1455000, -53.816395
1455970, -53.358793
1456940, -52.875142
1457910, -52.363485
1458880, -51.813013
1459850, -51.218184
1460820, -50.563795
1461790, -49.837048
1462760, -49.014074
1463730, -48.069455
1464700, -46.958884
1465670, -45.627501
1466640, -43.986305
1467610, -41.913529
1468580, -39.216357
1469550, -35.616312
1470520, -30.714107
1471490, -24.047299
1472460, -15.364042
1473430, -5.397449
1474400, 3.432890
1475370, 8.344110
1476340, 8.902948
1477310, 6.608737
1478280, 2.875054
1479250, -1.511473
1480220, -6.139780
1481190, -10.796534
1482160, -15.366177
1483130, -19.799538
1484100, -24.078608
1485070, -28.220577
1486040, -32.262548
1487010, -36.271682
1487980, -40.330190
1488950, -44.536333
1489920, -48.961789
1490890, -53.603150
1491860, -58.268516
1492830, -62.533977
1493800, -65.873577
1494770, -68.033702
1495740, -69.173104
1496710, -69.645163
1497680, -69.742117
1498650, -69.646966
1499620, -69.451115
1500590, -69.204656
1501560, -68.927321
1502530, -68.633606
1503500, -68.326058
1504470, -68.010915
1505440, -67.686734
1506410, -67.357757
1507380, -67.021552
1508350, -66.681899
1509320, -66.336088
1510290, -65.987759
1511260, -65.634192
1512230, -65.278946
1513200, -64.919271
1514170, -64.558776
1515140, -64.194637
1516110, -63.830449
1517080, -63.463407
1518050, -63.097004
1519020, -62.728457
1519990, -62.361181
1520960, -61.992266
1521930, -61.625221
1522900, -61.256908
1523870, -60.890685
1524840, -60.523525
1525810, -60.158502
1526780, -59.792526
1527750, -59.428617
1528720, -59.063357
1529690, -58.699869
1530660, -58.334429
1531630, -57.969782
1532600, -57.602496
1533570, -57.234716
1534540, -56.862645
1535510, -56.488618
1536480, -56.108110
1537450, -55.723331
1538420, -55.329303
1539390, -54.927335
1540360, -54.512466
1541330, -54.084656
1542300, -53.638082
1543270, -53.171424
1544240, -52.676979
1545210, -52.151475
1546180, -51.584291
1547150, -50.968018
1548120, -50.287164
1549090, -49.526379
1550060, -48.658486
1551030, -47.653713
1552000, -46.462131
1552970, -45.019316
1553940, -43.223949
1554910, -40.930150
1555880, -37.913015
1556850, -33.849512
1557820, -28.298962
1558790, -20.828583
1559760, -11.457535
1560730, -1.568308
1561700, 5.950212
1562670, 9.023763
1563640, 8.241918
1564610, 5.243276
1565580, 1.182941
1566550, -3.335913
1567520, -7.993939
1568490, -12.626035
1569460, -17.144984
1570430, -21.517558
1571400, -25.738960
1572370, -29.836020
1573340, -33.855144
1574310, -37.873137
1575280, -41.978402
1576250, -46.266308
1577220, -50.785349
1578190, -55.472541
1579160, -60.041368
1580130, -63.996635
1581100, -66.873301
1582070, -68.590908
1583040, -69.421873
1584010, -69.716593
1584980, -69.720706
1585950, -69.578159
1586920, -69.357671
1587890, -69.097646
1588860, -68.812233
1589830, -68.513145
1590800, -68.201691
1591770, -67.883414
1592740, -67.556607
1593710, -67.225298
1594680, -66.887043
1595650, -66.545506
1596620, -66.198026
1597590, -65.848181
1598560, -65.493280
1599530, -65.136838
1600500, -64.776180
1601470, -64.414805
1602440, -64.049981
1603410, -63.685254
1604380, -63.317815
1605350, -62.951129
1606320, -62.582463
1607290, -62.215121
1608260, -61.846295
1609230, -61.479319
1610200, -61.111180
1611170, -60.745208
1612140, -60.378276
1613110, -60.013468
1614080, -59.647808
1615050, -59.284027
1616020, -58.918874
1616990, -58.555306
1617960, -58.189610
1618930, -57.824573
1619900, -57.456508
1620870, -57.087655
1621840, -56.714384
1622810, -56.338527
1623780, -55.955806
1624750, -55.568315
1625720, -55.170777
1626690, -54.764633
1627660, -54.344301
1628630, -53.909915
1629600, -53.455334
1630570, -52.978781
1631540, -52.472611
1632510, -51.932260
1633480, -51.346781
1634450, -50.707341
1635420, -49.996241
1636390, -49.197587
1637360, -48.280293
1638330, -47.209475
1639300, -45.928403
1640270, -44.362325
1641240, -42.391373
1642210, -39.844988
1643180, -36.460874
1644150, -31.869748
1645120, -25.605219
1646090, -17.332456
1647060, -7.489377
1648030, 1.841426
1649000, 7.710399
1649970, 9.081960
1650940, 7.246762
1651910, 3.729260
1652880, -0.562554
1653850, -5.164208
1654820, -9.825780
1655790, -14.420821
1656760, -18.883809
1657730, -23.195891
1658700, -27.363172
1659670, -31.423121
1660640, -35.431623
1661610, -39.473326
1662580, -43.639869
1663550, -48.017344
1664520, -52.620423
1665490, -57.309483
1666460, -61.702070
1667430, -65.271982
1668400, -67.676219
1669370, -69.002569
1670340, -69.584779
1671310, -69.742932
1672280, -69.676716
1673250, -69.498141
1674220, -69.258588
1675190, -68.987739
1676160, -68.695623
1677130, -68.391882
1678100, -68.076925
1679070, -67.755757
1680040, -67.426486
1681010, -67.092967
1681980, -66.752764
1682950, -66.409429
1683920, -66.060363
1684890, -65.709083
1685860, -65.352927
1686830, -64.995368
1687800, -64.633802
1688770, -64.271621
1689740, -63.906184
1690710, -63.540946
1691680, -63.173157
1692650, -62.806248
1693620, -62.437461
1694590, -62.070083
1695560, -61.701395
1696530, -61.334541
1697500, -60.966630
1698470, -60.600926
1699440, -60.234245
1700410, -59.869685
1701380, -59.504163
1702350, -59.140422
1703320, -58.775341
1704290, -58.411553
1705260, -58.045528
1706230, -57.680076
1707200, -57.311218
1708170, -56.941289
1709140, -56.566630
1710110, -56.188817
1711080, -55.803794
1712050, -55.413081
1713020, -55.011681
1713990, -54.601103
1714960, -54.175073
1715930, -53.733882
1716900, -53.270555
1717870, -52.783472
1718840, -52.263851
1719810, -51.707195
1720780, -51.100883
1721750, -50.435909
1722720, -49.691938
1723690, -48.849813
1724660, -47.875982
1725630, -46.730022
1726600, -45.346075
1727570, -43.635729
1728540, -41.459968
1729510, -38.617525
1730480, -34.803324
1731450, -29.603331
1732420, -22.556133
1733390, -13.528094
1734360, -3.538973
1735330, 4.721947
1736300, 8.756701
1737270, 8.641194
1738240, 5.987905
1739210, 2.084143
1740180, -2.370836
1741150, -7.018738
1742120, -11.664256
1743090, -16.212452
1744060, -20.615659
1745030, -24.868735
1746000, -28.986967
1746970, -33.017779
1747940, -37.027378
1748910, -41.107487
1749880, -45.349488
1750850, -49.821429
1751820, -54.487416
1752790, -59.118266
1753760, -63.246215
1754730, -66.371796
1755700, -68.315843
1756670, -69.303498
1757640, -69.684745
1758610, -69.736268
1759580, -69.615602
1760550, -69.408877
1761520, -69.154094
1762490, -68.874297
1763460, -68.576412
1764430, -68.268510
1765400, -67.950322
1766370, -67.626424
1767340, -67.294797
1768310, -66.959154
1769280, -66.617069
1770250, -66.272001
1771220, -65.921413
1772190, -65.568745
1773160, -65.211392
1774130, -64.852781
1775100, -64.490327
1776070, -64.127391
1777040, -63.761407
1778010, -63.395703
1778980, -63.027624
1779950, -62.660562
1780920, -62.291722
1781890, -61.924376
1782860, -61.555824
1783830, -61.189117
1784800, -60.821472
1785770, -60.455943
1786740, -60.089483
1787710, -59.725180
1788680, -59.359795
1789650, -58.996110
1790620, -58.631121
1791590, -58.267127
1792560, -57.900786
1793530, -57.534671
1794500, -57.164861
1795470, -56.793753
1796440, -56.417337
1797410, -56.037315
1798380, -55.649811
1799350, -55.255711
1800320, -54.850287
1801290, -54.434405
1802260, -54.002004
1803230, -53.553450
1804200, -53.080804
1805170, -52.582584
1806140, -52.048763
1807110, -51.474910
1808080, -50.846592
1809050, -50.153442
1810020, -49.373796
1810990, -48.484782
1811960, -47.448207
1812930, -46.217119
1813900, -44.716556
1814870, -42.842561
1815840, -40.432707
1816810, -37.250233
1817780, -32.944631
1818750, -27.066339
1819720, -19.211559
1820690, -9.584621
1821660, 0.106110
1822630, 6.877177
1823600, 9.124108
1824570, 7.809416
1825540, 4.547306
1826510, 0.365831
1827480, -4.196052
1828450, -8.860101
1829420, -13.474707
1830390, -17.969313
1831360, -22.311485
1832330, -26.508371
1833300, -30.585554
1834270, -34.599914
1835240, -38.625962
1836210, -42.760019
1837180, -47.087894
1838150, -51.649989
1839120, -56.342861
1840090, -60.840606
1841060, -64.620789
1842030, -67.275226
1843000, -68.800040
1843970, -69.508520
1844940, -69.733009
1845910, -69.703144
1846880, -69.540938
1847850, -69.312404
1848820, -69.045489
1849790, -68.758286
1850760, -68.455423
1851730, -68.143786
1852700, -67.822614
1853670, -67.496136
1854640, -67.162266
1855610, -66.824589
1856580, -66.480689
1857550, -66.133959
1858520, -65.781922
1859490, -65.427926
1860460, -65.069444
1861430, -64.709854
1862400, -64.346587
1863370, -63.982969
1864340, -63.616502
1865310, -63.250399
1866280, -62.882098
1867250, -62.514870
1868220, -62.145999
1869190, -61.778732
1870160, -61.410302
1871130, -61.043764
1872100, -60.676428
1873070, -60.311118
1874040, -59.944924
1875010, -59.580838
1875980, -59.215578
1876950, -58.851956
1877920, -58.486783
1878890, -58.122427
1879860, -57.755691
1880830, -57.388748
1881800, -57.017888
1882770, -56.645548
1883740, -56.267327
1884710, -55.885052
1885680, -55.494570
1886650, -55.096727
1887620, -54.687012
1888590, -54.265507
1889560, -53.826437
1890530, -53.369256
1891500, -52.886279
1892470, -52.375311
1893440, -51.825841
1894410, -51.232120
1895380, -50.579257
1896350, -49.854301
1897320, -49.033872
1898290, -48.092313
1899260, -46.985963
1900230, -45.660345
1901200, -44.027385
1902170, -41.966035
1903140, -39.285744
1904110, -35.709895
1905080, -30.842152
1906050, -24.219347
1907020, -15.579795
1907990, -5.622066
1908960, 3.268887
1909930, 8.284787
1910900, 8.928035
1911870, 6.680197
1912840, 2.968281
1913810, -1.408904
1914780, -6.034734
1915750, -10.692235
1916720, -15.264818
1917690, -19.701420
1918660, -23.984136
1919630, -28.128593
1920600, -32.172034
1921570, -36.180859
1922540, -40.237175
1923510, -44.438984
1924480, -48.859179
1925450, -53.496517
1926420, -58.165128
1927390, -62.445969
1928360, -65.811098
1929330, -67.997329
1930300, -69.156124
1931270, -69.639538
1932240, -69.742621
1933210, -69.650486
1934180, -69.456307
1935150, -69.210638
1936120, -68.933886
1937090, -68.640426
1938060, -68.333190
1939030, -68.018157
1940000, -67.694207
1940970, -67.365290
1941940, -67.029281
1942910, -66.689662
1943880, -66.344025
1944850, -65.995709
1945820, -65.642297
1946790, -65.287046
1947760, -64.927506
1948730, -64.566987
1949700, -64.202966
1950670, -63.838735
1951640, -63.471794
1952610, -63.105333
1953580, -62.736869
1954550, -62.369523
1955520, -62.000680
1956490, -61.633555
1957460, -61.265308
1958430, -60.898996
1959400, -60.531900
1960370, -60.166790
1961340, -59.800874
1962310, -59.436882
1963280, -59.071693
1964250, -58.708125
1965220, -58.342770
1966190, -57.978067
1967160, -57.610899
1968130, -57.243104
1969100, -56.871177
1970070, -56.497178
1971040, -56.116872
1972010, -55.732162
1972980, -55.338402
1973950, -54.936591
1974920, -54.522104
1975890, -54.094590
1976860, -53.648514
1977830, -53.182320
1978800, -52.688590
1979770, -52.163830
1980740, -51.597710
1981710, -50.982631
1982680, -50.303519
1983650, -49.544748
1984620, -48.679659
1985590, -47.678457
1986560, -46.491889
1987530, -45.055766
1988500, -43.269819
1989470, -40.989327
1990440, -37.991933
1991410, -33.956828
1992380, -28.445519
1993350, -21.022078
1994320, -11.685431
1995290, -1.778967
1996260, 5.825796
1997230, 9.002276
1998200, 8.289320
1999170, 5.325669
2000140, 1.281167
2001110, -3.231497
2002080, -7.888549
2003050, -12.522495
2004020, -17.044564
2004990, -21.420231
2005960, -25.644908
2006930, -29.744441
2007900, -33.764837
2008870, -37.782013
2009840, -41.884354
2010810, -46.167197
2011780, -50.681255
2012750, -55.366492
2013720, -59.942960
2014690, -63.917934
2015660, -66.821413
2016630, -68.562915
2017600, -69.409970
2018570, -69.713619
2019540, -69.722483
2020510, -69.582250
2021480, -69.363089
2022450, -69.103688
2023420, -68.818771
2024390, -68.519894
2025360, -68.208726
2026330, -67.890545
2027300, -67.563957
2028270, -67.232701
2029240, -66.894634
2030210, -66.553126
2031180, -66.205813
2032150, -65.855976
2033120, -65.501222
2034090, -65.144771
2035060, -64.784241
2036030, -64.422839
2037000, -64.058126
2037970, -63.693353
2038940, -63.326009
2039910, -62.959262
2040880, -62.590680
2041850, -62.223267
2042820, -61.854510
2043790, -61.487454
2044760, -61.119378
2045730, -60.753317
2046700, -60.386444
2047670, -60.021549
2048640, -59.655944
2049610, -59.292081
2050580, -58.926995
2051550, -58.563365
2052520, -58.197761
2053490, -57.832674
2054460, -57.464728
2055430, -57.095862
2056400, -56.722733
2057370, -56.346906
2058340, -55.964385
2059310, -55.576996
2060280, -55.179747
2061250, -54.773775
2062220, -54.353833
2063190, -53.919751
2064160, -53.465730
2065130, -52.989686
2066100, -52.484335
2067070, -51.944812
2068040, -51.360558
2069010, -50.722454
2069980, -50.013241
2070950, -49.216792
2071920, -48.302522
2072890, -47.235567
2073860, -45.959896
2074830, -44.401327
2075800, -42.441120
2076770, -39.910029
2077740, -36.548451
2078710, -31.989339
2079680, -25.767149
2080650, -17.538918
2081620, -7.715417
2082590, 1.660807
2083560, 7.629364
2084530, 9.092291
2085500, 7.310120
2086470, 3.818279
2087440, -0.462375
2088410, -5.060310
2089380, -9.722183
2090350, -14.319698
2091320, -18.785971
2092290, -23.101590
2093260, -27.271597
2094230, -31.333215
2095200, -35.342019
2096170, -39.381883
2097140, -43.544638
2098110, -47.916748
2099080, -52.515365
2100050, -57.205530
2101020, -61.610780
2101990, -65.204150
2102960, -67.635213
2103930, -68.982309
2104900, -69.577359
2105870, -69.742324
2106840, -69.679709
2107810, -69.502874
2108780, -69.264364
2109750, -68.994000
2110720, -68.702311
2111690, -68.398746
2112660, -68.084053
2113630, -67.762971
2114600, -67.433909
2115570, -67.100439
2116540, -66.760418
2117510, -66.417109
2118480, -66.068204
2119450, -65.716930
2120420, -65.360916
2121390, -65.003346
2122360, -64.641904
2123330, -64.279694
2124300, -63.914364
2125270, -63.549081
2126240, -63.181383
2127210, -62.814412
2128180, -62.445703
2129150, -62.078253
2130120, -61.709628
2131090, -61.342693
2132060, -60.974840
2133030, -60.609055
2134000, -60.242436
2134970, -59.877790
2135940, -59.512334
2136910, -59.148518
2137880, -58.783506
2138850, -58.419657
2139820, -58.053723
2140790, -57.688221
2141760, -57.319481
2142730, -56.949540
2143700, -56.575050
2144670, -56.197286
2145640, -55.812474
2146610, -55.421877
2147580, -55.020774
2148550, -54.610380
2149520, -54.184751
2150490, -53.743880
2151460, -53.281130
2152430, -52.794582
2153400, -52.275811
2154370, -51.720025
2155340, -51.114990
2156310, -50.451421
2157280, -49.709427
2158250, -48.869751
2159220, -47.899375
2160190, -46.757932
2161160, -45.380347
2162130, -43.678623
2163100, -41.515392
2164070, -38.690898
2165040, -34.902934
2166010, -29.739481
2166980, -22.737926
2167950, -13.749435
2168920, -3.757436
2169890, 4.576854
2170860, 8.715734
2171830, 8.676879
2172800, 6.063849
2173770, 2.178859
2174740, -2.268596
2175710, -6.914558
2176680, -11.561547
2177650, -16.112521
2178620, -20.518957
2179590, -24.775283
2180560, -28.896392
2181530, -32.928731
2182500, -36.938059
2183470, -41.015534
2184440, -45.253017
2185410, -49.719670
2186380, -54.382693
2187350, -59.018573
2188320, -63.164143
2189290, -66.315676
2190260, -68.284574
2191230, -69.289425
2192200, -69.680671
2193170, -69.737322
2194140, -69.619379
2195110, -69.413960
2196080, -69.160004
2197050, -68.880587
2198020, -68.583071
2198990, -68.275315
2199960, -67.957370
2200930, -67.633548
2201900, -67.302120
2202870, -66.966520
2203840, -66.624609
2204810, -66.279563
2205780, -65.929129
2206750, -65.576465
2207720, -65.219248
2208690, -64.860621
2209660, -64.498286
2210630, -64.135318
2211600, -63.769434
2212570, -63.403682
2213540, -63.035689
2214510, -62.668562
2215480, -62.299795
2216450, -61.932375
2217420, -61.563889
2218390, -61.197103
2219360, -60.829515
2220330, -60.463905
2221300, -60.097504
2222270, -59.733114
2223240, -59.367793
2224210, -59.004034
2225180, -58.639119
2226150, -58.275069
2227120, -57.908820
2228090, -57.542680
2229060, -57.173000
2230030, -56.801890
2231000, -56.425646
2231970, -56.045678
2232940, -55.658386
2233910, -55.264406
2234880, -54.859281
2235850, -54.443630
2236820, -54.011663
2237790, -53.563455
2238760, -53.091409
2239730, -52.593748
2240700, -52.060803
2241670, -51.487854
2242640, -50.860855
2243610, -50.169277
2244580, -49.391761
2245550, -48.505369
2246520, -47.472465
2247490, -46.246188
2248460, -44.752384
2249430, -42.887878
2250400, -40.491946
2251370, -37.329454
2252340, -33.052734
2253310, -27.213468
2254280, -19.403678
2255250, -9.804517
2256220, -0.084215
2257190, 6.777847
2258160, 9.119398
2259130, 7.863722
2260100, 4.630644
2261070, 0.462227
2262040, -4.095079
2263010, -8.758703
2263980, -13.375568
2264950, -17.873147
2265920, -22.218962
2266890, -26.418564
2267860, -30.497841
2268830, -34.512789
2269800, -38.537672
2270770, -42.668320
2271740, -46.991253
2272710, -51.548854
2273680, -56.241410
2274650, -60.748762
2275620, -64.549834
2276590, -67.230248
2277560, -68.776949
2278530, -69.499268
2279500, -69.731470
2280470, -69.705473
2281440, -69.545352
2282410, -69.317815
2283380, -69.051573
2284350, -68.764674
2285320, -68.462139
2286290, -68.150627
2287260, -67.829684
2288230, -67.503274
2289200, -67.169595
2290170, -66.831957
2291140, -66.488225
2292110, -66.141514
2293080, -65.789625
2294050, -65.435630
2295020, -65.077278
2295990, -64.717670
2296960, -64.354516
2297930, -63.990864
2298900, -63.624495
2299870, -63.258343
2300840, -62.890123
2301810, -62.522834
2302780, -62.154034
2303750, -61.786689
2304720, -61.418322
2305690, -61.051702
2306660, -60.684417
2307630, -60.319024
2308600, -59.952885
2309570, -59.588723
2310540, -59.223530
2311510, -58.859836
2312480, -58.494743
2313450, -58.130337
2314420, -57.763692
2315390, -57.396725
2316360, -57.025992
2317330, -56.653649
2318300, -56.275598
2319270, -55.893378
2320240, -55.503138
2321210, -55.105438
2322180, -54.696033
2323150, -54.274773
2324120, -53.836144
2325090, -53.379376
2326060, -52.897044
2327030, -52.386747
2328000, -51.838239
2328970, -51.245593
2329940, -50.594198
2330910, -49.870977
2331880, -49.052999
2332850, -48.114400
2333820, -47.012119
2334790, -45.691951
2335760, -44.066838
2336730, -42.016314
2337700, -39.351969
2338670, -35.799082
2339640, -30.964083
2340610, -24.383131
2341580, -15.785243
2342550, -5.836360
2343520, 3.111629
2344490, 8.227109
2345460, 8.951247
2346430, 6.747984
2347400, 3.057008
2348370, -1.311277
2349340, -5.934633
2350310, -10.592969
2351280, -15.168222
2352250, -19.607814
2353220, -23.893935
2354190, -28.041285
2355160, -32.086054
2356130, -36.094510
2357100, -40.148703
2358070, -44.346397
2359040, -48.761604
2360010, -53.395114
2360980, -58.066735
2361950, -62.362056
2362920, -65.751341
2363890, -67.962423
2364860, -69.139709
2365830, -69.634031
2366800, -69.743011
2367770, -69.653786
2368740, -69.461214
2369710, -69.216310
2370680, -68.940114
2371650, -68.646902
2372620, -68.339960
2373590, -68.025036
2374560, -67.701303
2375530, -67.372447
2376500, -67.036622
2377470, -66.697038
2378440, -66.351563
2379410, -66.003263
2380380, -65.649994
2381350, -65.294742
2382320, -64.935327
2383290, -64.574790
2384260, -64.210877
2385230, -63.846610
2386200, -63.479761
2387170, -63.113249
2388140, -62.744861
2389110, -62.377451
2390080, -62.008674
2391050, -61.641470
2392020, -61.273281
2392990, -60.906887
2393960, -60.539849
2394930, -60.174660
2395900, -59.808797
2396870, -59.444732
2397840, -59.079607
2398810, -58.715968
2399780, -58.350692
2400750, -57.985939
2401720, -57.618882
2402690, -57.251075
2403660, -56.879282
2404630, -56.505314
2405600, -56.125197
2406570, -55.740555
2407540, -55.347048
2408510, -54.945391
2409480, -54.531264
2410450, -54.104033
2411420, -53.658427
2412390, -53.192677
2413360, -52.699624
2414330, -52.175574
2415300, -51.610462
2416270, -50.996520
2417240, -50.319059
2418210, -49.562204
2419180, -48.699774
2420150, -47.701966
2421120, -46.520154
2422090, -45.090387
2423060, -43.313378
2424030, -41.045524
2425000, -38.066596
2425970, -34.058025
2426940, -28.583627
2427910, -21.204222
2428880, -11.902003
2429850, -1.979844
2430820, 5.706800
2431790, 8.981751
2432760, 8.334964
2433730, 5.404994
2434700, 1.375740
2435670, -3.130966
2436640, -7.787062
2437610, -12.422780
2438580, -16.947831
2439550, -21.326761
2440520, -25.554518
2441490, -29.656373
2442460, -33.677962
2443430, -37.694365
2444400, -41.793930
2445370, -46.071975
2446340, -50.581330
2447310, -55.264739
2448280, -59.848500
2449250, -63.841913
2450220, -66.771119
2451190, -68.535742
2452160, -69.398423
2453130, -69.710767
2454100, -69.724251
2455070, -69.586277
2456040, -69.368400
2457010, -69.109611
2457980, -68.825173
2458950, -68.526507
2459920, -68.215612
2460890, -67.897529
2461860, -67.571150
2462830, -67.239952
2463800, -66.902063
2464770, -66.560589
2465740, -66.213433
2466710, -65.863610
2467680, -65.508996
2468650, -65.152541
2469620, -64.792130
2470590, -64.430707
2471560, -64.066097
2472530, -63.701285
2473500, -63.334028
2474470, -62.967228
2475440, -62.598722
2476410, -62.231246
2477380, -61.862550
2478350, -61.495421
2479320, -61.127401
2480290, -60.761257
2481260, -60.394438
2482230, -60.029461
2483200, -59.663905
2484170, -59.299966
2485140, -58.934940
2486110, -58.571253
2487080, -58.205734
2488050, -57.840602
2489020, -57.472766
2489990, -57.103892
2490960, -56.730895
2491930, -56.355100
2492900, -55.972766
2493870, -55.585482
2494840, -55.188507
2495810, -54.782705
2496780, -54.363137
2497750, -53.929353
2498720, -53.475868
2499690, -53.000323
2500660, -56.574353
2501630, -59.442953
2502600, -61.911278
2503570, -64.074854
2504540, -65.941507
2505510, -67.503568
2506480, -68.774733
2507450, -69.785211
2508420, -70.577101
2509390, -71.189583
2510360, -71.660061
2511330, -72.016772
2512300, -72.284952
2513270, -72.481798
2514240, -72.623358
2515210, -72.719529
2516180, -72.780641
2517150, -72.812166
2518120, -72.821019
2519090, -72.810038
2520060, -72.784104
2521030, -72.744480
2522000, -72.694822
2522970, -72.635435
2523940, -72.569222
2524910, -72.495899
2525880, -72.417899
2526850, -72.334566
2527820, -72.248033
2528790, -72.157406
2529760, -72.064625
2530730, -71.968639
2531700, -71.871257
2532670, -71.771315
2533640, -71.670536
2534610, -71.567691
2535580, -71.464447
2536550, -71.359529
2537520, -71.254563
2538490, -71.148241
2539460, -71.042157
2540430, -70.934978
2541400, -70.828266
2542370, -70.720656
2543340, -70.613697
2544310, -70.506021
2545280, -70.399168
2546250, -70.291761
2547220, -70.185332
2548190, -70.078496
2549160, -69.972776
2550130, -69.866774
2551100, -69.761982
2552070, -69.656988
2553040, -69.553294
2554010, -69.449494
2554980, -69.347089
2555950, -69.244672
2556920, -69.143741
2557890, -69.042885
2558860, -68.943598
2559830, -68.844446
2560800, -68.746889
2561770, -68.649496
2562740, -68.553741
2563710, -68.458203
2564680, -68.364359
2565650, -68.270787
2566620, -68.178966
2567590, -68.087472
2568560, -67.997782
2569530, -67.908468
2570500, -67.820958
2571470, -67.733798
2572440, -67.648441
2573410, -67.563451
2574380, -67.480291
2575350, -67.397529
2576320, -67.316629
2577290, -67.236164
2578260, -67.157595
2579230, -67.079494
2580200, -67.003321
2581170, -66.927648
2582140, -66.853880
2583110, -66.780551
2584080, -66.709100
2585050, -66.638083
2586020, -66.568949
2586990, -66.500264
2587960, -66.433482
2588930, -66.367170
2589900, -66.302783
2590870, -66.238890
2591840, -66.176942
2592810, -66.115509
2593780, -66.056043
2594750, -65.997112
2595720, -65.940161
2596690, -65.883704
2597660, -65.829151
2598630, -65.775050
2599600, -65.722836
2600570, -65.671071
2601540, -65.621196
2602510, -65.571779
2603480, -65.524263
2604450, -65.477219
2605420, -65.432088
2606390, -65.387441
2607360, -65.344720
2608330, -65.302494
2609300, -65.262203
2610270, -65.222416
2611240, -65.184570
2612210, -65.147234
2613180, -65.111843
2614150, -65.076964
2615120, -65.044030
2616090, -65.011607
2617060, -64.981126
2618030, -64.951126
2619000, -64.923004
2619970, -64.895306
2620940, -64.869449
2621910, -64.843990
2622880, -64.820354
2623850, -64.797104
2624820, -64.775664
2625790, -64.754598
2626760, -64.735329
2627730, -64.716422
2628700, -64.699297
2629670, -64.682519
2630640, -64.667505
2631610, -64.652818
2632580, -64.639874
2633550, -64.627233
2634520, -64.616311
2635490, -64.605665
2636460, -64.596709
2637430, -64.587998
2638400, -64.580943
2639370, -64.574101
2640340, -64.568877
2641310, -64.563828
2642280, -64.560359
2643250, -64.557022
2644220, -64.555222
2645190, -64.553512
2646160, -64.553292
2647130, -64.553114
2648100, -64.554379
2649070, -64.555637
2650040, -64.558286
2651010, -64.560877
2651980, -64.564808
2652950, -64.568628
2653920, -64.573733
2654890, -64.578674
2655860, -64.584844
2656830, -64.590796
2657800, -64.597923
2658770, -64.604776
2659740, -64.612747
2660710, -64.620391
2661680, -64.629098
2662650, -64.637422
2663620, -64.646756
2664590, -64.655654
2665560, -64.665508
2666530, -64.674873
2667500, -64.685143
2668470, -64.694875
2669440, -64.705461
2670410, -64.715461
2671380, -64.726267
2672350, -64.736441
2673320, -64.747376
2674290, -64.757635
2675260, -64.768613
2676230, -64.778875
2677200, -64.789815
2678170, -64.800002
2679140, -64.810830
2680110, -64.820870
2681080, -64.831519
2682050, -64.841347
2683020, -64.851754
2683990, -64.861312
2684960, -64.871421
2685930, -64.880657
2686900, -64.890420
2687870, -64.899288
2688840, -64.908662
2689810, -64.917122
2690780, -64.926070
2691750, -64.934088
2692720, -64.942581
2693690, -64.950131
2694660, -64.958142
2695630, -64.965202
2696600, -64.972713
2697570, -64.979266
2698540, -64.986264
2699510, -64.992299
2700480, -64.998775
2701450, -65.004284
2702420, -65.010227
2703390, -65.015192
2704360, -65.020582
2705330, -65.024992
2706300, -65.029828
2707270, -65.033688
2708240, -65.037979
2709210, -65.041302
2710180, -65.045063
2711150, -65.047864
2712120, -65.051114
2713090, -65.053414
2714060, -65.056174
2715030, -65.057995
2716000, -65.060288
2716970, -65.061655
2717940, -65.063504
2718910, -65.064442
2719880, -65.065874
2720850, -65.066408
2721820, -65.067450
2722790, -65.067607
2723760, -65.068285
2724730, -65.068093
2725700, -65.068435
2726670, -65.067920
2727640, -65.067953
2728610, -65.067143
2729580, -65.066894
2730550, -65.065816
2731520, -65.065313
2732490, -65.063993
2733460, -65.063261
2734430, -65.061726
2735400, -65.060791
2736370, -65.059067
2737340, -65.057954
2738310, -65.056064
2739280, -65.054798
2740250, -65.052766
2741220, -65.051369
2742190, -65.049219
2743160, -65.047714
2744130, -65.045466
2745100, -65.043874
2746070, -65.041550
2747040, -65.039891
2748010, -65.037509
2748980, -65.035802
2749950, -65.033381
2750920, -65.031643
2751890, -65.029201
2752860, -65.027448
2753830, -65.024999
2754800, -65.023248
2755770, -65.020808
2756740, -65.019071
2757710, -65.016653
2758680, -65.014944
2759650, -65.012559
2760620, -65.010889
2761590, -65.008549
2762560, -65.006929
2763530, -65.004644
2764500, -65.003082
2765470, -65.000860
2766440, -64.999366
2767410, -64.997213
2768380, -64.995788
2769350, -64.993706
2770320, -64.992351
2771290, -64.990340
2772260, -64.989059
2773230, -64.987125
2774200, -64.985922
2775170, -64.984069
2776140, -64.982948
2777110, -64.981179
2778080, -64.980144
2779050, -64.978462
2780020, -64.977516
2780990, -64.975923
2781960, -64.975067
2782930, -64.973567
2783900, -64.972802
2784870, -64.971394
2785840, -64.970722
2786810, -64.969406
2787780, -64.968827
2788750, -64.967603
2789720, -64.967115
2790690, -64.965983
2791660, -64.965585
2792630, -64.964543
2793600, -64.964234
2794570, -64.963280
2795540, -64.963058
2796510, -64.962189
2797480, -64.962051
2798450, -64.961265
2799420, -64.961208
2800390, -64.960502
2801360, -64.960523
2802330, -64.959893
2803300, -64.959988
2804270, -64.959431
2805240, -64.959596
2806210, -64.959108
2807180, -64.959340
2808150, -64.958917
2809120, -64.959210
2810090, -64.958848
2811060, -64.959200
2812030, -64.958893
2813000, -64.959299
2813970, -64.959044
2814940, -64.959499
2815910, -64.959292
2816880, -64.959791
2817850, -64.959627
2818820, -64.960167
2819790, -64.960042
2820760, -64.960618
2821730, -64.960527
2822700, -64.961135
2823670, -64.961074
2824640, -64.961710
2825610, -64.961675
2826580, -64.962334
2827550, -64.962321
2828520, -64.963000
2829490, -64.963005
2830460, -64.963700
2831430, -64.963719
2832400, -64.964427
2833370, -64.964457
2834340, -64.965173
2835310, -64.965210
2836280, -64.965932
2837250, -64.965974
2838220, -64.966698
2839190, -64.966741
2840160, -64.967465
2841130, -64.967506
2842100, -64.968227
2843070, -64.968265
2844040, -64.968980
2845010, -64.969012
2845980, -64.969720
2846950, -64.969742
2847920, -64.970441
2848890, -64.970453
2849860, -64.971140
2850830, -64.971140
2851800, -64.971814
2852770, -64.971801
2853740, -64.972460
2854710, -64.972432
2855680, -64.973076
2856650, -64.973032
2857620, -64.973659
2858590, -64.973598
2859560, -64.974207
2860530, -64.974129
2861500, -64.974720
2862470, -64.974624
2863440, -64.975197
2864410, -64.975082
2865380, -64.975636
2866350, -64.975503
2867320, -64.976037
2868290, -64.975885
2869260, -64.976401
2870230, -64.976230
2871200, -64.976726
2872170, -64.976537
2873140, -64.977015
2874110, -64.976807
2875080, -64.977266
2876050, -64.977040
2877020, -64.977482
2877990, -64.977239
2878960, -64.977663
2879930, -64.977403
2880900, -64.977810
2881870, -64.977534
2882840, -64.977925
2883810, -64.977633
2884780, -64.978008
2885750, -64.977702
2886720, -64.978063
2887690, -64.977742
2888660, -64.978089
2889630, -64.977756
2890600, -64.978090
2891570, -64.977744
2892540, -64.978067
2893510, -64.977710
2894480, -64.978021
2895450, -64.977653
2896420, -64.977954
2897390, -64.977577
2898360, -64.977868
2899330, -64.977483
2900300, -64.977766
2901270, -64.977373
2902240, -64.977648
2903210, -64.977248
2904180, -64.977517
2905150, -64.977111
2906120, -64.977375
2907090, -64.976964
2908060, -64.977222
2909030, -64.976807
2910000, -64.977061
2910970, -64.976643
2911940, -64.976894
2912910, -64.976473
2913880, -64.976721
2914850, -64.976298
2915820, -64.976545
2916790, -64.976121
2917760, -64.976366
2918730, -64.975941
2919700, -64.976186
2920670, -64.975762
2921640, -64.976007
2922610, -64.975583
2923580, -64.975828
2924550, -64.975406
2925520, -64.975652
2926490, -64.975231
2927460, -64.975480
2928430, -64.975061
2929400, -64.975311
2930370, -64.974895
2931340, -64.975148
2932310, -64.974734
2933280, -64.974989
2934250, -64.974579
2935220, -64.974837
2936190, -64.974430
2937160, -64.974692
2938130, -64.974289
2939100, -64.974554
2940070, -64.974155
2941040, -64.974423
2942010, -64.974028
2942980, -64.974301
2943950, -64.973909
2944920, -64.974186
2945890, -64.973798
2946860, -64.974079
2947830, -64.973696
2948800, -64.973980
2949770, -64.973602
2950740, -64.973890
2951710, -64.973516
2952680, -64.973808
2953650, -64.973438
2954620, -64.973734
2955590, -64.973368
2956560, -64.973668
2957530, -64.973306
2958500, -64.973610
2959470, -64.973252
2960440, -64.973559
2961410, -64.973205
2962380, -64.973516
2963350, -64.973165
2964320, -64.973479
2965290, -64.973133
2966260, -64.973450
2967230, -64.973106
2968200, -64.973427
2969170, -64.973087
2970140, -64.973410
2971110, -64.973073
2972080, -64.973399
2973050, -64.973064
2974020, -64.973393
2974990, -64.973061
2975960, -64.973392
2976930, -64.973063
2977900, -64.973396
2978870, -64.973069
2979840, -64.973404
2980810, -64.973079
2981780, -64.973415
2982750, -64.973092
2983720, -64.973430
2984690, -64.973109
2985660, -64.973449
2986630, -64.973129
2987600, -64.973469
2988570, -64.973151
2989540, -64.973493
2990510, -64.973175
2991480, -64.973518
2992450, -64.973202
2993420, -64.973544
2994390, -64.973229
2995360, -64.973572
2996330, -64.973258
2997300, -64.973601
2998270, -64.973287
2999240, -64.973631
3000210, -64.973317
