# ./result/hh_euler_0810.txt
# dt = 810 [usec]
# t [usec], V [mV]
0, -65.000000
810, -64.997609
1620, -64.995320
2430, -64.993109
3240, -64.990966
4050, -64.988882
4860, -64.986852
5670, -64.984874
6480, -64.982947
7290, -64.981070
8100, -64.979242
8910, -64.977465
9720, -64.975738
10530, -64.974061
11340, -64.972436
12150, -64.970861
12960, -64.969339
13770, -64.967868
14580, -64.966449
15390, -64.965082
16200, -64.963767
17010, -64.962505
17820, -64.961294
18630, -64.960136
19440, -64.959029
20250, -64.957974
21060, -64.956970
21870, -64.956017
22680, -64.955115
23490, -64.954262
24300, -64.953460
25110, -64.952706
25920, -64.952001
26730, -64.951343
27540, -64.950733
28350, -64.950170
29160, -64.949652
29970, -64.949179
30780, -64.948750
31590, -64.948365
32400, -64.948023
33210, -64.947722
34020, -64.947461
34830, -64.947241
35640, -64.947060
36450, -64.946916
37260, -64.946810
38070, -64.946739
38880, -64.946704
39690, -64.946702
40500, -64.946734
41310, -64.946797
42120, -64.946891
42930, -64.947015
43740, -64.947167
44550, -64.947347
45360, -64.947554
46170, -64.947786
46980, -64.948043
47790, -64.948323
48600, -64.948626
49410, -64.948949
50220, -64.949293
51030, -64.949657
51840, -64.950038
52650, -64.950436
53460, -64.950851
54270, -64.951281
55080, -64.951724
55890, -64.952181
56700, -64.952651
57510, -64.953131
58320, -64.953622
59130, -64.954122
59940, -64.954630
60750, -64.955147
61560, -64.955669
62370, -64.956198
63180, -64.956732
63990, -64.957270
64800, -64.957812
65610, -64.958356
66420, -64.958902
67230, -64.959449
68040, -64.959997
68850, -64.960545
69660, -64.961092
70470, -64.961637
71280, -64.962180
72090, -64.962720
72900, -64.963257
73710, -64.963790
74520, -64.964319
75330, -64.964843
76140, -64.965361
76950, -64.965874
77760, -64.966380
78570, -64.966879
79380, -64.967372
80190, -64.967856
81000, -64.968333
81810, -64.968801
82620, -64.969261
83430, -64.969712
84240, -64.970154
85050, -64.970587
85860, -64.971009
86670, -64.971422
87480, -64.971825
88290, -64.972218
89100, -64.972600
89910, -64.972971
90720, -64.973332
91530, -64.973682
92340, -64.974021
93150, -64.974349
93960, -64.974666
94770, -64.974972
95580, -64.975267
96390, -64.975551
97200, -64.975823
98010, -64.976085
98820, -64.976335
99630, -64.976574
100440, -64.976802
101250, -64.977020
102060, -64.977226
102870, -64.977421
103680, -64.977606
104490, -64.977780
105300, -64.977944
106110, -64.978097
106920, -64.978240
107730, -64.978373
108540, -64.978496
109350, -64.978609
110160, -64.978713
110970, -64.978807
111780, -64.978892
112590, -64.978967
113400, -64.979034
114210, -64.979092
115020, -64.979142
115830, -64.979183
116640, -64.979216
117450, -64.979242
118260, -64.979259
119070, -64.979270
119880, -64.979273
120690, -64.979268
121500, -64.979258
122310, -64.979240
123120, -64.979216
123930, -64.979186
124740, -64.979151
125550, -64.979109
126360, -64.979062
127170, -64.979010
127980, -64.978953
128790, -64.978891
129600, -64.978825
130410, -64.978754
131220, -64.978679
132030, -64.978600
132840, -64.978518
133650, -64.978432
134460, -64.978343
135270, -64.978251
136080, -64.978156
136890, -64.978058
137700, -64.977958
138510, -64.977856
139320, -64.977752
140130, -64.977646
140940, -64.977538
141750, -64.977429
142560, -64.977319
143370, -64.977207
144180, -64.977095
144990, -64.976982
145800, -64.976868
146610, -64.976754
147420, -64.976639
148230, -64.976524
149040, -64.976410
149850, -64.976295
150660, -64.976181
151470, -64.976067
152280, -64.975953
153090, -64.975841
153900, -64.975729
154710, -64.975618
155520, -64.975508
156330, -64.975399
157140, -64.975291
157950, -64.975185
158760, -64.975080
159570, -64.974976
160380, -64.974874
161190, -64.974774
162000, -64.974675
162810, -64.974579
163620, -64.974484
164430, -64.974390
165240, -64.974299
166050, -64.974210
166860, -64.974123
167670, -64.974038
168480, -64.973955
169290, -64.973875
170100, -64.973796
170910, -64.973720
171720, -64.973646
172530, -64.973574
173340, -64.973505
174150, -64.973438
174960, -64.973373
175770, -64.973311
176580, -64.973251
177390, -64.973193
178200, -64.973138
179010, -64.973084
179820, -64.973034
180630, -64.972985
181440, -64.972939
182250, -64.972895
183060, -64.972854
183870, -64.972815
184680, -64.972778
185490, -64.972743
186300, -64.972710
187110, -64.972680
187920, -64.972651
188730, -64.972625
189540, -64.972601
190350, -64.972579
191160, -64.972559
191970, -64.972540
192780, -64.972524
193590, -64.972510
194400, -64.972497
195210, -64.972487
196020, -64.972478
196830, -64.972470
197640, -64.972465
198450, -64.972461
199260, -64.972459
200070, -64.972458
200880, -64.972459
201690, -64.972461
202500, -64.972464
203310, -64.972469
204120, -64.972475
204930, -64.972483
205740, -64.972491
206550, -64.972501
207360, -64.972512
208170, -64.972524
208980, -64.972537
209790, -64.972551
210600, -64.972566
211410, -64.972582
212220, -64.972599
213030, -64.972616
213840, -64.972634
214650, -64.972653
215460, -64.972672
216270, -64.972693
217080, -64.972713
217890, -64.972734
218700, -64.972756
219510, -64.972778
220320, -64.972801
221130, -64.972824
221940, -64.972847
222750, -64.972870
223560, -64.972894
224370, -64.972918
225180, -64.972942
225990, -64.972966
226800, -64.972991
227610, -64.973015
228420, -64.973040
229230, -64.973064
230040, -64.973089
230850, -64.973113
231660, -64.973137
232470, -64.973162
233280, -64.973186
234090, -64.973210
234900, -64.973233
235710, -64.973257
236520, -64.973280
237330, -64.973303
238140, -64.973326
238950, -64.973349
239760, -64.973371
240570, -64.973393
241380, -64.973414
242190, -64.973435
243000, -64.973456
243810, -64.973477
244620, -64.973497
245430, -64.973516
246240, -64.973535
247050, -64.973554
247860, -64.973573
248670, -64.973590
249480, -64.973608
250290, -64.973625
251100, -64.973641
251910, -64.973657
252720, -64.973673
253530, -64.973688
254340, -64.973702
255150, -64.973716
255960, -64.973730
256770, -64.973743
257580, -64.973755
258390, -64.973768
259200, -64.973779
260010, -64.973790
260820, -64.973801
261630, -64.973811
262440, -64.973820
263250, -64.973830
264060, -64.973838
264870, -64.973846
265680, -64.973854
266490, -64.973861
267300, -64.973868
268110, -64.973874
268920, -64.973880
269730, -64.973886
270540, -64.973891
271350, -64.973895
272160, -64.973899
272970, -64.973903
273780, -64.973906
274590, -64.973909
275400, -64.973912
276210, -64.973914
277020, -64.973916
277830, -64.973917
278640, -64.973919
279450, -64.973919
280260, -64.973920
281070, -64.973920
281880, -64.973920
282690, -64.973919
283500, -64.973918
284310, -64.973917
285120, -64.973916
285930, -64.973914
286740, -64.973913
287550, -64.973911
288360, -64.973908
289170, -64.973906
289980, -64.973903
290790, -64.973900
291600, -64.973897
292410, -64.973894
293220, -64.973890
294030, -64.973886
294840, -64.973883
295650, -64.973879
296460, -64.973875
297270, -64.973870
298080, -64.973866
298890, -64.973862
299700, -64.973857
300510, -64.973853
301320, -64.973848
302130, -64.973843
302940, -64.973838
303750, -64.973834
304560, -64.973829
305370, -64.973824
306180, -64.973819
306990, -64.973814
307800, -64.973809
308610, -64.973804
309420, -64.973799
310230, -64.973794
311040, -64.973788
311850, -64.973783
312660, -64.973778
313470, -64.973773
314280, -64.973768
315090, -64.973764
315900, -64.973759
316710, -64.973754
317520, -64.973749
318330, -64.973744
319140, -64.973740
319950, -64.973735
320760, -64.973731
321570, -64.973726
322380, -64.973722
323190, -64.973717
324000, -64.973713
324810, -64.973709
325620, -64.973705
326430, -64.973701
327240, -64.973697
328050, -64.973693
328860, -64.973689
329670, -64.973686
330480, -64.973682
331290, -64.973679
332100, -64.973676
332910, -64.973672
333720, -64.973669
334530, -64.973666
335340, -64.973663
336150, -64.973660
336960, -64.973658
337770, -64.973655
338580, -64.973653
339390, -64.973650
340200, -64.973648
341010, -64.973646
341820, -64.973644
342630, -64.973642
343440, -64.973640
344250, -64.973638
345060, -64.973636
345870, -64.973635
346680, -64.973633
347490, -64.973632
348300, -64.973631
349110, -64.973629
349920, -64.973628
350730, -64.973627
351540, -64.973626
352350, -64.973625
353160, -64.973625
353970, -64.973624
354780, -64.973623
355590, -64.973623
356400, -64.973622
357210, -64.973622
358020, -64.973622
358830, -64.973622
359640, -64.973622
360450, -64.973621
361260, -64.973621
362070, -64.973622
362880, -64.973622
363690, -64.973622
364500, -64.973622
365310, -64.973622
366120, -64.973623
366930, -64.973623
367740, -64.973624
368550, -64.973624
369360, -64.973625
370170, -64.973625
370980, -64.973626
371790, -64.973627
372600, -64.973628
373410, -64.973628
374220, -64.973629
375030, -64.973630
375840, -64.973631
376650, -64.973632
377460, -64.973633
378270, -64.973634
379080, -64.973635
379890, -64.973636
380700, -64.973637
381510, -64.973638
382320, -64.973639
383130, -64.973640
383940, -64.973641
384750, -64.973642
385560, -64.973643
386370, -64.973644
387180, -64.973645
387990, -64.973646
388800, -64.973647
389610, -64.973648
390420, -64.973650
391230, -64.973651
392040, -64.973652
392850, -64.973653
393660, -64.973654
394470, -64.973655
395280, -64.973656
396090, -64.973657
396900, -64.973658
397710, -64.973659
398520, -64.973660
399330, -64.973661
400140, -64.973662
400950, -64.973663
401760, -64.973664
402570, -64.973665
403380, -64.973666
404190, -64.973667
405000, -64.973668
405810, -64.973669
406620, -64.973670
407430, -64.973671
408240, -64.973672
409050, -64.973672
409860, -64.973673
410670, -64.973674
411480, -64.973675
412290, -64.973675
413100, -64.973676
413910, -64.973677
414720, -64.973678
415530, -64.973678
416340, -64.973679
417150, -64.973679
417960, -64.973680
418770, -64.973681
419580, -64.973681
420390, -64.973682
421200, -64.973682
422010, -64.973683
422820, -64.973683
423630, -64.973684
424440, -64.973684
425250, -64.973684
426060, -64.973685
426870, -64.973685
427680, -64.973685
428490, -64.973686
429300, -64.973686
430110, -64.973686
430920, -64.973686
431730, -64.973687
432540, -64.973687
433350, -64.973687
434160, -64.973687
434970, -64.973687
435780, -64.973688
436590, -64.973688
437400, -64.973688
438210, -64.973688
439020, -64.973688
439830, -64.973688
440640, -64.973688
441450, -64.973688
442260, -64.973688
443070, -64.973688
443880, -64.973688
444690, -64.973688
445500, -64.973688
446310, -64.973688
447120, -64.973688
447930, -64.973688
448740, -64.973688
449550, -64.973688
450360, -64.973688
451170, -64.973687
451980, -64.973687
452790, -64.973687
453600, -64.973687
454410, -64.973687
455220, -64.973687
456030, -64.973687
456840, -64.973686
457650, -64.973686
458460, -64.973686
459270, -64.973686
460080, -64.973686
460890, -64.973685
461700, -64.973685
462510, -64.973685
463320, -64.973685
464130, -64.973685
464940, -64.973684
465750, -64.973684
466560, -64.973684
467370, -64.973684
468180, -64.973684
468990, -64.973683
469800, -64.973683
470610, -64.973683
471420, -64.973683
472230, -64.973682
473040, -64.973682
473850, -64.973682
474660, -64.973682
475470, -64.973682
476280, -64.973681
477090, -64.973681
477900, -64.973681
478710, -64.973681
479520, -64.973681
480330, -64.973680
481140, -64.973680
481950, -64.973680
482760, -64.973680
483570, -64.973680
484380, -64.973679
485190, -64.973679
486000, -64.973679
486810, -64.973679
487620, -64.973679
488430, -64.973679
489240, -64.973678
490050, -64.973678
490860, -64.973678
491670, -64.973678
492480, -64.973678
493290, -64.973678
494100, -64.973678
494910, -64.973677
495720, -64.973677
496530, -64.973677
497340, -64.973677
498150, -64.973677
498960, -64.973677
499770, -64.973677
500580, -61.208750
501390, -57.603590
502200, -54.084724
503010, -50.531203
503820, -46.699541
504630, -42.134932
505440, -35.934023
506250, -26.273458
507060, -9.567100
507870, 17.991361
508680, 43.521999
509490, 45.139953
510300, 42.783523
511110, 40.300384
511920, 37.109168
512730, 33.541578
513540, 29.655012
514350, 25.552006
515160, 21.315603
515970, 17.010860
516780, 12.696566
517590, 8.410459
518400, 4.186659
519210, 0.041321
520020, -4.009580
520830, -7.964536
521640, -11.819067
522450, -15.581068
523260, -19.254535
524070, -22.856329
524880, -26.403484
525690, -29.932871
526500, -33.485811
527310, -37.132574
528120, -40.951443
528930, -45.043337
529740, -49.490490
530550, -54.309658
531360, -59.317294
532170, -64.014910
532980, -67.684788
533790, -69.935409
534600, -71.009738
535410, -71.403102
536220, -71.465178
537030, -71.380592
537840, -71.226350
538650, -71.041353
539460, -70.836762
540270, -70.623197
541080, -70.399741
541890, -70.171791
542700, -69.936124
543510, -69.697092
544320, -69.450989
545130, -69.201949
545940, -68.946185
546750, -68.687791
547560, -68.422958
548370, -68.155784
549180, -67.882495
549990, -67.607198
550800, -67.326117
551610, -67.043384
552420, -66.755270
553230, -66.465888
554040, -66.171503
554850, -65.876282
555660, -65.576502
556470, -65.276285
557280, -64.971931
558090, -64.667617
558900, -64.359563
559710, -64.051913
560520, -63.740987
561330, -63.430840
562140, -63.117709
562950, -62.805741
563760, -62.491115
564570, -62.177841
565380, -61.862158
566190, -61.548064
567000, -61.231608
567810, -60.916787
568620, -60.599723
569430, -60.284148
570240, -59.966105
571050, -59.649513
571860, -59.330063
572670, -59.011474
573480, -58.689761
574290, -58.368207
575100, -58.042490
575910, -57.716271
576720, -57.384776
577530, -57.051194
578340, -56.711108
579150, -56.367143
579960, -56.014249
580770, -55.655414
581580, -55.284657
582390, -54.904100
583200, -54.507859
584010, -54.096686
584820, -53.663830
585630, -53.208713
586440, -52.722600
587250, -52.202944
588060, -51.637939
588870, -51.020883
589680, -50.335089
590490, -49.565637
591300, -48.684373
592110, -47.661968
592920, -46.447644
593730, -44.978068
594540, -43.152172
595350, -40.827484
596160, -37.781364
596970, -33.692282
597780, -28.097888
598590, -20.459902
599400, -10.481623
600210, 0.957202
601020, 10.893372
601830, 16.076767
602640, 16.433394
603450, 13.988802
604260, 10.280626
605070, 6.042283
605880, 1.624300
606690, -2.804240
607500, -7.150962
608310, -11.376993
609120, -15.461549
609930, -19.406791
610740, -23.218679
611550, -26.921473
612360, -30.543898
613170, -34.137561
613980, -37.759115
614790, -41.487114
615600, -45.395316
616410, -49.545775
617220, -53.925096
618030, -58.382398
618840, -62.546776
619650, -65.931832
620460, -68.222601
621270, -69.506638
622080, -70.098318
622890, -70.296807
623700, -70.284915
624510, -70.167045
625320, -69.990296
626130, -69.783950
626940, -69.556951
627750, -69.319702
628560, -69.071818
629370, -68.819036
630180, -68.558594
630990, -68.294998
631800, -68.024864
632610, -67.752374
633420, -67.473951
634230, -67.193674
635040, -66.907949
635850, -66.620837
636660, -66.328711
637470, -66.035633
638280, -65.738022
639090, -65.439904
639900, -65.137677
640710, -64.835421
641520, -64.529524
642330, -64.224011
643140, -63.915299
643950, -63.607437
644760, -63.296749
645570, -62.987266
646380, -62.675400
647190, -62.365037
648000, -62.052506
648810, -61.741827
649620, -61.429192
650430, -61.118472
651240, -60.805986
652050, -60.495511
652860, -60.183157
653670, -59.872769
654480, -59.560458
655290, -59.249781
656100, -58.936827
656910, -58.625293
657720, -58.310885
658530, -57.997126
659340, -57.680063
660150, -57.362707
660960, -57.040728
661770, -56.717577
662580, -56.388412
663390, -56.056147
664200, -55.716315
665010, -55.371207
665820, -55.015625
666630, -54.652197
667440, -54.274667
668250, -53.884642
669060, -53.475801
669870, -53.048160
670680, -52.594391
671490, -52.112553
672300, -51.592938
673110, -51.030758
673920, -50.412559
674730, -49.727785
675540, -48.955020
676350, -48.074603
677160, -47.049748
677970, -45.838696
678780, -44.372804
679590, -42.562617
680400, -40.268882
681210, -37.296953
682020, -33.357152
682830, -28.068077
683640, -21.000155
684450, -11.972250
685260, -1.725739
686070, 7.407230
686880, 12.704207
687690, 13.622948
688500, 11.623242
689310, 8.153830
690120, 4.038845
690930, -0.317192
691740, -4.705332
692550, -9.024984
693360, -13.221646
694170, -17.279373
694980, -21.192248
695790, -24.975426
696600, -28.649115
697410, -32.256157
698220, -35.844480
699030, -39.483913
699840, -43.245753
700650, -47.202726
701460, -51.383560
702270, -55.729389
703080, -60.006234
703890, -63.805572
704700, -66.697572
705510, -68.539818
706320, -69.519852
707130, -69.947969
707940, -70.062112
708750, -70.011419
709560, -69.870255
710370, -69.682624
711180, -69.465422
711990, -69.233076
712800, -68.987500
713610, -68.735507
714420, -68.475086
715230, -68.211008
716040, -67.940202
716850, -67.666863
717660, -67.387594
718470, -67.106420
719280, -66.819882
720090, -66.531943
720900, -66.239103
721710, -65.945336
722520, -65.647159
723330, -65.348502
724140, -65.045879
724950, -64.743275
725760, -64.437159
726570, -64.131470
727380, -63.822740
728190, -63.514882
729000, -63.204349
729810, -62.895080
730620, -62.583547
731430, -62.273560
732240, -61.961575
733050, -61.651486
733860, -61.339567
734670, -61.029617
735480, -60.718077
736290, -60.408538
737100, -60.097263
737910, -59.788025
738720, -59.476941
739530, -59.167524
740340, -58.856012
741150, -58.545881
741960, -58.233018
742770, -57.920897
743580, -57.605536
744390, -57.289936
745200, -56.969937
746010, -56.648859
746820, -56.321920
747630, -55.992030
748440, -55.654873
749250, -55.312534
750060, -54.960050
750870, -54.599904
751680, -54.226038
752490, -53.840117
753300, -53.435868
754110, -53.013439
754920, -52.565825
755730, -52.091076
756540, -51.579936
757350, -51.027835
758160, -50.421961
758970, -49.752381
759780, -48.998861
760590, -48.143215
761400, -47.150584
762210, -45.982338
763020, -44.575684
763830, -42.848210
764640, -40.673155
765450, -37.873688
766260, -34.186902
767070, -29.262760
767880, -22.688111
768690, -14.213155
769500, -4.305570
770310, 5.114500
771120, 11.303322
771930, 13.123449
772740, 11.683439
773550, 8.493044
774360, 4.503390
775170, 0.195052
775980, -4.184324
776790, -8.514515
777600, -12.730939
778410, -16.810701
779220, -20.744704
780030, -24.546077
780840, -28.233544
781650, -31.846230
782460, -35.431001
783270, -39.056341
784080, -42.791658
784890, -46.711457
785700, -50.850446
786510, -55.165734
787320, -59.448914
788130, -63.313792
788940, -66.324568
789750, -68.293837
790560, -69.370996
791370, -69.859769
792180, -70.008255
792990, -69.976198
793800, -69.845091
794610, -69.662826
795420, -69.448547
796230, -69.217722
797040, -68.972973
797850, -68.721341
798660, -68.461099
799470, -68.197015
800280, -67.926182
801090, -67.652723
801900, -67.373365
802710, -67.092043
803520, -66.805409
804330, -66.517327
805140, -66.224403
805950, -65.930512
806760, -65.632273
807570, -65.333517
808380, -65.030861
809190, -64.728191
810000, -64.422072
810810, -64.116347
811620, -63.807650
812430, -63.499787
813240, -63.189317
814050, -62.880081
814860, -62.568643
815670, -62.258719
816480, -61.946868
817290, -61.636874
818100, -61.325117
818910, -61.015301
819720, -60.703971
820530, -60.394601
821340, -60.083565
822150, -59.774539
822960, -59.463726
823770, -59.154549
824580, -58.843353
825390, -58.533496
826200, -58.220979
827010, -57.909184
827820, -57.594209
828630, -57.278972
829440, -56.959424
830250, -56.638765
831060, -56.312332
831870, -55.982949
832680, -55.646383
833490, -55.304642
834300, -54.952881
835110, -54.593473
835920, -54.220490
836730, -53.835523
837540, -53.432405
838350, -53.011226
839160, -52.565124
839970, -52.092094
840780, -51.583047
841590, -51.033411
842400, -50.430584
843210, -49.764726
844020, -49.015978
844830, -48.166320
845640, -47.181528
846450, -46.023626
847260, -44.631133
848070, -42.923365
848880, -40.776491
849690, -38.017631
850500, -34.389884
851310, -29.550250
852120, -23.089557
852930, -14.742785
853740, -4.920273
854550, 4.556092
855360, 10.953072
856170, 13.001186
856980, 11.709180
857790, 8.594021
858600, 4.638529
859410, 0.343517
860220, -4.033244
861030, -8.365808
861840, -12.587268
862650, -16.673021
863460, -20.613030
864270, -24.419552
865080, -28.110728
865890, -31.724944
866700, -35.309387
867510, -38.931188
868320, -42.659906
869130, -46.570142
869940, -50.698358
870750, -55.005620
871560, -59.291870
872370, -63.176203
873180, -66.221191
873990, -68.226939
874800, -69.332090
875610, -69.838308
876420, -69.996669
877230, -69.969931
878040, -69.841725
878850, -69.661000
879660, -69.447611
880470, -69.217248
881280, -68.972806
882090, -68.721317
882900, -68.461201
883710, -68.197158
884520, -67.926391
885330, -67.652937
886140, -67.373624
886950, -67.092294
887760, -66.805698
888570, -66.517602
889380, -66.224714
890190, -65.930808
891000, -65.632603
891810, -65.333832
892620, -65.031211
893430, -64.728527
894240, -64.422444
895050, -64.116706
895860, -63.808047
896670, -63.500173
897480, -63.189743
898290, -62.880499
899100, -62.569104
899910, -62.259176
900720, -61.947371
901530, -61.637377
902340, -61.325672
903150, -61.015862
903960, -60.704588
904770, -60.395231
905580, -60.084259
906390, -59.775253
907200, -59.464514
908010, -59.155368
908820, -58.844256
909630, -58.534442
910440, -58.222025
911250, -57.910288
912060, -57.595431
912870, -57.280274
913680, -56.960866
914490, -56.640313
915300, -56.314051
916110, -55.984807
916920, -55.648453
917730, -55.306899
918540, -54.955401
919350, -54.596245
920160, -54.223603
920970, -53.838972
921780, -53.436304
922590, -53.015596
923400, -52.570090
924210, -52.097723
925020, -51.589516
925830, -51.040858
926640, -50.439267
927450, -49.774902
928260, -49.028119
929070, -48.180879
929880, -47.199276
930690, -46.045535
931500, -44.658680
932310, -42.958718
933120, -40.822975
933930, -38.079951
934740, -34.474818
935550, -29.666965
936360, -23.248054
937170, -14.947460
937980, -5.150949
938790, 4.353477
939600, 10.835902
940410, 12.974018
941220, 11.739623
942030, 8.653445
942840, 4.710858
943650, 0.420678
944460, -3.955467
945270, -8.289418
946080, -12.513228
946890, -16.601709
947700, -20.544501
948510, -24.353423
949320, -28.046391
950130, -31.661382
950940, -35.245816
951750, -38.866099
952560, -42.592027
953370, -46.498096
954180, -50.621805
954990, -54.926171
955800, -59.214554
956610, -63.109632
957420, -66.172499
958230, -68.196776
959040, -69.315903
959850, -69.830672
960660, -69.993825
961470, -69.969623
962280, -69.842818
963090, -69.662827
963900, -69.449896
964710, -69.219772
965520, -68.975524
966330, -68.724129
967140, -68.464126
967950, -68.200129
968760, -67.929447
969570, -67.656021
970380, -67.376780
971190, -67.095470
972000, -66.808937
972810, -66.520855
973620, -66.228024
974430, -65.934126
975240, -65.635974
976050, -65.337205
976860, -65.034632
977670, -64.731945
978480, -64.425904
979290, -64.120159
980100, -63.811537
980910, -63.503653
981720, -63.193257
982530, -62.883997
983340, -62.572634
984150, -62.262689
984960, -61.950913
985770, -61.640900
986580, -61.329224
987390, -61.019393
988200, -60.708146
989010, -60.398769
989820, -60.087827
990630, -59.778802
991440, -59.468097
992250, -59.158939
993060, -58.847866
993870, -58.538049
994680, -58.225681
995490, -57.913950
996300, -57.599156
997110, -57.284022
997920, -56.964691
998730, -56.644182
999540, -56.318023
1000350, -55.988845
1001160, -55.652625
1001970, -55.311177
1002780, -54.959849
1003590, -54.600848
1004400, -54.228437
1005210, -53.844019
1006020, -53.441661
1006830, -53.021268
1007640, -52.576173
1008450, -52.104259
1009260, -51.596639
1010070, -51.048661
1010880, -50.447942
1011690, -49.784623
1012500, -49.039244
1013310, -48.193707
1014120, -47.214361
1014930, -46.063543
1015740, -44.680651
1016550, -42.986141
1017360, -40.858152
1018170, -38.126058
1018980, -34.536387
1019790, -29.749958
1020600, -23.358664
1021410, -15.087484
1022220, -5.306239
1023030, 4.220881
1023840, 10.764978
1024650, 12.966096
1025460, 11.771269
1026270, 8.704707
1027080, 4.770691
1027890, 0.483594
1028700, -3.892360
1029510, -8.227546
1030320, -12.453169
1031130, -16.543717
1031940, -20.488641
1032750, -24.299408
1033560, -27.993780
1034370, -31.609429
1035180, -35.193915
1035990, -38.813080
1036800, -42.536941
1037610, -46.439913
1038420, -50.560363
1039230, -54.862848
1040040, -59.153388
1040850, -63.057473
1041660, -66.134895
1042470, -68.174053
1043280, -69.304310
1044090, -69.825824
1044900, -69.992735
1045710, -69.970503
1046520, -69.844792
1047330, -69.665371
1048140, -69.452809
1048950, -69.222878
1049760, -68.978800
1050570, -68.727489
1051380, -68.467595
1052190, -68.203647
1053000, -67.933051
1053810, -67.659660
1054620, -67.380495
1055430, -67.099210
1056240, -66.812745
1057050, -66.524682
1057860, -66.231913
1058670, -65.938027
1059480, -65.639931
1060290, -65.341169
1061100, -65.038645
1061910, -64.735957
1062720, -64.429960
1063530, -64.124209
1064340, -63.815625
1065150, -63.507730
1065960, -63.197367
1066770, -62.888090
1067580, -62.576756
1068390, -62.266792
1069200, -61.955040
1070010, -61.645006
1070820, -61.333354
1071630, -61.023498
1072440, -60.712270
1073250, -60.402869
1074060, -60.091948
1074870, -59.782899
1075680, -59.472218
1076490, -59.163042
1077300, -58.851997
1078110, -58.542169
1078920, -58.229840
1079730, -57.918104
1080540, -57.603363
1081350, -57.288241
1082160, -56.968974
1082970, -56.648497
1083780, -56.322428
1084590, -55.993301
1085400, -55.657200
1086210, -55.315842
1087020, -54.964664
1087830, -54.605799
1088640, -54.233597
1089450, -53.849367
1090260, -53.447293
1091070, -53.027183
1091880, -52.582463
1092690, -52.110958
1093500, -51.603876
1094310, -51.056517
1095120, -50.456597
1095930, -49.794235
1096740, -49.050145
1097550, -48.206169
1098360, -47.228894
1099170, -46.080751
1099980, -44.701484
1100790, -43.011954
1101600, -40.890965
1102410, -38.168750
1103220, -34.593035
1104030, -29.825865
1104840, -23.459244
1105650, -15.214031
1106460, -5.446214
1107270, 4.102374
1108080, 10.703120
1108890, 12.961739
1109700, 11.802878
1110510, 8.754074
1111320, 4.827772
1112130, 0.543416
1112940, -3.832424
1113750, -8.168789
1114560, -12.396111
1115370, -16.488593
1116180, -20.435514
1116990, -24.248011
1117800, -27.943706
1118610, -31.560297
1119420, -35.144871
1120230, -38.762991
1121040, -42.484931
1121850, -46.385039
1122660, -50.502500
1123470, -54.803312
1124280, -59.095974
1125090, -63.008594
1125900, -66.099747
1126710, -68.152930
1127520, -69.293675
1128330, -69.821538
1129140, -69.991980
1129950, -69.971595
1130760, -69.846911
1131570, -69.668024
1132380, -69.455811
1133190, -69.226063
1134000, -68.982147
1134810, -68.730919
1135620, -68.471131
1136430, -68.207233
1137240, -67.936723
1138050, -67.663366
1138860, -67.384277
1139670, -67.103019
1140480, -66.816622
1141290, -66.528578
1142100, -66.235871
1142910, -65.941998
1143720, -65.643958
1144530, -65.345204
1145340, -65.042729
1146150, -64.740041
1146960, -64.434087
1147770, -64.128331
1148580, -63.819784
1149390, -63.511878
1150200, -63.201547
1151010, -62.892255
1151820, -62.580949
1152630, -62.270965
1153440, -61.959236
1154250, -61.649181
1155060, -61.337551
1155870, -61.027671
1156680, -60.716460
1157490, -60.407033
1158300, -60.096133
1159110, -59.787057
1159920, -59.476399
1160730, -59.167204
1161540, -58.856184
1162350, -58.546344
1163160, -58.234052
1163970, -57.922309
1164780, -57.607617
1165590, -57.292506
1166400, -56.973298
1167210, -56.652852
1168020, -56.326868
1168830, -55.997789
1169640, -55.661803
1170450, -55.320530
1171260, -54.969497
1172070, -54.610762
1172880, -54.238763
1173690, -53.854714
1174500, -53.452915
1175310, -53.033078
1176120, -52.588721
1176930, -52.117613
1177740, -51.611050
1178550, -51.064292
1179360, -50.465147
1180170, -49.803712
1180980, -49.060874
1181790, -48.218412
1182600, -47.243144
1183410, -46.097596
1184220, -44.721842
1185030, -43.037140
1185840, -40.922848
1186650, -38.210120
1187460, -34.647823
1188270, -29.899161
1189080, -23.556223
1189890, -15.335880
1190700, -5.580844
1191510, 3.988459
1192320, 10.643702
1193130, 12.957858
1193940, 11.833798
1194750, 8.802177
1195560, 4.883336
1196370, 0.601628
1197180, -3.774106
1197990, -8.111613
1198800, -12.340580
1199610, -16.434935
1200420, -20.383791
1201230, -24.197968
1202040, -27.894949
1202850, -31.512460
1203660, -35.097128
1204470, -38.714250
1205280, -42.434345
1206090, -46.331697
1206900, -50.446287
1207710, -54.745499
1208520, -59.040226
1209330, -62.961118
1210140, -66.065375
1210950, -68.132224
1211760, -69.283251
1212570, -69.817353
1213380, -69.991269
1214190, -69.972701
1215000, -69.849026
1215810, -69.670665
1216620, -69.458794
1217430, -69.229226
1218240, -68.985470
1219050, -68.734323
1219860, -68.474641
1220670, -68.210791
1221480, -67.940366
1222290, -67.667044
1223100, -67.388030
1223910, -67.106798
1224720, -66.820468
1225530, -66.532445
1226340, -66.239799
1227150, -65.945939
1227960, -65.647954
1228770, -65.349207
1229580, -65.046781
1230390, -64.744094
1231200, -64.438183
1232010, -64.132422
1232820, -63.823910
1233630, -63.515994
1234440, -63.205695
1235250, -62.896387
1236060, -62.585108
1236870, -62.275106
1237680, -61.963399
1238490, -61.653323
1239300, -61.341714
1240110, -61.031809
1240920, -60.720616
1241730, -60.411164
1242540, -60.100282
1243350, -59.791180
1244160, -59.480546
1244970, -59.171330
1245780, -58.860335
1246590, -58.550482
1247400, -58.238226
1248210, -57.926477
1249020, -57.611832
1249830, -57.296731
1250640, -56.977582
1251450, -56.657164
1252260, -56.331263
1253070, -56.002232
1253880, -55.666349
1254690, -55.325156
1255500, -54.974260
1256310, -54.615651
1257120, -54.243848
1257930, -53.859975
1258740, -53.458444
1259550, -53.038874
1260360, -52.594870
1261170, -52.124150
1261980, -51.618095
1262790, -51.071923
1263600, -50.473534
1264410, -49.813005
1265220, -49.071389
1266030, -48.230404
1266840, -47.257095
1267650, -46.114079
1268460, -44.741755
1269270, -43.061762
1270080, -40.954005
1270890, -38.250534
1271700, -34.701327
1272510, -29.970722
1273320, -23.650888
1274130, -15.454821
1274940, -5.712341
1275750, 3.876959
1276560, 10.584598
1277370, 12.953301
1278180, 11.863669
1278990, 8.849101
1279800, 4.937685
1280610, 0.658632
1281420, -3.716963
1282230, -8.055571
1283040, -12.286139
1283850, -16.382322
1284660, -20.333069
1285470, -24.148888
1286280, -27.847130
1287090, -31.465546
1287900, -35.050313
1288710, -38.666466
1289520, -42.384765
1290330, -46.279432
1291140, -50.391222
1291950, -54.688870
1292760, -58.985595
1293570, -62.914433
1294380, -66.031449
1295190, -68.111735
1296000, -69.272913
1296810, -69.813188
1297620, -69.990542
1298430, -69.973774
1299240, -69.851098
1300050, -69.673256
1300860, -69.461724
1301670, -69.232334
1302480, -68.988736
1303290, -68.737669
1304100, -68.478091
1304910, -68.214289
1305720, -67.943947
1306530, -67.670660
1307340, -67.391719
1308150, -67.110514
1308960, -66.824250
1309770, -66.536246
1310580, -66.243660
1311390, -65.949814
1312200, -65.651883
1313010, -65.353144
1313820, -65.050765
1314630, -64.748079
1315440, -64.442209
1316250, -64.136444
1317060, -63.827967
1317870, -63.520042
1318680, -63.209773
1319490, -62.900450
1320300, -62.589197
1321110, -62.279177
1321920, -61.967493
1322730, -61.657395
1323540, -61.345807
1324350, -61.035879
1325160, -60.724702
1325970, -60.415226
1326780, -60.104363
1327590, -59.795236
1328400, -59.484622
1329210, -59.175388
1330020, -58.864416
1330830, -58.554552
1331640, -58.242330
1332450, -57.930575
1333260, -57.615976
1334070, -57.300886
1334880, -56.981794
1335690, -56.661404
1336500, -56.335585
1337310, -56.006600
1338120, -55.670812
1338930, -55.329692
1339740, -54.978929
1340550, -54.620441
1341360, -54.248829
1342170, -53.865128
1342980, -53.463858
1343790, -53.044550
1344600, -52.600891
1345410, -52.130551
1346220, -51.624992
1347030, -51.079395
1347840, -50.481745
1348650, -49.822103
1349460, -49.081681
1350270, -48.242142
1351080, -47.270750
1351890, -46.130211
1352700, -44.761241
1353510, -43.085855
1354320, -40.984491
1355130, -38.290074
1355940, -34.753675
1356750, -30.040738
1357560, -23.743768
1358370, -15.571624
1359180, -5.841581
1359990, 3.767144
1360800, 10.526102
1361610, 12.948489
1362420, 11.892845
1363230, 8.895131
1364040, 4.991061
1364850, 0.714642
1365660, -3.660803
1366470, -8.000484
1367280, -12.232619
1368090, -16.330594
1368900, -20.283196
1369710, -24.100629
1370520, -27.800109
1371330, -31.419419
1372140, -35.004290
1372950, -38.619504
1373760, -42.336052
1374570, -46.228100
1375380, -50.337158
1376190, -54.633277
1377000, -58.931948
1377810, -62.868216
1378620, -65.997736
1379430, -68.091319
1380240, -69.262587
1381050, -69.809012
1381860, -69.989793
1382670, -69.974820
1383480, -69.853139
1384290, -69.675816
1385100, -69.464621
1385910, -69.235407
1386720, -68.991966
1387530, -68.740980
1388340, -68.481503
1389150, -68.217750
1389960, -67.947489
1390770, -67.674238
1391580, -67.395369
1392390, -67.114190
1393200, -66.827991
1394010, -66.540008
1394820, -66.247480
1395630, -65.953648
1396440, -65.655770
1397250, -65.357039
1398060, -65.054706
1398870, -64.752022
1399680, -64.446192
1400490, -64.140423
1401300, -63.831980
1402110, -63.524046
1402920, -63.213808
1403730, -62.904470
1404540, -62.593243
1405350, -62.283205
1406160, -61.971542
1406970, -61.661425
1407780, -61.349857
1408590, -61.039906
1409400, -60.728745
1410210, -60.419245
1411020, -60.108399
1411830, -59.799247
1412640, -59.488655
1413450, -59.179402
1414260, -58.868454
1415070, -58.558578
1415880, -58.246389
1416690, -57.934628
1417500, -57.620075
1418310, -57.304995
1419120, -56.985958
1419930, -56.665598
1420740, -56.339858
1421550, -56.010919
1422360, -55.675224
1423170, -55.334176
1423980, -54.983543
1424790, -54.625175
1425600, -54.253750
1426410, -53.870219
1427220, -53.469206
1428030, -53.050156
1428840, -52.606837
1429650, -52.136870
1430460, -51.631800
1431270, -51.086769
1432080, -50.489846
1432890, -49.831077
1433700, -49.091832
1434510, -48.253716
1435320, -47.284211
1436130, -46.146110
1436940, -44.780442
1437750, -43.109592
1438560, -41.014519
1439370, -38.328939
1440180, -34.805074
1440990, -30.109444
1441800, -23.835051
1442610, -15.686445
1443420, -5.968660
1444230, 3.659028
1445040, 10.468353
1445850, 12.943630
1446660, 11.921554
1447470, 8.940500
1448280, 5.043691
1449090, 0.769826
1449900, -3.605430
1450710, -7.946135
1451520, -12.179964
1452330, -16.279641
1453140, -20.234004
1453950, -24.052976
1454760, -27.753641
1455570, -31.373808
1456380, -34.958765
1457190, -38.573261
1458000, -42.288109
1458810, -46.177575
1459620, -50.283940
1460430, -54.578544
1461240, -58.879101
1462050, -62.822634
1462860, -65.964429
1463670, -68.071017
1464480, -69.252273
1465290, -69.804812
1466100, -69.989007
1466910, -69.975824
1467720, -69.855134
1468530, -69.678328
1469340, -69.467467
1470150, -69.238431
1470960, -68.995145
1471770, -68.744238
1472580, -68.484862
1473390, -68.221157
1474200, -67.950977
1475010, -67.677760
1475820, -67.398962
1476630, -67.117809
1477440, -66.831674
1478250, -66.543711
1479060, -66.251241
1479870, -65.957423
1480680, -65.659597
1481490, -65.360874
1482300, -65.058587
1483110, -64.755904
1483920, -64.450114
1484730, -64.144342
1485540, -63.835933
1486350, -63.527990
1487160, -63.217780
1487970, -62.908428
1488780, -62.597227
1489590, -62.287172
1490400, -61.975530
1491210, -61.665393
1492020, -61.353845
1492830, -61.043871
1493640, -60.732725
1494450, -60.423202
1495260, -60.112373
1496070, -59.803197
1496880, -59.492625
1497690, -59.183354
1498500, -58.872428
1499310, -58.562541
1500120, -58.250385
1500930, -57.938618
1501740, -57.624109
1502550, -57.309039
1503360, -56.990057
1504170, -56.669724
1504980, -56.344062
1505790, -56.015168
1506600, -55.679564
1507410, -55.338587
1508220, -54.988081
1509030, -54.629831
1509840, -54.258589
1510650, -53.875224
1511460, -53.474463
1512270, -53.055665
1513080, -52.612680
1513890, -52.143079
1514700, -51.638488
1515510, -51.094011
1516320, -50.497801
1517130, -49.839888
1517940, -49.101795
1518750, -48.265074
1519560, -47.297417
1520370, -46.161706
1521180, -44.799272
1521990, -43.132864
1522800, -41.043956
1523610, -38.366961
1524420, -34.855307
1525230, -30.176553
1526040, -23.924180
1526850, -15.798543
1527660, -6.092777
1528470, 3.552248
1529280, 10.410755
1530090, 12.938227
1530900, 11.949437
1531710, 8.984940
1532520, 5.095365
1533330, 0.824047
1534140, -3.550987
1534950, -7.892677
1535760, -12.128160
1536570, -16.229503
1537380, -20.185589
1538190, -24.006071
1539000, -27.707901
1539810, -31.328911
1540620, -34.913958
1541430, -38.527783
1542240, -42.240972
1543050, -46.127913
1543860, -50.231643
1544670, -54.524761
1545480, -58.827150
1546290, -62.777780
1547100, -65.931605
1547910, -68.050980
1548720, -69.242082
1549530, -69.800658
1550340, -69.988224
1551150, -69.976810
1551960, -69.857098
1552770, -69.680804
1553580, -69.470272
1554390, -69.241410
1555200, -68.998277
1556010, -68.747449
1556820, -68.488172
1557630, -68.224514
1558440, -67.954413
1559250, -67.681231
1560060, -67.402502
1560870, -67.121376
1561680, -66.835303
1562490, -66.547361
1563300, -66.254947
1564110, -65.961143
1564920, -65.663368
1565730, -65.364654
1566540, -65.062411
1567350, -64.759730
1568160, -64.453980
1568970, -64.148203
1569780, -63.839827
1570590, -63.531876
1571400, -63.221696
1572210, -62.912330
1573020, -62.601153
1573830, -62.291082
1574640, -61.979460
1575450, -61.669304
1576260, -61.357775
1577070, -61.047779
1577880, -60.736648
1578690, -60.427102
1579500, -60.116291
1580310, -59.807091
1581120, -59.496539
1581930, -59.187250
1582740, -58.876346
1583550, -58.566447
1584360, -58.254323
1585170, -57.942551
1585980, -57.628085
1586790, -57.313026
1587600, -56.994097
1588410, -56.673792
1589220, -56.348206
1590030, -56.019357
1590840, -55.683843
1591650, -55.342936
1592460, -54.992554
1593270, -54.634420
1594080, -54.263359
1594890, -53.880159
1595700, -53.479645
1596510, -53.061097
1597320, -52.618439
1598130, -52.149200
1598940, -51.645080
1599750, -51.101149
1600560, -50.505642
1601370, -49.848572
1602180, -49.111614
1602990, -48.276268
1603800, -47.310432
1604610, -46.177075
1605420, -44.817827
1606230, -43.155797
1607040, -41.072961
1607850, -38.404426
1608660, -34.904806
1609470, -30.242686
1610280, -24.012027
1611090, -15.909206
1611900, -6.215469
1612710, 3.446093
1613520, 10.353027
1614330, 12.932277
1615140, 11.976642
1615950, 9.028669
1616760, 5.146297
1617570, 0.877562
1618380, -3.497212
1619190, -7.839852
1620000, -12.076955
1620810, -16.179933
1621620, -20.137717
1622430, -23.959689
1623240, -27.662935
1624050, -31.284781
1624860, -34.869886
1625670, -38.483024
1626480, -42.194562
1627290, -46.079008
1628100, -50.180137
1628910, -54.471779
1629720, -58.775941
1630530, -62.733509
1631340, -65.899145
1632150, -68.031121
1632960, -69.231954
1633770, -69.796508
1634580, -69.987415
1635390, -69.977755
1636200, -69.859012
1637010, -69.683223
1637820, -69.473018
1638630, -69.244329
1639440, -69.001345
1640250, -68.750595
1641060, -68.491415
1641870, -68.227804
1642680, -67.957781
1643490, -67.684633
1644300, -67.405973
1645110, -67.124873
1645920, -66.838861
1646730, -66.550938
1647540, -66.258580
1648350, -65.964790
1649160, -65.667065
1649970, -65.368359
1650780, -65.066160
1651590, -64.763481
1652400, -64.457769
1653210, -64.151990
1654020, -63.843646
1654830, -63.535687
1655640, -63.225534
1656450, -62.916155
1657260, -62.605003
1658070, -62.294915
1658880, -61.983313
1659690, -61.673138
1660500, -61.361628
1661310, -61.051611
1662120, -60.740495
1662930, -60.430927
1663740, -60.120132
1664550, -59.810909
1665360, -59.500376
1666170, -59.191070
1666980, -58.880187
1667790, -58.570278
1668600, -58.258186
1669410, -57.946409
1670220, -57.631985
1671030, -57.316936
1671840, -56.998059
1672650, -56.677781
1673460, -56.352271
1674270, -56.023465
1675080, -55.688039
1675890, -55.347202
1676700, -54.996942
1677510, -54.638922
1678320, -54.268038
1679130, -53.885000
1679940, -53.484729
1680750, -53.066426
1681560, -52.624090
1682370, -52.155206
1683180, -51.651549
1683990, -51.108155
1684800, -50.513337
1685610, -49.857095
1686420, -49.121251
1687230, -48.287254
1688040, -47.323205
1688850, -46.192159
1689660, -44.836038
1690470, -43.178304
1691280, -41.101429
1692090, -38.441199
1692900, -34.953394
1693710, -30.307609
1694520, -24.098283
1695330, -16.018696
1696140, -6.337462
1696950, 3.340161
1697760, 10.295038
1698570, 12.925857
1699380, 12.003365
1700190, 9.071936
1701000, 5.196777
1701810, 0.930660
1702620, -3.443821
1703430, -7.787384
1704240, -12.026083
1705050, -16.130678
1705860, -20.090141
1706670, -23.913588
1707480, -27.618283
1708290, -31.240961
1709100, -34.826122
1709910, -38.438580
1710720, -42.148486
1711530, -46.030468
1712340, -50.129028
1713150, -54.419210
1713960, -58.725113
1714770, -62.689529
1715580, -65.866852
1716390, -68.011338
1717200, -69.221856
1718010, -69.792368
1718820, -69.986606
1719630, -69.978694
1720440, -69.860917
1721250, -69.685633
1722060, -69.475752
1722870, -69.247235
1723680, -69.004401
1724490, -68.753729
1725300, -68.494645
1726110, -68.231081
1726920, -67.961135
1727730, -67.688021
1728540, -67.409428
1729350, -67.128355
1730160, -66.842403
1730970, -66.554501
1731780, -66.262198
1732590, -65.968422
1733400, -65.670746
1734210, -65.372049
1735020, -65.069894
1735830, -64.767217
1736640, -64.461542
1737450, -64.155761
1738260, -63.847448
1739070, -63.539482
1739880, -63.229357
1740690, -62.919965
1741500, -62.608837
1742310, -62.298733
1743120, -61.987150
1743930, -61.676958
1744740, -61.365466
1745550, -61.055428
1746360, -60.744326
1747170, -60.434736
1747980, -60.123957
1748790, -59.814713
1749600, -59.504198
1750410, -59.194876
1751220, -58.884014
1752030, -58.574095
1752840, -58.262033
1753650, -57.950251
1754460, -57.635869
1755270, -57.320830
1756080, -57.002006
1756890, -56.681748
1757700, -56.356307
1758510, -56.027543
1759320, -55.692202
1760130, -55.351432
1760940, -55.001293
1761750, -54.643379
1762560, -54.272664
1763370, -53.889782
1764180, -53.489750
1764990, -53.071688
1765800, -52.629669
1766610, -52.161135
1767420, -51.657934
1768230, -51.115070
1769040, -50.520933
1769850, -49.865508
1770660, -49.130763
1771470, -48.298098
1772280, -47.335812
1773090, -46.207046
1773900, -44.854011
1774710, -43.200516
1775520, -41.129521
1776330, -38.477487
1777140, -35.001341
1777950, -30.371679
1778760, -24.183414
1779570, -16.126788
1780380, -6.459154
1781190, 3.233901
1782000, 10.236375
1782810, 12.918779
1783620, 12.029582
1784430, 9.114782
1785240, 5.246925
1786050, 0.983483
1786860, -3.390668
1787670, -7.735129
1788480, -11.975403
1789290, -16.081697
1790100, -20.042808
1790910, -23.867695
1791720, -27.573808
1792530, -31.197298
1793340, -34.782507
1794150, -38.394284
1794960, -42.102565
1795770, -45.982099
1796580, -50.078037
1797390, -54.366741
1798200, -58.674351
1799010, -62.645554
1799820, -65.834506
1800630, -67.991484
1801440, -69.211687
1802250, -69.788179
1803060, -69.985764
1803870, -69.979609
1804680, -69.862802
1805490, -69.688027
1806300, -69.478470
1807110, -69.250126
1807920, -69.007441
1808730, -68.756847
1809540, -68.497859
1810350, -68.234342
1811160, -67.964473
1811970, -67.691393
1812780, -67.412868
1813590, -67.131821
1814400, -66.845929
1815210, -66.558048
1816020, -66.265799
1816830, -65.972038
1817640, -65.674410
1818450, -65.375723
1819260, -65.073610
1820070, -64.770936
1820880, -64.465299
1821690, -64.159515
1822500, -63.851234
1823310, -63.543261
1824120, -63.233163
1824930, -62.923758
1825740, -62.612653
1826550, -62.302535
1827360, -61.990970
1828170, -61.680761
1828980, -61.369287
1829790, -61.059229
1830600, -60.748140
1831410, -60.438530
1832220, -60.127766
1833030, -59.818499
1833840, -59.508004
1834650, -59.198665
1835460, -58.887823
1836270, -58.577895
1837080, -58.265863
1837890, -57.954077
1838700, -57.639736
1839510, -57.324709
1840320, -57.005935
1841130, -56.685695
1841940, -56.360320
1842750, -56.031596
1843560, -55.696339
1844370, -55.355637
1845180, -55.005617
1845990, -54.647800
1846800, -54.277248
1847610, -53.894518
1848420, -53.494719
1849230, -53.076894
1850040, -52.635188
1850850, -52.167001
1851660, -51.664251
1852470, -51.121911
1853280, -50.528446
1854090, -49.873831
1854900, -49.140172
1855710, -48.308824
1856520, -47.348282
1857330, -46.221770
1858140, -44.871785
1858950, -43.222481
1859760, -41.157301
1860570, -38.513370
1861380, -35.048755
1862190, -30.435078
1863000, -24.267643
1863810, -16.233703
1864620, -6.579524
1865430, 3.128690
1866240, 10.178155
1867050, 12.911670
1867860, 12.055543
1868670, 9.157271
1869480, 5.296673
1870290, 1.035891
1871100, -3.337987
1871910, -7.683304
1872720, -11.925109
1873530, -16.033176
1874340, -19.995881
1875150, -23.822174
1875960, -27.529662
1876770, -31.153933
1877580, -34.739173
1878390, -38.350266
1879200, -42.056932
1880010, -45.934040
1880820, -50.027261
1881630, -54.314463
1882440, -58.623744
1883250, -62.601666
1884060, -65.802174
1884870, -67.971604
1885680, -69.201473
1886490, -69.783956
1887300, -69.984897
1888110, -69.980508
1888920, -69.864674
1889730, -69.690408
1890540, -69.481177
1891350, -69.253008
1892160, -69.010470
1892970, -68.759955
1893780, -68.501062
1894590, -68.237594
1895400, -67.967800
1896210, -67.694755
1897020, -67.416296
1897830, -67.135276
1898640, -66.849444
1899450, -66.561584
1900260, -66.269389
1901070, -65.975643
1901880, -65.678063
1902690, -65.379386
1903500, -65.077315
1904310, -64.774644
1905120, -64.469043
1905930, -64.163258
1906740, -63.855007
1907550, -63.547028
1908360, -63.236956
1909170, -62.927540
1909980, -62.616458
1910790, -62.306325
1911600, -61.994779
1912410, -61.684552
1913220, -61.373096
1914030, -61.063018
1914840, -60.751942
1915650, -60.442311
1916460, -60.131562
1917270, -59.822275
1918080, -59.511797
1918890, -59.202442
1919700, -58.891620
1920510, -58.581683
1921320, -58.269680
1922130, -57.957891
1922940, -57.643590
1923750, -57.328574
1924560, -57.009850
1925370, -56.689627
1926180, -56.364319
1926990, -56.035635
1927800, -55.700460
1928610, -55.359825
1929420, -55.009924
1930230, -54.652202
1931040, -54.281812
1931850, -53.899234
1932660, -53.499665
1933470, -53.082077
1934280, -52.640680
1935090, -52.172838
1935900, -51.670535
1936710, -51.128716
1937520, -50.535918
1938330, -49.882106
1939140, -49.149526
1939950, -48.319485
1940760, -47.360672
1941570, -46.236399
1942380, -44.889440
1943190, -43.244296
1944000, -41.184884
1944810, -38.548996
1945620, -35.095822
1946430, -30.498013
1947240, -24.351259
1948050, -16.339861
1948860, -6.699127
1949670, 3.023920
1950480, 10.119873
1951290, 12.904205
1952100, 12.081064
1952910, 9.199302
1953720, 5.345960
1954530, 1.087845
1955340, -3.285776
1956150, -7.631919
1956960, -11.875224
1957770, -15.985036
1958580, -19.949389
1959390, -23.777320
1960200, -27.486132
1961010, -31.111117
1961820, -34.696339
1962630, -38.306721
1963440, -42.011766
1964250, -45.886461
1965060, -49.976981
1965870, -54.262520
1966680, -58.573388
1967490, -62.557928
1968300, -65.769882
1969110, -67.951699
1969920, -69.191210
1970730, -69.779683
1971540, -69.983983
1972350, -69.981362
1973160, -69.866501
1973970, -69.692746
1974780, -69.483838
1975590, -69.255843
1976400, -69.013453
1977210, -68.763017
1978020, -68.504218
1978830, -68.240797
1979640, -67.971077
1980450, -67.698068
1981260, -67.419674
1982070, -67.138681
1982880, -66.852907
1983690, -66.565068
1984500, -66.272926
1985310, -65.979195
1986120, -65.681662
1986930, -65.382995
1987740, -65.080965
1988550, -64.778298
1989360, -64.472733
1990170, -64.166947
1990980, -63.858726
1991790, -63.550741
1992600, -63.240695
1993410, -62.931268
1994220, -62.620207
1995030, -62.310060
1995840, -61.998532
1996650, -61.688289
1997460, -61.376850
1998270, -61.066752
1999080, -60.755689
1999890, -60.446038
2000700, -60.135304
2001510, -59.825996
2002320, -59.515535
2003130, -59.206165
2003940, -58.895362
2004750, -58.585416
2005560, -58.273442
2006370, -57.961650
2007180, -57.647388
2007990, -57.332383
2008800, -57.013709
2009610, -56.693504
2010420, -56.368260
2011230, -56.039616
2012040, -55.704522
2012850, -55.363954
2013660, -55.014169
2014470, -54.656542
2015280, -54.286310
2016090, -53.903881
2016900, -53.504540
2017710, -53.087185
2018520, -52.646093
2019330, -52.178590
2020140, -51.676728
2020950, -51.135422
2021760, -50.543281
2022570, -49.890260
2023380, -49.158741
2024190, -48.329989
2025000, -47.372879
2025810, -46.250811
2026620, -44.906832
2027430, -43.265784
2028240, -41.212053
2029050, -38.584087
2029860, -35.142184
2030670, -30.560009
2031480, -24.433637
2032290, -16.444480
2033100, -6.817101
2033910, 2.920333
2034720, 10.061367
2035530, 12.896030
2036340, 12.105791
2037150, 9.240551
2037960, 5.394492
2038770, 1.139071
2039580, -3.234263
2040390, -7.581205
2041200, -11.825980
2042010, -15.937511
2042820, -19.903653
2043630, -23.733176
2044440, -27.443256
2045250, -31.068913
2046060, -34.654096
2046870, -38.263764
2047680, -41.967202
2048490, -45.839520
2049300, -49.927360
2050110, -54.211036
2050920, -58.523390
2051730, -62.514425
2052540, -65.737691
2053350, -67.931798
2054160, -69.180910
2054970, -69.775360
2055780, -69.983013
2056590, -69.982158
2057400, -69.868269
2058210, -69.695024
2059020, -69.486439
2059830, -69.258618
2060640, -69.016374
2061450, -68.766016
2062260, -68.507309
2063070, -68.243935
2063880, -67.974289
2064690, -67.701314
2065500, -67.422984
2066310, -67.142018
2067120, -66.856301
2067930, -66.568483
2068740, -66.276392
2069550, -65.982676
2070360, -65.685190
2071170, -65.386532
2071980, -65.084543
2072790, -64.781880
2073600, -64.476350
2074410, -64.170562
2075220, -63.862371
2076030, -63.554380
2076840, -63.244359
2077650, -62.934921
2078460, -62.623882
2079270, -62.313722
2080080, -62.002211
2080890, -61.691950
2081700, -61.380525
2082510, -61.070408
2083320, -60.759357
2084130, -60.449688
2084940, -60.138967
2085750, -59.829639
2086560, -59.519195
2087370, -59.209811
2088180, -58.899028
2088990, -58.589073
2089800, -58.277128
2090610, -57.965332
2091420, -57.651110
2092230, -57.336116
2093040, -57.017490
2093850, -56.697302
2094660, -56.372122
2095470, -56.043517
2096280, -55.708502
2097090, -55.368000
2097900, -55.018328
2098710, -54.660795
2099520, -54.290718
2100330, -53.908435
2101140, -53.509317
2101950, -53.092190
2102760, -52.651397
2103570, -52.184226
2104380, -51.682795
2105190, -51.141992
2106000, -50.550494
2106810, -49.898248
2107620, -49.167769
2108430, -48.340277
2109240, -47.384835
2110050, -46.264924
2110860, -44.923863
2111670, -43.286824
2112480, -41.238655
2113290, -38.618443
2114100, -35.187573
2114910, -30.620708
2115720, -24.514301
2116530, -16.546949
2117340, -6.932745
2118150, 2.818563
2118960, 10.003415
2119770, 12.887487
2120580, 12.129692
2121390, 9.280776
2122200, 5.441925
2123010, 1.189179
2123820, -3.183854
2124630, -7.531567
2125440, -11.777775
2126250, -15.890986
2127060, -19.858877
2127870, -23.689957
2128680, -27.401278
2129490, -31.027595
2130300, -34.612745
2131110, -38.221719
2131920, -41.923596
2132730, -45.793598
2133540, -49.878821
2134350, -54.160668
2135160, -58.474456
2135970, -62.471807
2136780, -65.706106
2137590, -67.912242
2138400, -69.170772
2139210, -69.771094
2140020, -69.982046
2140830, -69.982928
2141640, -69.869994
2142450, -69.697251
2143260, -69.488983
2144070, -69.261333
2144880, -69.019231
2145690, -68.768949
2146500, -68.510333
2147310, -68.247006
2148120, -67.977431
2148930, -67.704490
2149740, -67.426222
2150550, -67.145283
2151360, -66.859622
2152170, -66.571824
2152980, -66.279783
2153790, -65.986082
2154600, -65.688641
2155410, -65.389994
2156220, -65.088044
2157030, -64.785384
2157840, -64.479888
2158650, -64.174100
2159460, -63.865937
2160270, -63.557940
2161080, -63.247945
2161890, -62.938496
2162700, -62.627478
2163510, -62.317305
2164320, -62.005810
2165130, -61.695531
2165940, -61.384121
2166750, -61.073986
2167560, -60.762946
2168370, -60.453258
2169180, -60.142551
2169990, -59.833204
2170800, -59.522777
2171610, -59.213379
2172420, -58.902614
2173230, -58.592652
2174040, -58.280735
2174850, -57.968936
2175660, -57.654751
2176470, -57.339769
2177280, -57.021191
2178090, -56.701020
2178900, -56.375901
2179710, -56.047335
2180520, -55.712398
2181330, -55.371960
2182140, -55.022400
2182950, -54.664957
2183760, -54.295032
2184570, -53.912894
2185380, -53.513993
2186190, -53.097090
2187000, -52.656589
2187810, -52.189744
2188620, -51.688735
2189430, -51.148424
2190240, -50.557556
2191050, -49.906067
2191860, -49.176605
2192670, -48.350348
2193480, -47.396538
2194290, -46.278739
2195100, -44.940533
2195910, -43.307418
2196720, -41.264691
2197530, -38.652070
2198340, -35.232001
2199150, -30.680125
2199960, -24.593274
2200770, -16.647301
2201580, -7.046095
2202390, 2.718062
2203200, 9.945705
2204010, 12.878254
2204820, 12.152670
2205630, 9.320037
2206440, 5.488399
2207250, 1.238352
2208060, -3.134348
2208870, -7.482799
2209680, -11.730404
2210490, -15.845258
2211300, -19.814864
2212110, -23.647473
2212920, -27.360011
2213730, -30.986979
2214540, -34.572185
2215350, -38.180492
2216160, -41.880839
2216970, -45.748570
2217780, -49.831227
2218590, -54.111273
2219400, -58.426443
2220210, -62.429946
2221020, -65.675032
2221830, -67.892964
2222640, -69.160757
2223450, -69.766865
2224260, -69.981067
2225070, -69.983663
2225880, -69.871671
2226690, -69.699422
2227500, -69.491466
2228310, -69.263984
2229120, -69.022022
2229930, -68.771816
2230740, -68.513289
2231550, -68.250007
2232360, -67.980502
2233170, -67.707594
2233980, -67.429387
2234790, -67.148474
2235600, -66.862867
2236410, -66.575089
2237220, -66.283098
2238030, -65.989412
2238840, -65.692015
2239650, -65.393377
2240460, -65.091465
2241270, -64.788810
2242080, -64.483347
2242890, -64.177558
2243700, -63.869423
2244510, -63.561421
2245320, -63.251449
2246130, -62.941991
2246940, -62.630994
2247750, -62.320807
2248560, -62.009329
2249370, -61.699033
2250180, -61.387637
2250990, -61.077483
2251800, -60.766455
2252610, -60.456749
2253420, -60.146056
2254230, -59.836690
2255040, -59.526280
2255850, -59.216868
2256660, -58.906121
2257470, -58.596152
2258280, -58.284261
2259090, -57.972460
2259900, -57.658313
2260710, -57.343342
2261520, -57.024810
2262330, -56.704656
2263140, -56.379598
2263950, -56.051071
2264760, -55.716209
2265570, -55.375834
2266380, -55.026383
2267190, -54.669031
2268000, -54.299254
2268810, -53.917256
2269620, -53.518570
2270430, -53.101886
2271240, -52.661671
2272050, -52.195145
2272860, -51.694549
2273670, -51.154721
2274480, -50.564469
2275290, -49.913724
2276100, -49.185259
2276910, -48.360211
2277720, -47.407999
2278530, -46.292270
2279340, -44.956861
2280150, -43.327590
2280960, -41.290195
2281770, -38.685011
2282580, -35.275525
2283390, -30.738344
2284200, -24.670666
2285010, -16.745681
2285820, -7.157318
2286630, 2.618497
2287440, 9.887983
2288250, 12.868424
2289060, 12.174832
2289870, 9.358417
2290680, 5.533981
2291490, 1.286644
2292300, -3.085699
2293110, -7.434860
2293920, -11.683830
2294730, -15.800296
2295540, -19.771585
2296350, -23.605696
2297160, -27.319431
2297970, -30.947038
2298780, -34.532486
2299590, -38.140160
2300400, -41.839007
2301210, -45.704509
2302020, -49.784647
2302830, -54.062919
2303640, -58.379417
2304450, -62.388901
2305260, -65.644511
2306070, -67.873992
2306880, -69.150877
2307690, -69.762675
2308500, -69.980078
2309310, -69.984360
2310120, -69.873295
2310930, -69.701532
2311740, -69.493882
2312550, -69.266565
2313360, -69.024740
2314170, -68.774608
2314980, -68.516168
2315790, -68.252930
2316600, -67.983493
2317410, -67.710618
2318220, -67.432470
2319030, -67.151583
2319840, -66.866029
2320650, -66.578271
2321460, -66.286328
2322270, -65.992656
2323080, -65.695302
2323890, -65.396673
2324700, -65.094799
2325510, -64.792148
2326320, -64.486717
2327130, -64.180928
2327940, -63.872820
2328750, -63.564813
2329560, -63.254865
2330370, -62.945396
2331180, -62.634419
2331990, -62.324221
2332800, -62.012759
2333610, -61.702445
2334420, -61.391063
2335230, -61.080891
2336040, -60.769875
2336850, -60.460151
2337660, -60.149471
2338470, -59.840087
2339280, -59.529693
2340090, -59.220269
2340900, -58.909540
2341710, -58.599563
2342520, -58.287699
2343330, -57.975896
2344140, -57.661785
2344950, -57.346825
2345760, -57.028338
2346570, -56.708201
2347380, -56.383203
2348190, -56.054712
2349000, -55.719925
2349810, -55.379612
2350620, -55.030267
2351430, -54.673002
2352240, -54.303371
2353050, -53.921511
2353860, -53.523033
2354670, -53.106563
2355480, -52.666628
2356290, -52.200414
2357100, -51.700221
2357910, -51.160864
2358720, -50.571214
2359530, -49.921195
2360340, -49.193701
2361150, -48.369834
2361960, -47.419182
2362770, -46.305472
2363580, -44.972792
2364390, -43.347272
2365200, -41.315079
2366010, -38.717154
2366820, -35.317998
2367630, -30.795161
2368440, -24.746209
2369250, -16.841739
2370060, -7.266009
2370870, 2.520989
2371680, 9.831159
2372490, 12.858404
2373300, 12.196183
2374110, 9.395696
2374920, 5.578341
2375730, 1.333674
2376540, -3.038307
2377350, -7.388152
2378160, -11.638447
2378970, -15.756481
2379780, -19.729409
2380590, -23.564983
2381400, -27.279884
2382210, -30.908118
2383020, -34.493804
2383830, -38.100868
2384640, -41.798262
2385450, -45.661602
2386260, -49.739294
2387070, -54.015838
2387880, -58.333615
2388690, -62.348890
2389500, -65.614720
2390310, -67.855447
2391120, -69.141208
2391930, -69.758568
2392740, -69.979100
2393550, -69.985033
2394360, -69.874874
2395170, -69.703586
2395980, -69.496236
2396790, -69.269080
2397600, -69.027389
2398410, -68.777330
2399220, -68.518973
2400030, -68.255779
2400840, -67.986409
2401650, -67.713565
2402460, -67.435476
2403270, -67.154612
2404080, -66.869110
2404890, -66.581372
2405700, -66.289475
2406510, -65.995817
2407320, -65.698505
2408130, -65.399886
2408940, -65.098049
2409750, -64.795401
2410560, -64.490002
2411370, -64.184212
2412180, -63.876131
2412990, -63.568119
2413800, -63.258194
2414610, -62.948716
2415420, -62.637758
2416230, -62.327548
2417040, -62.016102
2417850, -61.705771
2418660, -61.394403
2419470, -61.084214
2420280, -60.773208
2421090, -60.463467
2421900, -60.152801
2422710, -59.843399
2423520, -59.533021
2424330, -59.223584
2425140, -58.912873
2425950, -58.602889
2426760, -58.291051
2427570, -57.979245
2428380, -57.665170
2429190, -57.350221
2430000, -57.031778
2430810, -56.711658
2431620, -56.386717
2432430, -56.058263
2433240, -55.723549
2434050, -55.383296
2434860, -55.034055
2435670, -54.676876
2436480, -54.307387
2437290, -53.925661
2438100, -53.527386
2438910, -53.111125
2439720, -52.671463
2440530, -52.205553
2441340, -51.705754
2442150, -51.166857
2442960, -50.577794
2443770, -49.928483
2444580, -49.201938
2445390, -48.379223
2446200, -47.430092
2447010, -46.318353
2447820, -44.988336
2448630, -43.366475
2449440, -41.339359
2450250, -38.748517
2451060, -35.359441
2451870, -30.850606
2452680, -24.819938
2453490, -16.935520
2454300, -7.372209
2455110, 2.425519
2455920, 9.775245
2456730, 12.848220
2457540, 12.216754
2458350, 9.431907
2459160, 5.621511
2459970, 1.379475
2460780, -2.992138
2461590, -7.342659
2462400, -11.594236
2463210, -15.713789
2464020, -19.688308
2464830, -23.525302
2465640, -27.241339
2466450, -30.870182
2467260, -34.456104
2468070, -38.062577
2468880, -41.758562
2469690, -45.619803
2470500, -49.695119
2471310, -53.969979
2472120, -58.288718
2472930, -62.309571
2473740, -65.585383
2474550, -67.837146
2475360, -69.131641
2476170, -69.754486
2476980, -69.978106
2477790, -69.985668
2478600, -69.876402
2479410, -69.705584
2480220, -69.498529
2481030, -69.271532
2481840, -69.029972
2482650, -68.779984
2483460, -68.521710
2484270, -68.258558
2485080, -67.989253
2485890, -67.716440
2486700, -67.438407
2487510, -67.157568
2488320, -66.872117
2489130, -66.584397
2489940, -66.292546
2490750, -65.998902
2491560, -65.701631
2492370, -65.403021
2493180, -65.101219
2493990, -64.798575
2494800, -64.493208
2495610, -64.187417
2496420, -63.879361
2497230, -63.571345
2498040, -63.261442
2498850, -62.951955
2499660, -62.641017
2500470, -65.712009
2501280, -67.960297
2502090, -69.621699
2502900, -70.847988
2503710, -71.757917
2504520, -72.427761
2505330, -72.924240
2506140, -73.285899
2506950, -73.551621
2507760, -73.739495
2508570, -73.873462
2509380, -73.960710
2510190, -74.017219
2511000, -74.044356
2511810, -74.053817
2512620, -74.043815
2513430, -74.023696
2514240, -73.989926
2515050, -73.950529
2515860, -73.900978
2516670, -73.848541
2517480, -73.788114
2518290, -73.726518
2519100, -73.658313
2519910, -73.590050
2520720, -73.516082
2521530, -73.442796
2522340, -73.364419
2523150, -73.287234
2523960, -73.205391
2524770, -73.125103
2525580, -73.040473
2526390, -72.957670
2527200, -72.870762
2528010, -72.785884
2528820, -72.697086
2529630, -72.610486
2530440, -72.520125
2531250, -72.432104
2532060, -72.340457
2532870, -72.251275
2533680, -72.158588
2534490, -72.068476
2535300, -71.974966
2536110, -71.884131
2536920, -71.789986
2537730, -71.698594
2538540, -71.603982
2539350, -71.512209
2540160, -71.417302
2540970, -71.325317
2541780, -71.230282
2542590, -71.138249
2543400, -71.043246
2544210, -70.951320
2545020, -70.856492
2545830, -70.764791
2546640, -70.670246
2547450, -70.578887
2548260, -70.484749
2549070, -70.393862
2549880, -70.300261
2550690, -70.209974
2551500, -70.117036
2552310, -70.027471
2553120, -69.935317
2553930, -69.846575
2554740, -69.755271
2555550, -69.667409
2556360, -69.577028
2557170, -69.490134
2557980, -69.400769
2558790, -69.314937
2559600, -69.226683
2560410, -69.142007
2561220, -69.054955
2562030, -68.971522
2562840, -68.885747
2563650, -68.803597
2564460, -68.719106
2565270, -68.638254
2566080, -68.555090
2566890, -68.475593
2567700, -68.393817
2568510, -68.315739
2569320, -68.235415
2570130, -68.158821
2570940, -68.080014
2571750, -68.004963
2572560, -67.927731
2573370, -67.854248
2574180, -67.778554
2574990, -67.706599
2575800, -67.632441
2576610, -67.562034
2577420, -67.489444
2578230, -67.420623
2579040, -67.349642
2579850, -67.282451
2580660, -67.213123
2581470, -67.147605
2582280, -67.079972
2583090, -67.016168
2583900, -66.950269
2584710, -66.888183
2585520, -66.823960
2586330, -66.763519
2587140, -66.700932
2587950, -66.642126
2588760, -66.581184
2589570, -66.524033
2590380, -66.464761
2591190, -66.409293
2592000, -66.351721
2592810, -66.297967
2593620, -66.242126
2594430, -66.190116
2595240, -66.136034
2596050, -66.085796
2596860, -66.033501
2597670, -65.985061
2598480, -65.934562
2599290, -65.887876
2600100, -65.839082
2600910, -65.794073
2601720, -65.746946
2602530, -65.703599
2603340, -65.658141
2604150, -65.616469
2604960, -65.572695
2605770, -65.532715
2606580, -65.490645
2607390, -65.452378
2608200, -65.412033
2609010, -65.375498
2609820, -65.336895
2610630, -65.302109
2611440, -65.265264
2612250, -65.232241
2613060, -65.197167
2613870, -65.165918
2614680, -65.132624
2615490, -65.103159
2616300, -65.071652
2617110, -65.043973
2617920, -65.014255
2618730, -64.988364
2619540, -64.960420
2620350, -64.936258
2621160, -64.910001
2621970, -64.887497
2622780, -64.862881
2623590, -64.842007
2624400, -64.819015
2625210, -64.799757
2626020, -64.778378
2626830, -64.760727
2627640, -64.740953
2628450, -64.724901
2629260, -64.706720
2630070, -64.692253
2630880, -64.675651
2631690, -64.662753
2632500, -64.647713
2633310, -64.636363
2634120, -64.622861
2634930, -64.613036
2635740, -64.601046
2636550, -64.592717
2637360, -64.582208
2638170, -64.575341
2638980, -64.566278
2639790, -64.560836
2640600, -64.553179
2641410, -64.549121
2642220, -64.542827
2643030, -64.540108
2643840, -64.535130
2644650, -64.533699
2645460, -64.529987
2646270, -64.529793
2647080, -64.527290
2647890, -64.528277
2648700, -64.526927
2649510, -64.529035
2650320, -64.528778
2651130, -64.531945
2651940, -64.532717
2652750, -64.536880
2653560, -64.538616
2654370, -64.543708
2655180, -64.546341
2655990, -64.552294
2656800, -64.555755
2657610, -64.562501
2658420, -64.566721
2659230, -64.574189
2660040, -64.579098
2660850, -64.587218
2661660, -64.592746
2662470, -64.601448
2663280, -64.607524
2664090, -64.616738
2664900, -64.623293
2665710, -64.632951
2666520, -64.639916
2667330, -64.649949
2668140, -64.657258
2668950, -64.667599
2669760, -64.675186
2670570, -64.685773
2671380, -64.693574
2672190, -64.704343
2673000, -64.712299
2673810, -64.723190
2674620, -64.731241
2675430, -64.742198
2676240, -64.750289
2677050, -64.761258
2677860, -64.769336
2678670, -64.780266
2679480, -64.788282
2680290, -64.799125
2681100, -64.807033
2681910, -64.817745
2682720, -64.825503
2683530, -64.836042
2684340, -64.843611
2685150, -64.853941
2685960, -64.861284
2686770, -64.871371
2687580, -64.878457
2688390, -64.888270
2689200, -64.895070
2690010, -64.904583
2690820, -64.911072
2691630, -64.920261
2692440, -64.926417
2693250, -64.935263
2694060, -64.941068
2694870, -64.949553
2695680, -64.954991
2696490, -64.963101
2697300, -64.968160
2698110, -64.975885
2698920, -64.980556
2699730, -64.987888
2700540, -64.992164
2701350, -64.999097
2702160, -65.002974
2702970, -65.009500
2703780, -65.012964
2704590, -65.019068
2705400, -65.022108
2706210, -65.027787
2707020, -65.030405
2707830, -65.035663
2708640, -65.037865
2709450, -65.042711
2710260, -65.044507
2711070, -65.048950
2711880, -65.050352
2712690, -65.054406
2713500, -65.055426
2714310, -65.059105
2715120, -65.059758
2715930, -65.063075
2716740, -65.063376
2717550, -65.066348
2718360, -65.066312
2719170, -65.068955
2719980, -65.068600
2720790, -65.070930
2721600, -65.070272
2722410, -65.072306
2723220, -65.071363
2724030, -65.073119
2724840, -65.071909
2725650, -65.073404
2726460, -65.071943
2727270, -65.073195
2728080, -65.071501
2728890, -65.072528
2729700, -65.070619
2730510, -65.071438
2731320, -65.069331
2732130, -65.069959
2732940, -65.067671
2733750, -65.068126
2734560, -65.065674
2735370, -65.065971
2736180, -65.063371
2736990, -65.063527
2737800, -65.060796
2738610, -65.060827
2739420, -65.057980
2740230, -65.057900
2741040, -65.054952
2741850, -65.054777
2742660, -65.051742
2743470, -65.051486
2744280, -65.048379
2745090, -65.048055
2745900, -65.044888
2746710, -65.044510
2747520, -65.041296
2748330, -65.040875
2749140, -65.037626
2749950, -65.037176
2750760, -65.033903
2751570, -65.033433
2752380, -65.030147
2753190, -65.029667
2754000, -65.026379
2754810, -65.025900
2755620, -65.022618
2756430, -65.022149
2757240, -65.018882
2758050, -65.018431
2758860, -65.015188
2759670, -65.014762
2760480, -65.011549
2761290, -65.011156
2762100, -65.007981
2762910, -65.007627
2763720, -65.004495
2764530, -65.004186
2765340, -65.001103
2766150, -65.000844
2766960, -64.997816
2767770, -64.997609
2768580, -64.994634
2769390, -64.994480
2770200, -64.991559
2771010, -64.991458
2771820, -64.988594
2772630, -64.988550
2773440, -64.985745
2774250, -64.985760
2775060, -64.983018
2775870, -64.983095
2776680, -64.980418
2777490, -64.980560
2778300, -64.977949
2779110, -64.978158
2779920, -64.975616
2780730, -64.975892
2781540, -64.973420
2782350, -64.973765
2783160, -64.971364
2783970, -64.971779
2784780, -64.969449
2785590, -64.969934
2786400, -64.967675
2787210, -64.968230
2788020, -64.966042
2788830, -64.966666
2789640, -64.964549
2790450, -64.965243
2791260, -64.963196
2792070, -64.963957
2792880, -64.961979
2793690, -64.962806
2794500, -64.960896
2795310, -64.961789
2796120, -64.959944
2796930, -64.960900
2797740, -64.959119
2798550, -64.960137
2799360, -64.958418
2800170, -64.959496
2800980, -64.957837
2801790, -64.958972
2802600, -64.957371
2803410, -64.958561
2804220, -64.957014
2805030, -64.958257
2805840, -64.956763
2806650, -64.958055
2807460, -64.956611
2808270, -64.957951
2809080, -64.956554
2809890, -64.957938
2810700, -64.956585
2811510, -64.958010
2812320, -64.956700
2813130, -64.958164
2813940, -64.956892
2814750, -64.958391
2815560, -64.957155
2816370, -64.958688
2817180, -64.957485
2817990, -64.959048
2818800, -64.957874
2819610, -64.959465
2820420, -64.958319
2821230, -64.959934
2822040, -64.958812
2822850, -64.960449
2823660, -64.959350
2824470, -64.961005
2825280, -64.959925
2826090, -64.961597
2826900, -64.960534
2827710, -64.962220
2828520, -64.961170
2829330, -64.962868
2830140, -64.961830
2830950, -64.963536
2831760, -64.962508
2832570, -64.964221
2833380, -64.963200
2834190, -64.964918
2835000, -64.963902
2835810, -64.965623
2836620, -64.964610
2837430, -64.966331
2838240, -64.965319
2839050, -64.967039
2839860, -64.966026
2840670, -64.967744
2841480, -64.966729
2842290, -64.968441
2843100, -64.967422
2843910, -64.969129
2844720, -64.968105
2845530, -64.969804
2846340, -64.968774
2847150, -64.970464
2847960, -64.969426
2848770, -64.971106
2849580, -64.970059
2850390, -64.971729
2851200, -64.970672
2852010, -64.972330
2852820, -64.971262
2853630, -64.972908
2854440, -64.971828
2855250, -64.973461
2856060, -64.972369
2856870, -64.973988
2857680, -64.972883
2858490, -64.974488
2859300, -64.973370
2860110, -64.974960
2860920, -64.973829
2861730, -64.975404
2862540, -64.974259
2863350, -64.975819
2864160, -64.974660
2864970, -64.976204
2865780, -64.975032
2866590, -64.976560
2867400, -64.975374
2868210, -64.976887
2869020, -64.975687
2869830, -64.977185
2870640, -64.975970
2871450, -64.977453
2872260, -64.976225
2873070, -64.977693
2873880, -64.976452
2874690, -64.977905
2875500, -64.976651
2876310, -64.978090
2877120, -64.976823
2877930, -64.978248
2878740, -64.976969
2879550, -64.978380
2880360, -64.977089
2881170, -64.978487
2881980, -64.977185
2882790, -64.978570
2883600, -64.977257
2884410, -64.978630
2885220, -64.977306
2886030, -64.978669
2886840, -64.977335
2887650, -64.978686
2888460, -64.977343
2889270, -64.978684
2890080, -64.977332
2890890, -64.978663
2891700, -64.977303
2892510, -64.978624
2893320, -64.977257
2894130, -64.978570
2894940, -64.977195
2895750, -64.978501
2896560, -64.977120
2897370, -64.978418
2898180, -64.977031
2898990, -64.978322
2899800, -64.976930
2900610, -64.978215
2901420, -64.976819
2902230, -64.978098
2903040, -64.976697
2903850, -64.977971
2904660, -64.976568
2905470, -64.977837
2906280, -64.976431
2907090, -64.977696
2907900, -64.976287
2908710, -64.977549
2909520, -64.976138
2910330, -64.977397
2911140, -64.975985
2911950, -64.977242
2912760, -64.975829
2913570, -64.977084
2914380, -64.975671
2915190, -64.976924
2916000, -64.975510
2916810, -64.976762
2917620, -64.975350
2918430, -64.976601
2919240, -64.975189
2920050, -64.976440
2920860, -64.975029
2921670, -64.976280
2922480, -64.974871
2923290, -64.976122
2924100, -64.974715
2924910, -64.975967
2925720, -64.974562
2926530, -64.975814
2927340, -64.974412
2928150, -64.975665
2928960, -64.974265
2929770, -64.975521
2930580, -64.974124
2931390, -64.975380
2932200, -64.973986
2933010, -64.975245
2933820, -64.973854
2934630, -64.975115
2935440, -64.973727
2936250, -64.974990
2937060, -64.973606
2937870, -64.974871
2938680, -64.973490
2939490, -64.974757
2940300, -64.973381
2941110, -64.974650
2941920, -64.973277
2942730, -64.974549
2943540, -64.973180
2944350, -64.974455
2945160, -64.973089
2945970, -64.974366
2946780, -64.973005
2947590, -64.974284
2948400, -64.972927
2949210, -64.974209
2950020, -64.972855
2950830, -64.974139
2951640, -64.972789
2952450, -64.974076
2953260, -64.972730
2954070, -64.974019
2954880, -64.972677
2955690, -64.973968
2956500, -64.972629
2957310, -64.973923
2958120, -64.972588
2958930, -64.973883
2959740, -64.972552
2960550, -64.973849
2961360, -64.972521
2962170, -64.973821
2962980, -64.972496
2963790, -64.973797
2964600, -64.972475
2965410, -64.973779
2966220, -64.972460
2967030, -64.973765
2967840, -64.972449
2968650, -64.973755
2969460, -64.972442
2970270, -64.973750
2971080, -64.972440
2971890, -64.973749
2972700, -64.972441
2973510, -64.973751
2974320, -64.972446
2975130, -64.973757
2975940, -64.972454
2976750, -64.973766
2977560, -64.972465
2978370, -64.973778
2979180, -64.972479
2979990, -64.973793
2980800, -64.972496
2981610, -64.973810
2982420, -64.972515
2983230, -64.973829
2984040, -64.972536
2984850, -64.973850
2985660, -64.972558
2986470, -64.973873
2987280, -64.972583
2988090, -64.973898
2988900, -64.972609
2989710, -64.973923
2990520, -64.972636
2991330, -64.973950
2992140, -64.972663
2992950, -64.973978
2993760, -64.972692
2994570, -64.974006
2995380, -64.972721
2996190, -64.974035
2997000, -64.972751
2997810, -64.974063
2998620, -64.972780
2999430, -64.974093
3000240, -64.972810
