# ./result/hh_impl_0870.txt
# dt = 870 [usec]
# t [usec], V [mV]
0, -65.000000
870, -64.997437
1740, -64.994998
2610, -64.992659
3480, -64.990407
4350, -64.988229
5220, -64.986120
6090, -64.984075
6960, -64.982090
7830, -64.980164
8700, -64.978295
9570, -64.976484
10440, -64.974729
11310, -64.973030
12180, -64.971388
13050, -64.969802
13920, -64.968274
14790, -64.966801
15660, -64.965385
16530, -64.964026
17400, -64.962724
18270, -64.961478
19140, -64.960288
20010, -64.959154
20880, -64.958076
21750, -64.957054
22620, -64.956086
23490, -64.955173
24360, -64.954313
25230, -64.953507
26100, -64.952754
26970, -64.952053
27840, -64.951403
28710, -64.950803
29580, -64.950253
30450, -64.949752
31320, -64.949299
32190, -64.948893
33060, -64.948533
33930, -64.948218
34800, -64.947947
35670, -64.947719
36540, -64.947533
37410, -64.947388
38280, -64.947282
39150, -64.947215
40020, -64.947185
40890, -64.947192
41760, -64.947234
42630, -64.947309
43500, -64.947418
44370, -64.947558
45240, -64.947728
46110, -64.947927
46980, -64.948154
47850, -64.948408
48720, -64.948688
49590, -64.948992
50460, -64.949319
51330, -64.949668
52200, -64.950037
53070, -64.950427
53940, -64.950835
54810, -64.951260
55680, -64.951701
56550, -64.952157
57420, -64.952628
58290, -64.953111
59160, -64.953606
60030, -64.954112
60900, -64.954628
61770, -64.955152
62640, -64.955684
63510, -64.956223
64380, -64.956768
65250, -64.957318
66120, -64.957872
66990, -64.958429
67860, -64.958988
68730, -64.959549
69600, -64.960110
70470, -64.960671
71340, -64.961232
72210, -64.961791
73080, -64.962347
73950, -64.962901
74820, -64.963451
75690, -64.963997
76560, -64.964538
77430, -64.965074
78300, -64.965603
79170, -64.966127
80040, -64.966643
80910, -64.967152
81780, -64.967653
82650, -64.968146
83520, -64.968630
84390, -64.969105
85260, -64.969570
86130, -64.970026
87000, -64.970472
87870, -64.970908
88740, -64.971333
89610, -64.971747
90480, -64.972151
91350, -64.972543
92220, -64.972924
93090, -64.973293
93960, -64.973651
94830, -64.973997
95700, -64.974332
96570, -64.974654
97440, -64.974965
98310, -64.975264
99180, -64.975550
100050, -64.975825
100920, -64.976088
101790, -64.976339
102660, -64.976579
103530, -64.976806
104400, -64.977022
105270, -64.977226
106140, -64.977419
107010, -64.977600
107880, -64.977770
108750, -64.977929
109620, -64.978077
110490, -64.978215
111360, -64.978341
112230, -64.978457
113100, -64.978563
113970, -64.978659
114840, -64.978745
115710, -64.978821
116580, -64.978888
117450, -64.978946
118320, -64.978994
119190, -64.979034
120060, -64.979065
120930, -64.979088
121800, -64.979103
122670, -64.979110
123540, -64.979109
124410, -64.979101
125280, -64.979086
126150, -64.979064
127020, -64.979036
127890, -64.979001
128760, -64.978960
129630, -64.978913
130500, -64.978861
131370, -64.978804
132240, -64.978741
133110, -64.978673
133980, -64.978601
134850, -64.978525
135720, -64.978445
136590, -64.978360
137460, -64.978272
138330, -64.978181
139200, -64.978087
140070, -64.977989
140940, -64.977889
141810, -64.977787
142680, -64.977682
143550, -64.977575
144420, -64.977467
145290, -64.977357
146160, -64.977245
147030, -64.977132
147900, -64.977018
148770, -64.976904
149640, -64.976789
150510, -64.976673
151380, -64.976557
152250, -64.976440
153120, -64.976324
153990, -64.976208
154860, -64.976092
155730, -64.975977
156600, -64.975862
157470, -64.975748
158340, -64.975635
159210, -64.975523
160080, -64.975412
160950, -64.975303
161820, -64.975194
162690, -64.975087
163560, -64.974982
164430, -64.974878
165300, -64.974776
166170, -64.974676
167040, -64.974577
167910, -64.974481
168780, -64.974387
169650, -64.974294
170520, -64.974204
171390, -64.974116
172260, -64.974030
173130, -64.973946
174000, -64.973865
174870, -64.973786
175740, -64.973710
176610, -64.973636
177480, -64.973564
178350, -64.973495
179220, -64.973428
180090, -64.973363
180960, -64.973302
181830, -64.973242
182700, -64.973185
183570, -64.973131
184440, -64.973079
185310, -64.973029
186180, -64.972982
187050, -64.972937
187920, -64.972895
188790, -64.972855
189660, -64.972818
190530, -64.972782
191400, -64.972750
192270, -64.972719
193140, -64.972691
194010, -64.972665
194880, -64.972641
195750, -64.972619
196620, -64.972599
197490, -64.972581
198360, -64.972566
199230, -64.972552
200100, -64.972540
200970, -64.972530
201840, -64.972522
202710, -64.972516
203580, -64.972511
204450, -64.972509
205320, -64.972507
206190, -64.972508
207060, -64.972510
207930, -64.972513
208800, -64.972518
209670, -64.972524
210540, -64.972531
211410, -64.972540
212280, -64.972550
213150, -64.972561
214020, -64.972573
214890, -64.972587
215760, -64.972601
216630, -64.972616
217500, -64.972633
218370, -64.972650
219240, -64.972667
220110, -64.972686
220980, -64.972705
221850, -64.972725
222720, -64.972746
223590, -64.972767
224460, -64.972788
225330, -64.972811
226200, -64.972833
227070, -64.972856
227940, -64.972879
228810, -64.972903
229680, -64.972927
230550, -64.972951
231420, -64.972975
232290, -64.972999
233160, -64.973023
234030, -64.973048
234900, -64.973072
235770, -64.973097
236640, -64.973121
237510, -64.973146
238380, -64.973170
239250, -64.973194
240120, -64.973218
240990, -64.973242
241860, -64.973266
242730, -64.973289
243600, -64.973313
244470, -64.973335
245340, -64.973358
246210, -64.973380
247080, -64.973402
247950, -64.973424
248820, -64.973445
249690, -64.973466
250560, -64.973486
251430, -64.973506
252300, -64.973526
253170, -64.973545
254040, -64.973563
254910, -64.973581
255780, -64.973599
256650, -64.973616
257520, -64.973633
258390, -64.973649
259260, -64.973665
260130, -64.973680
261000, -64.973695
261870, -64.973709
262740, -64.973723
263610, -64.973736
264480, -64.973749
265350, -64.973761
266220, -64.973772
267090, -64.973783
267960, -64.973794
268830, -64.973804
269700, -64.973814
270570, -64.973823
271440, -64.973831
272310, -64.973839
273180, -64.973847
274050, -64.973854
274920, -64.973861
275790, -64.973867
276660, -64.973872
277530, -64.973878
278400, -64.973882
279270, -64.973887
280140, -64.973890
281010, -64.973894
281880, -64.973897
282750, -64.973900
283620, -64.973902
284490, -64.973904
285360, -64.973905
286230, -64.973906
287100, -64.973907
287970, -64.973908
288840, -64.973908
289710, -64.973908
290580, -64.973907
291450, -64.973906
292320, -64.973905
293190, -64.973904
294060, -64.973902
294930, -64.973900
295800, -64.973898
296670, -64.973896
297540, -64.973893
298410, -64.973890
299280, -64.973887
300150, -64.973884
301020, -64.973880
301890, -64.973877
302760, -64.973873
303630, -64.973869
304500, -64.973865
305370, -64.973861
306240, -64.973857
307110, -64.973853
307980, -64.973848
308850, -64.973843
309720, -64.973839
310590, -64.973834
311460, -64.973829
312330, -64.973824
313200, -64.973820
314070, -64.973815
314940, -64.973810
315810, -64.973805
316680, -64.973800
317550, -64.973795
318420, -64.973790
319290, -64.973785
320160, -64.973780
321030, -64.973775
321900, -64.973770
322770, -64.973765
323640, -64.973760
324510, -64.973755
325380, -64.973750
326250, -64.973746
327120, -64.973741
327990, -64.973736
328860, -64.973732
329730, -64.973727
330600, -64.973723
331470, -64.973719
332340, -64.973714
333210, -64.973710
334080, -64.973706
334950, -64.973702
335820, -64.973698
336690, -64.973694
337560, -64.973691
338430, -64.973687
339300, -64.973684
340170, -64.973680
341040, -64.973677
341910, -64.973674
342780, -64.973671
343650, -64.973668
344520, -64.973665
345390, -64.973662
346260, -64.973659
347130, -64.973657
348000, -64.973654
348870, -64.973652
349740, -64.973650
350610, -64.973647
351480, -64.973645
352350, -64.973644
353220, -64.973642
354090, -64.973640
354960, -64.973638
355830, -64.973637
356700, -64.973635
357570, -64.973634
358440, -64.973633
359310, -64.973632
360180, -64.973631
361050, -64.973630
361920, -64.973629
362790, -64.973628
363660, -64.973628
364530, -64.973627
365400, -64.973626
366270, -64.973626
367140, -64.973626
368010, -64.973625
368880, -64.973625
369750, -64.973625
370620, -64.973625
371490, -64.973625
372360, -64.973625
373230, -64.973625
374100, -64.973626
374970, -64.973626
375840, -64.973626
376710, -64.973627
377580, -64.973627
378450, -64.973628
379320, -64.973628
380190, -64.973629
381060, -64.973629
381930, -64.973630
382800, -64.973631
383670, -64.973631
384540, -64.973632
385410, -64.973633
386280, -64.973634
387150, -64.973635
388020, -64.973636
388890, -64.973637
389760, -64.973638
390630, -64.973639
391500, -64.973640
392370, -64.973641
393240, -64.973642
394110, -64.973643
394980, -64.973644
395850, -64.973645
396720, -64.973646
397590, -64.973647
398460, -64.973648
399330, -64.973649
400200, -64.973650
401070, -64.973651
401940, -64.973652
402810, -64.973653
403680, -64.973654
404550, -64.973656
405420, -64.973657
406290, -64.973658
407160, -64.973659
408030, -64.973660
408900, -64.973661
409770, -64.973662
410640, -64.973663
411510, -64.973664
412380, -64.973665
413250, -64.973666
414120, -64.973667
414990, -64.973668
415860, -64.973668
416730, -64.973669
417600, -64.973670
418470, -64.973671
419340, -64.973672
420210, -64.973673
421080, -64.973673
421950, -64.973674
422820, -64.973675
423690, -64.973676
424560, -64.973676
425430, -64.973677
426300, -64.973678
427170, -64.973678
428040, -64.973679
428910, -64.973680
429780, -64.973680
430650, -64.973681
431520, -64.973681
432390, -64.973682
433260, -64.973682
434130, -64.973683
435000, -64.973683
435870, -64.973683
436740, -64.973684
437610, -64.973684
438480, -64.973685
439350, -64.973685
440220, -64.973685
441090, -64.973685
441960, -64.973686
442830, -64.973686
443700, -64.973686
444570, -64.973686
445440, -64.973687
446310, -64.973687
447180, -64.973687
448050, -64.973687
448920, -64.973687
449790, -64.973687
450660, -64.973687
451530, -64.973687
452400, -64.973687
453270, -64.973687
454140, -64.973687
455010, -64.973687
455880, -64.973687
456750, -64.973687
457620, -64.973687
458490, -64.973687
459360, -64.973687
460230, -64.973687
461100, -64.973687
461970, -64.973687
462840, -64.973687
463710, -64.973687
464580, -64.973687
465450, -64.973687
466320, -64.973686
467190, -64.973686
468060, -64.973686
468930, -64.973686
469800, -64.973686
470670, -64.973686
471540, -64.973685
472410, -64.973685
473280, -64.973685
474150, -64.973685
475020, -64.973685
475890, -64.973684
476760, -64.973684
477630, -64.973684
478500, -64.973684
479370, -64.973684
480240, -64.973683
481110, -64.973683
481980, -64.973683
482850, -64.973683
483720, -64.973683
484590, -64.973682
485460, -64.973682
486330, -64.973682
487200, -64.973682
488070, -64.973682
488940, -64.973681
489810, -64.973681
490680, -64.973681
491550, -64.973681
492420, -64.973681
493290, -64.973680
494160, -64.973680
495030, -64.973680
495900, -64.973680
496770, -64.973680
497640, -64.973679
498510, -64.973679
499380, -64.973679
500250, -64.973679
501120, -60.937944
501990, -57.097132
502860, -53.379014
503730, -49.661854
504600, -45.696158
505470, -41.010335
506340, -34.681206
507210, -24.936170
508080, -8.743769
508950, 15.527818
509820, 37.066780
510690, 42.440039
511560, 40.874662
512430, 38.772398
513300, 36.022089
514170, 32.794584
515040, 29.182934
515910, 25.285511
516780, 21.198634
517650, 17.000079
518520, 12.761298
519390, 8.531001
520260, 4.351952
521130, 0.246875
522000, -3.763518
522870, -7.674424
523740, -11.479275
524610, -15.184340
525480, -18.792038
526350, -22.318186
527220, -25.776540
528090, -29.196406
528960, -32.610298
529830, -36.071674
530700, -39.637967
531570, -43.385151
532440, -47.374454
533310, -51.635952
534180, -56.090087
535050, -60.491564
535920, -64.410959
536790, -67.434724
537660, -69.406677
538530, -70.493720
539400, -70.984056
540270, -71.132367
541140, -71.094970
542010, -70.964240
542880, -70.781402
543750, -70.572745
544620, -70.345273
545490, -70.108375
546360, -69.860855
547230, -69.608122
548100, -69.347040
548970, -69.082071
549840, -68.809620
550710, -68.533907
551580, -68.251220
552450, -67.965743
553320, -67.673757
554190, -67.379425
555060, -67.079040
555930, -66.776800
556800, -66.468999
557670, -66.159834
558540, -65.845638
559410, -65.530615
560280, -65.211079
561150, -64.891255
562020, -64.567479
562890, -64.243920
563760, -63.916920
564630, -63.590679
565500, -63.261452
566370, -62.933413
567240, -62.602868
568110, -62.273860
568980, -61.942641
569850, -61.613328
570720, -61.281994
571590, -60.952666
572460, -60.621529
573330, -60.292368
574200, -59.961244
575070, -59.632098
575940, -59.300686
576810, -58.970767
577680, -58.638320
578550, -58.306714
579420, -57.971678
580290, -57.636864
581160, -57.297509
582030, -56.956930
582900, -56.610670
583770, -56.261408
584640, -55.904283
585510, -55.542146
586380, -55.169309
587250, -54.788211
588120, -54.392828
588990, -53.984486
589860, -53.556877
590730, -53.109708
591600, -52.635155
592470, -52.131326
593340, -51.587935
594210, -50.999897
595080, -50.353105
595950, -49.636254
596820, -48.826567
597690, -47.902825
598560, -46.826473
599430, -45.552773
600300, -44.009114
601170, -42.102337
602040, -39.686787
602910, -36.563626
603780, -32.450371
604650, -27.011216
605520, -19.960822
606390, -11.432672
607260, -2.501984
608130, 4.814415
609000, 8.922538
609870, 9.831449
610740, 8.543971
611610, 5.982011
612480, 2.719640
613350, -0.919684
614220, -4.734720
615090, -8.606809
615960, -12.455896
616830, -16.240864
617700, -19.934454
618570, -23.533358
619440, -27.041147
620310, -30.479845
621180, -33.878765
622050, -37.284918
622920, -40.748229
623790, -44.327940
624660, -48.062127
625530, -51.955614
626400, -55.921615
627270, -59.762755
628140, -63.176716
629010, -65.888420
629880, -67.777481
630750, -68.929812
631620, -69.531463
632490, -69.776957
633360, -69.804619
634230, -69.708898
635100, -69.539042
635970, -69.328753
636840, -69.090669
637710, -68.837760
638580, -68.571265
639450, -68.297961
640320, -68.015744
641190, -67.729571
642060, -67.436321
642930, -67.140385
643800, -66.838356
644670, -66.534449
645540, -66.225147
646410, -65.914621
647280, -65.599342
648150, -65.283435
649020, -64.963364
649890, -64.643284
650760, -64.319605
651630, -63.996458
652500, -63.670315
653370, -63.345218
654240, -63.017588
655110, -62.691547
655980, -62.363406
656850, -62.037197
657720, -61.709326
658590, -61.383689
659460, -61.056566
660330, -60.731960
661200, -60.405999
662070, -60.082512
662940, -59.757748
663810, -59.435378
664680, -59.111426
665550, -58.789680
666420, -58.466028
667290, -58.143959
668160, -57.819465
669030, -57.495931
669900, -57.168964
670770, -56.842000
671640, -56.510586
672510, -56.177652
673380, -55.838726
674250, -55.496653
675120, -55.146298
675990, -54.790423
676860, -54.423585
677730, -54.047655
678600, -53.657147
679470, -53.252884
680340, -52.828157
681210, -52.383224
682080, -51.909525
682950, -51.405773
683820, -50.860707
684690, -50.269784
685560, -49.617684
686430, -48.893555
687300, -48.074938
688170, -47.140056
689040, -46.050239
689910, -44.761936
690780, -43.204602
691650, -41.288980
692520, -38.880227
693390, -35.801434
694260, -31.812686
695130, -26.654249
696000, -20.150413
696870, -12.505731
697740, -4.654189
698610, 1.807992
699480, 5.593573
700350, 6.574009
701220, 5.470937
702090, 3.074313
702960, -0.058586
703830, -3.592236
704700, -7.315481
705570, -11.103057
706440, -14.871833
707310, -18.579693
708180, -22.200243
709050, -25.731485
709920, -29.179673
710790, -32.571993
711660, -35.941623
712530, -39.339071
713400, -42.813790
714270, -46.416480
715140, -50.163239
716010, -54.018511
716880, -57.841852
717750, -61.392959
718620, -64.384686
719490, -66.628567
720360, -68.109036
721230, -68.966483
722100, -69.382017
722970, -69.519044
723840, -69.485461
724710, -69.354569
725580, -69.163335
726450, -68.938686
727320, -68.689921
728190, -68.428183
729060, -68.153984
729930, -67.873610
730800, -67.584866
731670, -67.292517
732540, -66.993527
733410, -66.692198
734280, -66.385200
735150, -66.076666
736020, -65.763212
736890, -65.448901
737760, -65.130297
738630, -64.811472
739500, -64.488971
740370, -64.166819
741240, -63.841576
742110, -63.517256
742980, -63.190351
743850, -62.864879
744720, -62.537331
745590, -62.211618
746460, -61.884222
747330, -61.559061
748200, -61.232474
749070, -60.908342
749940, -60.583044
750810, -60.260263
751680, -59.936311
752550, -59.614961
753420, -59.292270
754290, -58.971886
755160, -58.650047
756030, -58.330069
756900, -58.007979
757770, -57.687385
758640, -57.363912
759510, -57.040833
760380, -56.714129
761250, -56.386648
762120, -56.053929
762990, -55.719150
763860, -55.377351
764730, -55.031112
765600, -54.675804
766470, -54.313221
767340, -53.937928
768210, -53.551893
769080, -53.148442
769950, -52.728637
770820, -52.284956
771690, -51.816704
772560, -51.314887
773430, -50.776211
774300, -50.188549
775170, -49.544700
776040, -48.826468
776910, -48.019363
777780, -47.095294
778650, -46.024221
779520, -44.756943
780390, -43.233253
781260, -41.360920
782130, -39.019609
783000, -36.035484
783870, -32.189939
784740, -27.229490
785610, -20.984272
786480, -13.603128
787350, -5.912720
788220, 0.610796
789090, 4.641361
789960, 5.911647
790830, 5.033169
791700, 2.788595
792570, -0.251990
793440, -3.725054
794310, -7.413360
795180, -11.176152
796050, -14.932450
796920, -18.628972
797790, -22.244795
798660, -25.768993
799530, -29.214033
800400, -32.599136
801270, -35.964165
802140, -39.351604
803010, -42.817740
803880, -46.405102
804750, -50.136797
805620, -53.970379
806490, -57.774971
807360, -61.307142
808230, -64.292120
809100, -66.535053
809970, -68.024738
810840, -68.889833
811710, -69.315669
812580, -69.457142
813450, -69.429587
814320, -69.299334
815190, -69.111280
816060, -68.885326
816930, -68.638470
817800, -68.374631
818670, -68.101863
819540, -67.819114
820410, -67.531652
821280, -67.236864
822150, -66.939151
823020, -66.635413
823890, -66.329743
824760, -66.018877
825630, -65.706843
826500, -65.390294
827370, -65.073205
828240, -64.752254
829110, -64.431373
829980, -64.107198
830850, -63.783690
831720, -63.457454
832590, -63.132382
833460, -62.805108
834330, -62.479488
835200, -62.152058
836070, -61.826693
836940, -61.499895
837810, -61.175398
838680, -60.849717
839550, -60.526562
840420, -60.202262
841290, -59.880517
842160, -59.557672
843030, -59.237180
843900, -58.915339
844770, -58.595686
845640, -58.274203
846510, -57.954305
847380, -57.632172
848250, -57.310805
849120, -56.986151
849990, -56.661543
850860, -56.332397
851730, -56.001652
852600, -55.665171
853470, -55.325207
854340, -54.977055
855210, -54.623402
856080, -54.258637
856950, -53.884732
857820, -53.496144
858690, -53.093621
859560, -52.670950
860430, -52.227709
861300, -51.755961
862170, -51.253780
863040, -50.710640
863910, -50.121413
864780, -49.471662
865650, -48.750084
866520, -47.934417
867390, -47.003494
868260, -45.919774
869130, -44.639980
870000, -43.095443
870870, -41.200051
871740, -38.823903
872610, -35.797941
873480, -31.895325
874350, -26.873077
875220, -20.568911
876090, -13.174300
876960, -5.548911
877830, 0.815284
878700, 4.658899
879570, 5.774220
880440, 4.800075
881310, 2.498803
882180, -0.568511
883050, -4.056187
883920, -7.745620
884790, -11.507347
885660, -15.255656
886530, -18.946002
887400, -22.550627
888270, -26.068313
889140, -29.504225
890010, -32.886811
890880, -36.248515
891750, -39.640651
892620, -43.111548
893490, -46.709687
894360, -50.447463
895230, -54.282357
896100, -58.067857
896970, -61.563467
897840, -64.488553
898710, -66.668686
899580, -68.099916
900450, -68.925071
901320, -69.321872
902190, -69.448606
903060, -69.409499
903930, -69.275330
904800, -69.082012
905670, -68.855680
906540, -68.605533
907410, -68.342422
908280, -68.067000
909150, -67.785360
910020, -67.495485
910890, -67.201966
911760, -66.901963
912630, -66.599591
913500, -66.291716
914370, -65.982297
915240, -65.668137
916110, -65.353107
916980, -65.033967
917850, -64.714612
918720, -64.391752
919590, -64.069238
920460, -63.743827
921330, -63.419317
922200, -63.092401
923070, -62.766922
923940, -62.439514
924810, -62.113923
925680, -61.786829
926550, -61.461910
927420, -61.135712
928290, -60.811951
929160, -60.487115
930030, -60.164737
930900, -59.841335
931770, -59.520404
932640, -59.198227
933510, -58.878299
934380, -58.556923
935250, -58.237286
936120, -57.915638
936990, -57.595274
937860, -57.272048
938730, -56.949099
939600, -56.622511
940470, -56.294903
941340, -55.962066
942210, -55.626943
943080, -55.284648
943950, -54.937670
944820, -54.581409
945690, -54.217457
946560, -53.840653
947430, -53.452450
948300, -53.046481
949170, -52.623712
950040, -52.176340
950910, -51.703615
951780, -51.196184
952650, -50.650690
953520, -50.054482
954390, -49.400247
955260, -48.668982
956130, -47.844922
957000, -46.898962
957870, -45.799663
958740, -44.495169
959610, -42.922051
960480, -40.984176
961350, -38.554969
962220, -35.452898
963090, -31.454468
963960, -26.312173
964830, -19.891254
965700, -12.427797
966570, -4.864409
967440, 1.291977
968310, 4.855435
969180, 5.733911
970050, 4.598592
970920, 2.204814
971790, -0.916559
972660, -4.429072
973530, -8.131425
974400, -11.892331
975270, -15.637283
976140, -19.317892
977010, -22.915414
977880, -26.421894
978750, -29.852883
979620, -33.229382
980490, -36.593308
981360, -39.989277
982230, -43.472482
983100, -47.082549
983970, -50.834971
984840, -54.671476
985710, -58.440830
986580, -61.887450
987450, -64.743711
988320, -66.843181
989190, -68.206732
990060, -68.978673
990930, -69.343469
991800, -69.447744
992670, -69.398142
993540, -69.254980
994410, -69.059091
995280, -68.828295
996150, -68.578138
997020, -68.312021
997890, -68.037434
998760, -67.753295
999630, -67.464566
1000500, -67.168755
1001370, -66.870047
1002240, -66.565494
1003110, -66.259004
1003980, -65.947489
1004850, -65.634787
1005720, -65.317731
1006590, -65.000118
1007460, -64.678812
1008330, -64.357544
1009200, -64.033140
1010070, -63.709387
1010940, -63.383045
1011810, -63.057838
1012680, -62.730588
1013550, -62.404936
1014420, -62.077613
1015290, -61.752323
1016160, -61.425704
1017030, -61.101329
1017900, -60.775905
1018770, -60.452903
1019640, -60.128857
1020510, -59.807303
1021380, -59.484691
1022250, -59.164327
1023120, -58.842710
1023990, -58.523102
1024860, -58.201707
1025730, -57.881788
1026600, -57.559586
1027470, -57.237973
1028340, -56.913112
1029210, -56.588008
1030080, -56.258317
1030950, -55.926839
1031820, -55.589440
1032690, -55.248251
1033560, -54.898799
1034430, -54.543350
1035300, -54.176549
1036170, -53.800239
1037040, -53.408731
1037910, -53.002674
1038780, -52.576075
1039650, -52.127873
1040520, -51.650376
1041390, -51.140910
1042260, -50.589165
1043130, -49.989051
1044000, -49.326191
1044870, -48.588029
1045740, -47.751140
1046610, -46.792491
1047480, -45.672526
1048350, -44.344778
1049220, -42.736776
1050090, -40.755547
1050960, -38.263087
1051830, -35.079790
1052700, -30.970753
1053570, -25.698215
1054440, -19.145535
1055310, -11.616364
1056180, -4.125735
1057050, 1.795243
1057920, 5.062819
1058790, 5.690261
1059660, 4.391949
1060530, 1.899250
1061400, -1.274419
1062270, -4.816412
1063140, -8.528122
1064010, -12.291978
1064880, -16.030314
1065750, -19.703831
1066620, -23.290035
1067490, -26.789589
1068360, -30.211639
1069230, -33.586368
1070100, -36.949840
1070970, -40.353858
1071840, -43.847111
1072710, -47.474133
1073580, -51.237368
1074450, -55.077083
1075320, -58.824477
1076190, -62.222595
1077060, -65.001723
1077930, -67.021236
1078800, -68.312356
1079670, -69.034263
1080540, -69.363565
1081410, -69.448946
1082280, -69.385417
1083150, -69.236776
1084020, -69.034839
1084890, -68.803066
1085760, -68.549416
1086630, -68.283777
1087500, -68.006544
1088370, -67.723390
1089240, -67.432332
1090110, -67.137713
1090980, -66.836825
1091850, -66.533576
1092720, -66.225000
1093590, -65.914871
1094460, -65.600157
1095330, -65.284554
1096200, -64.965001
1097070, -64.645211
1097940, -64.322064
1098810, -63.999242
1099680, -63.673681
1100550, -63.348978
1101420, -63.022015
1102290, -62.696463
1103160, -62.369101
1104030, -62.043512
1104900, -61.716562
1105770, -61.391707
1106640, -61.065689
1107510, -60.742060
1108380, -60.417426
1109250, -60.095168
1110120, -59.771996
1110990, -59.451156
1111860, -59.129137
1112730, -58.809280
1113600, -58.487973
1114470, -58.168264
1115340, -57.846607
1116210, -57.526006
1117080, -57.202538
1117950, -56.879201
1118820, -56.552111
1119690, -56.223768
1120560, -55.890178
1121430, -55.553926
1122300, -55.210369
1123170, -54.861862
1124040, -54.503744
1124910, -54.137503
1125780, -53.758199
1126650, -53.366784
1127520, -52.957139
1128390, -52.529894
1129260, -52.077205
1130130, -51.598180
1131000, -51.083041
1131870, -50.528268
1132740, -49.920563
1133610, -49.251869
1134480, -48.502741
1135350, -47.655755
1136220, -46.680135
1137090, -45.541861
1137960, -44.186024
1138830, -42.544724
1139700, -40.514205
1140570, -37.958529
1141440, -34.686072
1142310, -30.464623
1143180, -25.054701
1144050, -18.373033
1144920, -10.784150
1145790, -3.388262
1146660, 2.283320
1147530, 5.246304
1148400, 5.629504
1149270, 4.169819
1150140, 1.585331
1151010, -1.641923
1151880, -5.208339
1152750, -8.931904
1153620, -12.694107
1154490, -16.428638
1155360, -20.092358
1156230, -23.670286
1157100, -27.159165
1157970, -30.576030
1158840, -33.946154
1159710, -37.312653
1160580, -40.722428
1161450, -44.229978
1162320, -47.870614
1163190, -51.648637
1164060, -55.486724
1164930, -59.210885
1165800, -62.552552
1166670, -65.255358
1167540, -67.190519
1168410, -68.413612
1169280, -69.083903
1170150, -69.382665
1171020, -69.446823
1171890, -69.373430
1172760, -69.216298
1173630, -69.011936
1174500, -68.775915
1175370, -68.522240
1176240, -68.253726
1177110, -67.977268
1177980, -67.691719
1178850, -67.401736
1179720, -67.104924
1180590, -66.805256
1181460, -66.499925
1182330, -66.192656
1183200, -65.880529
1184070, -65.567195
1184940, -65.249662
1185810, -64.931559
1186680, -64.609903
1187550, -64.288265
1188420, -63.963645
1189290, -63.639649
1190160, -63.313201
1191030, -62.987863
1191900, -62.660625
1192770, -62.334933
1193640, -62.007701
1194510, -61.682471
1195380, -61.356005
1196250, -61.031724
1197120, -60.706518
1197990, -60.383630
1198860, -60.059786
1199730, -59.738372
1200600, -59.415931
1201470, -59.095629
1202340, -58.774160
1203210, -58.454522
1204080, -58.133127
1204950, -57.813096
1205820, -57.490725
1206690, -57.168763
1207560, -56.843577
1208430, -56.517858
1209300, -56.187488
1210170, -55.855139
1211040, -55.516660
1211910, -55.174081
1212780, -54.823141
1213650, -54.465695
1214520, -54.096633
1215390, -53.717668
1216260, -53.322957
1217130, -52.913047
1218000, -52.481743
1218870, -52.027861
1219740, -51.543888
1220610, -51.026349
1221480, -50.465103
1222350, -49.853041
1223220, -49.175012
1224090, -48.418082
1224960, -47.557409
1225830, -46.567853
1226700, -45.407505
1227570, -44.026374
1228440, -42.347714
1229310, -40.270296
1230180, -37.646822
1231050, -34.286566
1231920, -29.947313
1232790, -24.401984
1233660, -17.593866
1234530, -9.961885
1235400, -2.675283
1236270, 2.733883
1237140, 5.399810
1238010, 5.546214
1238880, 3.937771
1239750, 1.264168
1240620, -2.009518
1241490, -5.601303
1242360, -9.332230
1243230, -13.095918
1244100, -16.822634
1244970, -20.479003
1245840, -24.046138
1246710, -27.527445
1247580, -30.936573
1248450, -34.305264
1249320, -37.672716
1250190, -41.092111
1251060, -44.610999
1251930, -48.268627
1252800, -52.056437
1253670, -55.894953
1254540, -59.591303
1255410, -62.877004
1256280, -65.499313
1257150, -67.354310
1258020, -68.507873
1258890, -69.131700
1259760, -69.398004
1260630, -69.445165
1261500, -69.359137
1262370, -69.197142
1263240, -68.987215
1264110, -68.750357
1264980, -68.493402
1265850, -68.225357
1266720, -67.946385
1267590, -67.661764
1268460, -67.369557
1269330, -67.073868
1270200, -66.772118
1271070, -66.468017
1271940, -66.158756
1272810, -65.847941
1273680, -65.532688
1274550, -65.216532
1275420, -64.896581
1276290, -64.576366
1277160, -64.252941
1278030, -63.929826
1278900, -63.604102
1279770, -63.279210
1280640, -62.952203
1281510, -62.626568
1282380, -62.299248
1283250, -61.973668
1284120, -61.646849
1284990, -61.322059
1285860, -60.996222
1286730, -60.672729
1287600, -60.348297
1288470, -60.026163
1289340, -59.703221
1290210, -59.382473
1291080, -59.060606
1291950, -58.740817
1292820, -58.419567
1293690, -58.099775
1294560, -57.778090
1295430, -57.457235
1296300, -57.133500
1297170, -56.809751
1298040, -56.482125
1298910, -56.153012
1299780, -55.818626
1300650, -55.481201
1301520, -55.136325
1302390, -54.786232
1303260, -54.426185
1304130, -54.057578
1305000, -53.675681
1305870, -53.280950
1306740, -52.867503
1307610, -52.435416
1308480, -51.977071
1309350, -51.491306
1310220, -50.968013
1311090, -50.403316
1311960, -49.783431
1312830, -49.099150
1313700, -48.330964
1314570, -47.459657
1315440, -46.452634
1316310, -45.273136
1317180, -43.863008
1318050, -42.148846
1318920, -40.019806
1319790, -37.330118
1320660, -33.876797
1321530, -29.421160
1322400, -23.738529
1323270, -16.812531
1324140, -9.147722
1325010, -1.992271
1325880, 3.149560
1326750, 5.520739
1327620, 5.444535
1328490, 3.693065
1329360, 0.939182
1330230, -2.380563
1331100, -5.992677
1331970, -9.732405
1332840, -13.493226
1333710, -17.215541
1334580, -20.861446
1335450, -24.420247
1336320, -27.891917
1337190, -31.296168
1338060, -34.661394
1338930, -38.033350
1339800, -41.459332
1340670, -44.993008
1341540, -48.664762
1342410, -52.465014
1343280, -56.296951
1344150, -59.964047
1345020, -63.188840
1345890, -65.733054
1346760, -67.506482
1347630, -68.596536
1348500, -69.173205
1349370, -69.412133
1350240, -69.440245
1351110, -69.345521
1351980, -69.175837
1352850, -68.963808
1353720, -68.723014
1354590, -68.466085
1355460, -68.195328
1356330, -67.917097
1357200, -67.630196
1358070, -67.339003
1358940, -67.041222
1359810, -66.740622
1360680, -66.434534
1361550, -66.126510
1362420, -65.813788
1363290, -65.499843
1364160, -65.181849
1365030, -64.863275
1365900, -64.541285
1366770, -64.219295
1367640, -63.894472
1368510, -63.570239
1369380, -63.243691
1370250, -62.918234
1371120, -62.590992
1371990, -62.265260
1372860, -61.938122
1373730, -61.612923
1374600, -61.286597
1375470, -60.962414
1376340, -60.637400
1377210, -60.314619
1378080, -59.990979
1378950, -59.669705
1379820, -59.347438
1380690, -59.027212
1381560, -58.705900
1382430, -58.386245
1383300, -58.064858
1384170, -57.744727
1385040, -57.422191
1385910, -57.099888
1386780, -56.774379
1387650, -56.448048
1388520, -56.116997
1389390, -55.783775
1390260, -55.444209
1391130, -55.100233
1392000, -54.747792
1392870, -54.388338
1393740, -54.016993
1394610, -53.635355
1395480, -53.237409
1396350, -52.823615
1397220, -52.387546
1398090, -51.927920
1398960, -51.437017
1399830, -50.911037
1400700, -50.339442
1401570, -49.714700
1402440, -49.020766
1403310, -48.244283
1404180, -47.358890
1405050, -46.337251
1405920, -45.134992
1406790, -43.698498
1407660, -41.944736
1408530, -39.765881
1409400, -37.004352
1410270, -33.458470
1411140, -28.881045
1412010, -23.063041
1412880, -16.020577
1413750, -8.339824
1414620, -1.330096
1415490, 3.531407
1416360, 5.615109
1417230, 5.322738
1418100, 3.439325
1418970, 0.607125
1419840, -2.752703
1420710, -6.386105
1421580, -10.130843
1422450, -13.891086
1423320, -17.604746
1424190, -21.243304
1425060, -24.791230
1425930, -28.255886
1426800, -31.653108
1427670, -35.018276
1428540, -38.391665
1429410, -41.828265
1430280, -45.374140
1431150, -49.062043
1432020, -52.870903
1432890, -56.698807
1433760, -60.331245
1434630, -63.494103
1435500, -65.955738
1436370, -67.652031
1437240, -68.677669
1438110, -69.212429
1438980, -69.422354
1439850, -69.435545
1440720, -69.329552
1441590, -69.155662
1442460, -68.938571
1443330, -68.697097
1444200, -68.437107
1445070, -68.166821
1445940, -67.886208
1446810, -67.600188
1447680, -67.306874
1448550, -67.010152
1449420, -66.707565
1450290, -66.402638
1451160, -66.092713
1452030, -65.781232
1452900, -65.465458
1453770, -65.148770
1454640, -64.828436
1455510, -64.507815
1456380, -64.184126
1457250, -63.860735
1458120, -63.534861
1458990, -63.209796
1459860, -62.882758
1460730, -62.557045
1461600, -62.229771
1462470, -61.904210
1463340, -61.577503
1464210, -61.252774
1465080, -60.927117
1465950, -60.603712
1466820, -60.279454
1467690, -59.957438
1468560, -59.634676
1469430, -59.314001
1470300, -58.992278
1471170, -58.672554
1472040, -58.351362
1472910, -58.031499
1473780, -57.709798
1474650, -57.388705
1475520, -57.064714
1476390, -56.740568
1477260, -56.412415
1478130, -56.082546
1479000, -55.747371
1479870, -55.408782
1480740, -55.062589
1481610, -54.710915
1482480, -54.348937
1483350, -53.977964
1484220, -53.593380
1485090, -53.195265
1485960, -52.777956
1486830, -52.340970
1487700, -51.876907
1488570, -51.383925
1489440, -50.852091
1490310, -50.276636
1491180, -49.643846
1492050, -48.943256
1492920, -48.154869
1493790, -47.258037
1494660, -46.218190
1495530, -44.995702
1496400, -43.529001
1497270, -41.737778
1498140, -39.503973
1499010, -36.671289
1499880, -33.026680
1500750, -28.327118
1501620, -22.370551
1502490, -15.222144
1503360, -7.539023
1504230, -0.695212
1505100, 3.883403
1505970, 5.683059
1506840, 5.187081
1507710, 3.175876
1508580, 0.273041
1509450, -3.127121
1510320, -6.777171
1511190, -10.528778
1512060, -14.285287
1512930, -17.993713
1513800, -21.621060
1514670, -25.161232
1515540, -28.616253
1516410, -32.009873
1517280, -35.371853
1518150, -38.751131
1519020, -42.195815
1519890, -45.757185
1520760, -49.458696
1521630, -53.276989
1522500, -57.094118
1523370, -60.692290
1524240, -63.788716
1525110, -66.171118
1525980, -67.788370
1526850, -68.754871
1527720, -69.246684
1528590, -69.432148
1529460, -69.428274
1530330, -69.314636
1531200, -69.133786
1532070, -68.914884
1532940, -68.669764
1533810, -68.409846
1534680, -68.137001
1535550, -67.857099
1536420, -67.568910
1537290, -67.276556
1538160, -66.977838
1539030, -66.676336
1539900, -66.369513
1540770, -66.060758
1541640, -65.747461
1542510, -65.432927
1543380, -65.114489
1544250, -64.795464
1545120, -64.473157
1545990, -64.150834
1546860, -63.825822
1547730, -63.501368
1548600, -63.174733
1549470, -62.849173
1550340, -62.521937
1551210, -62.196178
1552080, -61.869143
1552950, -61.543982
1553820, -61.217799
1554690, -60.893720
1555560, -60.568874
1556430, -60.246191
1557300, -59.922748
1558170, -59.601547
1559040, -59.279413
1559910, -58.959241
1560780, -58.638017
1561650, -58.318306
1562520, -57.996906
1563390, -57.676666
1564260, -57.353962
1565130, -57.031322
1566000, -56.705495
1566870, -56.378561
1567740, -56.046833
1568610, -55.712747
1569480, -55.372096
1570350, -55.026727
1571220, -54.672784
1572090, -54.311320
1572960, -53.937684
1573830, -53.553118
1574700, -53.151747
1575570, -52.733920
1576440, -52.292950
1577310, -51.827454
1578180, -51.329330
1579050, -50.794640
1579920, -50.212252
1580790, -49.574393
1581660, -48.864055
1582530, -48.066562
1583400, -47.155044
1584270, -46.099774
1585140, -44.853738
1586010, -43.358590
1586880, -41.525628
1587750, -39.238457
1588620, -36.329861
1589490, -32.587487
1590360, -27.762006
1591230, -21.671151
1592100, -14.420751
1592970, -6.753350
1593840, -0.087869
1594710, 4.201029
1595580, 5.726820
1596450, 5.034259
1597320, 2.905810
1598190, -0.066051
1599060, -3.500629
1599930, -7.168831
1600800, -10.923264
1601670, -14.677913
1602540, -18.377671
1603410, -21.997943
1604280, -25.526753
1605150, -28.975737
1606020, -32.362435
1606890, -35.725765
1607760, -39.108185
1608630, -42.564316
1609500, -46.138419
1610370, -49.856157
1611240, -53.680862
1612110, -57.488458
1612980, -61.045089
1613850, -64.076076
1614720, -66.376013
1615590, -67.918761
1616460, -68.825326
1617330, -69.279117
1618200, -69.438486
1619070, -69.421397
1619940, -69.297622
1620810, -69.113096
1621680, -68.889552
1622550, -68.643875
1623420, -68.381090
1624290, -68.108711
1625160, -67.826550
1626030, -67.539196
1626900, -67.244822
1627770, -66.947105
1628640, -66.643706
1629510, -66.337980
1630380, -66.027413
1631250, -65.715292
1632120, -65.399017
1632990, -65.081820
1633860, -64.761123
1634730, -64.440118
1635600, -64.116182
1636470, -63.792535
1637340, -63.466525
1638210, -63.141304
1639080, -62.814246
1639950, -62.488469
1640820, -62.161249
1641690, -61.835720
1642560, -61.509131
1643430, -61.184472
1644300, -60.858999
1645170, -60.535688
1646040, -60.211606
1646910, -59.889712
1647780, -59.567100
1648650, -59.246480
1649520, -58.924888
1650390, -58.605134
1651260, -58.283936
1652130, -57.963967
1653000, -57.642160
1653870, -57.320775
1654740, -56.996495
1655610, -56.671933
1656480, -56.343240
1657350, -56.012611
1658220, -55.676647
1659090, -55.336896
1659960, -54.989387
1660830, -54.636104
1661700, -54.272170
1662570, -53.898814
1663440, -53.511292
1664310, -53.109610
1665180, -52.688295
1666050, -52.246283
1666920, -51.776378
1667790, -51.276046
1668660, -50.735515
1669530, -50.149110
1670400, -49.503181
1671270, -48.785982
1672140, -47.976345
1673010, -47.052831
1673880, -45.978925
1674750, -44.711861
1675620, -43.184821
1676490, -41.312477
1677360, -38.968256
1678230, -35.985770
1679100, -32.141766
1679970, -27.192840
1680840, -20.968028
1681710, -13.627934
1682580, -5.989722
1683450, 0.480477
1684320, 4.481050
1685190, 5.740192
1686060, 4.865601
1686930, 2.625134
1687800, -0.407717
1688670, -3.876601
1689540, -7.557590
1690410, -11.316685
1691280, -15.066321
1692150, -18.759526
1693020, -22.368899
1693890, -25.890594
1694760, -29.330135
1695630, -32.714224
1696500, -36.075864
1697370, -39.464483
1698240, -42.929573
1699110, -46.519654
1699980, -50.249718
1700850, -54.081238
1701720, -57.874260
1702590, -61.390832
1703460, -64.350661
1704330, -66.570725
1705200, -68.038351
1706070, -68.890681
1706940, -69.305876
1707810, -69.443700
1708680, -69.411491
1709550, -69.281100
1710420, -69.090322
1711290, -68.865253
1712160, -68.616213
1713030, -68.353545
1713900, -68.078753
1714770, -67.797273
1715640, -67.507855
1716510, -67.214386
1717380, -66.914763
1718250, -66.612385
1719120, -66.304847
1719990, -65.995386
1720860, -65.681531
1721730, -65.366430
1722600, -65.047566
1723470, -64.728111
1724340, -64.405502
1725210, -64.082865
1726080, -63.757679
1726950, -63.433023
1727820, -63.106314
1728690, -62.780667
1729560, -62.453448
1730430, -62.127676
1731300, -61.800753
1732170, -61.475641
1733040, -61.149608
1733910, -60.825644
1734780, -60.500971
1735650, -60.178393
1736520, -59.855151
1737390, -59.534029
1738260, -59.212027
1739130, -58.891915
1740000, -58.570737
1740870, -58.250948
1741740, -57.929516
1742610, -57.609038
1743480, -57.286079
1744350, -56.963052
1745220, -56.636789
1746090, -56.309179
1746960, -55.976727
1747830, -55.641689
1748700, -55.299891
1749570, -54.953091
1750440, -54.597459
1751310, -54.233854
1752180, -53.857827
1753050, -53.470178
1753920, -53.065250
1754790, -52.643282
1755660, -52.197292
1756530, -51.725800
1757400, -51.220301
1758270, -50.676720
1759140, -50.083302
1760010, -49.432041
1760880, -48.704924
1761750, -47.885784
1762620, -46.946636
1763490, -45.855864
1764360, -44.563053
1765230, -43.005043
1766100, -41.088147
1766970, -38.686839
1767840, -35.623146
1768710, -31.675051
1769580, -26.594874
1770450, -20.237266
1771320, -12.812366
1772190, -5.222737
1773060, 1.035824
1773930, 4.738350
1774800, 5.736502
1775670, 4.682030
1776540, 2.336192
1777410, -0.758015
1778280, -4.256688
1779150, -7.952693
1780020, -11.712569
1780890, -15.459448
1781760, -19.143816
1782630, -22.745104
1783500, -26.256102
1784370, -29.689960
1785240, -33.068515
1786110, -36.431584
1786980, -39.824765
1787850, -43.302443
1788720, -46.905727
1789590, -50.651597
1790460, -54.486156
1791330, -58.263297
1792200, -61.732087
1793070, -64.621417
1793940, -66.758371
1794810, -68.154642
1795680, -68.951169
1796550, -69.331841
1797420, -69.446151
1798290, -69.402223
1799160, -69.262689
1800030, -69.068688
1800900, -68.839349
1801770, -68.589848
1802640, -68.324485
1803510, -68.050145
1804380, -67.766513
1805250, -67.477881
1806120, -67.182480
1806990, -66.883797
1807860, -66.579603
1808730, -66.273098
1809600, -65.961904
1810470, -65.649155
1811340, -65.332390
1812210, -65.014700
1813080, -64.693653
1813950, -64.372279
1814820, -64.048110
1815690, -63.724224
1816560, -63.398091
1817430, -63.072730
1818300, -62.745665
1819170, -62.419839
1820040, -62.092685
1820910, -61.767202
1821780, -61.440739
1822650, -61.116163
1823520, -60.790881
1824390, -60.467674
1825260, -60.143773
1826130, -59.822009
1827000, -59.499550
1827870, -59.178991
1828740, -58.857532
1829610, -58.537751
1830480, -58.216545
1831350, -57.896471
1832220, -57.574495
1833090, -57.252777
1833960, -56.928177
1834830, -56.603027
1835700, -56.273672
1836570, -55.942205
1837440, -55.605230
1838310, -55.264165
1839180, -54.915227
1840050, -54.560032
1840920, -54.193914
1841790, -53.818003
1842660, -53.427384
1843530, -53.021988
1844400, -52.596516
1845270, -52.149311
1846140, -51.673368
1847010, -51.165443
1847880, -50.615920
1848750, -50.018194
1849620, -49.358669
1850490, -48.624280
1851360, -47.792620
1852230, -46.840365
1853100, -45.729189
1853970, -44.412644
1854840, -42.819911
1855710, -40.859054
1856580, -38.394818
1857450, -35.249198
1858320, -31.190043
1859190, -25.977561
1860060, -19.483289
1860930, -11.984314
1861800, -4.458211
1862670, 1.568873
1863540, 4.969895
1864410, 5.708974
1865280, 4.483896
1866150, 2.034653
1867020, -1.115050
1867890, -4.644493
1868760, -8.351514
1869630, -12.114725
1870500, -15.855310
1871370, -19.532579
1872240, -23.123306
1873110, -26.626396
1873980, -30.051860
1874850, -33.427633
1875720, -36.790661
1876590, -40.191644
1877460, -43.679715
1878330, -47.299637
1879200, -51.057295
1880070, -54.896724
1880940, -58.653884
1881810, -62.074390
1882680, -64.887585
1883550, -66.943171
1884420, -68.265673
1885290, -69.010150
1886160, -69.354436
1887030, -69.448672
1887900, -69.390658
1888770, -69.244995
1889640, -69.045126
1890510, -68.814362
1891380, -68.561661
1892250, -68.296394
1893120, -68.019739
1893990, -67.736733
1894860, -67.446116
1895730, -67.151554
1896600, -66.851040
1897470, -66.547799
1898340, -66.239556
1899210, -65.929399
1900080, -65.614987
1900950, -65.299326
1901820, -64.980043
1902690, -64.660167
1903560, -64.337264
1904430, -64.014328
1905300, -63.688980
1906170, -63.364138
1907040, -63.037366
1907910, -62.711648
1908780, -62.384457
1909650, -62.058687
1910520, -61.731887
1911390, -61.406837
1912260, -61.080962
1913130, -60.757125
1914000, -60.432630
1914870, -60.110166
1915740, -59.787128
1916610, -59.466089
1917480, -59.144220
1918350, -58.824171
1919220, -58.503034
1920090, -58.183164
1920960, -57.861695
1921830, -57.540971
1922700, -57.217743
1923570, -56.894317
1924440, -56.567525
1925310, -56.239170
1926180, -55.905935
1927050, -55.569760
1927920, -55.226671
1928790, -54.878330
1929660, -54.520813
1930530, -54.154909
1931400, -53.776350
1932270, -53.385479
1933140, -52.976843
1934010, -52.550474
1934880, -52.099196
1935750, -51.621435
1936620, -51.108232
1937490, -50.555387
1938360, -49.950470
1939230, -49.284948
1940100, -48.540105
1940970, -47.698184
1941840, -46.729516
1942710, -45.599953
1943580, -44.256007
1944450, -42.630074
1945320, -40.620860
1946190, -38.093833
1947060, -34.860404
1947930, -30.689402
1948800, -25.339813
1949670, -18.715747
1950540, -11.151513
1951410, -3.711987
1952280, 2.071705
1953150, 5.168569
1954020, 5.658979
1954890, 4.268843
1955760, 1.724707
1956630, -1.479930
1957500, -5.035278
1958370, -8.754195
1959240, -12.516723
1960110, -16.253648
1960980, -19.921215
1961850, -23.503172
1962720, -26.996239
1963590, -30.415515
1964460, -33.787111
1965330, -37.152894
1966200, -40.559494
1967070, -44.061260
1967940, -47.695485
1968810, -51.467579
1969680, -55.305847
1970550, -59.040957
1971420, -62.407773
1972290, -65.145000
1973160, -67.116653
1974030, -68.370041
1974900, -69.062249
1975770, -69.374844
1976640, -69.447655
1977510, -69.379102
1978380, -69.225097
1979250, -69.022349
1980120, -68.787615
1980990, -68.534513
1981860, -68.266692
1982730, -67.990459
1983600, -67.705394
1984470, -67.415506
1985340, -67.119090
1986210, -66.819453
1987080, -66.514469
1987950, -66.207193
1988820, -65.895377
1989690, -65.582003
1990560, -65.264751
1991430, -64.946577
1992300, -64.625175
1993170, -64.303440
1994040, -63.979043
1994910, -63.654926
1995780, -63.328678
1996650, -63.003191
1997520, -62.676131
1998390, -62.350273
1999260, -62.023198
2000130, -61.697777
2001000, -61.371453
2001870, -61.046974
2002740, -60.721895
2003610, -60.398804
2004480, -60.075091
2005350, -59.753469
2006220, -59.431166
2007090, -59.110674
2007960, -58.789349
2008830, -58.469541
2009700, -58.148323
2010570, -57.828142
2011440, -57.505985
2012310, -57.183925
2013180, -56.858989
2014050, -56.533232
2014920, -56.203190
2015790, -55.870860
2016660, -55.532799
2017530, -55.190354
2018400, -54.839923
2019270, -54.482747
2020140, -54.114365
2021010, -53.735817
2021880, -53.341997
2022750, -52.932770
2023620, -52.502695
2024490, -52.049906
2025360, -51.567554
2026230, -51.051642
2027100, -50.492692
2027970, -49.883122
2028840, -49.208656
2029710, -48.455742
2030580, -47.600556
2031450, -46.617729
2032320, -45.466579
2033190, -44.097201
2034060, -42.434498
2034930, -40.378382
2035800, -37.784312
2036670, -34.463411
2037540, -30.175589
2038410, -24.690291
2039280, -17.936693
2040150, -10.321590
2041020, -2.984377
2041890, 2.541230
2042760, 5.337417
2043630, 5.585681
2044500, 4.041806
2045370, 1.405962
2046240, -1.847344
2047110, -5.428906
2047980, -9.156288
2048850, -12.919963
2049720, -16.649489
2050590, -20.309774
2051460, -23.881209
2052330, -27.366328
2053200, -30.778342
2054070, -34.148249
2054940, -37.514619
2055810, -40.930299
2056680, -44.443644
2057550, -48.094322
2058420, -51.877644
2059290, -55.716975
2060160, -59.425195
2061030, -62.736148
2061900, -65.393227
2062770, -67.283770
2063640, -68.467009
2064510, -69.111515
2065380, -69.391313
2066250, -69.446360
2067120, -69.365247
2067990, -69.205897
2068860, -68.997834
2069730, -68.761883
2070600, -68.505806
2071470, -68.238105
2072340, -67.959680
2073210, -67.675203
2074080, -67.383418
2074950, -67.087788
2075820, -66.786398
2076690, -66.482309
2077560, -66.173370
2078430, -65.862530
2079300, -65.547567
2080170, -65.231358
2081040, -64.911666
2081910, -64.591370
2082780, -64.268177
2083650, -63.944952
2084520, -63.619435
2085390, -63.294411
2086260, -62.967585
2087130, -62.641797
2088000, -62.314640
2088870, -61.988885
2089740, -61.662215
2090610, -61.337241
2091480, -61.011537
2092350, -60.687844
2093220, -60.363540
2094090, -60.041205
2094960, -59.718383
2095830, -59.397441
2096700, -59.075711
2097570, -58.755733
2098440, -58.434640
2099310, -58.114693
2100180, -57.793185
2101050, -57.472212
2101920, -57.148706
2102790, -56.824874
2103660, -56.497536
2104530, -56.168419
2105400, -55.834378
2106270, -55.497038
2107140, -55.152622
2108010, -54.802704
2108880, -54.443251
2109750, -54.074991
2110620, -53.693833
2111490, -53.299658
2112360, -52.887216
2113230, -52.456019
2114100, -51.999087
2114970, -51.514717
2115840, -50.993450
2116710, -50.430919
2117580, -49.814006
2118450, -49.133095
2119320, -48.369384
2120190, -47.503383
2121060, -46.503593
2121930, -45.333189
2122800, -43.935430
2123670, -42.237719
2124540, -40.131187
2125410, -37.471611
2126280, -34.059243
2127150, -29.655864
2128020, -24.033676
2128890, -17.159025
2129760, -9.505935
2130630, -2.291481
2131500, 2.969643
2132370, 5.470205
2133240, 5.491808
2134110, 3.802047
2134980, 1.083572
2135850, -2.216696
2136720, -5.819543
2137590, -9.556106
2138460, -13.317765
2139330, -17.042650
2140200, -20.692342
2141070, -24.255440
2141940, -27.730903
2142810, -31.137905
2143680, -34.503978
2144550, -37.874453
2145420, -41.296902
2146290, -44.824504
2147160, -48.489389
2148030, -52.284623
2148900, -56.118931
2149770, -59.800068
2150640, -63.051503
2151510, -65.631129
2152380, -67.439948
2153250, -68.558341
2154120, -69.155040
2154990, -69.406415
2155860, -69.442275
2156730, -69.351864
2157600, -69.184990
2158470, -68.974410
2159340, -68.734796
2160210, -68.478392
2161080, -68.208284
2161950, -67.930266
2162820, -67.643826
2163690, -67.352727
2164560, -67.055325
2165430, -66.754759
2166300, -66.449004
2167170, -66.140976
2168040, -65.828552
2168910, -65.514571
2169780, -65.196846
2170650, -64.878205
2171520, -64.556457
2172390, -64.234374
2173260, -63.909763
2174130, -63.585413
2175000, -63.259054
2175870, -62.933453
2176740, -62.606379
2177610, -62.280487
2178480, -61.953495
2179350, -61.628122
2180220, -61.301934
2181090, -60.977560
2181960, -60.652677
2182830, -60.329708
2183700, -60.006193
2184570, -59.684727
2185440, -59.362594
2186310, -59.042185
2187180, -58.721007
2188050, -58.401187
2188920, -58.079965
2189790, -57.759687
2190660, -57.437355
2191530, -57.114957
2192400, -56.789686
2193270, -56.463322
2194140, -56.132587
2195010, -55.799389
2195880, -55.460230
2196750, -55.116394
2197620, -54.764450
2198490, -54.405272
2199360, -54.034597
2200230, -53.653382
2201100, -53.256317
2201970, -52.843213
2202840, -52.408363
2203710, -51.949839
2204580, -51.460666
2205450, -50.936408
2206320, -50.367321
2207190, -49.745258
2208060, -49.055048
2208930, -48.282763
2209800, -47.403052
2210670, -46.388400
2211540, -45.195652
2212410, -43.771331
2213280, -42.034512
2214150, -39.878328
2215020, -37.148131
2215890, -33.643771
2216760, -29.119667
2217630, -23.361495
2218500, -16.369352
2219370, -8.695222
2220240, -1.618969
2221110, 3.366183
2221980, 5.576574
2222850, 5.378020
2223720, 3.552566
2224590, 0.753892
2225460, -2.588019
2226330, -6.212750
2227200, -9.954860
2228070, -13.715752
2228940, -17.432803
2229810, -21.075238
2230680, -24.627193
2231550, -28.095538
2232420, -31.495128
2233290, -34.860873
2234160, -38.233078
2235030, -41.665483
2235900, -45.205377
2236770, -48.886604
2237640, -52.691365
2238510, -56.521702
2239380, -60.169097
2240250, -63.360164
2241120, -65.857851
2241990, -67.588673
2242860, -68.642062
2243730, -69.195693
2244600, -69.417770
2245470, -69.438000
2246340, -69.336405
2247210, -69.164877
2248080, -68.949475
2248950, -68.708823
2249820, -68.449651
2250690, -68.179684
2251560, -67.899592
2252430, -67.613711
2253300, -67.320804
2254170, -67.024142
2255040, -66.721903
2255910, -66.416993
2256780, -66.107377
2257650, -65.795877
2258520, -65.480381
2259390, -65.163644
2260260, -64.843559
2261130, -64.522862
2262000, -64.199394
2262870, -63.875898
2263740, -63.550221
2264610, -63.225028
2265480, -62.898160
2266350, -62.572299
2267220, -62.245177
2268090, -61.919448
2268960, -61.592879
2269830, -61.267972
2270700, -60.942437
2271570, -60.618849
2272440, -60.294716
2273310, -59.972509
2274180, -59.649877
2275050, -59.329026
2275920, -59.007437
2276790, -58.687544
2277660, -58.366507
2278530, -58.046499
2279400, -57.724967
2280270, -57.403763
2281140, -57.079991
2282010, -56.755769
2282880, -56.427895
2283750, -56.098028
2284620, -55.763190
2285490, -55.424694
2286360, -55.078955
2287230, -54.727466
2288100, -54.366078
2288970, -53.995465
2289840, -53.611689
2290710, -53.214195
2291580, -52.797931
2292450, -52.361887
2293320, -51.899272
2294190, -51.407745
2295060, -50.877985
2295930, -50.304774
2296800, -49.675033
2297670, -48.977929
2298540, -48.194367
2299410, -47.303195
2300280, -46.270959
2301150, -45.058036
2302020, -43.604303
2302890, -41.830340
2303760, -39.620536
2304630, -36.820131
2305500, -33.219021
2306370, -28.574385
2307240, -22.678849
2308110, -15.577362
2308980, -7.893486
2309850, -0.973867
2310720, 3.732345
2311590, 5.656797
2312460, 5.250420
2313330, 3.294391
2314200, 0.422768
2315070, -2.960438
2315940, -6.602719
2316810, -10.352034
2317680, -14.109858
2318550, -17.821081
2319420, -21.453001
2320290, -24.997246
2321160, -28.455591
2322030, -31.851373
2322900, -35.214291
2323770, -38.591494
2324640, -42.032046
2325510, -45.587134
2326380, -49.282073
2327250, -53.096700
2328120, -56.918724
2328990, -60.533433
2329860, -63.659088
2330730, -66.077144
2331600, -67.728765
2332470, -68.721727
2333340, -69.231804
2334210, -69.428448
2335080, -69.431501
2335950, -69.321702
2336820, -69.143378
2337690, -68.925776
2338560, -68.681741
2339430, -68.422304
2340300, -68.150070
2341170, -67.870371
2342040, -67.582623
2342910, -67.290363
2343780, -66.992011
2344650, -66.690548
2345520, -66.384047
2346390, -66.075293
2347260, -65.762282
2348130, -65.447717
2349000, -65.129537
2349870, -64.810450
2350740, -64.488372
2351610, -64.165961
2352480, -63.841150
2353350, -63.516584
2354220, -63.190127
2355090, -62.864429
2355960, -62.537350
2356830, -62.211436
2357700, -61.884537
2358570, -61.559207
2359440, -61.233151
2360310, -60.908888
2361180, -60.584164
2362050, -60.261299
2362920, -59.937972
2363790, -59.616594
2364660, -59.294590
2365530, -58.974247
2366400, -58.653172
2367270, -58.333319
2368140, -58.012085
2369010, -57.691715
2369880, -57.369211
2370750, -57.046489
2371620, -56.720893
2372490, -56.393935
2373360, -56.062517
2374230, -55.728464
2375100, -55.388214
2375970, -55.042996
2376840, -54.689547
2377710, -54.328372
2378580, -53.955406
2379450, -53.571350
2380320, -53.170914
2381190, -52.753837
2382060, -52.314127
2382930, -51.849789
2383800, -51.353444
2384670, -50.820547
2385540, -50.240738
2386410, -49.605662
2387280, -48.899160
2388150, -48.106254
2389020, -47.200780
2389890, -46.152919
2390760, -44.916886
2391630, -43.434967
2392500, -41.620135
2393370, -39.357317
2394240, -36.482095
2395110, -32.783848
2395980, -28.013911
2396850, -21.982236
2397720, -14.774099
2398590, -7.097547
2399460, -0.350333
2400330, 4.065902
2401200, 5.711753
2402070, 5.103824
2402940, 3.026433
2403810, 0.083840
2404680, -3.335496
2405550, -6.996559
2406420, -10.749254
2407290, -14.505456
2408160, -18.208718
2409030, -21.832736
2409900, -25.366134
2410770, -28.818336
2411640, -32.207598
2412510, -35.570826
2413380, -38.951322
2414250, -42.402807
2415120, -45.970731
2415990, -49.682209
2416860, -53.503696
2417730, -57.316079
2418600, -60.890603
2419470, -63.951146
2420340, -66.286993
2421210, -67.862763
2422080, -68.794849
2422950, -69.265578
2423820, -69.435723
2424690, -69.424823
2425560, -69.304931
2426430, -69.122481
2427300, -68.900453
2428170, -68.655508
2429040, -68.393475
2429910, -68.121386
2430780, -67.839714
2431650, -67.552492
2432520, -67.258504
2433390, -66.960846
2434260, -66.657779
2435130, -66.352070
2436000, -66.041799
2436870, -65.729660
2437740, -65.413650
2438610, -65.096407
2439480, -64.775945
2440350, -64.454866
2441220, -64.131139
2442090, -63.807391
2442960, -63.481565
2443830, -63.156221
2444700, -62.829322
2445570, -62.503402
2446440, -62.176326
2447310, -61.850633
2448180, -61.524173
2449050, -61.199342
2449920, -60.873983
2450790, -60.550495
2451660, -60.226530
2452530, -59.904453
2453400, -59.581963
2454270, -59.261175
2455140, -58.939711
2456010, -58.619807
2456880, -58.298766
2457750, -57.978664
2458620, -57.657050
2459490, -57.335582
2460360, -57.011526
2461230, -56.686908
2462100, -56.358493
2462970, -56.027879
2463840, -55.692245
2464710, -55.352595
2465580, -55.005531
2466450, -54.652473
2467320, -54.289142
2468190, -53.916167
2469060, -53.529456
2469930, -53.128411
2470800, -52.708139
2471670, -52.267085
2472540, -51.798628
2473410, -51.299767
2474280, -50.761315
2475150, -50.177179
2476020, -49.534313
2476890, -48.820638
2477760, -48.015862
2478630, -47.098223
2479500, -46.032111
2480370, -44.774961
2481240, -43.261633
2482110, -41.407313
2482980, -39.087952
2483850, -36.138836
2484720, -32.339486
2485590, -27.445842
2486460, -21.279825
2487330, -13.979348
2488200, -6.324840
2489070, 0.232782
2489940, 4.361539
2490810, 5.737055
2491680, 4.942299
2492550, 2.750074
2493420, -0.255835
2494290, -3.710376
2495160, -7.385427
2496030, -11.143095
2496900, -14.894439
2497770, -18.590970
2498640, -22.204759
2499510, -25.730172
2500380, -29.173442
2501250, -35.094997
2502120, -39.404917
2502990, -43.577107
2503860, -47.940285
2504730, -52.607819
2505600, -57.536707
2506470, -62.489023
2507340, -66.989254
2508210, -70.550032
2509080, -72.965982
2509950, -74.412402
2510820, -75.200158
2511690, -75.607619
2512560, -75.803341
2513430, -75.891820
2514300, -75.918783
2515170, -75.917441
2516040, -75.895513
2516910, -75.866576
2517780, -75.828273
2518650, -75.788968
2519520, -75.743573
2520390, -75.698991
2521260, -75.649345
2522130, -75.601096
2523000, -75.548125
2523870, -75.496750
2524740, -75.440772
2525610, -75.386459
2526480, -75.327587
2527350, -75.270406
2528220, -75.208686
2529090, -75.148670
2529960, -75.084131
2530830, -75.021306
2531700, -74.953973
2532570, -74.888370
2533440, -74.818279
2534310, -74.749936
2535180, -74.677132
2536050, -74.606104
2536920, -74.530648
2537790, -74.457001
2538660, -74.378966
2539530, -74.302781
2540400, -74.222254
2541270, -74.143624
2542140, -74.060704
2543010, -73.979733
2543880, -73.894531
2544750, -73.811335
2545620, -73.723968
2546490, -73.638670
2547360, -73.549271
2548230, -73.462009
2549100, -73.370721
2549970, -73.281645
2550840, -73.188621
2551710, -73.097886
2552580, -73.003286
2553450, -72.911056
2554320, -72.815042
2555190, -72.721473
2556060, -72.624202
2556930, -72.529461
2557800, -72.431107
2558670, -72.335368
2559540, -72.236106
2560410, -72.139548
2561280, -72.039558
2562150, -71.942359
2563020, -71.841814
2563890, -71.744137
2564760, -71.643194
2565630, -71.545199
2566500, -71.444025
2567370, -71.345882
2568240, -71.244646
2569110, -71.146525
2569980, -71.045396
2570850, -70.947464
2571720, -70.846600
2572590, -70.748995
2573460, -70.648523
2574330, -70.551375
2575200, -70.451432
2576070, -70.354882
2576940, -70.255609
2577810, -70.159799
2578680, -70.061337
2579550, -69.966405
2580420, -69.868882
2581290, -69.774930
2582160, -69.678425
2583030, -69.585535
2583900, -69.490142
2584770, -69.398414
2585640, -69.304238
2586510, -69.213776
2587380, -69.120920
2588250, -69.031829
2589120, -68.940394
2589990, -68.852755
2590860, -68.762785
2591730, -68.676622
2592600, -68.588153
2593470, -68.503518
2594340, -68.416611
2595210, -68.333571
2596080, -68.248294
2596950, -68.166918
2597820, -68.083343
2598690, -68.003701
2599560, -67.921894
2600430, -67.844021
2601300, -67.763964
2602170, -67.687833
2603040, -67.609525
2603910, -67.535154
2604780, -67.458625
2605650, -67.386051
2606520, -67.311342
2607390, -67.240610
2608260, -67.167768
2609130, -67.098923
2610000, -67.027992
2610870, -66.961080
2611740, -66.892082
2612610, -66.827071
2613480, -66.759945
2614350, -66.696790
2615220, -66.631517
2616090, -66.570217
2616960, -66.506809
2617830, -66.447384
2618700, -66.385867
2619570, -66.328346
2620440, -66.268751
2621310, -66.213166
2622180, -66.155523
2623050, -66.101905
2623920, -66.046247
2624790, -65.994626
2625660, -65.940975
2626530, -65.891332
2627400, -65.839609
2628270, -65.791862
2629140, -65.742021
2630010, -65.696147
2630880, -65.648178
2631750, -65.604179
2632620, -65.558093
2633490, -65.515983
2634360, -65.471798
2635230, -65.431597
2636100, -65.389332
2636970, -65.351059
2637840, -65.310734
2638710, -65.274407
2639580, -65.236037
2640450, -65.201672
2641320, -65.165271
2642190, -65.132879
2643060, -65.098457
2643930, -65.068047
2644800, -65.035610
2645670, -65.007184
2646540, -64.976733
2647410, -64.950268
2648280, -64.921733
2649150, -64.897145
2650020, -64.870462
2650890, -64.847704
2651760, -64.822839
2652630, -64.801888
2653500, -64.778823
2654370, -64.759663
2655240, -64.738384
2656110, -64.721001
2656980, -64.701493
2657850, -64.685872
2658720, -64.668119
2659590, -64.654241
2660460, -64.638221
2661330, -64.626062
2662200, -64.611750
2663070, -64.601283
2663940, -64.588648
2664810, -64.579840
2665680, -64.568846
2666550, -64.561658
2667420, -64.552265
2668290, -64.546654
2669160, -64.538816
2670030, -64.534734
2670900, -64.528401
2671770, -64.525794
2672640, -64.520910
2673510, -64.519722
2674380, -64.516226
2675250, -64.516395
2676120, -64.514225
2676990, -64.515684
2677860, -64.514771
2678730, -64.517451
2679600, -64.517726
2680470, -64.521554
2681340, -64.522941
2682210, -64.527843
2683080, -64.530266
2683950, -64.536163
2684820, -64.539544
2685690, -64.546358
2686560, -64.550616
2687430, -64.558265
2688300, -64.563319
2689170, -64.571723
2690040, -64.577492
2690910, -64.586568
2691780, -64.592971
2692650, -64.602639
2693520, -64.609594
2694390, -64.619772
2695260, -64.627200
2696130, -64.637810
2697000, -64.645632
2697870, -64.656597
2698740, -64.664737
2699610, -64.675981
2700480, -64.684365
2701350, -64.695815
2702220, -64.704372
2703090, -64.715960
2703960, -64.724622
2704830, -64.736280
2705700, -64.744982
2706570, -64.756647
2707440, -64.765329
2708310, -64.776943
2709180, -64.785547
2710050, -64.797056
2710920, -64.805528
2711790, -64.816880
2712660, -64.825173
2713530, -64.836321
2714400, -64.844390
2715270, -64.855291
2716140, -64.863096
2717010, -64.873713
2717880, -64.881217
2718750, -64.891516
2719620, -64.898688
2720490, -64.908639
2721360, -64.915451
2722230, -64.925029
2723100, -64.931458
2723970, -64.940640
2724840, -64.946666
2725710, -64.955436
2726580, -64.961043
2727450, -64.969386
2728320, -64.974563
2729190, -64.982469
2730060, -64.987205
2730930, -64.994667
2731800, -64.998959
2732670, -65.005972
2733540, -65.009810
2734410, -65.016360
2735280, -65.019731
2736150, -65.025810
2737020, -65.028711
2737890, -65.034321
2738760, -65.036758
2739630, -65.041906
2740500, -65.043889
2741370, -65.048588
2742240, -65.050130
2743110, -65.054393
2743980, -65.055508
2744850, -65.059352
2745720, -65.060057
2746590, -65.063498
2747460, -65.063812
2748330, -65.066869
2749200, -65.066810
2750070, -65.069502
2750940, -65.069089
2751810, -65.071437
2752680, -65.070690
2753550, -65.072713
2754420, -65.071654
2755290, -65.073372
2756160, -65.072021
2757030, -65.073456
2757900, -65.071833
2758770, -65.073005
2759640, -65.071131
2760510, -65.072062
2761380, -65.069957
2762250, -65.070666
2763120, -65.068351
2763990, -65.068859
2764860, -65.066354
2765730, -65.066679
2766600, -65.064003
2767470, -65.064166
2768340, -65.061338
2769210, -65.061357
2770080, -65.058396
2770950, -65.058289
2771820, -65.055212
2772690, -65.054997
2773560, -65.051821
2774430, -65.051514
2775300, -65.048256
2776170, -65.047873
2777040, -65.044549
2777910, -65.044106
2778780, -65.040729
2779650, -65.040240
2780520, -65.036825
2781390, -65.036303
2782260, -65.032865
2783130, -65.032323
2784000, -65.028872
2784870, -65.028323
2785740, -65.024872
2786610, -65.024326
2787480, -65.020885
2788350, -65.020353
2789220, -65.016933
2790090, -65.016424
2790960, -65.013033
2791830, -65.012557
2792700, -65.009203
2793570, -65.008767
2794440, -65.005459
2795310, -65.005070
2796180, -65.001814
2797050, -65.001479
2797920, -64.998281
2798790, -64.998004
2799660, -64.994866
2800530, -64.994648
2801400, -64.991570
2802270, -64.991413
2803140, -64.988398
2804010, -64.988304
2804880, -64.985356
2805750, -64.985328
2806620, -64.982449
2807490, -64.982491
2808360, -64.979684
2809230, -64.979797
2810100, -64.977065
2810970, -64.977253
2811840, -64.974597
2812710, -64.974861
2813580, -64.972283
2814450, -64.972623
2815320, -64.970124
2816190, -64.970543
2817060, -64.968123
2817930, -64.968619
2818800, -64.966279
2819670, -64.966853
2820540, -64.964592
2821410, -64.965244
2822280, -64.963061
2823150, -64.963789
2824020, -64.961684
2824890, -64.962487
2825760, -64.960458
2826630, -64.961335
2827500, -64.959380
2828370, -64.960329
2829240, -64.958446
2830110, -64.959465
2830980, -64.957651
2831850, -64.958738
2832720, -64.956992
2833590, -64.958144
2834460, -64.956463
2835330, -64.957676
2836200, -64.956058
2837070, -64.957331
2837940, -64.955771
2838810, -64.957100
2839680, -64.955597
2840550, -64.956979
2841420, -64.955529
2842290, -64.956961
2843160, -64.955561
2844030, -64.957040
2844900, -64.955685
2845770, -64.957208
2846640, -64.955897
2847510, -64.957459
2848380, -64.956187
2849250, -64.957786
2850120, -64.956551
2850990, -64.958184
2851860, -64.956982
2852730, -64.958644
2853600, -64.957472
2854470, -64.959162
2855340, -64.958016
2856210, -64.959729
2857080, -64.958607
2857950, -64.960341
2858820, -64.959239
2859690, -64.960990
2860560, -64.959906
2861430, -64.961672
2862300, -64.960602
2863170, -64.962379
2864040, -64.961322
2864910, -64.963108
2865780, -64.962059
2866650, -64.963852
2867520, -64.962810
2868390, -64.964607
2869260, -64.963569
2870130, -64.965368
2871000, -64.964332
2871870, -64.966130
2872740, -64.965094
2873610, -64.966889
2874480, -64.965851
2875350, -64.967642
2876220, -64.966600
2877090, -64.968385
2877960, -64.967337
2878830, -64.969113
2879700, -64.968058
2880570, -64.969826
2881440, -64.968762
2882310, -64.970519
2883180, -64.969445
2884050, -64.971190
2884920, -64.970105
2885790, -64.971837
2886660, -64.970740
2887530, -64.972458
2888400, -64.971348
2889270, -64.973052
2890140, -64.971928
2891010, -64.973616
2891880, -64.972478
2892750, -64.974151
2893620, -64.972998
2894490, -64.974654
2895360, -64.973486
2896230, -64.975125
2897100, -64.973942
2897970, -64.975564
2898840, -64.974365
2899710, -64.975970
2900580, -64.974756
2901450, -64.976344
2902320, -64.975114
2903190, -64.976685
2904060, -64.975439
2904930, -64.976993
2905800, -64.975732
2906670, -64.977270
2907540, -64.975994
2908410, -64.977515
2909280, -64.976224
2910150, -64.977730
2911020, -64.976424
2911890, -64.977914
2912760, -64.976595
2913630, -64.978069
2914500, -64.976737
2915370, -64.978197
2916240, -64.976851
2917110, -64.978297
2917980, -64.976939
2918850, -64.978372
2919720, -64.977002
2920590, -64.978422
2921460, -64.977041
2922330, -64.978449
2923200, -64.977057
2924070, -64.978454
2924940, -64.977052
2925810, -64.978438
2926680, -64.977028
2927550, -64.978403
2928420, -64.976984
2929290, -64.978350
2930160, -64.976924
2931030, -64.978281
2931900, -64.976847
2932770, -64.978197
2933640, -64.976757
2934510, -64.978099
2935380, -64.976653
2936250, -64.977989
2937120, -64.976538
2937990, -64.977867
2938860, -64.976412
2939730, -64.977736
2940600, -64.976278
2941470, -64.977597
2942340, -64.976135
2943210, -64.977451
2944080, -64.975987
2944950, -64.977298
2945820, -64.975832
2946690, -64.977141
2947560, -64.975674
2948430, -64.976981
2949300, -64.975513
2950170, -64.976817
2951040, -64.975349
2951910, -64.976652
2952780, -64.975185
2953650, -64.976487
2954520, -64.975020
2955390, -64.976322
2956260, -64.974856
2957130, -64.976158
2958000, -64.974693
2958870, -64.975995
2959740, -64.974532
2960610, -64.975836
2961480, -64.974375
2962350, -64.975679
2963220, -64.974221
2964090, -64.975526
2964960, -64.974071
2965830, -64.975378
2966700, -64.973926
2967570, -64.975235
2968440, -64.973786
2969310, -64.975097
2970180, -64.973651
2971050, -64.974964
2971920, -64.973523
2972790, -64.974838
2973660, -64.973400
2974530, -64.974718
2975400, -64.973284
2976270, -64.974604
2977140, -64.973174
2978010, -64.974497
2978880, -64.973071
2979750, -64.974397
2980620, -64.972975
2981490, -64.974304
2982360, -64.972886
2983230, -64.974217
2984100, -64.972803
2984970, -64.974137
2985840, -64.972728
2986710, -64.974065
2987580, -64.972659
2988450, -64.973999
2989320, -64.972597
2990190, -64.973939
2991060, -64.972542
2991930, -64.973887
2992800, -64.972493
2993670, -64.973840
2994540, -64.972450
2995410, -64.973800
2996280, -64.972414
2997150, -64.973766
2998020, -64.972384
2998890, -64.973738
2999760, -64.972359
3000630, -64.973715
