# ./result/hh_impl_0750.txt
# dt = 750 [usec]
# t [usec], V [mV]
0, -65.000000
750, -64.997782
1500, -64.995658
2250, -64.993613
3000, -64.991635
3750, -64.989717
4500, -64.987852
5250, -64.986037
6000, -64.984269
6750, -64.982546
7500, -64.980867
8250, -64.979231
9000, -64.977637
9750, -64.976086
10500, -64.974577
11250, -64.973110
12000, -64.971685
12750, -64.970302
13500, -64.968961
14250, -64.967663
15000, -64.966406
15750, -64.965192
16500, -64.964020
17250, -64.962891
18000, -64.961804
18750, -64.960758
19500, -64.959755
20250, -64.958793
21000, -64.957873
21750, -64.956994
22500, -64.956156
23250, -64.955358
24000, -64.954601
24750, -64.953885
25500, -64.953207
26250, -64.952569
27000, -64.951969
27750, -64.951408
28500, -64.950885
29250, -64.950398
30000, -64.949949
30750, -64.949535
31500, -64.949157
32250, -64.948814
33000, -64.948505
33750, -64.948230
34500, -64.947988
35250, -64.947778
36000, -64.947599
36750, -64.947452
37500, -64.947335
38250, -64.947247
39000, -64.947188
39750, -64.947157
40500, -64.947154
41250, -64.947177
42000, -64.947226
42750, -64.947299
43500, -64.947397
44250, -64.947519
45000, -64.947663
45750, -64.947829
46500, -64.948016
47250, -64.948223
48000, -64.948451
48750, -64.948697
49500, -64.948961
50250, -64.949242
51000, -64.949540
51750, -64.949853
52500, -64.950182
53250, -64.950525
54000, -64.950881
54750, -64.951250
55500, -64.951632
56250, -64.952024
57000, -64.952427
57750, -64.952841
58500, -64.953263
59250, -64.953694
60000, -64.954133
60750, -64.954579
61500, -64.955032
62250, -64.955490
63000, -64.955954
63750, -64.956423
64500, -64.956895
65250, -64.957371
66000, -64.957851
66750, -64.958332
67500, -64.958815
68250, -64.959300
69000, -64.959785
69750, -64.960271
70500, -64.960756
71250, -64.961241
72000, -64.961724
72750, -64.962206
73500, -64.962686
74250, -64.963163
75000, -64.963637
75750, -64.964108
76500, -64.964575
77250, -64.965038
78000, -64.965497
78750, -64.965951
79500, -64.966400
80250, -64.966844
81000, -64.967282
81750, -64.967713
82500, -64.968139
83250, -64.968558
84000, -64.968971
84750, -64.969376
85500, -64.969775
86250, -64.970166
87000, -64.970549
87750, -64.970925
88500, -64.971293
89250, -64.971653
90000, -64.972005
90750, -64.972348
91500, -64.972683
92250, -64.973010
93000, -64.973328
93750, -64.973637
94500, -64.973938
95250, -64.974229
96000, -64.974512
96750, -64.974786
97500, -64.975052
98250, -64.975308
99000, -64.975555
99750, -64.975794
100500, -64.976023
101250, -64.976244
102000, -64.976456
102750, -64.976659
103500, -64.976853
104250, -64.977039
105000, -64.977216
105750, -64.977384
106500, -64.977544
107250, -64.977695
108000, -64.977838
108750, -64.977973
109500, -64.978099
110250, -64.978218
111000, -64.978329
111750, -64.978431
112500, -64.978526
113250, -64.978614
114000, -64.978694
114750, -64.978766
115500, -64.978832
116250, -64.978890
117000, -64.978941
117750, -64.978986
118500, -64.979024
119250, -64.979055
120000, -64.979081
120750, -64.979099
121500, -64.979112
122250, -64.979120
123000, -64.979121
123750, -64.979117
124500, -64.979107
125250, -64.979092
126000, -64.979072
126750, -64.979048
127500, -64.979018
128250, -64.978984
129000, -64.978946
129750, -64.978903
130500, -64.978856
131250, -64.978805
132000, -64.978751
132750, -64.978692
133500, -64.978631
134250, -64.978566
135000, -64.978498
135750, -64.978427
136500, -64.978353
137250, -64.978277
138000, -64.978198
138750, -64.978117
139500, -64.978033
140250, -64.977948
141000, -64.977860
141750, -64.977771
142500, -64.977680
143250, -64.977587
144000, -64.977494
144750, -64.977399
145500, -64.977303
146250, -64.977205
147000, -64.977107
147750, -64.977009
148500, -64.976910
149250, -64.976810
150000, -64.976710
150750, -64.976609
151500, -64.976509
152250, -64.976408
153000, -64.976307
153750, -64.976207
154500, -64.976107
155250, -64.976007
156000, -64.975908
156750, -64.975809
157500, -64.975710
158250, -64.975613
159000, -64.975516
159750, -64.975420
160500, -64.975325
161250, -64.975231
162000, -64.975138
162750, -64.975046
163500, -64.974955
164250, -64.974866
165000, -64.974777
165750, -64.974690
166500, -64.974605
167250, -64.974521
168000, -64.974438
168750, -64.974357
169500, -64.974278
170250, -64.974200
171000, -64.974124
171750, -64.974049
172500, -64.973976
173250, -64.973905
174000, -64.973835
174750, -64.973768
175500, -64.973702
176250, -64.973638
177000, -64.973575
177750, -64.973515
178500, -64.973456
179250, -64.973399
180000, -64.973344
180750, -64.973291
181500, -64.973240
182250, -64.973191
183000, -64.973143
183750, -64.973097
184500, -64.973053
185250, -64.973011
186000, -64.972971
186750, -64.972933
187500, -64.972896
188250, -64.972861
189000, -64.972828
189750, -64.972797
190500, -64.972767
191250, -64.972739
192000, -64.972713
192750, -64.972689
193500, -64.972666
194250, -64.972645
195000, -64.972625
195750, -64.972607
196500, -64.972591
197250, -64.972576
198000, -64.972562
198750, -64.972550
199500, -64.972540
200250, -64.972531
201000, -64.972523
201750, -64.972517
202500, -64.972512
203250, -64.972508
204000, -64.972505
204750, -64.972504
205500, -64.972504
206250, -64.972505
207000, -64.972507
207750, -64.972511
208500, -64.972515
209250, -64.972520
210000, -64.972527
210750, -64.972534
211500, -64.972542
212250, -64.972552
213000, -64.972562
213750, -64.972572
214500, -64.972584
215250, -64.972596
216000, -64.972609
216750, -64.972623
217500, -64.972637
218250, -64.972653
219000, -64.972668
219750, -64.972684
220500, -64.972701
221250, -64.972718
222000, -64.972736
222750, -64.972754
223500, -64.972772
224250, -64.972791
225000, -64.972810
225750, -64.972830
226500, -64.972850
227250, -64.972870
228000, -64.972890
228750, -64.972911
229500, -64.972931
230250, -64.972952
231000, -64.972973
231750, -64.972994
232500, -64.973015
233250, -64.973037
234000, -64.973058
234750, -64.973079
235500, -64.973100
236250, -64.973121
237000, -64.973143
237750, -64.973164
238500, -64.973185
239250, -64.973205
240000, -64.973226
240750, -64.973247
241500, -64.973267
242250, -64.973288
243000, -64.973308
243750, -64.973328
244500, -64.973347
245250, -64.973367
246000, -64.973386
246750, -64.973405
247500, -64.973423
248250, -64.973442
249000, -64.973460
249750, -64.973478
250500, -64.973495
251250, -64.973512
252000, -64.973529
252750, -64.973546
253500, -64.973562
254250, -64.973577
255000, -64.973593
255750, -64.973608
256500, -64.973623
257250, -64.973637
258000, -64.973651
258750, -64.973665
259500, -64.973678
260250, -64.973691
261000, -64.973703
261750, -64.973715
262500, -64.973727
263250, -64.973738
264000, -64.973749
264750, -64.973760
265500, -64.973770
266250, -64.973780
267000, -64.973789
267750, -64.973798
268500, -64.973806
269250, -64.973815
270000, -64.973823
270750, -64.973830
271500, -64.973837
272250, -64.973844
273000, -64.973850
273750, -64.973856
274500, -64.973862
275250, -64.973867
276000, -64.973872
276750, -64.973877
277500, -64.973881
278250, -64.973885
279000, -64.973889
279750, -64.973892
280500, -64.973895
281250, -64.973897
282000, -64.973900
282750, -64.973902
283500, -64.973904
284250, -64.973905
285000, -64.973906
285750, -64.973907
286500, -64.973908
287250, -64.973908
288000, -64.973909
288750, -64.973908
289500, -64.973908
290250, -64.973908
291000, -64.973907
291750, -64.973906
292500, -64.973905
293250, -64.973903
294000, -64.973902
294750, -64.973900
295500, -64.973898
296250, -64.973896
297000, -64.973894
297750, -64.973891
298500, -64.973889
299250, -64.973886
300000, -64.973883
300750, -64.973880
301500, -64.973877
302250, -64.973874
303000, -64.973870
303750, -64.973867
304500, -64.973863
305250, -64.973860
306000, -64.973856
306750, -64.973852
307500, -64.973848
308250, -64.973844
309000, -64.973840
309750, -64.973836
310500, -64.973832
311250, -64.973828
312000, -64.973824
312750, -64.973819
313500, -64.973815
314250, -64.973811
315000, -64.973806
315750, -64.973802
316500, -64.973798
317250, -64.973793
318000, -64.973789
318750, -64.973785
319500, -64.973780
320250, -64.973776
321000, -64.973772
321750, -64.973768
322500, -64.973763
323250, -64.973759
324000, -64.973755
324750, -64.973751
325500, -64.973747
326250, -64.973743
327000, -64.973739
327750, -64.973735
328500, -64.973731
329250, -64.973727
330000, -64.973723
330750, -64.973719
331500, -64.973716
332250, -64.973712
333000, -64.973708
333750, -64.973705
334500, -64.973701
335250, -64.973698
336000, -64.973695
336750, -64.973692
337500, -64.973688
338250, -64.973685
339000, -64.973682
339750, -64.973679
340500, -64.973676
341250, -64.973674
342000, -64.973671
342750, -64.973668
343500, -64.973666
344250, -64.973663
345000, -64.973661
345750, -64.973659
346500, -64.973657
347250, -64.973654
348000, -64.973652
348750, -64.973650
349500, -64.973648
350250, -64.973647
351000, -64.973645
351750, -64.973643
352500, -64.973642
353250, -64.973640
354000, -64.973639
354750, -64.973637
355500, -64.973636
356250, -64.973635
357000, -64.973634
357750, -64.973633
358500, -64.973632
359250, -64.973631
360000, -64.973630
360750, -64.973629
361500, -64.973629
362250, -64.973628
363000, -64.973627
363750, -64.973627
364500, -64.973626
365250, -64.973626
366000, -64.973626
366750, -64.973625
367500, -64.973625
368250, -64.973625
369000, -64.973625
369750, -64.973625
370500, -64.973625
371250, -64.973625
372000, -64.973625
372750, -64.973625
373500, -64.973625
374250, -64.973626
375000, -64.973626
375750, -64.973626
376500, -64.973627
377250, -64.973627
378000, -64.973627
378750, -64.973628
379500, -64.973628
380250, -64.973629
381000, -64.973630
381750, -64.973630
382500, -64.973631
383250, -64.973632
384000, -64.973632
384750, -64.973633
385500, -64.973634
386250, -64.973634
387000, -64.973635
387750, -64.973636
388500, -64.973637
389250, -64.973638
390000, -64.973639
390750, -64.973639
391500, -64.973640
392250, -64.973641
393000, -64.973642
393750, -64.973643
394500, -64.973644
395250, -64.973645
396000, -64.973646
396750, -64.973647
397500, -64.973648
398250, -64.973649
399000, -64.973649
399750, -64.973650
400500, -64.973651
401250, -64.973652
402000, -64.973653
402750, -64.973654
403500, -64.973655
404250, -64.973656
405000, -64.973657
405750, -64.973658
406500, -64.973659
407250, -64.973660
408000, -64.973661
408750, -64.973661
409500, -64.973662
410250, -64.973663
411000, -64.973664
411750, -64.973665
412500, -64.973666
413250, -64.973666
414000, -64.973667
414750, -64.973668
415500, -64.973669
416250, -64.973670
417000, -64.973670
417750, -64.973671
418500, -64.973672
419250, -64.973672
420000, -64.973673
420750, -64.973674
421500, -64.973674
422250, -64.973675
423000, -64.973676
423750, -64.973676
424500, -64.973677
425250, -64.973678
426000, -64.973678
426750, -64.973679
427500, -64.973679
428250, -64.973680
429000, -64.973680
429750, -64.973681
430500, -64.973681
431250, -64.973682
432000, -64.973682
432750, -64.973682
433500, -64.973683
434250, -64.973683
435000, -64.973683
435750, -64.973684
436500, -64.973684
437250, -64.973684
438000, -64.973685
438750, -64.973685
439500, -64.973685
440250, -64.973685
441000, -64.973686
441750, -64.973686
442500, -64.973686
443250, -64.973686
444000, -64.973686
444750, -64.973687
445500, -64.973687
446250, -64.973687
447000, -64.973687
447750, -64.973687
448500, -64.973687
449250, -64.973687
450000, -64.973687
450750, -64.973687
451500, -64.973687
452250, -64.973687
453000, -64.973687
453750, -64.973687
454500, -64.973687
455250, -64.973687
456000, -64.973687
456750, -64.973687
457500, -64.973687
458250, -64.973687
459000, -64.973687
459750, -64.973687
460500, -64.973687
461250, -64.973687
462000, -64.973687
462750, -64.973687
463500, -64.973687
464250, -64.973687
465000, -64.973686
465750, -64.973686
466500, -64.973686
467250, -64.973686
468000, -64.973686
468750, -64.973686
469500, -64.973686
470250, -64.973686
471000, -64.973685
471750, -64.973685
472500, -64.973685
473250, -64.973685
474000, -64.973685
474750, -64.973685
475500, -64.973684
476250, -64.973684
477000, -64.973684
477750, -64.973684
478500, -64.973684
479250, -64.973683
480000, -64.973683
480750, -64.973683
481500, -64.973683
482250, -64.973683
483000, -64.973683
483750, -64.973682
484500, -64.973682
485250, -64.973682
486000, -64.973682
486750, -64.973682
487500, -64.973681
488250, -64.973681
489000, -64.973681
489750, -64.973681
490500, -64.973681
491250, -64.973681
492000, -64.973680
492750, -64.973680
493500, -64.973680
494250, -64.973680
495000, -64.973680
495750, -64.973680
496500, -64.973679
497250, -64.973679
498000, -64.973679
498750, -64.973679
499500, -64.973679
500250, -64.973679
501000, -61.480636
501750, -58.137748
502500, -54.900942
503250, -51.708965
504000, -48.441589
504750, -44.895468
505500, -40.699419
506250, -35.202089
507000, -27.227900
507750, -14.831695
508500, 3.993773
509250, 26.183599
510000, 39.949492
510750, 42.249219
511500, 41.008065
512250, 39.178846
513000, 36.882254
513750, 34.198261
514500, 31.198639
515250, 27.945835
516000, 24.507653
516750, 20.939063
517500, 17.295796
518250, 13.617520
519000, 9.943366
519750, 6.296546
520500, 2.700959
521250, -0.833449
522000, -4.293854
522750, -7.679704
523500, -10.985583
524250, -14.216498
525000, -17.373068
525750, -20.465554
526500, -23.499439
527250, -26.492224
528000, -29.458678
528750, -32.427942
529500, -35.428693
530250, -38.505262
531000, -41.700167
531750, -45.064549
532500, -48.630002
533250, -52.399354
534000, -56.295332
534750, -60.140434
535500, -63.647264
536250, -66.525022
537000, -68.608184
537750, -69.937764
538500, -70.680108
539250, -71.032916
540000, -71.145745
540750, -71.123278
541500, -71.021284
542250, -70.877135
543000, -70.705068
543750, -70.518826
544500, -70.319765
545250, -70.114721
546000, -69.901373
546750, -69.684590
547500, -69.460995
548250, -69.234889
549000, -69.002595
549750, -68.768246
550500, -68.528068
551250, -68.286143
552000, -68.038687
552750, -67.789780
553500, -67.535629
554250, -67.280306
555000, -67.020044
555750, -66.758933
556500, -66.493194
557250, -66.226914
558000, -65.956345
558750, -65.685590
559500, -65.410878
560250, -65.136301
561000, -64.858133
561750, -64.580453
562500, -64.299499
563250, -64.019358
564000, -63.736308
564750, -63.454373
565500, -63.169782
566250, -62.886609
567000, -62.601076
567750, -62.317164
568500, -62.031083
569250, -61.746879
570000, -61.460652
570750, -61.176340
571500, -60.890123
572250, -60.605924
573000, -60.319763
573750, -60.035524
574500, -59.749345
575250, -59.464927
576000, -59.178228
576750, -58.893071
577500, -58.605404
578250, -58.318780
579000, -58.029081
579750, -57.740052
580500, -57.447270
581250, -57.154179
582000, -56.856558
582750, -56.557749
583500, -56.253102
584250, -55.945890
585000, -55.631596
585750, -55.312892
586500, -54.984882
587250, -54.650511
588000, -54.304071
588750, -53.947809
589500, -53.576159
590250, -53.190240
591000, -52.783582
591750, -52.356637
592500, -51.901306
593250, -51.416776
594000, -50.892571
594750, -50.325214
595500, -49.700705
596250, -49.010497
597000, -48.235141
597750, -47.356833
598500, -46.343625
599250, -45.161831
600000, -43.756708
600750, -42.061725
601500, -39.976310
602250, -37.371202
603000, -34.064411
603750, -29.838393
604500, -24.460429
605250, -17.816811
606000, -10.142837
606750, -2.316086
607500, 4.271093
608250, 8.477614
609000, 10.125610
609750, 9.775904
610500, 8.124974
611250, 5.680212
612000, 2.767595
612750, -0.415673
613500, -3.736220
614250, -7.112288
615000, -10.483623
615750, -13.818202
616500, -17.090169
617250, -20.292465
618000, -23.419323
618750, -26.479614
619500, -29.481782
620250, -32.449234
621000, -35.404838
621750, -38.385404
622500, -41.424128
623250, -44.561031
624000, -47.818463
624750, -51.201302
625500, -54.659530
626250, -58.083643
627000, -61.289725
627750, -64.073134
628500, -66.273416
629250, -67.850037
630000, -68.867624
630750, -69.457018
631500, -69.744604
632250, -69.838460
633000, -69.807495
633750, -69.702371
634500, -69.548139
635250, -69.365973
636000, -69.162424
636750, -68.947481
637500, -68.721065
638250, -68.489257
639000, -68.249690
639750, -68.007101
640500, -67.758328
641250, -67.507619
642000, -67.251523
642750, -66.994125
643500, -66.731884
644250, -66.468804
645000, -66.201298
645750, -65.933368
646500, -65.661423
647250, -65.389431
648000, -65.113795
648750, -64.838505
649500, -64.559953
650250, -64.282093
651000, -64.001329
651750, -63.721645
652500, -63.439387
653250, -63.158494
654000, -62.875362
654750, -62.593915
655500, -62.310472
656250, -62.028945
657000, -61.745712
657750, -61.464580
658500, -61.181838
659250, -60.901358
660000, -60.619423
660750, -60.339760
661500, -60.058612
662250, -59.779805
663000, -59.499448
663750, -59.221204
664500, -58.941262
665250, -58.663328
666000, -58.383356
666750, -58.104928
667500, -57.824175
668250, -57.544543
669000, -57.261888
669750, -56.979696
670500, -56.693984
671250, -56.407840
672000, -56.116997
672750, -55.824816
673500, -55.526826
674250, -55.225914
675000, -54.917618
675750, -54.604862
676500, -54.282527
677250, -53.953176
678000, -53.611850
678750, -53.260202
679500, -52.892585
680250, -52.510542
681000, -52.107157
681750, -51.683111
682500, -51.230250
683250, -50.747389
684000, -50.224570
684750, -49.657856
685500, -49.033706
686250, -48.344064
687000, -47.568839
687750, -46.691286
688500, -45.680891
689250, -44.505657
690000, -43.113884
690750, -41.445060
691500, -39.407994
692250, -36.890329
693000, -33.738964
693750, -29.780865
694500, -24.843646
695250, -18.866861
696000, -12.066233
696750, -5.132828
697500, 0.853719
698250, 4.924489
699000, 6.774020
699750, 6.726571
700500, 5.341686
701250, 3.097256
702000, 0.332048
702750, -2.739247
703500, -5.970253
704250, -9.270663
705000, -12.575539
705750, -15.849154
706500, -19.064101
707250, -22.212632
708000, -25.289514
708750, -28.304864
709500, -31.269285
710250, -34.208370
711000, -37.147147
711750, -40.123168
712500, -43.168080
713250, -46.315497
714000, -49.574480
714750, -52.927357
715500, -56.295761
716250, -59.542199
717000, -62.476061
717750, -64.923797
718500, -66.783318
719250, -68.068797
720000, -68.870418
720750, -69.315331
721500, -69.512684
722250, -69.551929
723000, -69.487999
723750, -69.362223
724500, -69.194277
725250, -69.002095
726000, -68.790650
726750, -68.568885
727500, -68.336377
728250, -68.098847
729000, -67.853941
729750, -67.606211
730500, -67.352594
731250, -67.097219
732000, -66.836773
732750, -66.575216
733500, -66.309129
734250, -66.042416
735000, -65.771637
735750, -65.500655
736500, -65.226000
737250, -64.951543
738000, -64.673826
738750, -64.396677
739500, -64.116620
740250, -63.837516
741000, -63.555869
741750, -63.275488
742500, -62.992886
743250, -62.711907
744000, -62.428983
744750, -62.147894
745500, -61.865137
746250, -61.584461
747000, -61.302264
747750, -61.022283
748500, -60.740987
749250, -60.461979
750000, -60.181610
750750, -59.903571
751500, -59.624209
752250, -59.347033
753000, -59.068339
753750, -58.791761
754500, -58.513447
755250, -58.236823
756000, -57.958122
756750, -57.680857
757500, -57.400962
758250, -57.121771
759000, -56.839439
759750, -56.557163
760500, -56.270749
761250, -55.983401
762000, -55.691125
762750, -55.396626
763500, -55.095535
764250, -54.790867
765000, -54.477900
765750, -54.159048
766500, -53.829628
767250, -53.491769
768000, -53.139946
768750, -52.776034
769500, -52.393922
770250, -51.994287
771000, -51.570633
771750, -51.121915
772500, -50.639897
773250, -50.121775
774000, -49.556669
774750, -48.938301
775500, -48.251518
776250, -47.484068
777000, -46.612204
777750, -45.613405
778500, -44.449383
779250, -43.077380
780000, -41.431934
780750, -39.432638
781500, -36.965054
782250, -33.890856
783000, -30.038930
783750, -25.252432
784500, -19.463099
785250, -12.867843
786000, -6.088301
786750, -0.142893
787500, 4.018403
788250, 6.024025
789000, 6.136086
789750, 4.873316
790500, 2.718675
791250, 0.012026
792000, -3.015627
792750, -6.219178
793500, -9.497105
794250, -12.788518
795000, -16.048371
795750, -19.255456
796500, -22.394343
797250, -25.466083
798000, -28.473208
798750, -31.433539
799500, -34.365369
800250, -37.300914
801000, -40.270159
801750, -43.311448
802500, -46.450178
803250, -49.701366
804000, -53.038487
804750, -56.388714
805500, -59.606796
806250, -62.511872
807000, -64.927550
807750, -66.763662
808500, -68.029474
809250, -68.822038
810000, -69.259284
810750, -69.455622
811500, -69.491768
812250, -69.429019
813000, -69.301010
813750, -69.134458
814500, -68.939985
815250, -68.729788
816000, -68.505591
816750, -68.274222
817500, -68.034193
818250, -67.790395
819000, -67.540162
819750, -67.287668
820500, -67.029830
821250, -66.770563
822000, -66.506608
822750, -66.241768
823500, -65.972739
824250, -65.703294
825000, -65.430083
825750, -65.156852
826500, -64.880268
827250, -64.604068
828000, -64.324882
828750, -64.046441
829500, -63.765410
830250, -63.485473
831000, -63.203251
831750, -62.922457
832500, -62.639719
833250, -62.358669
834000, -62.075907
834750, -61.795121
835500, -61.512843
836250, -61.232663
837000, -60.951149
837750, -60.671922
838500, -60.391405
839250, -60.113137
840000, -59.833649
840750, -59.556399
841500, -59.277752
842250, -59.001185
843000, -58.723181
843750, -58.446975
844500, -58.168862
845250, -57.892253
846000, -57.613422
846750, -57.335494
847500, -57.054676
848250, -56.774295
849000, -56.490290
849750, -56.205655
850500, -55.916483
851250, -55.625795
852000, -55.329212
852750, -55.029536
853500, -54.722679
854250, -54.410886
855000, -54.089497
855750, -53.761002
856500, -53.420206
857250, -53.068776
858000, -52.701514
858750, -52.319184
859500, -51.915416
860250, -51.490560
861000, -51.036527
861750, -50.552232
862500, -50.027359
863250, -49.458182
864000, -48.830816
864750, -48.136686
865500, -47.356416
866250, -46.472556
867000, -45.454571
867750, -44.270161
868500, -42.868113
869250, -41.187844
870000, -39.139555
870750, -36.612928
871500, -33.459860
872250, -29.516572
873000, -24.626991
873750, -18.752165
874500, -12.124696
875250, -5.423522
876000, 0.326956
876750, 4.225278
877500, 5.988483
878250, 5.917220
879000, 4.537883
879750, 2.309378
880500, -0.437030
881250, -3.488373
882000, -6.699142
882750, -9.979095
883500, -13.263173
884250, -16.516220
885000, -19.711539
885750, -22.841301
886500, -25.900622
887250, -28.900281
888000, -31.852243
888750, -34.782908
889500, -37.718250
890250, -40.695586
891000, -43.745721
891750, -46.899370
892500, -50.161056
893250, -53.504471
894000, -56.840269
894750, -60.024420
895500, -62.866858
896250, -65.205220
897000, -66.956688
897750, -68.151762
898500, -68.886772
899250, -69.286772
900000, -69.455678
900750, -69.477226
901500, -69.402442
902250, -69.269674
903000, -69.097164
903750, -68.901622
904500, -68.687698
905250, -68.463786
906000, -68.229527
906750, -67.990310
907500, -67.743968
908250, -67.494780
909000, -67.239911
909750, -66.983247
910500, -66.721713
911250, -66.459021
912000, -66.191996
912750, -65.924309
913500, -65.652755
914250, -65.380955
915000, -65.105688
915750, -64.830592
916500, -64.552426
917250, -64.274790
918000, -63.994457
918750, -63.715050
919500, -63.433285
920250, -63.152742
921000, -62.870186
921750, -62.589177
922500, -62.306408
923250, -62.025428
924000, -61.742984
924750, -61.462527
925500, -61.180712
926250, -60.901056
927000, -60.620207
927750, -60.341541
928500, -60.061669
929250, -59.784061
930000, -59.505201
930750, -59.228398
931500, -58.950212
932250, -58.674006
933000, -58.396106
933750, -58.119745
934500, -57.841425
935250, -57.564270
936000, -57.284514
936750, -57.005294
937500, -56.723038
938250, -56.440507
939000, -56.153818
939750, -55.865989
940500, -55.573038
941250, -55.277521
942000, -54.975368
942750, -54.669344
943500, -54.354736
944250, -54.033812
945000, -53.702191
945750, -53.361393
946500, -53.006237
947250, -52.638433
948000, -52.251631
948750, -51.846378
949500, -51.415872
950250, -50.958927
951000, -50.467393
951750, -49.937619
952500, -49.358666
953250, -48.723288
954000, -48.015355
954750, -47.222169
955500, -46.318364
956250, -45.279020
957000, -44.063428
957750, -42.625286
958500, -40.893614
959250, -38.782157
960000, -36.169090
960750, -32.908960
961500, -28.830134
962250, -23.792724
963000, -17.781697
963750, -11.096160
964500, -4.476294
965250, 1.030044
966000, 4.601505
966750, 6.052870
967500, 5.749922
968250, 4.214217
969000, 1.891511
969750, -0.913416
970500, -3.994291
971250, -7.221133
972000, -10.502891
972750, -13.785357
973500, -17.028601
974250, -20.214753
975000, -23.331526
975750, -26.382223
976500, -29.371918
977250, -32.320396
978000, -35.248211
978750, -38.188985
979500, -41.173737
980250, -44.239687
981000, -47.408587
981750, -50.686756
982500, -54.033797
983250, -57.358201
984000, -60.498568
984750, -63.270801
985500, -65.516784
986250, -67.177295
987000, -68.290608
987750, -68.966398
988500, -69.322334
989250, -69.465053
990000, -69.467130
990750, -69.382830
991500, -69.241271
992250, -69.065871
993000, -68.865589
993750, -68.651240
994500, -68.424098
995250, -68.190351
996000, -67.948500
996750, -67.703055
997500, -67.451493
998250, -67.197707
999000, -66.938812
999750, -66.678470
1000500, -66.413639
1001250, -66.147890
1002000, -65.878145
1002750, -65.607935
1003500, -65.334145
1004250, -65.060291
1005000, -64.783276
1005750, -64.506586
1006500, -64.227092
1007250, -63.948298
1008000, -63.667089
1008750, -63.386912
1009500, -63.104627
1010250, -62.823721
1011000, -62.541019
1011750, -62.259937
1012500, -61.977313
1013250, -61.696599
1014000, -61.414523
1014750, -61.134461
1015500, -60.853223
1016250, -60.574137
1017000, -60.293882
1017750, -60.015782
1018500, -59.736609
1019250, -59.459508
1020000, -59.181102
1020750, -58.904660
1021500, -58.626800
1022250, -58.350563
1023000, -58.072501
1023750, -57.795816
1024500, -57.516882
1025250, -57.238638
1026000, -56.957556
1026750, -56.676681
1027500, -56.392108
1028250, -56.106652
1029000, -55.816671
1029750, -55.524755
1030500, -55.226820
1031250, -54.925487
1032000, -54.616730
1032750, -54.302539
1033500, -53.978539
1034250, -53.646965
1035000, -53.302574
1035750, -52.946873
1036500, -52.574741
1037250, -52.186479
1038000, -51.775995
1038750, -51.342839
1039500, -50.879186
1040250, -50.383158
1041000, -49.844428
1041750, -49.258182
1042500, -48.610425
1043250, -47.890905
1044000, -47.079479
1044750, -46.156939
1045500, -45.090286
1046250, -43.843685
1047000, -42.361265
1047750, -40.575575
1048500, -38.389224
1049250, -35.682189
1050000, -32.298028
1050750, -28.071602
1051500, -22.868257
1052250, -16.716990
1053000, -9.978769
1053750, -3.470593
1054500, 1.760688
1055250, 4.975718
1056000, 6.106551
1056750, 5.564211
1057500, 3.873981
1058250, 1.452976
1059000, -1.407579
1059750, -4.521507
1060500, -7.761090
1061250, -11.047400
1062000, -14.323611
1062750, -17.559910
1063500, -20.733915
1064250, -23.840877
1065000, -26.879006
1065750, -29.861495
1066500, -32.803007
1067250, -35.731939
1068000, -38.676194
1068750, -41.673548
1069500, -44.753761
1070250, -47.942665
1071000, -51.235212
1071750, -54.588243
1072500, -57.892396
1073250, -60.986569
1074000, -63.680030
1074750, -65.832131
1075500, -67.395744
1076250, -68.429757
1077000, -69.043138
1077750, -69.358765
1078500, -69.472382
1079250, -69.458617
1080000, -69.361657
1080750, -69.214738
1081500, -69.033177
1082250, -68.831511
1083000, -68.613427
1083750, -68.386388
1084500, -68.149835
1085250, -67.908677
1086000, -67.660812
1086750, -67.410203
1087500, -67.154185
1088250, -66.896384
1089000, -66.633922
1089750, -66.370276
1090500, -66.102492
1091250, -65.834011
1092000, -65.561839
1092750, -65.289377
1093500, -65.013630
1094250, -64.738014
1095000, -64.459495
1095750, -64.181456
1096500, -63.900898
1097250, -63.621199
1098000, -63.339308
1098750, -63.058588
1099500, -62.776031
1100250, -62.494942
1101000, -62.212246
1101750, -61.931280
1102500, -61.648982
1103250, -61.368579
1104000, -61.086964
1104750, -60.807438
1105500, -60.526814
1106250, -60.248263
1107000, -59.968635
1107750, -59.691161
1108500, -59.412502
1109250, -59.135770
1110000, -58.857765
1110750, -58.581533
1111500, -58.303657
1112250, -58.027173
1113000, -57.748826
1113750, -57.471389
1114500, -57.191360
1115250, -56.911688
1116000, -56.628884
1116750, -56.345529
1117500, -56.057999
1118250, -55.769124
1119000, -55.474937
1119750, -55.177835
1120500, -54.874011
1121250, -54.565764
1122000, -54.248674
1122750, -53.924830
1123500, -53.589869
1124250, -53.245024
1125000, -52.885381
1125750, -52.512040
1126500, -52.118897
1127250, -51.706295
1128000, -51.267046
1128750, -50.799758
1129500, -50.295733
1130250, -49.751038
1131000, -49.153895
1131750, -48.496618
1132500, -47.761740
1133250, -46.934612
1134000, -45.988874
1134750, -44.896781
1135500, -43.613754
1136250, -42.087483
1137000, -40.241180
1137750, -37.979054
1138500, -35.169640
1139250, -31.658505
1140000, -27.275443
1140750, -21.908193
1141500, -15.621595
1142250, -8.856013
1143000, -2.487928
1143750, 2.441161
1144500, 5.298285
1145250, 6.113978
1146000, 5.347864
1146750, 3.509926
1147500, 1.000622
1148250, -1.913977
1149000, -5.054446
1149750, -8.307677
1150500, -11.594147
1151250, -14.867169
1152000, -18.092578
1152750, -21.256706
1153500, -24.350572
1154250, -27.380138
1155000, -30.353399
1155750, -33.292467
1156500, -36.220387
1157250, -39.172253
1158000, -42.179796
1158750, -45.278251
1159500, -48.483988
1160250, -51.791961
1161000, -55.144544
1161750, -58.428046
1162500, -61.466361
1163250, -64.078040
1164000, -66.131122
1164750, -67.602051
1165500, -68.556382
1166250, -69.113660
1167000, -69.388283
1167750, -69.477835
1168500, -69.446207
1169250, -69.340563
1170000, -69.185532
1170750, -69.001309
1171500, -68.795213
1172250, -68.576712
1173000, -68.346626
1173750, -68.110520
1174500, -67.866868
1175250, -67.619810
1176000, -67.366954
1176750, -67.111921
1177500, -66.852012
1178250, -66.590642
1179000, -66.324980
1179750, -66.058371
1180500, -65.787953
1181250, -65.517025
1182000, -65.242693
1182750, -64.968259
1183500, -64.690839
1184250, -64.413692
1185000, -64.133913
1185750, -63.854793
1186500, -63.573411
1187250, -63.293007
1188000, -63.010663
1188750, -62.729656
1189500, -62.446990
1190250, -62.165878
1191000, -61.883382
1191750, -61.602696
1192500, -61.320781
1193250, -61.040806
1194000, -60.759807
1194750, -60.480835
1195500, -60.200803
1196250, -59.922836
1197000, -59.643862
1197750, -59.366822
1198500, -59.088573
1199250, -58.812185
1200000, -58.534394
1200750, -58.258058
1201500, -57.979970
1202250, -57.703109
1203000, -57.423968
1203750, -57.145314
1204500, -56.863861
1205250, -56.582291
1206000, -56.296967
1206750, -56.010526
1207500, -55.719572
1208250, -55.426271
1209000, -55.126814
1209750, -54.823652
1210500, -54.512723
1211250, -54.195875
1212000, -53.868991
1212750, -53.533774
1213500, -53.185265
1214250, -52.824795
1215000, -52.447023
1215750, -52.052090
1216500, -51.634128
1217250, -51.191849
1218000, -50.717649
1218750, -50.208642
1219500, -49.654651
1220250, -49.049550
1221000, -48.379336
1221750, -47.631930
1222500, -46.785522
1223250, -45.818777
1224000, -44.696234
1224750, -43.377552
1225500, -41.801701
1226250, -39.894166
1227000, -37.548492
1227750, -34.633828
1228500, -30.985951
1229250, -26.443051
1230000, -20.906936
1230750, -14.497255
1231500, -7.724760
1232250, -1.530989
1233000, 3.077445
1233750, 5.571118
1234500, 6.084406
1235250, 5.102723
1236000, 3.128974
1236750, 0.534198
1237500, -2.427873
1238250, -5.595719
1239000, -8.857968
1239750, -12.146211
1240500, -15.411536
1241250, -18.629024
1242000, -21.780510
1242750, -24.864336
1243500, -27.881848
1244250, -30.848742
1245000, -33.782419
1245750, -36.713252
1246500, -39.670870
1247250, -42.693029
1248000, -45.807450
1248750, -49.033415
1249500, -52.353712
1250250, -55.705870
1251000, -58.959861
1251750, -61.940749
1252500, -64.464466
1253250, -66.419585
1254000, -67.795367
1254750, -68.675533
1255500, -69.176231
1256250, -69.415131
1257000, -69.479042
1257750, -69.433671
1258500, -69.316860
1259250, -69.157213
1260000, -68.967451
1260750, -68.760173
1261500, -68.538234
1262250, -68.308261
1263000, -68.069530
1263750, -67.826512
1264500, -67.577173
1265250, -67.325186
1266000, -67.068046
1266750, -66.809138
1267500, -66.545767
1268250, -66.281194
1269000, -66.012666
1269750, -65.743416
1270500, -65.470642
1271250, -65.197542
1272000, -64.921331
1272750, -64.645205
1273500, -64.366340
1274250, -64.087918
1275000, -63.807149
1275750, -63.527181
1276500, -63.245179
1277250, -62.964306
1278000, -62.681751
1278750, -62.400594
1279500, -62.117979
1280250, -61.837043
1281000, -61.554887
1281750, -61.274547
1282500, -60.993135
1283250, -60.713746
1284000, -60.433345
1284750, -60.154916
1285500, -59.875532
1286250, -59.598141
1287000, -59.319642
1287750, -59.042957
1288500, -58.765111
1289250, -58.488838
1290000, -58.210966
1290750, -57.934349
1291500, -57.655860
1292250, -57.378059
1293000, -57.097686
1293750, -56.817509
1294500, -56.534091
1295250, -56.249857
1296000, -55.961428
1296750, -55.671371
1297500, -55.375822
1298250, -55.077024
1299000, -54.771418
1299750, -54.460837
1300500, -54.141135
1301250, -53.814241
1302000, -53.475672
1302750, -53.126523
1303500, -52.762125
1304250, -52.382930
1305000, -51.983093
1305750, -51.562698
1306500, -51.114201
1307250, -50.636008
1308000, -50.118808
1308750, -49.558396
1309500, -48.942067
1310250, -48.261422
1311000, -47.497883
1311750, -46.634626
1312500, -45.643080
1313250, -44.492206
1314000, -43.133648
1314750, -41.509790
1315500, -39.535737
1316250, -37.106203
1317000, -34.079460
1317750, -30.293928
1318500, -25.587094
1319250, -19.889656
1320000, -13.369512
1320750, -6.620746
1321500, -0.627009
1322250, 3.644754
1323000, 5.784739
1323750, 6.009621
1324500, 4.831587
1325250, 2.730575
1326000, 0.061000
1326750, -2.946159
1327500, -6.134757
1328250, -9.406739
1329000, -12.692830
1329750, -15.953146
1330500, -19.158819
1331250, -22.300169
1332000, -25.371347
1332750, -28.380936
1333500, -31.339823
1334250, -34.272424
1335000, -37.204141
1335750, -40.171261
1336500, -43.205605
1337250, -46.339332
1338000, -49.581685
1338750, -52.914029
1339500, -56.259538
1340250, -59.482521
1341000, -62.396806
1341750, -64.831641
1342500, -66.686721
1343250, -67.973929
1344000, -68.781198
1344750, -69.232141
1345500, -69.435189
1346250, -69.478436
1347000, -69.417581
1347750, -69.293402
1348500, -69.126617
1349250, -68.934619
1350000, -68.723337
1350750, -68.501077
1351500, -68.268286
1352250, -68.029980
1353000, -67.784626
1353750, -67.536031
1354500, -67.281928
1355250, -67.025693
1356000, -66.764798
1356750, -66.502434
1357500, -66.235960
1358250, -65.968520
1359000, -65.697444
1359750, -65.425824
1360500, -65.150967
1361250, -64.875980
1362000, -64.598161
1362750, -64.320577
1363500, -64.040528
1364250, -63.761107
1365000, -63.479570
1365750, -63.198964
1366500, -62.916580
1367250, -62.635466
1368000, -62.352835
1368750, -62.071705
1369500, -61.789348
1370250, -61.508710
1371000, -61.226967
1371750, -60.947101
1372500, -60.666319
1373250, -60.387455
1374000, -60.107642
1374750, -59.829816
1375500, -59.551029
1376250, -59.274049
1377000, -58.995955
1377750, -58.719625
1378500, -58.441897
1379250, -58.165464
1380000, -57.887346
1380750, -57.610202
1381500, -57.330771
1382250, -57.051650
1383000, -56.769781
1383750, -56.487483
1384500, -56.201370
1385250, -55.913918
1386000, -55.621766
1386750, -55.326913
1387500, -55.025794
1388250, -54.720693
1389000, -54.407483
1389750, -54.087875
1390500, -53.757999
1391250, -53.419021
1392000, -53.066255
1392750, -52.700867
1393500, -52.317267
1394250, -51.915451
1395000, -51.489420
1395750, -51.037455
1396500, -50.552132
1397250, -50.029508
1398000, -49.459532
1398750, -48.834705
1399500, -48.140161
1400250, -47.362919
1401000, -46.479286
1401750, -45.465194
1402500, -44.282184
1403250, -42.885618
1404000, -41.208969
1404750, -39.169204
1405500, -36.650313
1406250, -33.511289
1407000, -29.582627
1407750, -24.714347
1408500, -18.858743
1409250, -12.248669
1410000, -5.548753
1410750, 0.216154
1411500, 4.146247
1412250, 5.940701
1413000, 5.897895
1413750, 4.535949
1414500, 2.321465
1415250, -0.418645
1416000, -3.463576
1416750, -6.673103
1417500, -9.950010
1418250, -13.235084
1419000, -16.486469
1419750, -19.683614
1420500, -22.812229
1421250, -25.873582
1422000, -28.872036
1422750, -31.825729
1423500, -34.754676
1424250, -37.691052
1425000, -40.665844
1425750, -43.716142
1426500, -46.866477
1427250, -50.127883
1428000, -53.468429
1428750, -56.805567
1429500, -59.989634
1430250, -62.837337
1431000, -65.179421
1431750, -66.938394
1432500, -68.137327
1433250, -68.878243
1434000, -69.279813
1434750, -69.452410
1435500, -69.473779
1436250, -69.401439
1437000, -69.267664
1437750, -69.097066
1438500, -68.900183
1439250, -68.687961
1440000, -68.462576
1440750, -68.229937
1441500, -67.989197
1442250, -67.744439
1443000, -67.493708
1443750, -67.240409
1444500, -66.982193
1445250, -66.722223
1446000, -66.457976
1446750, -66.192511
1447500, -65.923270
1448250, -65.653273
1449000, -65.379919
1449750, -65.106209
1450500, -64.829559
1451250, -64.552950
1452000, -64.273762
1452750, -63.994985
1453500, -63.714027
1454250, -63.433818
1455000, -63.151726
1455750, -62.870725
1456500, -62.588170
1457250, -62.306956
1458000, -62.024431
1458750, -61.743544
1459500, -61.461543
1460250, -61.181285
1461000, -60.900087
1461750, -60.620796
1462500, -60.340591
1463250, -60.062277
1464000, -59.783131
1464750, -59.505830
1465500, -59.227494
1466250, -58.950868
1467000, -58.673131
1467750, -58.396792
1468500, -58.118903
1469250, -57.842147
1470000, -57.563468
1470750, -57.285277
1471500, -57.004538
1472250, -56.723851
1473000, -56.439806
1473750, -56.154689
1474500, -55.865353
1475250, -55.573980
1476000, -55.276963
1476750, -54.976396
1477500, -54.668882
1478250, -54.355869
1479000, -54.033469
1479750, -53.703455
1480500, -53.361198
1481250, -53.007668
1482000, -52.638427
1482750, -52.253277
1483500, -51.846621
1484250, -51.417806
1485000, -50.959508
1485750, -50.469727
1486500, -49.938677
1487250, -49.361571
1488000, -48.725037
1488750, -48.019101
1489500, -47.224949
1490250, -46.323386
1491000, -45.283411
1491750, -44.070509
1492500, -42.632338
1493250, -40.904189
1494000, -38.793863
1494750, -36.185861
1495500, -32.928836
1496250, -28.857365
1497000, -23.825164
1497750, -17.822159
1498500, -11.138940
1499250, -4.519104
1500000, 0.996884
1500750, 4.578965
1501500, 6.043751
1502250, 5.748498
1503000, 4.220583
1503750, 1.900349
1504500, -0.900590
1505250, -3.981553
1506000, -7.206110
1506750, -10.489050
1507500, -13.769948
1508250, -17.014861
1509000, -20.199700
1509750, -23.318245
1510500, -26.367672
1511250, -29.359085
1512000, -32.306141
1512750, -35.235436
1513500, -38.174486
1514250, -41.160373
1515000, -44.224265
1515750, -47.394048
1516500, -50.670101
1517250, -54.018308
1518000, -57.341512
1518750, -60.484556
1519500, -63.257324
1520250, -65.507489
1521000, -67.169237
1521750, -68.286466
1522500, -68.962586
1523250, -69.321328
1524000, -69.463393
1524750, -69.467534
1525500, -69.382072
1526250, -69.242244
1527000, -69.065474
1527750, -68.866794
1528500, -68.650996
1529250, -68.425405
1530000, -68.190180
1530750, -67.949860
1531500, -67.702924
1532250, -67.452885
1533000, -67.197603
1533750, -66.940225
1534500, -66.678386
1535250, -66.415069
1536000, -66.147821
1536750, -65.879588
1537500, -65.607880
1538250, -65.335599
1539000, -65.060246
1539750, -64.784739
1540500, -64.506549
1541250, -64.228561
1542000, -63.948267
1542750, -63.668563
1543500, -63.386887
1544250, -63.106104
1545000, -62.823699
1545750, -62.542499
1546500, -62.259918
1547250, -61.978794
1548000, -61.696581
1548750, -61.416005
1549500, -61.134445
1550250, -60.854705
1551000, -60.574122
1551750, -60.295365
1552500, -60.015769
1553250, -59.738092
1554000, -59.459497
1554750, -59.182588
1555500, -58.904653
1556250, -58.628291
1557000, -58.350563
1557750, -58.073998
1558500, -57.795825
1559250, -57.518391
1560000, -57.238662
1560750, -56.959080
1561500, -56.676724
1562250, -56.393655
1563000, -56.106723
1563750, -55.818247
1564500, -55.524861
1565250, -55.228437
1566000, -54.925639
1566750, -54.618399
1567500, -54.302754
1568250, -53.980279
1569000, -53.647261
1569750, -53.304408
1570500, -52.947279
1571250, -52.576701
1572000, -52.187033
1572750, -51.778124
1573500, -51.343592
1574250, -50.881550
1575000, -50.384190
1575750, -49.847124
1576500, -49.259617
1577250, -48.613608
1578000, -47.892932
1578750, -47.083400
1579500, -46.159886
1580250, -45.095352
1581000, -43.848087
1581750, -42.368220
1582500, -40.582452
1583250, -38.399431
1584000, -35.693342
1584750, -32.313782
1585500, -28.089717
1586250, -22.892126
1587000, -16.743010
1587750, -10.007570
1588500, -3.495182
1589250, 1.741396
1590000, 4.966478
1590750, 6.103588
1591500, 5.568443
1592250, 3.880507
1593000, 1.463325
1593750, -1.397305
1594500, -4.508984
1595250, -7.749675
1596000, -11.034425
1596750, -14.312169
1597500, -17.547174
1598250, -20.722892
1599000, -23.828650
1599750, -26.868500
1600500, -29.849718
1601250, -32.792813
1602000, -35.720274
1602750, -38.665860
1603500, -41.661466
1604250, -44.742747
1605000, -47.929722
1605750, -51.223323
1606500, -54.574797
1607250, -57.880827
1608000, -60.974619
1608750, -63.671310
1609500, -65.824133
1610250, -67.391382
1611000, -68.425772
1611750, -69.041994
1612500, -69.357109
1613250, -69.472812
1614000, -69.457981
1614750, -69.362733
1615500, -69.214512
1616250, -69.034515
1617000, -68.831456
1617750, -68.614879
1618500, -68.386414
1619250, -68.151346
1620000, -67.908750
1620750, -67.662359
1621500, -67.410306
1622250, -67.155758
1623000, -66.896511
1623750, -66.635516
1624500, -66.370423
1625250, -66.104103
1626000, -65.834174
1626750, -65.563463
1627500, -65.289553
1628250, -65.015266
1629000, -64.738200
1629750, -64.461138
1630500, -64.181650
1631250, -63.902547
1632000, -63.621399
1632750, -63.340961
1633500, -63.058792
1634250, -62.777686
1635000, -62.495147
1635750, -62.213901
1636500, -61.931484
1637250, -61.650635
1638000, -61.368783
1638750, -61.088616
1639500, -60.807640
1640250, -60.528462
1641000, -60.248462
1641750, -59.970280
1642500, -59.691358
1643250, -59.414145
1644000, -59.135967
1644750, -58.859407
1645500, -58.581730
1646250, -58.305299
1647000, -58.027373
1647750, -57.750471
1648500, -57.471595
1649250, -57.193013
1650000, -56.911903
1650750, -56.630548
1651500, -56.345761
1652250, -56.059683
1653000, -55.769379
1653750, -55.476647
1654500, -55.178122
1655250, -54.875757
1656000, -54.566096
1656750, -54.250472
1657500, -53.925222
1658250, -53.591738
1659000, -53.245500
1659750, -52.887344
1660500, -52.512628
1661250, -52.120992
1662000, -51.707035
1662750, -51.269319
1663500, -50.800709
1664250, -50.298257
1665000, -49.752291
1665750, -49.156782
1666500, -48.498312
1667250, -47.765165
1668000, -46.936978
1668750, -45.993147
1669500, -44.900232
1670250, -43.619421
1671000, -42.092734
1671750, -40.249172
1672500, -37.987332
1673250, -35.181592
1674000, -31.671890
1674750, -27.293685
1675500, -21.928668
1676250, -15.646302
1677000, -8.879709
1677750, -2.509688
1678500, 2.427482
1679250, 5.290913
1680000, 6.114660
1680750, 5.351841
1681500, 3.518378
1682250, 1.009522
1683000, -1.902563
1683750, -5.043875
1684500, -8.295420
1685250, -11.583277
1686000, -14.854992
1686750, -18.082034
1687500, -21.244958
1688250, -24.340474
1689000, -27.368828
1689750, -30.343669
1690500, -33.281394
1691250, -36.210706
1692000, -39.161005
1692750, -42.169700
1693500, -45.266378
1694250, -48.473151
1695000, -51.779414
1695750, -55.133392
1696500, -58.416029
1697250, -61.456967
1698000, -64.069025
1698750, -66.125615
1699500, -67.597119
1700250, -68.554488
1701000, -69.111540
1701750, -69.388385
1702500, -69.477046
1703250, -69.447165
1704000, -69.340317
1704750, -69.186832
1705500, -69.001284
1706250, -68.796658
1707000, -68.576787
1707750, -68.348141
1708500, -68.110648
1709250, -67.868425
1710000, -67.619974
1710750, -67.368541
1711500, -67.112112
1712250, -66.853622
1713000, -66.590854
1713750, -66.326608
1714500, -66.058600
1715250, -65.789596
1716000, -65.517269
1716750, -65.244349
1717500, -64.968515
1718250, -64.692505
1719000, -64.413957
1719750, -64.135586
1720500, -63.855065
1721250, -63.575089
1722000, -63.293283
1722750, -63.012344
1723500, -62.729934
1724250, -62.448671
1725000, -62.166156
1725750, -61.885061
1726500, -61.602973
1727250, -61.322457
1728000, -61.041081
1728750, -60.761480
1729500, -60.481106
1730250, -60.202472
1731000, -59.923104
1731750, -59.645528
1732500, -59.367088
1733250, -59.090237
1734000, -58.812451
1734750, -58.536056
1735500, -58.258324
1736250, -57.981633
1737000, -57.703379
1737750, -57.425638
1738500, -57.145593
1739250, -56.865540
1740000, -56.582583
1740750, -56.298662
1741500, -56.010838
1742250, -55.721288
1743000, -55.426609
1743750, -55.128561
1744500, -54.824027
1745250, -54.514514
1746000, -54.196303
1746750, -53.870841
1747500, -53.534273
1748250, -53.187199
1749000, -52.825390
1749750, -52.449068
1750500, -52.052819
1751250, -51.636327
1752000, -51.192757
1752750, -50.720059
1753500, -50.209805
1754250, -49.657366
1755000, -49.051082
1755750, -48.382498
1756500, -47.634007
1757250, -46.789364
1758000, -45.821716
1758750, -44.701176
1759500, -43.381907
1760250, -41.808468
1761000, -39.900901
1761750, -37.558385
1762500, -34.644643
1763250, -31.001054
1764000, -26.460185
1764750, -20.928959
1765500, -14.520333
1766250, -7.749056
1767000, -1.549960
1767750, 3.064006
1768500, 5.566608
1769250, 6.084721
1770000, 5.108736
1770750, 3.136366
1771500, 0.544646
1772250, -2.417829
1773000, -5.583790
1773750, -8.847217
1774500, -12.134096
1775250, -15.400914
1776000, -18.617225
1776750, -21.770328
1777500, -24.853031
1778250, -27.872142
1779000, -30.837830
1779750, -33.772960
1780500, -36.702386
1781250, -39.661217
1782000, -42.681720
1782750, -45.797132
1783500, -49.021322
1784250, -52.342757
1785000, -55.693634
1785750, -58.949602
1786500, -61.930364
1787250, -64.457255
1788000, -66.413061
1788750, -67.792130
1789500, -68.672467
1790250, -69.175646
1791000, -69.413930
1791750, -69.479692
1792500, -69.433263
1793250, -69.318012
1794000, -69.157123
1794750, -68.968807
1795500, -68.760219
1796250, -68.539683
1797000, -68.308374
1797750, -68.071029
1798500, -67.826666
1799250, -67.578706
1800000, -67.325369
1800750, -67.069603
1801500, -66.809344
1802250, -66.547344
1803000, -66.281418
1803750, -66.014260
1804500, -65.743656
1805250, -65.472249
1806000, -65.197795
1806750, -64.922949
1807500, -64.645468
1808250, -64.367966
1809000, -64.088189
1809750, -63.808780
1810500, -63.527457
1811250, -63.246814
1812000, -62.964585
1812750, -62.683387
1813500, -62.400874
1814250, -62.119614
1815000, -61.837322
1815750, -61.556520
1816500, -61.274825
1817250, -60.994764
1818000, -60.714021
1818750, -60.434972
1819500, -60.155189
1820250, -59.877155
1821000, -59.598411
1821750, -59.321262
1822500, -59.043225
1823250, -58.766728
1824000, -58.489105
1824750, -58.212584
1825500, -57.934617
1826250, -57.657480
1827000, -57.378333
1827750, -57.099313
1828500, -56.817793
1829250, -56.535730
1830000, -56.250156
1830750, -55.963084
1831500, -55.671693
1832250, -55.377507
1833000, -55.077381
1833750, -54.773139
1834500, -54.461236
1835250, -54.142907
1836000, -53.814700
1836750, -53.477513
1837500, -53.127065
1838250, -52.764060
1839000, -52.383582
1839750, -51.985157
1840500, -51.563505
1841250, -51.116450
1842000, -50.637030
1842750, -50.121311
1843500, -49.559724
1844250, -48.944936
1845000, -48.263204
1845750, -47.501312
1846500, -46.637101
1847250, -45.647380
1848000, -44.495791
1848750, -43.139371
1849500, -41.515209
1850250, -39.543849
1851000, -37.114757
1851750, -34.091651
1852500, -30.307672
1853250, -25.605536
1854000, -19.910044
1854750, -13.393224
1855500, -6.642364
1856250, -0.645529
1857000, 3.634550
1857750, 5.780368
1858500, 6.012272
1859250, 4.836791
1860000, 2.739570
1860750, 0.070147
1861500, -2.934843
1862250, -6.124355
1863000, -9.394849
1863750, -12.682298
1864500, -15.941436
1865250, -19.148666
1866000, -22.288906
1866750, -25.361630
1867500, -28.370080
1868250, -31.330424
1869000, -34.261741
1869750, -37.194722
1870500, -40.160334
1871250, -43.195717
1872000, -46.327759
1872750, -49.571087
1873500, -52.901895
1874250, -56.248848
1875000, -59.471242
1875750, -62.388232
1876500, -64.823622
1877250, -66.682044
1878000, -67.969751
1878750, -68.779777
1879500, -69.230420
1880250, -69.435473
1881000, -69.477837
1881750, -69.418580
1882500, -69.293256
1883250, -69.127904
1884000, -68.934661
1884750, -68.724748
1885500, -68.501205
1886250, -68.269760
1887000, -68.030157
1887750, -67.786139
1888500, -67.536240
1889250, -67.283469
1890000, -67.025928
1890750, -66.766360
1891500, -66.502689
1892250, -66.237541
1893000, -65.968792
1893750, -65.699039
1894500, -65.426110
1895250, -65.152574
1896000, -64.876278
1896750, -64.599777
1897500, -64.320884
1898250, -64.042150
1899000, -63.761419
1899750, -63.481197
1900500, -63.199281
1901250, -62.918209
1902000, -62.635784
1902750, -62.354464
1903500, -62.072023
1904250, -61.790976
1905000, -61.509026
1905750, -61.228591
1906500, -60.947415
1907250, -60.667940
1908000, -60.387766
1908750, -60.109259
1909500, -59.830123
1910250, -59.552643
1911000, -59.274355
1911750, -58.997566
1912500, -58.719929
1913250, -58.443508
1914000, -58.165771
1914750, -57.888958
1915500, -57.610512
1916250, -57.332389
1917000, -57.051969
1917750, -56.771408
1918500, -56.487814
1919250, -56.203012
1920000, -55.914268
1920750, -55.623431
1921500, -55.327292
1922250, -55.027492
1923000, -54.721110
1923750, -54.409225
1924500, -54.088345
1925250, -53.759800
1926000, -53.419562
1926750, -53.068139
1927500, -52.701504
1928250, -52.319263
1929000, -51.916220
1929750, -51.491574
1930500, -51.038413
1931250, -50.554505
1932000, -50.030728
1932750, -49.462216
1933500, -48.836301
1934250, -48.143311
1935000, -47.365089
1935750, -46.483144
1936500, -45.468257
1937250, -44.287180
1938000, -42.890140
1938750, -41.215865
1939500, -39.176213
1940250, -36.660451
1941000, -33.522508
1941750, -29.598084
1942500, -24.731861
1943250, -18.880665
1944000, -12.270910
1944750, -5.570971
1945500, 0.200139
1946250, 4.136053
1947000, 5.938734
1947750, 5.899966
1948500, 4.542883
1949250, 2.329350
1950000, -0.408134
1950750, -3.453600
1951500, -6.661475
1952250, -9.939562
1953000, -13.223417
1953750, -16.476235
1954500, -19.672304
1955250, -22.802446
1956000, -25.862752
1956750, -28.862692
1957500, -31.815238
1958250, -34.745511
1959000, -37.680533
1959750, -40.656413
1960500, -43.705122
1961250, -46.856357
1962000, -50.116111
1962750, -53.457793
1963500, -56.793884
1964250, -59.980021
1965000, -62.827853
1965750, -65.173088
1966500, -66.932770
1967250, -68.134728
1968000, -68.875717
1968750, -69.279516
1969500, -69.451465
1970250, -69.474514
1971000, -69.401152
1971750, -69.268814
1972500, -69.097044
1973250, -68.901505
1974000, -68.688054
1974750, -68.463979
1975500, -68.230089
1976250, -67.990644
1977000, -67.744629
1977750, -67.495186
1978500, -67.240626
1979250, -66.983695
1980000, -66.722461
1980750, -66.459496
1981500, -66.192768
1982250, -65.924805
1983000, -65.653544
1983750, -65.381467
1984500, -65.106492
1985250, -64.831118
1986000, -64.553242
1986750, -64.275328
1987500, -63.995284
1988250, -63.715598
1989000, -63.434122
1989750, -63.153300
1990500, -62.871032
1991250, -62.589744
1992000, -62.307263
1992750, -62.026005
1993500, -61.743850
1994250, -61.463114
1995000, -61.181588
1995750, -60.901654
1996500, -60.621097
1997250, -60.342155
1998000, -60.062574
1998750, -59.784691
1999500, -59.506125
2000250, -59.229050
2001000, -58.951160
2001750, -58.674686
2002500, -58.397085
2003250, -58.120459
2004000, -57.842442
2004750, -57.565027
2005500, -57.285579
2006250, -57.006104
2007000, -56.724161
2007750, -56.441384
2008500, -56.155015
2009250, -55.866947
2010000, -55.574328
2010750, -55.278585
2011500, -54.976777
2012250, -54.670543
2013000, -54.356298
2013750, -54.035183
2014500, -53.703945
2015250, -53.362982
2016000, -53.008240
2016750, -52.640305
2017500, -52.253959
2018250, -51.848628
2019000, -51.418644
2019750, -50.961700
2020500, -50.470788
2021250, -49.941135
2022000, -49.362955
2022750, -48.727887
2023500, -48.020963
2024250, -47.228382
2025000, -46.325964
2025750, -45.287743
2026500, -44.074233
2027250, -42.638137
2028000, -40.909824
2028750, -38.802180
2029500, -36.194803
2030250, -32.941433
2031000, -28.871654
2031750, -23.843956
2032500, -17.842574
2033250, -11.161788
2034000, -4.538883
2034750, 0.981089
2035500, 4.571388
2036250, 6.041459
2037000, 5.752351
2037750, 4.226436
2038500, 1.909464
2039250, -0.891515
2040000, -3.970573
2040750, -7.196071
2041500, -10.477679
2042250, -13.759889
2043000, -17.003729
2043750, -20.190003
2044500, -23.307517
2045250, -26.358391
2046000, -29.348731
2046750, -32.297132
2047500, -35.225198
2048250, -38.165392
2049000, -41.149831
2049750, -44.214659
2050500, -47.382852
2051250, -50.659835
2052000, -54.006684
2052750, -57.331473
2053500, -60.474201
2054250, -63.249707
2055000, -65.500516
2055750, -67.165396
2056500, -68.283015
2057250, -68.961601
2058000, -69.319959
2058750, -69.463820
2059500, -69.467082
2060250, -69.383080
2061000, -69.242160
2061750, -69.066716
2062500, -68.866864
2063250, -68.652342
2064000, -68.425549
2064750, -68.191580
2065500, -67.950046
2066250, -67.704359
2067000, -67.453101
2067750, -67.199063
2068500, -66.940465
2069250, -66.679865
2070000, -66.415328
2070750, -66.149318
2071500, -65.879862
2072250, -65.609390
2073000, -65.335886
2073750, -65.061767
2074500, -64.785036
2075250, -64.508078
2076000, -64.228866
2076750, -63.949802
2077500, -63.668874
2078250, -63.388426
2079000, -63.106418
2079750, -62.825240
2080500, -62.542814
2081250, -62.261458
2082000, -61.979109
2082750, -61.698120
2083500, -61.416318
2084250, -61.135981
2085000, -60.855016
2085750, -60.575655
2086500, -60.295673
2087250, -60.017298
2088000, -59.738397
2088750, -59.461022
2089500, -59.182890
2090250, -58.906175
2091000, -58.628592
2091750, -58.352085
2092500, -58.074302
2093250, -57.797350
2094000, -57.518698
2094750, -57.240192
2095500, -56.959396
2096250, -56.678264
2097000, -56.393986
2097750, -56.108280
2098500, -55.818597
2099250, -55.526441
2100000, -55.228816
2100750, -54.927252
2101500, -54.618818
2102250, -54.304415
2103000, -53.980754
2103750, -53.648987
2104500, -53.304960
2105250, -52.949092
2106000, -52.577357
2106750, -52.188968
2107500, -51.778920
2108250, -51.345690
2109000, -50.882540
2109750, -50.386520
2110500, -49.848394
2111250, -49.262283
2112000, -48.615284
2112750, -47.896094
2113500, -47.085697
2114250, -46.163816
2115000, -45.098605
2115750, -43.853227
2116500, -42.373041
2117250, -40.589643
2118000, -38.406939
2118750, -35.704049
2119500, -32.325825
2120250, -28.106068
2121000, -22.910675
2121750, -16.765554
2122500, -10.029705
2123250, -3.516071
2124000, 1.727532
2124750, 4.958646
2125500, 6.103429
2126250, 5.571807
2127000, 3.888166
2127750, 1.471694
2128500, -1.386608
2129250, -4.498876
2130000, -7.738092
2130750, -11.024000
2131500, -14.300620
2132250, -17.536998
2133000, -20.711742
2133750, -23.818946
2134500, -26.857826
2135250, -29.840431
2136000, -32.782435
2136750, -35.711104
2137500, -38.655380
2138250, -41.651953
2139000, -44.731700
2139750, -47.919486
2140500, -51.211552
2141250, -54.564174
2142000, -57.869403
2142750, -60.965386
2143500, -63.662467
2144250, -65.818432
2145000, -67.386411
2145750, -68.423620
2146500, -69.039860
2147250, -69.357004
2148000, -69.472057
2148750, -69.458767
2149500, -69.362544
2150250, -69.215655
2151000, -69.034554
2151750, -68.832749
2152500, -68.615020
2153250, -68.387778
2154000, -68.151542
2154750, -67.910156
2155500, -67.662590
2156250, -67.411741
2157000, -67.156015
2157750, -66.897969
2158500, -66.635793
2159250, -66.371899
2160000, -66.104397
2160750, -65.835664
2161500, -65.563772
2162250, -65.291055
2163000, -65.015586
2163750, -64.739712
2164500, -64.461467
2165250, -64.183169
2166000, -63.902883
2166750, -63.622923
2167500, -63.341301
2168250, -63.060318
2169000, -62.778028
2169750, -62.496674
2170500, -62.214243
2171250, -61.933010
2172000, -61.650976
2172750, -61.370306
2173500, -61.088954
2174250, -60.809160
2175000, -60.528797
2175750, -60.249978
2176500, -59.970612
2177250, -59.692870
2178000, -59.414475
2178750, -59.137477
2179500, -58.859735
2180250, -58.583238
2181000, -58.305628
2181750, -58.028883
2182500, -57.750802
2183250, -57.473107
2184000, -57.193350
2184750, -56.913423
2185500, -56.630896
2186250, -56.347295
2187000, -56.060049
2187750, -55.770931
2188500, -55.477036
2189250, -55.179703
2190000, -54.876180
2190750, -54.567716
2191500, -54.250943
2192250, -53.926897
2193000, -53.592274
2193750, -53.247252
2194500, -52.887969
2195250, -52.514483
2196000, -52.121739
2196750, -51.709030
2197500, -51.270230
2198250, -50.802898
2199000, -50.299402
2199750, -49.754760
2200500, -49.158266
2201250, -48.501190
2202000, -47.767148
2202750, -46.940479
2203500, -45.995920
2204250, -44.904740
2205000, -43.623489
2205750, -42.098912
2206500, -40.255397
2207250, -37.996313
2208000, -35.191482
2208750, -31.685591
2209500, -27.309381
2210250, -21.948894
2211000, -15.667912
2211750, -8.902814
2212500, -2.528450
2213250, 2.413768
2214000, 5.285554
2214750, 6.114283
2215500, 5.357000
2216250, 3.525191
2217000, 1.019226
2217750, -1.893019
2218500, -5.032636
2219250, -8.285107
2220000, -11.571774
2220750, -14.844764
2221500, -18.070845
2222250, -21.235138
2223000, -24.329708
2223750, -27.359422
2224500, -30.333253
2225250, -33.272214
2226000, -36.200343
2226750, -39.151665
2227500, -42.158954
2228250, -45.256460
2229000, -48.461720
2229750, -51.768873
2230500, -55.121679
2231250, -58.405998
2232000, -61.446918
2232750, -64.061824
2233500, -66.119224
2234250, -67.593754
2235000, -68.551492
2235750, -69.110815
2236500, -69.387262
2237250, -69.477570
2238000, -69.446845
2238750, -69.341347
2239500, -69.186834
2240250, -69.002521
2241000, -68.796796
2241750, -68.578117
2242500, -68.348347
2243250, -68.112029
2244000, -67.868672
2244750, -67.621387
2245500, -67.368816
2246250, -67.113549
2247000, -66.853919
2247750, -66.592312
2248500, -66.326925
2249250, -66.060074
2250000, -65.789928
2250750, -65.518757
2251500, -65.244694
2252250, -64.970014
2253000, -64.692860
2253750, -64.415464
2254500, -64.135948
2255250, -63.856577
2256000, -63.575457
2256750, -63.294799
2257500, -63.012714
2258250, -62.731451
2259000, -62.449042
2259750, -62.167672
2260500, -61.885432
2261250, -61.604487
2262000, -61.322826
2262750, -61.042593
2263500, -60.761846
2264250, -60.482614
2265000, -60.202835
2265750, -59.924608
2266500, -59.645887
2267250, -59.368589
2268000, -59.090595
2268750, -58.813949
2269500, -58.536414
2270250, -58.259823
2271000, -57.981992
2271750, -57.704881
2272500, -57.426003
2273250, -57.147102
2274000, -56.865915
2274750, -56.584104
2275500, -56.299052
2276250, -56.012376
2277000, -55.721698
2277750, -55.428171
2278500, -55.129002
2279250, -54.825623
2280000, -54.514996
2280750, -54.197948
2281500, -53.871380
2282250, -53.535984
2283000, -53.187818
2283750, -52.827192
2284500, -52.449794
2285250, -52.054747
2286000, -51.637198
2286750, -51.194855
2287500, -50.721132
2288250, -50.212144
2289000, -49.658730
2289750, -49.053771
2290500, -48.384286
2291250, -47.637212
2292000, -46.791798
2292750, -45.825739
2293500, -44.704655
2294250, -43.387272
2295000, -41.813678
2295750, -39.908523
2296500, -37.566561
2297250, -34.656133
2298000, -31.014171
2298750, -26.477713
2299500, -20.948710
2300250, -14.543523
2301000, -7.770949
2301750, -1.569204
2302500, 3.052488
2303250, 5.561167
2304000, 6.086321
2304750, 5.113328
2305500, 3.144710
2306250, 0.553461
2307000, -2.406963
2307750, -5.573565
2308500, -8.835682
2309250, -12.123698
2310000, -15.389505
2310750, -18.607130
2311500, -21.759344
2312250, -24.843411
2313000, -27.861616
2313750, -30.828587
2314500, -33.762672
2315250, -36.693189
2316000, -39.650746
2316750, -42.672099
2317500, -45.786030
2318250, -49.010956
2319000, -52.331051
2319750, -55.683137
2320500, -58.938567
2321250, -61.921641
2322000, -64.449143
2322750, -66.408037
2323500, -67.787824
2324250, -68.670753
2325000, -69.173881
2325750, -69.414001
2326500, -69.479112
2327250, -69.434092
2328000, -69.317911
2328750, -69.158257
2329500, -68.968903
2330250, -68.761482
2331000, -68.539868
2331750, -68.309702
2332500, -68.071264
2333250, -67.828032
2334000, -67.578973
2334750, -67.326763
2335500, -67.069895
2336250, -66.810759
2337000, -66.547656
2337750, -66.282851
2338500, -66.014588
2339250, -65.745103
2340000, -65.472591
2340750, -65.199253
2341500, -64.923302
2342250, -64.646935
2343000, -64.368327
2343750, -64.089663
2344500, -63.809148
2345250, -63.528935
2346000, -63.247185
2346750, -62.966065
2347500, -62.683760
2348250, -62.402355
2349000, -62.119988
2349750, -61.838802
2350500, -61.556892
2351250, -61.276302
2352000, -60.995134
2352750, -60.715495
2353500, -60.435339
2354250, -60.156659
2355000, -59.877519
2355750, -59.599877
2356500, -59.321624
2357250, -59.044689
2358000, -58.767088
2358750, -58.490568
2359500, -58.212944
2360250, -57.936080
2361000, -57.657843
2361750, -57.379802
2362500, -57.099684
2363250, -56.819270
2364000, -56.536112
2364750, -56.251648
2365500, -55.963485
2366250, -55.673206
2367000, -55.377935
2367750, -55.078925
2368500, -54.773603
2369250, -54.462822
2370000, -54.143421
2370750, -53.816342
2371500, -53.478094
2372250, -53.128785
2373000, -52.764730
2373750, -52.385407
2374500, -51.985952
2375250, -51.565479
2376000, -51.117424
2376750, -50.639211
2377500, -50.122531
2378250, -49.562197
2379000, -48.946509
2379750, -48.266114
2380500, -47.503424
2381250, -46.640676
2382000, -45.650330
2382750, -44.500434
2383500, -43.143692
2384250, -41.521615
2385000, -39.550466
2385750, -37.124177
2386500, -34.102193
2387250, -30.322084
2388000, -25.622090
2388750, -19.930843
2389500, -13.414847
2390250, -6.664348
2391000, -0.662163
2391750, 3.623545
2392500, 5.777348
2393250, 6.013640
2394000, 4.842988
2394750, 2.747046
2395500, 0.080140
2396250, -2.925132
2397000, -6.113155
2397750, -9.384583
2398500, -12.670973
2399250, -15.931345
2400000, -19.137706
2400750, -22.279244
2401500, -25.351091
2402250, -28.360807
2403000, -31.320193
2403750, -34.252637
2404500, -37.184473
2405250, -40.150995
2406000, -43.185018
2406750, -46.317799
2407500, -49.559707
2408250, -52.891396
2409000, -56.237382
2409750, -59.461566
2410500, -62.378802
2411250, -64.817082
2412000, -66.676364
2412750, -67.966907
2413500, -68.777232
2414250, -69.229940
2415000, -69.434570
2415750, -69.478437
2416500, -69.418369
2417250, -69.294293
2418000, -69.127970
2418750, -68.935876
2419500, -68.724934
2420250, -68.502504
2421000, -68.270007
2421750, -68.031502
2422500, -67.786424
2423250, -67.537616
2424000, -67.283781
2424750, -67.027328
2425500, -66.766695
2426250, -66.504108
2427000, -66.237893
2427750, -65.970227
2428500, -65.699406
2429250, -65.427558
2430000, -65.152953
2430750, -64.877735
2431500, -64.600166
2432250, -64.322349
2433000, -64.042546
2433750, -63.762890
2434500, -63.481598
2435250, -63.200755
2436000, -62.918612
2436750, -62.637259
2437500, -62.354868
2438250, -62.073497
2439000, -61.791378
2439750, -61.510498
2440500, -61.228992
2441250, -60.948883
2442000, -60.668338
2442750, -60.389231
2443500, -60.109655
2444250, -59.831585
2445000, -59.553035
2445750, -59.275813
2446500, -58.997956
2447250, -58.721386
2448000, -58.443899
2448750, -58.167229
2449500, -57.889351
2450250, -57.611974
2451000, -57.332788
2451750, -57.053437
2452500, -56.771817
2453250, -56.489293
2454000, -56.203436
2454750, -55.915765
2455500, -55.623877
2456250, -55.328817
2457000, -55.027971
2457750, -54.722671
2458500, -54.409746
2459250, -54.089956
2460000, -53.760379
2460750, -53.421240
2461500, -53.068799
2462250, -52.703273
2463000, -52.320031
2463750, -51.918117
2464500, -51.492495
2465250, -51.040493
2466000, -50.555639
2466750, -50.033058
2467500, -49.463651
2468250, -48.838993
2469000, -48.145194
2469750, -47.368334
2470500, -46.485711
2471250, -45.472362
2472000, -44.290843
2472750, -42.895651
2473500, -41.221360
2474250, -39.184119
2475000, -36.669071
2475750, -33.534470
2476500, -29.611831
2477250, -24.749890
2478000, -18.900645
2478750, -12.293499
2479500, -5.591247
2480250, 0.183538
2481000, 4.127357
2481750, 5.935675
2482500, 5.903097
2483250, 4.548411
2484000, 2.338089
2484750, -0.399156
2485500, -3.442843
2486250, -6.651415
2487000, -9.928350
2487750, -13.213319
2488500, -16.465229
2489250, -19.662550
2490000, -22.791873
2490750, -25.853458
2491500, -28.852544
2492250, -31.806271
2493000, -34.735538
2493750, -37.671539
2494500, -40.646185
2495250, -43.695645
2496000, -46.845466
2496750, -50.105909
2497500, -53.446405
2498250, -56.783769
2499000, -59.969620
2499750, -62.819853
2500500, -67.835635
2501250, -71.071908
2502000, -73.131425
2502750, -74.380174
2503500, -75.105898
2504250, -75.511985
2505000, -75.732950
2505750, -75.845922
2506500, -75.898603
2507250, -75.914664
2508000, -75.910792
2508750, -75.893142
2509500, -75.868582
2510250, -75.837755
2511000, -75.804406
2511750, -75.767388
2512500, -75.729406
2513250, -75.688705
2514000, -75.647623
2514750, -75.604183
2515500, -75.560590
2516250, -75.514784
2517000, -75.468915
2517750, -75.420893
2518500, -75.372845
2519250, -75.322671
2520000, -75.272487
2520750, -75.220191
2521500, -75.167894
2522250, -75.113494
2523000, -75.059102
2523750, -75.002616
2524500, -74.946147
2525250, -74.887595
2526000, -74.829072
2526750, -74.768480
2527500, -74.707933
2528250, -74.645334
2529000, -74.582800
2529750, -74.518236
2530500, -74.453759
2531250, -74.387278
2532000, -74.320910
2532750, -74.252568
2533500, -74.184369
2534250, -74.114228
2535000, -74.044263
2535750, -73.972393
2536500, -73.900735
2537250, -73.827208
2538000, -73.753931
2538750, -73.678828
2539500, -73.604016
2540250, -73.527424
2541000, -73.451168
2541750, -73.373179
2542500, -73.295575
2543250, -73.216288
2544000, -73.137436
2544750, -73.056954
2545500, -72.976959
2546250, -72.895386
2547000, -72.814349
2547750, -72.731785
2548500, -72.649809
2549250, -72.566362
2550000, -72.483557
2550750, -72.399337
2551500, -72.315817
2552250, -72.230938
2553000, -72.146816
2553750, -72.061395
2554500, -71.976787
2555250, -71.890935
2556000, -71.805947
2556750, -71.719765
2557500, -71.634497
2558250, -71.548089
2559000, -71.462650
2559750, -71.376126
2560500, -71.290624
2561250, -71.204093
2562000, -71.118637
2562750, -71.032207
2563500, -70.946905
2564250, -70.860675
2565000, -70.775613
2565750, -70.689664
2566500, -70.604925
2567250, -70.519343
2568000, -70.435016
2568750, -70.349893
2569500, -70.266070
2570250, -70.181497
2571000, -70.098268
2571750, -70.014333
2572500, -69.931785
2573250, -69.848565
2574000, -69.766753
2574750, -69.684295
2575500, -69.603272
2576250, -69.521636
2577000, -69.441468
2577750, -69.360720
2578500, -69.281475
2579250, -69.201684
2580000, -69.123427
2580750, -69.044659
2581500, -68.967456
2582250, -68.889767
2583000, -68.813652
2583750, -68.737055
2584500, -68.662044
2585250, -68.586567
2586000, -68.512695
2586750, -68.438380
2587500, -68.365690
2588250, -68.292580
2589000, -68.221117
2589750, -68.149257
2590500, -68.079067
2591250, -68.008503
2592000, -67.939629
2592750, -67.870383
2593500, -67.802813
2594250, -67.734865
2595000, -67.668593
2595750, -67.601949
2596500, -67.536989
2597250, -67.471669
2598000, -67.408045
2598750, -67.344076
2599500, -67.281818
2600250, -67.219229
2601000, -67.158366
2601750, -67.097187
2602500, -67.037748
2603250, -66.978009
2604000, -66.920012
2604750, -66.861699
2605500, -66.805103
2606250, -66.748176
2607000, -66.692960
2607750, -66.637412
2608500, -66.583576
2609250, -66.529415
2610000, -66.476973
2610750, -66.424215
2611500, -66.373185
2612250, -66.321849
2613000, -66.272252
2613750, -66.222359
2614500, -66.174215
2615250, -66.125786
2616000, -66.079114
2616750, -66.032169
2617500, -65.986989
2618250, -65.941537
2619000, -65.897827
2619750, -65.853813
2620500, -65.811519
2621250, -65.768908
2622000, -65.728011
2622750, -65.686794
2623500, -65.647291
2624250, -65.607473
2625000, -65.569371
2625750, -65.530961
2626500, -65.494272
2627250, -65.457282
2628000, -65.422019
2628750, -65.386461
2629500, -65.352638
2630250, -65.318525
2631000, -65.286151
2631750, -65.253495
2632500, -65.222582
2633250, -65.191390
2634000, -65.161945
2634750, -65.132226
2635500, -65.104256
2636250, -65.076015
2637000, -65.049523
2637750, -65.022762
2638500, -64.997750
2639250, -64.972467
2640000, -64.948911
2640750, -64.925052
2641500, -64.902894
2642250, -64.880416
2643000, -64.859627
2643750, -64.838507
2644500, -64.819068
2645250, -64.799293
2646000, -64.781195
2646750, -64.762756
2647500, -64.745988
2648250, -64.728876
2649000, -64.713430
2649750, -64.697637
2650500, -64.683503
2651250, -64.669015
2652000, -64.656181
2652750, -64.642986
2653500, -64.631436
2654250, -64.619519
2655000, -64.609236
2655750, -64.598577
2656500, -64.589541
2657250, -64.580117
2658000, -64.572305
2658750, -64.564093
2659500, -64.557479
2660250, -64.550452
2661000, -64.545006
2661750, -64.539133
2662500, -64.534826
2663250, -64.530074
2664000, -64.526870
2664750, -64.523204
2665500, -64.521066
2666250, -64.518448
2667000, -64.517338
2667750, -64.515728
2668500, -64.515604
2669250, -64.514958
2670000, -64.515777
2670750, -64.516053
2671500, -64.517768
2672250, -64.518918
2673000, -64.521484
2673750, -64.523461
2674500, -64.526828
2675250, -64.529582
2676000, -64.533700
2676750, -64.537181
2677500, -64.542000
2678250, -64.546156
2679000, -64.551625
2679750, -64.556404
2680500, -64.562469
2681250, -64.567819
2682000, -64.574428
2682750, -64.580297
2683500, -64.587398
2684250, -64.593733
2685000, -64.601273
2685750, -64.608022
2686500, -64.615949
2687250, -64.623060
2688000, -64.631324
2688750, -64.638747
2689500, -64.647297
2690250, -64.654981
2691000, -64.663768
2691750, -64.671666
2692500, -64.680643
2693250, -64.688707
2694000, -64.697826
2694750, -64.706011
2695500, -64.715229
2696250, -64.723491
2697000, -64.732765
2697750, -64.741063
2698500, -64.750351
2699250, -64.758645
2700000, -64.767909
2700750, -64.776162
2701500, -64.785366
2702250, -64.793541
2703000, -64.802651
2703750, -64.810716
2704500, -64.819699
2705250, -64.827624
2706000, -64.836451
2706750, -64.844206
2707500, -64.852850
2708250, -64.860410
2709000, -64.868847
2709750, -64.876188
2710500, -64.884394
2711250, -64.891495
2712000, -64.899451
2712750, -64.906293
2713500, -64.913981
2714250, -64.920547
2715000, -64.927952
2715750, -64.934228
2716500, -64.941336
2717250, -64.947310
2718000, -64.954110
2718750, -64.959772
2719500, -64.966255
2720250, -64.971597
2721000, -64.977755
2721750, -64.982771
2722500, -64.988600
2723250, -64.993285
2724000, -64.998781
2724750, -65.003133
2725500, -65.008292
2726250, -65.012301
2727000, -65.017112
2727750, -65.020772
2728500, -65.025232
2729250, -65.028540
2730000, -65.032650
2730750, -65.035612
2731500, -65.039377
2732250, -65.041997
2733000, -65.045424
2733750, -65.047711
2734500, -65.050808
2735250, -65.052771
2736000, -65.055548
2736750, -65.057197
2737500, -65.059665
2738250, -65.061010
2739000, -65.063180
2739750, -65.064234
2740500, -65.066117
2741250, -65.066892
2742000, -65.068502
2742750, -65.069009
2743500, -65.070358
2744250, -65.070611
2745000, -65.071711
2745750, -65.071723
2746500, -65.072589
2747250, -65.072373
2748000, -65.073017
2748750, -65.072587
2749500, -65.073023
2750250, -65.072391
2751000, -65.072632
2751750, -65.071812
2752500, -65.071871
2753250, -65.070877
2754000, -65.070768
2754750, -65.069612
2755500, -65.069347
2756250, -65.068043
2757000, -65.067635
2757750, -65.066194
2758500, -65.065656
2759250, -65.064092
2760000, -65.063436
2760750, -65.061761
2761500, -65.060999
2762250, -65.059224
2763000, -65.058368
2763750, -65.056505
2764500, -65.055565
2765250, -65.053625
2766000, -65.052613
2766750, -65.050607
2767500, -65.049533
2768250, -65.047471
2769000, -65.046346
2769750, -65.044237
2770500, -65.043070
2771250, -65.040924
2772000, -65.039724
2772750, -65.037551
2773500, -65.036327
2774250, -65.034134
2775000, -65.032894
2775750, -65.030690
2776500, -65.029443
2777250, -65.027235
2778000, -65.025987
2778750, -65.023783
2779500, -65.022541
2780250, -65.020347
2781000, -65.019118
2781750, -65.016941
2782500, -65.015731
2783250, -65.013576
2784000, -65.012390
2784750, -65.010263
2785500, -65.009107
2786250, -65.007012
2787000, -65.005891
2787750, -65.003833
2788500, -65.002750
2789250, -65.000733
2790000, -64.999693
2790750, -64.997721
2791500, -64.996724
2792250, -64.994796
2793000, -64.993844
2793750, -64.991961
2794500, -64.991054
2795250, -64.989218
2796000, -64.988358
2796750, -64.986571
2797500, -64.985760
2798250, -64.984024
2799000, -64.983265
2799750, -64.981582
2800500, -64.980875
2801250, -64.979246
2802000, -64.978595
2802750, -64.977022
2803500, -64.976426
2804250, -64.974910
2805000, -64.974371
2805750, -64.972913
2806500, -64.972432
2807250, -64.971032
2808000, -64.970609
2808750, -64.969268
2809500, -64.968904
2810250, -64.967622
2811000, -64.967316
2811750, -64.966093
2812500, -64.965846
2813250, -64.964681
2814000, -64.964491
2814750, -64.963385
2815500, -64.963252
2816250, -64.962203
2817000, -64.962127
2817750, -64.961135
2818500, -64.961114
2819250, -64.960176
2820000, -64.960210
2820750, -64.959327
2821500, -64.959413
2822250, -64.958582
2823000, -64.958720
2823750, -64.957941
2824500, -64.958129
2825250, -64.957399
2826000, -64.957635
2826750, -64.956954
2827500, -64.957236
2828250, -64.956600
2829000, -64.956927
2829750, -64.956336
2830500, -64.956706
2831250, -64.956157
2832000, -64.956567
2832750, -64.956058
2833500, -64.956507
2834250, -64.956036
2835000, -64.956522
2835750, -64.956087
2836500, -64.956607
2837250, -64.956207
2838000, -64.956759
2838750, -64.956390
2839500, -64.956972
2840250, -64.956633
2841000, -64.957243
2841750, -64.956931
2842500, -64.957568
2843250, -64.957281
2844000, -64.957941
2844750, -64.957678
2845500, -64.958359
2846250, -64.958117
2847000, -64.958818
2847750, -64.958595
2848500, -64.959314
2849250, -64.959108
2850000, -64.959842
2850750, -64.959651
2851500, -64.960399
2852250, -64.960221
2853000, -64.960980
2853750, -64.960813
2854500, -64.961583
2855250, -64.961425
2856000, -64.962203
2856750, -64.962053
2857500, -64.962837
2858250, -64.962693
2859000, -64.963481
2859750, -64.963342
2860500, -64.964134
2861250, -64.963997
2862000, -64.964790
2862750, -64.964656
2863500, -64.965449
2864250, -64.965314
2865000, -64.966106
2865750, -64.965970
2866500, -64.966759
2867250, -64.966621
2868000, -64.967407
2868750, -64.967264
2869500, -64.968046
2870250, -64.967899
2871000, -64.968674
2871750, -64.968521
2872500, -64.969290
2873250, -64.969131
2874000, -64.969892
2874750, -64.969725
2875500, -64.970478
2876250, -64.970303
2877000, -64.971047
2877750, -64.970863
2878500, -64.971597
2879250, -64.971403
2880000, -64.972127
2880750, -64.971924
2881500, -64.972637
2882250, -64.972422
2883000, -64.973124
2883750, -64.972899
2884500, -64.973589
2885250, -64.973353
2886000, -64.974031
2886750, -64.973784
2887500, -64.974450
2888250, -64.974190
2889000, -64.974844
2889750, -64.974573
2890500, -64.975215
2891250, -64.974931
2892000, -64.975560
2892750, -64.975265
2893500, -64.975882
2894250, -64.975575
2895000, -64.976179
2895750, -64.975860
2896500, -64.976452
2897250, -64.976121
2898000, -64.976701
2898750, -64.976358
2899500, -64.976926
2900250, -64.976572
2901000, -64.977128
2901750, -64.976763
2902500, -64.977307
2903250, -64.976931
2904000, -64.977464
2904750, -64.977077
2905500, -64.977599
2906250, -64.977202
2907000, -64.977714
2907750, -64.977307
2908500, -64.977808
2909250, -64.977391
2910000, -64.977882
2910750, -64.977456
2911500, -64.977938
2912250, -64.977503
2913000, -64.977975
2913750, -64.977532
2914500, -64.977996
2915250, -64.977545
2916000, -64.978000
2916750, -64.977541
2917500, -64.977988
2918250, -64.977523
2919000, -64.977962
2919750, -64.977490
2920500, -64.977923
2921250, -64.977444
2922000, -64.977871
2922750, -64.977386
2923500, -64.977806
2924250, -64.977317
2925000, -64.977731
2925750, -64.977236
2926500, -64.977646
2927250, -64.977147
2928000, -64.977551
2928750, -64.977048
2929500, -64.977449
2930250, -64.976942
2931000, -64.977338
2931750, -64.976828
2932500, -64.977221
2933250, -64.976709
2934000, -64.977098
2934750, -64.976583
2935500, -64.976971
2936250, -64.976454
2937000, -64.976838
2937750, -64.976320
2938500, -64.976703
2939250, -64.976183
2940000, -64.976564
2940750, -64.976044
2941500, -64.976424
2942250, -64.975902
2943000, -64.976282
2943750, -64.975760
2944500, -64.976139
2945250, -64.975617
2946000, -64.975996
2946750, -64.975475
2947500, -64.975853
2948250, -64.975332
2949000, -64.975711
2949750, -64.975191
2950500, -64.975570
2951250, -64.975052
2952000, -64.975432
2952750, -64.974914
2953500, -64.975295
2954250, -64.974780
2955000, -64.975161
2955750, -64.974647
2956500, -64.975031
2957250, -64.974519
2958000, -64.974903
2958750, -64.974393
2959500, -64.974780
2960250, -64.974272
2961000, -64.974660
2961750, -64.974154
2962500, -64.974544
2963250, -64.974041
2964000, -64.974433
2964750, -64.973933
2965500, -64.974327
2966250, -64.973829
2967000, -64.974225
2967750, -64.973729
2968500, -64.974128
2969250, -64.973635
2970000, -64.974036
2970750, -64.973546
2971500, -64.973949
2972250, -64.973462
2973000, -64.973867
2973750, -64.973383
2974500, -64.973791
2975250, -64.973309
2976000, -64.973719
2976750, -64.973241
2977500, -64.973653
2978250, -64.973177
2979000, -64.973592
2979750, -64.973119
2980500, -64.973535
2981250, -64.973065
2982000, -64.973484
2982750, -64.973017
2983500, -64.973438
2984250, -64.972973
2985000, -64.973396
2985750, -64.972934
2986500, -64.973360
2987250, -64.972900
2988000, -64.973328
2988750, -64.972870
2989500, -64.973300
2990250, -64.972845
2991000, -64.973276
2991750, -64.972824
2992500, -64.973257
2993250, -64.972807
2994000, -64.973242
2994750, -64.972794
2995500, -64.973230
2996250, -64.972784
2997000, -64.973222
2997750, -64.972779
2998500, -64.973218
2999250, -64.972776
3000000, -64.973217
