# ./result/hh_impl_0610.txt
# dt = 610 [usec]
# t [usec], V [mV]
0, -65.000000
610, -64.998188
1220, -64.996440
1830, -64.994747
2440, -64.993102
3050, -64.991500
3660, -64.989936
4270, -64.988409
4880, -64.986914
5490, -64.985451
6100, -64.984019
6710, -64.982616
7320, -64.981243
7930, -64.979897
8540, -64.978580
9150, -64.977292
9760, -64.976031
10370, -64.974797
10980, -64.973592
11590, -64.972415
12200, -64.971266
12810, -64.970144
13420, -64.969051
14030, -64.967986
14640, -64.966949
15250, -64.965939
15860, -64.964958
16470, -64.964005
17080, -64.963080
17690, -64.962184
18300, -64.961315
18910, -64.960474
19520, -64.959661
20130, -64.958875
20740, -64.958117
21350, -64.957387
21960, -64.956684
22570, -64.956008
23180, -64.955359
23790, -64.954738
24400, -64.954142
25010, -64.953573
25620, -64.953031
26230, -64.952514
26840, -64.952023
27450, -64.951558
28060, -64.951118
28670, -64.950702
29280, -64.950312
29890, -64.949945
30500, -64.949603
31110, -64.949285
31720, -64.948989
32330, -64.948717
32940, -64.948468
33550, -64.948241
34160, -64.948036
34770, -64.947853
35380, -64.947691
35990, -64.947550
36600, -64.947429
37210, -64.947329
37820, -64.947248
38430, -64.947187
39040, -64.947144
39650, -64.947121
40260, -64.947115
40870, -64.947127
41480, -64.947157
42090, -64.947203
42700, -64.947266
43310, -64.947345
43920, -64.947440
44530, -64.947550
45140, -64.947675
45750, -64.947814
46360, -64.947967
46970, -64.948134
47580, -64.948314
48190, -64.948507
48800, -64.948712
49410, -64.948929
50020, -64.949158
50630, -64.949397
51240, -64.949648
51850, -64.949908
52460, -64.950179
53070, -64.950458
53680, -64.950747
54290, -64.951045
54900, -64.951351
55510, -64.951664
56120, -64.951985
56730, -64.952314
57340, -64.952648
57950, -64.952990
58560, -64.953337
59170, -64.953690
59780, -64.954048
60390, -64.954411
61000, -64.954778
61610, -64.955150
62220, -64.955525
62830, -64.955904
63440, -64.956286
64050, -64.956671
64660, -64.957058
65270, -64.957447
65880, -64.957839
66490, -64.958232
67100, -64.958626
67710, -64.959021
68320, -64.959417
68930, -64.959813
69540, -64.960210
70150, -64.960606
70760, -64.961002
71370, -64.961397
71980, -64.961792
72590, -64.962185
73200, -64.962577
73810, -64.962967
74420, -64.963355
75030, -64.963741
75640, -64.964125
76250, -64.964507
76860, -64.964886
77470, -64.965262
78080, -64.965635
78690, -64.966005
79300, -64.966371
79910, -64.966734
80520, -64.967093
81130, -64.967448
81740, -64.967799
82350, -64.968146
82960, -64.968488
83570, -64.968827
84180, -64.969160
84790, -64.969489
85400, -64.969813
86010, -64.970132
86620, -64.970447
87230, -64.970756
87840, -64.971060
88450, -64.971358
89060, -64.971652
89670, -64.971939
90280, -64.972222
90890, -64.972498
91500, -64.972770
92110, -64.973035
92720, -64.973295
93330, -64.973549
93940, -64.973797
94550, -64.974040
95160, -64.974276
95770, -64.974507
96380, -64.974731
96990, -64.974950
97600, -64.975163
98210, -64.975370
98820, -64.975571
99430, -64.975766
100040, -64.975956
100650, -64.976139
101260, -64.976316
101870, -64.976488
102480, -64.976653
103090, -64.976813
103700, -64.976967
104310, -64.977115
104920, -64.977258
105530, -64.977395
106140, -64.977526
106750, -64.977651
107360, -64.977771
107970, -64.977885
108580, -64.977994
109190, -64.978098
109800, -64.978196
110410, -64.978288
111020, -64.978376
111630, -64.978458
112240, -64.978535
112850, -64.978607
113460, -64.978675
114070, -64.978737
114680, -64.978794
115290, -64.978847
115900, -64.978895
116510, -64.978938
117120, -64.978976
117730, -64.979011
118340, -64.979041
118950, -64.979066
119560, -64.979087
120170, -64.979105
120780, -64.979118
121390, -64.979127
122000, -64.979132
122610, -64.979134
123220, -64.979131
123830, -64.979125
124440, -64.979116
125050, -64.979103
125660, -64.979087
126270, -64.979067
126880, -64.979045
127490, -64.979019
128100, -64.978990
128710, -64.978958
129320, -64.978924
129930, -64.978886
130540, -64.978846
131150, -64.978804
131760, -64.978759
132370, -64.978712
132980, -64.978662
133590, -64.978610
134200, -64.978556
134810, -64.978500
135420, -64.978442
136030, -64.978382
136640, -64.978320
137250, -64.978256
137860, -64.978191
138470, -64.978125
139080, -64.978057
139690, -64.977987
140300, -64.977916
140910, -64.977844
141520, -64.977771
142130, -64.977697
142740, -64.977621
143350, -64.977545
143960, -64.977468
144570, -64.977390
145180, -64.977312
145790, -64.977232
146400, -64.977153
147010, -64.977072
147620, -64.976991
148230, -64.976910
148840, -64.976829
149450, -64.976747
150060, -64.976665
150670, -64.976583
151280, -64.976501
151890, -64.976418
152500, -64.976336
153110, -64.976254
153720, -64.976172
154330, -64.976090
154940, -64.976009
155550, -64.975927
156160, -64.975847
156770, -64.975766
157380, -64.975686
157990, -64.975606
158600, -64.975527
159210, -64.975449
159820, -64.975371
160430, -64.975293
161040, -64.975217
161650, -64.975141
162260, -64.975066
162870, -64.974991
163480, -64.974917
164090, -64.974845
164700, -64.974773
165310, -64.974702
165920, -64.974632
166530, -64.974562
167140, -64.974494
167750, -64.974427
168360, -64.974361
168970, -64.974296
169580, -64.974232
170190, -64.974169
170800, -64.974107
171410, -64.974046
172020, -64.973986
172630, -64.973928
173240, -64.973871
173850, -64.973814
174460, -64.973759
175070, -64.973705
175680, -64.973653
176290, -64.973601
176900, -64.973551
177510, -64.973502
178120, -64.973454
178730, -64.973408
179340, -64.973362
179950, -64.973318
180560, -64.973276
181170, -64.973234
181780, -64.973193
182390, -64.973154
183000, -64.973116
183610, -64.973080
184220, -64.973044
184830, -64.973010
185440, -64.972977
186050, -64.972945
186660, -64.972914
187270, -64.972885
187880, -64.972857
188490, -64.972830
189100, -64.972804
189710, -64.972779
190320, -64.972755
190930, -64.972733
191540, -64.972711
192150, -64.972691
192760, -64.972672
193370, -64.972654
193980, -64.972637
194590, -64.972621
195200, -64.972607
195810, -64.972593
196420, -64.972580
197030, -64.972568
197640, -64.972558
198250, -64.972548
198860, -64.972539
199470, -64.972531
200080, -64.972524
200690, -64.972518
201300, -64.972513
201910, -64.972509
202520, -64.972505
203130, -64.972503
203740, -64.972501
204350, -64.972500
204960, -64.972500
205570, -64.972501
206180, -64.972502
206790, -64.972505
207400, -64.972507
208010, -64.972511
208620, -64.972515
209230, -64.972520
209840, -64.972526
210450, -64.972532
211060, -64.972539
211670, -64.972546
212280, -64.972554
212890, -64.972563
213500, -64.972572
214110, -64.972582
214720, -64.972592
215330, -64.972602
215940, -64.972613
216550, -64.972625
217160, -64.972637
217770, -64.972649
218380, -64.972662
218990, -64.972675
219600, -64.972688
220210, -64.972702
220820, -64.972716
221430, -64.972731
222040, -64.972745
222650, -64.972760
223260, -64.972776
223870, -64.972791
224480, -64.972807
225090, -64.972823
225700, -64.972839
226310, -64.972855
226920, -64.972872
227530, -64.972888
228140, -64.972905
228750, -64.972922
229360, -64.972939
229970, -64.972956
230580, -64.972973
231190, -64.972990
231800, -64.973008
232410, -64.973025
233020, -64.973042
233630, -64.973060
234240, -64.973077
234850, -64.973094
235460, -64.973112
236070, -64.973129
236680, -64.973146
237290, -64.973164
237900, -64.973181
238510, -64.973198
239120, -64.973215
239730, -64.973232
240340, -64.973249
240950, -64.973265
241560, -64.973282
242170, -64.973298
242780, -64.973315
243390, -64.973331
244000, -64.973347
244610, -64.973363
245220, -64.973379
245830, -64.973394
246440, -64.973410
247050, -64.973425
247660, -64.973440
248270, -64.973455
248880, -64.973469
249490, -64.973484
250100, -64.973498
250710, -64.973512
251320, -64.973526
251930, -64.973539
252540, -64.973553
253150, -64.973566
253760, -64.973579
254370, -64.973591
254980, -64.973604
255590, -64.973616
256200, -64.973628
256810, -64.973639
257420, -64.973651
258030, -64.973662
258640, -64.973673
259250, -64.973684
259860, -64.973694
260470, -64.973704
261080, -64.973714
261690, -64.973724
262300, -64.973733
262910, -64.973742
263520, -64.973751
264130, -64.973760
264740, -64.973768
265350, -64.973776
265960, -64.973784
266570, -64.973791
267180, -64.973799
267790, -64.973806
268400, -64.973812
269010, -64.973819
269620, -64.973825
270230, -64.973831
270840, -64.973837
271450, -64.973843
272060, -64.973848
272670, -64.973853
273280, -64.973858
273890, -64.973863
274500, -64.973867
275110, -64.973871
275720, -64.973875
276330, -64.973879
276940, -64.973882
277550, -64.973885
278160, -64.973888
278770, -64.973891
279380, -64.973894
279990, -64.973896
280600, -64.973898
281210, -64.973900
281820, -64.973902
282430, -64.973904
283040, -64.973905
283650, -64.973906
284260, -64.973907
284870, -64.973908
285480, -64.973909
286090, -64.973909
286700, -64.973909
287310, -64.973909
287920, -64.973909
288530, -64.973909
289140, -64.973909
289750, -64.973908
290360, -64.973908
290970, -64.973907
291580, -64.973906
292190, -64.973905
292800, -64.973904
293410, -64.973903
294020, -64.973901
294630, -64.973900
295240, -64.973898
295850, -64.973896
296460, -64.973894
297070, -64.973892
297680, -64.973890
298290, -64.973888
298900, -64.973886
299510, -64.973883
300120, -64.973881
300730, -64.973878
301340, -64.973875
301950, -64.973873
302560, -64.973870
303170, -64.973867
303780, -64.973864
304390, -64.973861
305000, -64.973858
305610, -64.973855
306220, -64.973852
306830, -64.973849
307440, -64.973846
308050, -64.973842
308660, -64.973839
309270, -64.973836
309880, -64.973832
310490, -64.973829
311100, -64.973825
311710, -64.973822
312320, -64.973818
312930, -64.973815
313540, -64.973811
314150, -64.973808
314760, -64.973804
315370, -64.973801
315980, -64.973797
316590, -64.973794
317200, -64.973790
317810, -64.973787
318420, -64.973783
319030, -64.973780
319640, -64.973776
320250, -64.973772
320860, -64.973769
321470, -64.973765
322080, -64.973762
322690, -64.973759
323300, -64.973755
323910, -64.973752
324520, -64.973748
325130, -64.973745
325740, -64.973742
326350, -64.973738
326960, -64.973735
327570, -64.973732
328180, -64.973729
328790, -64.973726
329400, -64.973723
330010, -64.973719
330620, -64.973716
331230, -64.973713
331840, -64.973710
332450, -64.973708
333060, -64.973705
333670, -64.973702
334280, -64.973699
334890, -64.973696
335500, -64.973694
336110, -64.973691
336720, -64.973689
337330, -64.973686
337940, -64.973684
338550, -64.973681
339160, -64.973679
339770, -64.973676
340380, -64.973674
340990, -64.973672
341600, -64.973670
342210, -64.973668
342820, -64.973666
343430, -64.973664
344040, -64.973662
344650, -64.973660
345260, -64.973658
345870, -64.973656
346480, -64.973654
347090, -64.973653
347700, -64.973651
348310, -64.973649
348920, -64.973648
349530, -64.973646
350140, -64.973645
350750, -64.973644
351360, -64.973642
351970, -64.973641
352580, -64.973640
353190, -64.973639
353800, -64.973637
354410, -64.973636
355020, -64.973635
355630, -64.973634
356240, -64.973633
356850, -64.973633
357460, -64.973632
358070, -64.973631
358680, -64.973630
359290, -64.973630
359900, -64.973629
360510, -64.973628
361120, -64.973628
361730, -64.973627
362340, -64.973627
362950, -64.973627
363560, -64.973626
364170, -64.973626
364780, -64.973626
365390, -64.973625
366000, -64.973625
366610, -64.973625
367220, -64.973625
367830, -64.973625
368440, -64.973625
369050, -64.973625
369660, -64.973625
370270, -64.973625
370880, -64.973625
371490, -64.973625
372100, -64.973625
372710, -64.973625
373320, -64.973625
373930, -64.973626
374540, -64.973626
375150, -64.973626
375760, -64.973626
376370, -64.973627
376980, -64.973627
377590, -64.973627
378200, -64.973628
378810, -64.973628
379420, -64.973629
380030, -64.973629
380640, -64.973630
381250, -64.973630
381860, -64.973631
382470, -64.973631
383080, -64.973632
383690, -64.973633
384300, -64.973633
384910, -64.973634
385520, -64.973634
386130, -64.973635
386740, -64.973636
387350, -64.973636
387960, -64.973637
388570, -64.973638
389180, -64.973638
389790, -64.973639
390400, -64.973640
391010, -64.973641
391620, -64.973641
392230, -64.973642
392840, -64.973643
393450, -64.973643
394060, -64.973644
394670, -64.973645
395280, -64.973646
395890, -64.973647
396500, -64.973647
397110, -64.973648
397720, -64.973649
398330, -64.973650
398940, -64.973650
399550, -64.973651
400160, -64.973652
400770, -64.973653
401380, -64.973653
401990, -64.973654
402600, -64.973655
403210, -64.973656
403820, -64.973656
404430, -64.973657
405040, -64.973658
405650, -64.973659
406260, -64.973659
406870, -64.973660
407480, -64.973661
408090, -64.973662
408700, -64.973662
409310, -64.973663
409920, -64.973664
410530, -64.973664
411140, -64.973665
411750, -64.973666
412360, -64.973666
412970, -64.973667
413580, -64.973668
414190, -64.973668
414800, -64.973669
415410, -64.973670
416020, -64.973670
416630, -64.973671
417240, -64.973671
417850, -64.973672
418460, -64.973673
419070, -64.973673
419680, -64.973674
420290, -64.973674
420900, -64.973675
421510, -64.973675
422120, -64.973676
422730, -64.973676
423340, -64.973677
423950, -64.973677
424560, -64.973678
425170, -64.973678
425780, -64.973679
426390, -64.973679
427000, -64.973679
427610, -64.973680
428220, -64.973680
428830, -64.973681
429440, -64.973681
430050, -64.973681
430660, -64.973682
431270, -64.973682
431880, -64.973682
432490, -64.973683
433100, -64.973683
433710, -64.973683
434320, -64.973684
434930, -64.973684
435540, -64.973684
436150, -64.973684
436760, -64.973685
437370, -64.973685
437980, -64.973685
438590, -64.973685
439200, -64.973685
439810, -64.973686
440420, -64.973686
441030, -64.973686
441640, -64.973686
442250, -64.973686
442860, -64.973686
443470, -64.973687
444080, -64.973687
444690, -64.973687
445300, -64.973687
445910, -64.973687
446520, -64.973687
447130, -64.973687
447740, -64.973687
448350, -64.973687
448960, -64.973687
449570, -64.973687
450180, -64.973687
450790, -64.973687
451400, -64.973687
452010, -64.973688
452620, -64.973688
453230, -64.973688
453840, -64.973688
454450, -64.973687
455060, -64.973687
455670, -64.973687
456280, -64.973687
456890, -64.973687
457500, -64.973687
458110, -64.973687
458720, -64.973687
459330, -64.973687
459940, -64.973687
460550, -64.973687
461160, -64.973687
461770, -64.973687
462380, -64.973687
462990, -64.973687
463600, -64.973687
464210, -64.973687
464820, -64.973686
465430, -64.973686
466040, -64.973686
466650, -64.973686
467260, -64.973686
467870, -64.973686
468480, -64.973686
469090, -64.973686
469700, -64.973685
470310, -64.973685
470920, -64.973685
471530, -64.973685
472140, -64.973685
472750, -64.973685
473360, -64.973685
473970, -64.973685
474580, -64.973684
475190, -64.973684
475800, -64.973684
476410, -64.973684
477020, -64.973684
477630, -64.973684
478240, -64.973683
478850, -64.973683
479460, -64.973683
480070, -64.973683
480680, -64.973683
481290, -64.973683
481900, -64.973683
482510, -64.973682
483120, -64.973682
483730, -64.973682
484340, -64.973682
484950, -64.973682
485560, -64.973682
486170, -64.973682
486780, -64.973681
487390, -64.973681
488000, -64.973681
488610, -64.973681
489220, -64.973681
489830, -64.973681
490440, -64.973681
491050, -64.973680
491660, -64.973680
492270, -64.973680
492880, -64.973680
493490, -64.973680
494100, -64.973680
494710, -64.973680
495320, -64.973679
495930, -64.973679
496540, -64.973679
497150, -64.973679
497760, -64.973679
498370, -64.973679
498980, -64.973679
499590, -64.973679
500200, -64.973679
500810, -62.119254
501420, -59.368666
502030, -56.697880
502640, -54.082966
503250, -51.476312
503860, -48.811460
504470, -45.971594
505080, -42.780186
505690, -38.942619
506300, -33.991914
506910, -27.161293
507520, -17.297364
508130, -3.110494
508740, 14.993838
509350, 31.731020
509960, 40.492133
510570, 42.254912
511180, 41.533987
511790, 40.185293
512400, 38.485836
513010, 36.497720
513620, 34.258274
514230, 31.809336
514840, 29.183861
515450, 26.421623
516060, 23.552448
516670, 20.611202
517280, 17.621334
517890, 14.610451
518500, 11.594393
519110, 8.593269
519720, 5.615874
520330, 2.675915
520940, -0.223448
521550, -3.073364
522160, -5.874747
522770, -8.622336
523380, -11.320118
523990, -13.965063
524600, -16.563017
525210, -19.114045
525820, -21.626150
526430, -24.102183
527040, -26.553836
527650, -28.988607
528260, -31.423348
528870, -33.872319
529480, -36.359590
530090, -38.905804
530700, -41.541276
531310, -44.288890
531920, -47.174274
532530, -50.202068
533140, -53.358359
533750, -56.579255
534360, -59.755470
534970, -62.722455
535580, -65.311077
536190, -67.389650
536800, -68.923525
537410, -69.959276
538020, -70.602352
538630, -70.959013
539240, -71.126297
539850, -71.168356
540460, -71.134831
541070, -71.050920
541680, -70.938498
542290, -70.804539
542900, -70.659508
543510, -70.503440
544120, -70.342632
544730, -70.174637
545340, -70.004268
545950, -69.828193
546560, -69.650686
547170, -69.468098
547780, -69.284510
548390, -69.096158
549000, -68.907051
549610, -68.713384
550220, -68.519134
550830, -68.320483
551440, -68.121404
552050, -67.918084
552660, -67.714489
553270, -67.506805
553880, -67.298997
554490, -67.087265
555100, -66.875581
555710, -66.660144
556320, -66.444918
556930, -66.226110
557540, -66.007698
558150, -65.785901
558760, -65.564675
559370, -65.340233
559980, -65.116546
560590, -64.889844
561200, -64.664088
561810, -64.435486
562420, -64.207995
563030, -63.977847
563640, -63.749008
564250, -63.517667
564860, -63.287762
565470, -63.055515
566080, -62.824882
566690, -62.592045
567300, -62.360907
567910, -62.127672
568520, -61.896268
569130, -61.662882
569740, -61.431363
570350, -61.197885
570960, -60.966342
571570, -60.732924
572180, -60.501415
572790, -60.267944
573400, -60.036358
574010, -59.802833
574620, -59.571104
575230, -59.337235
575840, -59.105011
576450, -58.870564
577060, -58.637607
577670, -58.402117
578280, -58.167794
578890, -57.930709
579500, -57.694551
580110, -57.455180
580720, -57.216185
581330, -56.973548
581940, -56.730910
582550, -56.483975
583160, -56.236180
583770, -55.983378
584380, -55.729085
584990, -55.468791
585600, -55.205716
586210, -54.935516
586820, -54.661396
587430, -54.378533
588040, -54.089825
588650, -53.790604
589260, -53.483350
589870, -53.162758
590480, -52.831197
591090, -52.482967
591700, -52.119511
592310, -51.734673
592920, -51.329024
593530, -50.895059
594140, -50.432397
594750, -49.931606
595360, -49.390312
595970, -48.796333
596580, -48.143675
597190, -47.416121
597800, -46.601444
598410, -45.675775
599020, -44.617080
599630, -43.387989
600240, -41.948541
600850, -40.238088
601460, -38.185792
602070, -35.692627
602680, -32.644787
603290, -28.904494
603900, -24.348368
604510, -18.910421
605120, -12.698503
605730, -6.103322
606340, 0.160566
606950, 5.277751
607560, 8.695062
608170, 10.349487
608780, 10.531964
609390, 9.646996
610000, 8.034830
610610, 5.946769
611220, 3.547130
611830, 0.954039
612440, -1.756630
613050, -4.525174
613660, -7.315563
614270, -10.095994
614880, -12.850890
615490, -15.564065
616100, -18.231985
616710, -20.847388
617320, -23.414280
617930, -25.932802
618540, -28.413049
619150, -30.861945
619760, -33.296186
620370, -35.728806
620980, -38.182694
621590, -40.674983
622200, -43.230370
622810, -45.862679
623420, -48.585152
624030, -51.387636
624640, -54.243574
625250, -57.087052
625860, -59.826421
626470, -62.340587
627080, -64.521539
627690, -66.291265
628300, -67.635859
628910, -68.586832
629520, -69.215361
630130, -69.593807
630740, -69.794512
631350, -69.868278
631960, -69.858745
632570, -69.789982
633180, -69.684435
633790, -69.550785
634400, -69.400865
635010, -69.236271
635620, -69.064184
636230, -68.883185
636840, -68.698500
637450, -68.507447
638060, -68.314438
638670, -68.116268
639280, -67.917005
639890, -67.713218
640500, -67.508817
641110, -67.300278
641720, -67.091450
642330, -66.878773
642940, -66.666062
643550, -66.449731
644160, -66.233584
644770, -66.014040
645380, -65.794902
645990, -65.572572
646600, -65.350837
647210, -65.126116
647820, -64.902203
648430, -64.675513
649040, -64.449815
649650, -64.221525
650260, -63.994426
650870, -63.764947
651480, -63.536833
652090, -63.306487
652700, -63.077676
653310, -62.846826
653920, -62.617670
654530, -62.386592
655140, -62.157328
655750, -61.926292
656360, -61.697211
656970, -61.466432
657580, -61.237654
658190, -61.007265
658800, -60.778991
659410, -60.549132
660020, -60.321336
660630, -60.091956
661240, -59.864681
661850, -59.635809
662460, -59.408919
663070, -59.180314
663680, -58.953631
664290, -58.725186
664900, -58.498465
665510, -58.269703
666120, -58.042472
666730, -57.813077
667340, -57.584942
667950, -57.354210
668560, -57.124362
669170, -56.891635
669780, -56.659440
670390, -56.423791
671000, -56.188043
671610, -55.948334
672220, -55.708033
672830, -55.462971
673440, -55.216335
674050, -54.964108
674660, -54.709516
675270, -54.448145
675880, -54.182927
676490, -53.909611
677100, -53.631042
677710, -53.342437
678320, -53.046347
678930, -52.738129
679540, -52.419725
680150, -52.085778
680760, -51.738198
681370, -51.370889
681980, -50.984719
682590, -50.573239
683200, -50.135842
683810, -49.664588
684420, -49.157378
685030, -48.604054
685640, -47.999783
686250, -47.331215
686860, -46.588791
687470, -45.752962
688080, -44.807285
688690, -43.722511
689300, -42.469255
689910, -41.001637
690520, -39.269550
691130, -37.200717
691740, -34.714290
692350, -31.707721
692960, -28.080640
693570, -23.745861
694180, -18.696240
694790, -13.068512
695400, -7.233384
696010, -1.774035
696620, 2.669531
697230, 5.672822
697840, 7.155931
698450, 7.326545
699060, 6.493821
699670, 4.955407
700280, 2.936244
700890, 0.603882
701500, -1.930058
702110, -4.580682
702720, -7.294360
703330, -10.026853
703940, -12.753232
704550, -15.450994
705160, -18.111348
705770, -20.723515
706380, -23.288931
706990, -25.805477
707600, -28.281769
708210, -30.723098
708820, -33.145117
709430, -35.559469
710040, -37.988000
710650, -40.446647
711260, -42.958956
711870, -45.538370
712480, -48.197815
713090, -50.929921
713700, -53.713007
714310, -56.488969
714920, -59.176890
715530, -61.667518
716140, -63.858279
716750, -65.668739
717360, -67.074203
717970, -68.093608
718580, -68.787134
719190, -69.221089
719800, -69.465646
720410, -69.572338
721020, -69.586382
721630, -69.534044
722240, -69.439405
722850, -69.312806
723460, -69.167022
724070, -69.004662
724680, -68.833326
725290, -68.652198
725900, -68.466626
726510, -68.274331
727120, -68.079696
727730, -67.879809
728340, -67.678629
728950, -67.472962
729560, -67.266582
730170, -67.056180
730780, -66.845447
731390, -66.631016
732000, -66.416531
732610, -66.198606
733220, -65.980874
733830, -65.759946
734440, -65.539427
735050, -65.315917
735660, -65.093031
736270, -64.867378
736880, -64.642557
737490, -64.415159
738100, -64.188785
738710, -63.960040
739320, -63.732528
739930, -63.502822
740540, -63.274503
741150, -63.044169
741760, -62.815416
742370, -62.584806
742980, -62.355889
743590, -62.125248
744200, -61.896454
744810, -61.666072
745420, -61.437608
746030, -61.207615
746640, -60.979633
747250, -60.750237
747860, -60.522871
748470, -60.294050
749080, -60.067270
749690, -59.839088
750300, -59.612925
750910, -59.385238
751520, -59.159466
752130, -58.932126
752740, -58.706646
753350, -58.479402
753960, -58.253760
754570, -58.026182
755180, -57.800095
755790, -57.571805
756400, -57.344578
757010, -57.114800
757620, -56.885824
758230, -56.653962
758840, -56.422343
759450, -56.187245
760060, -55.951912
760670, -55.712642
761280, -55.472381
761890, -55.227250
762500, -54.980338
763110, -54.727845
763720, -54.472465
764330, -54.210091
764940, -53.943580
765550, -53.668821
766160, -53.388151
766770, -53.097112
767380, -52.798188
767990, -52.486494
768600, -52.163821
769210, -51.825128
769820, -51.471761
770430, -51.097692
771040, -50.703756
771650, -50.282910
772260, -49.834547
772870, -49.350477
773480, -48.828053
774090, -48.256813
774700, -47.631226
775310, -46.936844
775920, -46.163750
776530, -45.291141
777140, -44.300573
777750, -43.160966
778360, -41.840512
778970, -40.290613
779580, -38.457164
780190, -36.264977
780800, -33.630802
781410, -30.453649
782020, -26.642521
782630, -22.135380
783240, -16.971290
783850, -11.355102
784460, -5.723821
785070, -0.673730
785680, 3.225708
786290, 5.671464
786900, 6.682132
787510, 6.501561
788120, 5.428440
788730, 3.733140
789340, 1.615597
789950, -0.774963
790560, -3.338864
791170, -5.999928
791780, -8.709759
792390, -11.428894
793000, -14.135441
793610, -16.808942
794220, -19.442506
794830, -22.027605
795440, -24.566223
796050, -27.058562
796660, -29.514094
797270, -31.940151
797880, -34.353150
798490, -36.766668
799100, -39.202736
799710, -41.677742
800320, -44.213688
800930, -46.820975
801540, -49.506793
802150, -52.254095
802760, -55.028351
803370, -57.758568
803980, -60.352052
804590, -62.697882
805200, -64.705594
805810, -66.317296
806420, -67.532983
807030, -68.389437
807640, -68.954246
808250, -69.292901
808860, -69.469718
809470, -69.529686
810080, -69.511814
810690, -69.437840
811300, -69.328289
811910, -69.191352
812520, -69.038084
813130, -68.870255
813740, -68.694627
814350, -68.510137
814960, -68.321689
815570, -68.127002
816180, -67.930171
816790, -67.728382
817400, -67.525371
818010, -67.318089
818620, -67.110119
819230, -66.898313
819840, -66.686178
820450, -66.470512
821060, -66.254786
821670, -66.035790
822280, -65.816984
822890, -65.595137
823500, -65.373689
824110, -65.149416
824720, -64.925763
825330, -64.699506
825940, -64.474063
826550, -64.246204
827160, -64.019363
827770, -63.790323
828380, -63.562483
828990, -63.332600
829600, -63.104091
830210, -62.873732
830820, -62.644916
831430, -62.414377
832040, -62.185504
832650, -61.955059
833260, -61.726433
833870, -61.496322
834480, -61.268077
835090, -61.038438
835700, -60.810779
836310, -60.581771
836920, -60.354713
837530, -60.126307
838140, -59.899892
838750, -59.672143
839360, -59.446287
839970, -59.218978
840580, -58.993503
841190, -58.766562
841800, -58.541291
842410, -58.314276
843020, -58.088739
843630, -57.861338
844240, -57.635203
844850, -57.406826
845460, -57.179340
846070, -56.949333
846680, -56.719946
847290, -56.487542
847900, -56.255132
848510, -56.019205
849120, -55.782868
849730, -55.542346
850340, -55.300480
850950, -55.053615
851560, -54.804710
852170, -54.549832
852780, -54.291583
853390, -54.026082
854000, -53.756058
854610, -53.477180
855220, -53.191697
855830, -52.895376
856440, -52.590305
857050, -52.271558
857660, -51.940814
858270, -51.593066
858880, -51.229010
859490, -50.842827
860100, -50.434694
860710, -49.997385
861320, -49.530075
861930, -49.023588
862540, -48.474990
863150, -47.872478
863760, -47.209608
864370, -46.470564
864980, -45.642900
865590, -44.703790
866200, -43.631608
866810, -42.391263
867420, -40.945371
868030, -39.239179
868640, -37.210559
869250, -34.776272
869860, -31.846412
870470, -28.320335
871080, -24.123565
871690, -19.241059
872300, -13.802784
872910, -8.139973
873520, -2.797047
874130, 1.624127
874740, 4.686924
875350, 6.282134
875960, 6.571008
876570, 5.845735
877180, 4.389722
877790, 2.435980
878400, 0.149648
879010, -2.346492
879620, -4.971343
880230, -7.661672
880840, -10.378655
881450, -13.089388
882060, -15.776739
882670, -18.424750
883280, -21.029366
883890, -23.584245
884500, -26.094595
885110, -28.561865
885720, -30.998467
886330, -33.412821
886940, -35.824156
887550, -38.246951
888160, -40.704031
888770, -43.211548
889380, -45.788821
889990, -48.441088
890600, -51.165600
891210, -53.931974
891820, -56.687646
892430, -59.343425
893040, -61.797649
893650, -63.944887
894260, -65.716042
894870, -67.083875
895480, -68.076508
896090, -68.747702
896700, -69.169322
897310, -69.403129
897920, -69.505786
898530, -69.514548
899140, -69.461558
899750, -69.363631
900360, -69.237500
900970, -69.089033
901580, -68.927451
902190, -68.753580
902800, -68.573295
903410, -68.385222
904020, -68.193789
904630, -67.996674
905240, -67.797674
905850, -67.594044
906460, -67.389296
907070, -67.180512
907680, -66.971081
908290, -66.758004
908900, -66.544604
909510, -66.327840
910120, -66.111016
910730, -65.891084
911340, -65.671329
911950, -65.448684
912560, -65.226427
913170, -65.001501
913780, -64.777190
914390, -64.550413
915000, -64.324432
915610, -64.096187
916220, -63.868949
916830, -63.639644
917440, -63.411512
918050, -63.181480
918660, -62.952805
919270, -62.722421
919880, -62.493531
920490, -62.263046
921100, -62.034198
921710, -61.803919
922320, -61.575382
922930, -61.345466
923540, -61.117369
924150, -60.888000
924760, -60.660527
925370, -60.431779
925980, -60.204908
926590, -59.976792
927200, -59.750601
927810, -59.523103
928420, -59.297385
929030, -59.070285
929640, -58.844940
930250, -58.618105
930860, -58.392785
931470, -58.165755
932080, -57.940094
932690, -57.712578
933300, -57.486104
933910, -57.257364
934520, -57.029355
935130, -56.798851
935740, -56.568655
936350, -56.335339
936960, -56.101790
937570, -55.864691
938180, -55.626799
938790, -55.384520
939400, -55.140581
940010, -54.891522
940620, -54.639967
941230, -54.382086
941840, -54.120372
942450, -53.851143
943060, -53.576668
943670, -53.292774
944280, -53.001594
944890, -52.699083
945500, -52.386674
946110, -52.059658
946720, -51.719575
947330, -51.360940
947940, -50.984318
948550, -50.583983
949160, -50.159116
949770, -49.702604
950380, -49.212350
950990, -48.679185
951600, -48.098618
952210, -47.458548
952820, -46.750309
953430, -45.956650
954040, -45.062928
954650, -44.043175
955260, -42.871479
955870, -41.507594
956480, -39.907179
957090, -38.007544
957700, -35.737466
958310, -33.005201
958920, -29.716341
959530, -25.779127
960140, -21.153230
960750, -15.900904
961360, -10.275706
961970, -4.746164
962580, 0.079422
963190, 3.681354
963800, 5.818158
964410, 6.568258
965020, 6.188296
965630, 4.978519
966240, 3.189176
966850, 1.013507
967460, -1.415354
968070, -3.998305
968680, -6.670046
969290, -9.379532
969900, -12.095806
970510, -14.792214
971120, -17.456571
971730, -20.076586
972340, -22.650612
972950, -25.175938
973560, -27.659113
974170, -30.104719
974780, -32.526454
975390, -34.935913
976000, -37.352891
976610, -39.793779
977220, -42.281236
977830, -44.829905
978440, -47.454839
979050, -50.153047
979660, -52.909330
980270, -55.675827
980880, -58.380148
981490, -60.919697
982100, -63.191452
982710, -65.105592
983320, -66.622554
983930, -67.747213
984540, -68.530219
985150, -69.035064
985760, -69.332415
986370, -69.477273
986980, -69.517854
987590, -69.484035
988200, -69.401856
988810, -69.283954
989420, -69.143886
990030, -68.985632
990640, -68.816895
991250, -68.637755
991860, -68.453341
992470, -68.262051
993080, -68.067899
993690, -67.868552
994300, -67.667532
994910, -67.462179
995520, -67.255802
996130, -67.045605
996740, -66.834800
997350, -66.620522
997960, -66.405929
998570, -66.188134
999180, -65.970281
999790, -65.749475
1000400, -65.528833
1001010, -65.305448
1001620, -65.082444
1002230, -64.856924
1002840, -64.631995
1003450, -64.404740
1004060, -64.178270
1004670, -63.949684
1005280, -63.722091
1005890, -63.492557
1006500, -63.264172
1007110, -63.034029
1007720, -62.805230
1008330, -62.574828
1008940, -62.345884
1009550, -62.115470
1010160, -61.886670
1010770, -61.656535
1011380, -61.428083
1011990, -61.198359
1012600, -60.970415
1013210, -60.741308
1013820, -60.514000
1014430, -60.285494
1015040, -60.058800
1015650, -59.830963
1016260, -59.604913
1016870, -59.377596
1017480, -59.151968
1018090, -58.925032
1018700, -58.699727
1019310, -58.472919
1019920, -58.247489
1020530, -58.020388
1021140, -57.794559
1021750, -57.566791
1022360, -57.339867
1022970, -57.110663
1023580, -56.882049
1024190, -56.650820
1024800, -56.419627
1025410, -56.185235
1026020, -55.950409
1026630, -55.711932
1027240, -55.472273
1027850, -55.228043
1028460, -54.981854
1029070, -54.730397
1029680, -54.475891
1030290, -54.214724
1030900, -53.949276
1031510, -53.675942
1032120, -53.396591
1032730, -53.107260
1033340, -52.809967
1033950, -52.500358
1034560, -52.179764
1035170, -51.843651
1035780, -51.492966
1036390, -51.122201
1037000, -50.731753
1037610, -50.315205
1038220, -49.871537
1038830, -49.393246
1039440, -48.877314
1040050, -48.314068
1040660, -47.697673
1041270, -47.014636
1041880, -46.255075
1042490, -45.399134
1043100, -44.428799
1043710, -43.314592
1044320, -42.025624
1044930, -40.515941
1045540, -38.733154
1046150, -36.605500
1046760, -34.052231
1047370, -30.974946
1047980, -27.281481
1048590, -22.903524
1049200, -17.861051
1049810, -12.326997
1050420, -6.698037
1051030, -1.547587
1051640, 2.540248
1052250, 5.213270
1052860, 6.439806
1053470, 6.434536
1054080, 5.491502
1054690, 3.887462
1055300, 1.832412
1055910, -0.516783
1056520, -3.054020
1057130, -5.699062
1057740, -8.400355
1058350, -11.116342
1058960, -13.822912
1059570, -16.499209
1060180, -19.136914
1060790, -21.726777
1061400, -24.270390
1062010, -26.767190
1062620, -29.226162
1063230, -31.654109
1063840, -34.067138
1064450, -36.478206
1065060, -38.909141
1065670, -41.376556
1066280, -43.902213
1066890, -46.497895
1067500, -49.171478
1068110, -51.909480
1068720, -54.680274
1069330, -57.416362
1069940, -60.028624
1070550, -62.407899
1071160, -64.459455
1071770, -66.120286
1072380, -67.383709
1072990, -68.282037
1073600, -68.880256
1074210, -69.244316
1074820, -69.439300
1075430, -69.512234
1076040, -69.503119
1076650, -69.435347
1077260, -69.329845
1077870, -69.195893
1078480, -69.044500
1079090, -68.878192
1079700, -68.703453
1080310, -68.519819
1080920, -68.331808
1081530, -68.137665
1082140, -67.941055
1082750, -67.739660
1083360, -67.536762
1083970, -67.329795
1084580, -67.121879
1085190, -66.910344
1085800, -66.698228
1086410, -66.482804
1087020, -66.267075
1087630, -66.048300
1088240, -65.829472
1088850, -65.607830
1089460, -65.386347
1090070, -65.162265
1090680, -64.938564
1091290, -64.712486
1091900, -64.486984
1092510, -64.259295
1093120, -64.032383
1093730, -63.803500
1094340, -63.575581
1094950, -63.345848
1095560, -63.117251
1096170, -62.887033
1096780, -62.658123
1097390, -62.427721
1098000, -62.198750
1098610, -61.968436
1099220, -61.739709
1099830, -61.509730
1100440, -61.281383
1101050, -61.051872
1101660, -60.824107
1102270, -60.595231
1102880, -60.368074
1103490, -60.139804
1104100, -59.913292
1104710, -59.685688
1105320, -59.459751
1105930, -59.232599
1106540, -59.007052
1107150, -58.780279
1107760, -58.554956
1108370, -58.328132
1108980, -58.102563
1109590, -57.875367
1110200, -57.649228
1110810, -57.421096
1111420, -57.193638
1112030, -56.963902
1112640, -56.734587
1113250, -56.502512
1113860, -56.270222
1114470, -56.034667
1115080, -55.798491
1115690, -55.558404
1116300, -55.316784
1116910, -55.070431
1117520, -54.821842
1118130, -54.567577
1118740, -54.309772
1119350, -54.045005
1119960, -53.775542
1120570, -53.497557
1121180, -53.212835
1121790, -52.917601
1122400, -52.613542
1123010, -52.296188
1123620, -51.966763
1124230, -51.620795
1124840, -51.258529
1125450, -50.874613
1126060, -50.468884
1126670, -50.034592
1127280, -49.570489
1127890, -49.068032
1128500, -48.523874
1129110, -47.926918
1129720, -47.270538
1130330, -46.539497
1130940, -45.721313
1131550, -44.794120
1132160, -43.736446
1132770, -42.514414
1133380, -41.091111
1133990, -39.413470
1134600, -37.420426
1135210, -35.030822
1135820, -32.155502
1136430, -28.694303
1137040, -24.569074
1137650, -19.756514
1138260, -14.368531
1138870, -8.714206
1139480, -3.319559
1140090, 1.210942
1140700, 4.415761
1141310, 6.151889
1141920, 6.559014
1142530, 5.922298
1143140, 4.528903
1143750, 2.617467
1144360, 0.359224
1144970, -2.119346
1145580, -4.733527
1146190, -7.418729
1146800, -10.133906
1147410, -12.845421
1148020, -15.535164
1148630, -18.186921
1149240, -20.795372
1149850, -23.354724
1150460, -25.868882
1151070, -28.339593
1151680, -30.778369
1152290, -33.194148
1152900, -35.604798
1153510, -38.025486
1154120, -40.478225
1154730, -42.979906
1155340, -45.549952
1155950, -48.194654
1156560, -50.912827
1157170, -53.676712
1157780, -56.435447
1158390, -59.103558
1159000, -61.580399
1159610, -63.758897
1160220, -65.565963
1160830, -66.970287
1161440, -67.995545
1162050, -68.693690
1162660, -69.135694
1163270, -69.384538
1163880, -69.497599
1164490, -69.513741
1165100, -69.465617
1165710, -69.371213
1166320, -69.247321
1166930, -69.100609
1167540, -68.940086
1168150, -68.767182
1168760, -68.587426
1169370, -68.399962
1169980, -68.208815
1170590, -68.012140
1171200, -67.813305
1171810, -67.610029
1172420, -67.405385
1173030, -67.196905
1173640, -66.987539
1174250, -66.774736
1174860, -66.561374
1175470, -66.344859
1176080, -66.128052
1176690, -65.908349
1177300, -65.688592
1177910, -65.466159
1178520, -65.243883
1179130, -65.019152
1179740, -64.794804
1180350, -64.568206
1180960, -64.342173
1181570, -64.114091
1182180, -63.886785
1182790, -63.657629
1183400, -63.429418
1184010, -63.199521
1184620, -62.970753
1185230, -62.740493
1185840, -62.511502
1186450, -62.281132
1187060, -62.052169
1187670, -61.821991
1188280, -61.593334
1188890, -61.363516
1189500, -61.135291
1190110, -60.906013
1190720, -60.678412
1191330, -60.449759
1191940, -60.222760
1192550, -59.994736
1193160, -59.768424
1193770, -59.541030
1194380, -59.315199
1194990, -59.088207
1195600, -58.862750
1196210, -58.636035
1196820, -58.410625
1197430, -58.183732
1198040, -57.957993
1198650, -57.730640
1199260, -57.504125
1199870, -57.275575
1200480, -57.047548
1201090, -56.817253
1201700, -56.587075
1202310, -56.354021
1202920, -56.120536
1203530, -55.883736
1204140, -55.645967
1204750, -55.404069
1205360, -55.160323
1205970, -54.911705
1206580, -54.660435
1207190, -54.403114
1207800, -54.141792
1208410, -53.873222
1209020, -53.599280
1209630, -53.316224
1210240, -53.025747
1210850, -52.724237
1211460, -52.412758
1212070, -52.087030
1212680, -51.748157
1213290, -51.391176
1213900, -51.016214
1214510, -50.618035
1215120, -50.195447
1215730, -49.741788
1216340, -49.254680
1216950, -48.725417
1217560, -48.149282
1218170, -47.514664
1218780, -46.812756
1219390, -46.027076
1220000, -45.142847
1220610, -44.134868
1221220, -42.977401
1221830, -41.631677
1222440, -40.053762
1223050, -38.182570
1223660, -35.947651
1224270, -33.258906
1224880, -30.022025
1225490, -26.143384
1226100, -21.576574
1226710, -16.372435
1227320, -10.765569
1227930, -5.206330
1228540, -0.298169
1229150, 3.422073
1229760, 5.685209
1230370, 6.545777
1230980, 6.251242
1231590, 5.102282
1232200, 3.354660
1232810, 1.206438
1233420, -1.204759
1234030, -3.777188
1234640, -6.443332
1235250, -9.150898
1235860, -11.867374
1236470, -14.565995
1237080, -17.233529
1237690, -19.857356
1238300, -22.435321
1238910, -24.964650
1239520, -27.450924
1240130, -29.899264
1240740, -32.322470
1241350, -34.732240
1241960, -37.147969
1242570, -39.585954
1243180, -42.068679
1243790, -44.611542
1244400, -47.229634
1245010, -49.921970
1245620, -52.674756
1246230, -55.442418
1246840, -58.155254
1247450, -60.712983
1248060, -63.010978
1248670, -64.957861
1249280, -66.508953
1249890, -67.665414
1250500, -68.474933
1251110, -69.000637
1251720, -69.313198
1252330, -69.469041
1252940, -69.517063
1253550, -69.488526
1254160, -69.409782
1254770, -69.294423
1255380, -69.155945
1255990, -68.999003
1256600, -68.831036
1257210, -68.652661
1257820, -68.468650
1258430, -68.277873
1259040, -68.083951
1259650, -67.884996
1260260, -67.684119
1260870, -67.479095
1261480, -67.272812
1262090, -67.062904
1262700, -66.852162
1263310, -66.638146
1263920, -66.423592
1264530, -66.206038
1265140, -65.988204
1265750, -65.767619
1266360, -65.546978
1266970, -65.323797
1267580, -65.100776
1268190, -64.875440
1268800, -64.650478
1269410, -64.423393
1270020, -64.196873
1270630, -63.968439
1271240, -63.740780
1271850, -63.511386
1272460, -63.282922
1273070, -63.052902
1273680, -62.824008
1274290, -62.593717
1274900, -62.364668
1275510, -62.134355
1276120, -61.905437
1276730, -61.675395
1277340, -61.446823
1277950, -61.217185
1278560, -60.989111
1279170, -60.760089
1279780, -60.532655
1280390, -60.304232
1281000, -60.077408
1281610, -59.849648
1282220, -59.623472
1282830, -59.396245
1283440, -59.170497
1284050, -58.943653
1284660, -58.718243
1285270, -58.491549
1285880, -58.266031
1286490, -58.039055
1287100, -57.813143
1287710, -57.585523
1288320, -57.358553
1288930, -57.129525
1289540, -56.900885
1290150, -56.669871
1290760, -56.438707
1291370, -56.204574
1291980, -55.969814
1292590, -55.731655
1293200, -55.492141
1293810, -55.248296
1294420, -55.002309
1295030, -54.751320
1295640, -54.497129
1296250, -54.236532
1296860, -53.971493
1297470, -53.698866
1298080, -53.420097
1298690, -53.131634
1299300, -52.835076
1299910, -52.526550
1300520, -52.206965
1301130, -51.872200
1301740, -51.522870
1302350, -51.153878
1302960, -50.765213
1303570, -50.350987
1304180, -49.909773
1304790, -49.434629
1305400, -48.922143
1306010, -48.363251
1306620, -47.751757
1307230, -47.074852
1307840, -46.322337
1308450, -45.475160
1309060, -44.515346
1309670, -43.414373
1310280, -42.141590
1310890, -40.652238
1311500, -38.894771
1312110, -36.799090
1312720, -34.285176
1313330, -31.255815
1313940, -27.617688
1314550, -23.298544
1315160, -18.308508
1315770, -12.804479
1316380, -7.163260
1316990, -1.948444
1317600, 2.247320
1318210, 5.045209
1318820, 6.387794
1319430, 6.475034
1320040, 5.599572
1320650, 4.042041
1321260, 2.018254
1321870, -0.310875
1322480, -2.835680
1323090, -5.474087
1323700, -8.172422
1324310, -10.888270
1324920, -13.596438
1325530, -16.275909
1326140, -18.917154
1326750, -21.511050
1327360, -24.058615
1327970, -26.558927
1328580, -29.020853
1329190, -31.450705
1329800, -33.864427
1330410, -36.275042
1331020, -38.703583
1331630, -41.167221
1332240, -43.687394
1332850, -46.276714
1333460, -48.943926
1334070, -51.677685
1334680, -54.447528
1335290, -57.189504
1335900, -59.816397
1336510, -62.219129
1337120, -64.301278
1337730, -65.996118
1338340, -67.292274
1338950, -68.219159
1339560, -68.839970
1340170, -69.221131
1340780, -69.428222
1341390, -69.509779
1342000, -69.506423
1342610, -69.442759
1343220, -69.339905
1343830, -69.207961
1344440, -69.057812
1345050, -68.892576
1345660, -68.718458
1346270, -68.535478
1346880, -68.347805
1347490, -68.154122
1348100, -67.957715
1348710, -67.756685
1349320, -67.553919
1349930, -67.347264
1350540, -67.139440
1351150, -66.928181
1351760, -66.716128
1352370, -66.500957
1352980, -66.285268
1353590, -66.066725
1354200, -65.847916
1354810, -65.626487
1355420, -65.405005
1356030, -65.181118
1356640, -64.957400
1357250, -64.731500
1357860, -64.505966
1358470, -64.278436
1359080, -64.051475
1359690, -63.822734
1360300, -63.594749
1360910, -63.365146
1361520, -63.136468
1362130, -62.906363
1362740, -62.677361
1363350, -62.447063
1363960, -62.217988
1364570, -61.987765
1365180, -61.758926
1365790, -61.529034
1366400, -61.300569
1367010, -61.071134
1367620, -60.843240
1368230, -60.614438
1368840, -60.387155
1369450, -60.158957
1370060, -59.932315
1370670, -59.704788
1371280, -59.478734
1371890, -59.251666
1372500, -59.026005
1373110, -58.799315
1373720, -58.573890
1374330, -58.347173
1374940, -58.121517
1375550, -57.894438
1376160, -57.668238
1376770, -57.440261
1377380, -57.212770
1377990, -56.983211
1378600, -56.753904
1379210, -56.522059
1379820, -56.289822
1380430, -56.054533
1381040, -55.818438
1381650, -55.578674
1382260, -55.337213
1382870, -55.091249
1383480, -54.842877
1384090, -54.589090
1384700, -54.331622
1385310, -54.067438
1385920, -53.798407
1386530, -53.521146
1387140, -53.237037
1387750, -52.942694
1388360, -52.639470
1388970, -52.323281
1389580, -51.994954
1390190, -51.650491
1390800, -51.289738
1391410, -50.907743
1392020, -50.504057
1392630, -50.072334
1393240, -49.610947
1393850, -49.111914
1394460, -48.571522
1395070, -47.979285
1395680, -47.328423
1396290, -46.604177
1396900, -45.794029
1397510, -44.876929
1398120, -43.831518
1398730, -42.624930
1399340, -41.220613
1399950, -39.566784
1400560, -37.603323
1401170, -35.250731
1401780, -32.420460
1402390, -29.012668
1403000, -24.945552
1403610, -20.188730
1404220, -14.840219
1404830, -9.190285
1405440, -3.749721
1406050, 0.875249
1406660, 4.202402
1407270, 6.060204
1407880, 6.569425
1408490, 6.009017
1409100, 4.669378
1409710, 2.794070
1410320, 0.559651
1410930, -1.904180
1411540, -4.509664
1412150, -7.190844
1412760, -9.904822
1413370, -12.617528
1413980, -15.309881
1414590, -17.965204
1415200, -20.577328
1415810, -23.140925
1416420, -25.658652
1417030, -28.132896
1417640, -30.573858
1418250, -32.991107
1418860, -35.401386
1419470, -37.820442
1420080, -40.269816
1420690, -42.766680
1421300, -45.330420
1421910, -47.968710
1422520, -50.681612
1423130, -53.443031
1423740, -56.204825
1424350, -58.884529
1424960, -61.381775
1425570, -63.588910
1426180, -65.429061
1426790, -66.867109
1427400, -67.922521
1428010, -68.645619
1428620, -69.106588
1429230, -69.369433
1429840, -69.492198
1430450, -69.515208
1431060, -69.471626
1431670, -69.380493
1432280, -69.258698
1432890, -69.113618
1433500, -68.954097
1434110, -68.782098
1434720, -68.602858
1435330, -68.415970
1435940, -68.225114
1436550, -68.028859
1437160, -67.830207
1437770, -67.627271
1438380, -67.422751
1438990, -67.214567
1439600, -67.005287
1440210, -66.792749
1440820, -66.579448
1441430, -66.363176
1442040, -66.146407
1442650, -65.926925
1443260, -65.707188
1443870, -65.484958
1444480, -65.262683
1445090, -65.038136
1445700, -64.813770
1446310, -64.587338
1446920, -64.361273
1447530, -64.133339
1448140, -63.905983
1448750, -63.676962
1449360, -63.448686
1449970, -63.218910
1450580, -62.990061
1451190, -62.759909
1451800, -62.530829
1452410, -62.300553
1453020, -62.071489
1453630, -61.841391
1454240, -61.612622
1454850, -61.382881
1455460, -61.154538
1456070, -60.925327
1456680, -60.697606
1457290, -60.469023
1457900, -60.241903
1458510, -60.013945
1459120, -59.787509
1459730, -59.560188
1460340, -59.334243
1460950, -59.107329
1461560, -58.881760
1462170, -58.655137
1462780, -58.429639
1463390, -58.202854
1464000, -57.977038
1464610, -57.749818
1465220, -57.523264
1465830, -57.294876
1466440, -57.066830
1467050, -56.836712
1467660, -56.606552
1468270, -56.373730
1468880, -56.140305
1469490, -55.903770
1470100, -55.666123
1470710, -55.424571
1471320, -55.181014
1471930, -54.932800
1472540, -54.681809
1473150, -54.425010
1473760, -54.164071
1474370, -53.896117
1474980, -53.622696
1475590, -53.340434
1476200, -53.050642
1476810, -52.750082
1477420, -52.439509
1478030, -52.115011
1478640, -51.777315
1479250, -51.421919
1479860, -51.048573
1480470, -50.652417
1481080, -50.232007
1481690, -49.781062
1482300, -49.296980
1482910, -48.771451
1483520, -48.199586
1484130, -47.570197
1484740, -46.874386
1485350, -46.096366
1485960, -45.221126
1486570, -44.224321
1487180, -43.080412
1487790, -41.751741
1488400, -40.195067
1489010, -38.350591
1489620, -36.148791
1490230, -33.501058
1490840, -30.313127
1491450, -26.490426
1492060, -21.980654
1492670, -16.822628
1493280, -11.233913
1493890, -5.648085
1494500, -0.662688
1495110, 3.170814
1495720, 5.556553
1496330, 6.525213
1496940, 6.314611
1497550, 5.225530
1498160, 3.518950
1498770, 1.397757
1499380, -0.996067
1499990, -3.558125
1500600, -6.218766
1501210, -8.924414
1501820, -11.641214
1502430, -14.342187
1503040, -17.012832
1503650, -19.640319
1504260, -22.222342
1504870, -24.755587
1505480, -27.245491
1506090, -29.696611
1506700, -32.121625
1507310, -34.531790
1507920, -36.946370
1508530, -39.381699
1509140, -41.859986
1509750, -44.397263
1510360, -47.008860
1510970, -49.695677
1511580, -52.444528
1512190, -55.213142
1512800, -57.934203
1513410, -60.509230
1514020, -62.832666
1514630, -64.811024
1515240, -66.395377
1515850, -67.583319
1516460, -68.419358
1517070, -68.966023
1517680, -69.293939
1518290, -69.460875
1518900, -69.516450
1519510, -69.493251
1520120, -69.418003
1520730, -69.305205
1521340, -69.168355
1521950, -69.012725
1522560, -68.845554
1523170, -68.667936
1523780, -68.484349
1524390, -68.294077
1525000, -68.100405
1525610, -67.901832
1526220, -67.701117
1526830, -67.496411
1527440, -67.290242
1528050, -67.080613
1528660, -66.869951
1529270, -66.656187
1529880, -66.441691
1530490, -66.224366
1531100, -66.006568
1531710, -65.786193
1532320, -65.565570
1532930, -65.342580
1533540, -65.119559
1534150, -64.894396
1534760, -64.669416
1535370, -64.442488
1535980, -64.215934
1536590, -63.987638
1537200, -63.759931
1537810, -63.530662
1538420, -63.302135
1539030, -63.072225
1539640, -62.843249
1540250, -62.613055
1540860, -62.383916
1541470, -62.153687
1542080, -61.924666
1542690, -61.694700
1543300, -61.466021
1543910, -61.236453
1544520, -61.008263
1545130, -60.779304
1545740, -60.551755
1546350, -60.323396
1546960, -60.096454
1547570, -59.868752
1548180, -59.642463
1548790, -59.415306
1549400, -59.189451
1550010, -58.962680
1550620, -58.737177
1551230, -58.510580
1551840, -58.284985
1552450, -58.058116
1553060, -57.832133
1553670, -57.604643
1554280, -57.377638
1554890, -57.148766
1555500, -56.920112
1556110, -56.689294
1556720, -56.458171
1557330, -56.224277
1557940, -55.989593
1558550, -55.751733
1559160, -55.512375
1559770, -55.268894
1560380, -55.023121
1560990, -54.772546
1561600, -54.518653
1562210, -54.258588
1562820, -53.993950
1563430, -53.721996
1564040, -53.443806
1564650, -53.156180
1565260, -52.860356
1565870, -52.552882
1566480, -52.234302
1567090, -51.900852
1567700, -51.552871
1568310, -51.185616
1568920, -50.798721
1569530, -50.386772
1570140, -49.947992
1570750, -49.475939
1571360, -48.966866
1571970, -48.412256
1572580, -47.805608
1573190, -47.134736
1573800, -46.389181
1574410, -45.550630
1575020, -44.601200
1575630, -43.513255
1576240, -42.256436
1576850, -40.787110
1577460, -39.054613
1578070, -36.990358
1578680, -34.515192
1579290, -31.533045
1579900, -27.949622
1580510, -23.688732
1581120, -18.751541
1581730, -13.279398
1582340, -7.629994
1582950, -2.355596
1583560, 1.944347
1584170, 4.866541
1584780, 6.326454
1585390, 6.508426
1586000, 5.702623
1586610, 4.193277
1587220, 2.201862
1587830, -0.106446
1588440, -2.618138
1589050, -5.249405
1589660, -7.944366
1590270, -10.659808
1590880, -13.369560
1591490, -16.051981
1592100, -18.696559
1592710, -21.294695
1593320, -23.846137
1593930, -26.350324
1594540, -28.815189
1595150, -31.247454
1595760, -33.661936
1596370, -36.072206
1596980, -38.498392
1597590, -40.958262
1598200, -43.473040
1598810, -46.056077
1599420, -48.717053
1600030, -51.445857
1600640, -54.214416
1601250, -56.961954
1601860, -59.602923
1602470, -62.028489
1603080, -64.140904
1603690, -65.869673
1604300, -67.198552
1604910, -68.154286
1605520, -68.798123
1606130, -69.196770
1606740, -69.416310
1607350, -69.506725
1607960, -69.509317
1608570, -69.449868
1609180, -69.349758
1609790, -69.219861
1610400, -69.071005
1611010, -68.906851
1611620, -68.733383
1612230, -68.551055
1612840, -68.363741
1613450, -68.170510
1614060, -67.974322
1614670, -67.773645
1615280, -67.571029
1615890, -67.364673
1616500, -67.156954
1617110, -66.945960
1617720, -66.733985
1618330, -66.519053
1618940, -66.303419
1619550, -66.085093
1620160, -65.866319
1620770, -65.645088
1621380, -65.423624
1621990, -65.199917
1622600, -64.976197
1623210, -64.750460
1623820, -64.524909
1624430, -64.297527
1625040, -64.070530
1625650, -63.841918
1626260, -63.613883
1626870, -63.384394
1627480, -63.155652
1628090, -62.925645
1628700, -62.696567
1629310, -62.466359
1629920, -62.237196
1630530, -62.007049
1631140, -61.778111
1631750, -61.548290
1632360, -61.319720
1632970, -61.090349
1633580, -60.862339
1634190, -60.633596
1634800, -60.406202
1635410, -60.178063
1636020, -59.951306
1636630, -59.723843
1637240, -59.497687
1637850, -59.270690
1638460, -59.044929
1639070, -58.818309
1639680, -58.592796
1640290, -58.366172
1640900, -58.140444
1641510, -57.913469
1642120, -57.687222
1642730, -57.459385
1643340, -57.231877
1643950, -57.002479
1644560, -56.773190
1645170, -56.541559
1645780, -56.309385
1646390, -56.074347
1647000, -55.838345
1647610, -55.598887
1648220, -55.357599
1648830, -55.112008
1649440, -54.863865
1650050, -54.610542
1650660, -54.353422
1651270, -54.089806
1651880, -53.821218
1652490, -53.544664
1653100, -53.261178
1653710, -52.967709
1654320, -52.665329
1654930, -52.350286
1655540, -52.023064
1656150, -51.680021
1656760, -51.320735
1657370, -50.940594
1657980, -50.538917
1658590, -50.109700
1659200, -49.650994
1659810, -49.155318
1660420, -48.618645
1661030, -48.031042
1661640, -47.385515
1662250, -46.667856
1662860, -45.865553
1663470, -44.958298
1664080, -43.924888
1664690, -42.733398
1665300, -41.347676
1665910, -39.717156
1666520, -37.782696
1667130, -35.466385
1667740, -32.680357
1668350, -29.325082
1668960, -25.316411
1669570, -20.617218
1670180, -15.311385
1670790, -9.670661
1671400, -4.189327
1672010, 0.526733
1672620, 3.975361
1673230, 5.956700
1673840, 6.570887
1674450, 6.089643
1675060, 4.805963
1675670, 2.968497
1676280, 0.759129
1676890, -1.689057
1677500, -4.285353
1678110, -6.962025
1678720, -9.674498
1679330, -12.388351
1679940, -15.083114
1680550, -17.741769
1681160, -20.357934
1681770, -22.925692
1682380, -25.447087
1682990, -27.924753
1683600, -30.368054
1684210, -32.786733
1684820, -35.197169
1685430, -37.614709
1686040, -40.060796
1686650, -42.552892
1687260, -45.110405
1687870, -47.742365
1688480, -50.449287
1689090, -53.207900
1689700, -55.972517
1690310, -58.663371
1690920, -61.180161
1691530, -63.415549
1692140, -65.288806
1692750, -66.760887
1693360, -67.846977
1693970, -68.595581
1694580, -69.076050
1695190, -69.353308
1695800, -69.486111
1696410, -69.516204
1697020, -69.477333
1697630, -69.389566
1698240, -69.269951
1698850, -69.126537
1699460, -68.968064
1700070, -68.796976
1700680, -68.618280
1701290, -68.431964
1701900, -68.241421
1702510, -68.045577
1703120, -67.847125
1703730, -67.644520
1704340, -67.440138
1704950, -67.232238
1705560, -67.023060
1706170, -66.810775
1706780, -66.597549
1707390, -66.381506
1708000, -66.164791
1708610, -65.945516
1709220, -65.725814
1709830, -65.503774
1710440, -65.281516
1711050, -65.057140
1711660, -64.832771
1712270, -64.606493
1712880, -64.380410
1713490, -64.152613
1714100, -63.925220
1714710, -63.696321
1715320, -63.467996
1715930, -63.238327
1716540, -63.009413
1717150, -62.779352
1717760, -62.550196
1718370, -62.320002
1718980, -62.090849
1719590, -61.860818
1720200, -61.631953
1720810, -61.402275
1721420, -61.173829
1722030, -60.944671
1722640, -60.716844
1723250, -60.488320
1723860, -60.261094
1724470, -60.033189
1725080, -59.806640
1725690, -59.579376
1726300, -59.353331
1726910, -59.126481
1727520, -58.900813
1728130, -58.674269
1728740, -58.448697
1729350, -58.222008
1729960, -57.996128
1730570, -57.769029
1731180, -57.542449
1731790, -57.314211
1732400, -57.086160
1733010, -56.856207
1733620, -56.626079
1734230, -56.393475
1734840, -56.160126
1735450, -55.923844
1736060, -55.686332
1736670, -55.445113
1737280, -55.201759
1737890, -54.953937
1738500, -54.703238
1739110, -54.446949
1739720, -54.186407
1740330, -53.919056
1740940, -53.646171
1741550, -53.364690
1742160, -53.075597
1742770, -52.775975
1743380, -52.466321
1743990, -52.143041
1744600, -51.806536
1745210, -51.452714
1745820, -51.080996
1746430, -50.686851
1747040, -50.268633
1747650, -49.820388
1748260, -49.339345
1748870, -48.817536
1749480, -48.249952
1750090, -47.625777
1750700, -46.936073
1751310, -46.165694
1751920, -45.299449
1752530, -44.313800
1753140, -43.183456
1753750, -41.871756
1754360, -40.336277
1754970, -38.518461
1755580, -36.349776
1756190, -33.743082
1756800, -30.604225
1757410, -26.837716
1758020, -22.385554
1758630, -17.276873
1759240, -11.710892
1759850, -6.103138
1760460, -1.043302
1761070, 2.903510
1761680, 5.414141
1762290, 6.494507
1762900, 6.371382
1763510, 5.345077
1764120, 3.681652
1764730, 1.589007
1765340, -0.786404
1765950, -3.337558
1766560, -5.992180
1767170, -8.695482
1767780, -11.412578
1768390, -14.115674
1769000, -16.789231
1769610, -19.420765
1770220, -22.006803
1770830, -24.543799
1771440, -27.037208
1772050, -29.490993
1772660, -31.917766
1773270, -34.328539
1773880, -36.742052
1774490, -39.174981
1775100, -41.648946
1775710, -44.180610
1776320, -46.785746
1776930, -49.466295
1777540, -52.210887
1778150, -54.980231
1778760, -57.709245
1779370, -60.300550
1779980, -62.649152
1780590, -64.659119
1781200, -66.277294
1781810, -67.497499
1782420, -68.360924
1783030, -68.929317
1783640, -69.273235
1784250, -69.451732
1784860, -69.515218
1785470, -69.497582
1786080, -69.426009
1786690, -69.315867
1787300, -69.180732
1787910, -69.026451
1788520, -68.860124
1789130, -68.683274
1789740, -68.500140
1790350, -68.310371
1790960, -68.116970
1791570, -67.918773
1792180, -67.718240
1792790, -67.513843
1793400, -67.307804
1794010, -67.098444
1794620, -66.887879
1795230, -66.674356
1795840, -66.459932
1796450, -66.242826
1797060, -66.025079
1797670, -65.804901
1798280, -65.584311
1798890, -65.361501
1799500, -65.138494
1800110, -64.913491
1800720, -64.688509
1801330, -64.461726
1801940, -64.235153
1802550, -64.006984
1803160, -63.779241
1803770, -63.550086
1804380, -63.321508
1804990, -63.091695
1805600, -62.862652
1806210, -62.632543
1806820, -62.403327
1807430, -62.173171
1808040, -61.944060
1808650, -61.714160
1809260, -61.485387
1809870, -61.255877
1810480, -61.027584
1811090, -60.798672
1811700, -60.571016
1812310, -60.342708
1812920, -60.115659
1813530, -59.888003
1814140, -59.661612
1814750, -59.434515
1815360, -59.208566
1815970, -58.981856
1816580, -58.756273
1817190, -58.529762
1817800, -58.304103
1818410, -58.077330
1819020, -57.851290
1819630, -57.623918
1820240, -57.396893
1820850, -57.168167
1821460, -56.939512
1822070, -56.708879
1822680, -56.477811
1823290, -56.244147
1823900, -56.009553
1824510, -55.771967
1825120, -55.532768
1825730, -55.289635
1826340, -55.044082
1826950, -54.793908
1827560, -54.540325
1828170, -54.280780
1828780, -54.016558
1829390, -53.745232
1830000, -53.467609
1830610, -53.180790
1831220, -52.885699
1831830, -52.579254
1832440, -52.261685
1833050, -51.929531
1833660, -51.582906
1834270, -51.217371
1834880, -50.832256
1835490, -50.422568
1836100, -49.986230
1836710, -49.517250
1837320, -49.011595
1837930, -48.461207
1838540, -47.859373
1839150, -47.194479
1839760, -46.455852
1840370, -45.625868
1840980, -44.686778
1841590, -43.611783
1842200, -42.370861
1842810, -40.921459
1843420, -39.213839
1844030, -37.180737
1844640, -34.744008
1845250, -31.808737
1845860, -28.279746
1846470, -24.078116
1847080, -19.195174
1847690, -13.757652
1848300, -8.103748
1848910, -2.772869
1849520, 1.629922
1850130, 4.676729
1850740, 6.256201
1851350, 6.535796
1851960, 5.802206
1852570, 4.343020
1853180, 2.385369
1853790, 0.098878
1854400, -2.399127
1855010, -5.022755
1855620, -7.713992
1856230, -10.429047
1856840, -13.140222
1857450, -15.825394
1858060, -18.473616
1858670, -21.075920
1859280, -23.631120
1859890, -26.139259
1860500, -28.607033
1861110, -31.041718
1861720, -33.456965
1862330, -35.866887
1862940, -38.291037
1863550, -40.747264
1864160, -43.256709
1864770, -45.833513
1865380, -48.487840
1865990, -51.211503
1866600, -53.978685
1867210, -56.731533
1867820, -59.385348
1868430, -61.833260
1869040, -63.975369
1869650, -65.738264
1870260, -67.100578
1870870, -68.086057
1871480, -68.753821
1872090, -69.170694
1872700, -69.403277
1873310, -69.502962
1873920, -69.511812
1874530, -69.456772
1875140, -69.359556
1875750, -69.231789
1876360, -69.084303
1876970, -68.921262
1877580, -68.748487
1878190, -68.566819
1878800, -68.379891
1879410, -68.187111
1880020, -67.991165
1880630, -67.790836
1881240, -67.588387
1881850, -67.382322
1882460, -67.174727
1883070, -66.963988
1883680, -66.752107
1884290, -66.537405
1884900, -66.321842
1885510, -66.103724
1886120, -65.884999
1886730, -65.663958
1887340, -65.442524
1887950, -65.218988
1888560, -64.995280
1889170, -64.769697
1889780, -64.544143
1890390, -64.316897
1891000, -64.089879
1891610, -63.861384
1892220, -63.633312
1892830, -63.403928
1893440, -63.175134
1894050, -62.945215
1894660, -62.716072
1895270, -62.485943
1895880, -62.256704
1896490, -62.026622
1897100, -61.797594
1897710, -61.567828
1898320, -61.339164
1898930, -61.109842
1899540, -60.881729
1900150, -60.653033
1900760, -60.425539
1901370, -60.197447
1901980, -59.970587
1902590, -59.743176
1903200, -59.516929
1903810, -59.289991
1904420, -59.064142
1905030, -58.837580
1905640, -58.611992
1906250, -58.385448
1906860, -58.159661
1907470, -57.932776
1908080, -57.706495
1908690, -57.478787
1909300, -57.251273
1909910, -57.022026
1910520, -56.792746
1911130, -56.561302
1911740, -56.329193
1912350, -56.094386
1912960, -55.858485
1913570, -55.619318
1914180, -55.378213
1914790, -55.132982
1915400, -54.885081
1916010, -54.632210
1916620, -54.375452
1917230, -54.112394
1917840, -53.844264
1918450, -53.568409
1919060, -53.285562
1919670, -52.992958
1920280, -52.691438
1920890, -52.377535
1921500, -52.051437
1922110, -51.709794
1922720, -51.351984
1923330, -50.973684
1923940, -50.574028
1924550, -50.147310
1925160, -49.691300
1925770, -49.198974
1926380, -48.666039
1926990, -48.083067
1927600, -47.442825
1928210, -46.731692
1928820, -45.937205
1929430, -45.039744
1930040, -44.018166
1930650, -42.841534
1931260, -41.474198
1931870, -39.866749
1932480, -37.961049
1933090, -35.680725
1933700, -32.938659
1934310, -29.635619
1934920, -25.685262
1935530, -21.044137
1936140, -15.782262
1936750, -10.153673
1937360, -4.635416
1937970, 0.168110
1938580, 3.737190
1939190, 5.842737
1939800, 6.563850
1940410, 6.164021
1941020, 4.938175
1941630, 3.139977
1942240, 0.956544
1942850, -1.475236
1943460, -4.061782
1944070, -6.733505
1944680, -9.444461
1945290, -12.159209
1945900, -14.856142
1946510, -17.518255
1947120, -20.138335
1947730, -22.710061
1948340, -25.235450
1948950, -27.716489
1949560, -30.162500
1950170, -32.582614
1950780, -34.993169
1951390, -37.409187
1952000, -39.852032
1952610, -42.339478
1953220, -44.890890
1953830, -47.516371
1954440, -50.217295
1955050, -52.973046
1955660, -55.740204
1956270, -58.440698
1956880, -60.976225
1957490, -63.239322
1958100, -65.145555
1958710, -66.651847
1959320, -67.769030
1959930, -68.543617
1960540, -69.044066
1961150, -69.336117
1961760, -69.479267
1962370, -69.516646
1962980, -69.482647
1963590, -69.398333
1964200, -69.280978
1964810, -69.139263
1965420, -68.981878
1966030, -68.811710
1966640, -68.633582
1967250, -68.447834
1967860, -68.257620
1968470, -68.062180
1969080, -67.863941
1969690, -67.661656
1970300, -67.457427
1970910, -67.249800
1971520, -67.040736
1972130, -66.828691
1972740, -66.615553
1973350, -66.399728
1973960, -66.183079
1974570, -65.964001
1975180, -65.744345
1975790, -65.522484
1976400, -65.300255
1977010, -65.076038
1977620, -64.851678
1978230, -64.625543
1978840, -64.399453
1979450, -64.171783
1980060, -63.944366
1980670, -63.715578
1981280, -63.487216
1981890, -63.257643
1982500, -63.028676
1983110, -62.798694
1983720, -62.569472
1984330, -62.339348
1984940, -62.110117
1985550, -61.880143
1986160, -61.651192
1986770, -61.421568
1987380, -61.193030
1987990, -60.963917
1988600, -60.735997
1989210, -60.507520
1989820, -60.280199
1990430, -60.052339
1991040, -59.825688
1991650, -59.598472
1992260, -59.372338
1992870, -59.145542
1993480, -58.919789
1994090, -58.693312
1994700, -58.467678
1995310, -58.241074
1995920, -58.015143
1996530, -57.788138
1997140, -57.561533
1997750, -57.333424
1998360, -57.105375
1998970, -56.875570
1999580, -56.645483
2000190, -56.413084
2000800, -56.179820
2001410, -55.943779
2002020, -55.706412
2002630, -55.465515
2003240, -55.222374
2003850, -54.974931
2004460, -54.724536
2005070, -54.468744
2005680, -54.208608
2006290, -53.941847
2006900, -53.669505
2007510, -53.388791
2008120, -53.100404
2008730, -52.801704
2009340, -52.492975
2009950, -52.170895
2010560, -51.835585
2011170, -51.483314
2011780, -51.113225
2012390, -50.721068
2013000, -50.305036
2013610, -49.859462
2014220, -49.381447
2014830, -48.863320
2015440, -48.299995
2016050, -47.680983
2016660, -46.997349
2017270, -46.234539
2017880, -45.377229
2018490, -44.402638
2019100, -43.285763
2019710, -41.990898
2020320, -40.476468
2020930, -38.685121
2021540, -36.549359
2022150, -33.983487
2022760, -30.893542
2023370, -27.183161
2023980, -22.789678
2024590, -17.731744
2025200, -12.191568
2025810, -6.566065
2026420, -1.436369
2027030, 2.621148
2027640, 5.257192
2028250, 6.452011
2028860, 6.419533
2029470, 5.458761
2030080, 3.840570
2030690, 1.777999
2031300, -0.577926
2031910, -3.117390
2032520, -5.765443
2033130, -8.466303
2033740, -11.183408
2034350, -13.888322
2034960, -16.564816
2035570, -19.200258
2036180, -21.790144
2036790, -24.331403
2037400, -26.828320
2038010, -29.285226
2038620, -31.713770
2039230, -34.125409
2039840, -36.537877
2040450, -38.968360
2041060, -41.438051
2041670, -43.964136
2042280, -46.562840
2042890, -49.237102
2043500, -51.977425
2044110, -54.747256
2044720, -57.482720
2045330, -60.089457
2045940, -62.462741
2046550, -64.504097
2047160, -66.156197
2047770, -67.409002
2048380, -68.300302
2048990, -68.890899
2049600, -69.251254
2050210, -69.441633
2050820, -69.513284
2051430, -69.501372
2052040, -69.433600
2052650, -69.326182
2053260, -69.192824
2053870, -69.039914
2054480, -68.874463
2055090, -68.698384
2055700, -68.515725
2056310, -68.326454
2056920, -68.133339
2057530, -67.935509
2058140, -67.735168
2058750, -67.531070
2059360, -67.325173
2059970, -67.116070
2060580, -66.905612
2061190, -66.692319
2061800, -66.477979
2062410, -66.261079
2063020, -66.043394
2063630, -65.823403
2064240, -65.602856
2064850, -65.380215
2065460, -65.157233
2066070, -64.932380
2066680, -64.707406
2067290, -64.480758
2067900, -64.254177
2068510, -64.026125
2069120, -63.798355
2069730, -63.569301
2070340, -63.340684
2070950, -63.110957
2071560, -62.881859
2072170, -62.651824
2072780, -62.422545
2073390, -62.192452
2074000, -61.963263
2074610, -61.733418
2075220, -61.504565
2075830, -61.275103
2076440, -61.046719
2077050, -60.817844
2077660, -60.590095
2078270, -60.361828
2078880, -60.134684
2079490, -59.907064
2080100, -59.680585
2080710, -59.453537
2081320, -59.227506
2081930, -59.000848
2082540, -58.775197
2083150, -58.548760
2083760, -58.323049
2084370, -58.096362
2084980, -57.870277
2085590, -57.643012
2086200, -57.415978
2086810, -57.187387
2087420, -56.958744
2088030, -56.728285
2088640, -56.497283
2089250, -56.263838
2089860, -56.029346
2090470, -55.792007
2091080, -55.552966
2091690, -55.310159
2092300, -55.064832
2092910, -54.815041
2093520, -54.561774
2094130, -54.302734
2094740, -54.038933
2095350, -53.768207
2095960, -53.491147
2096570, -53.205110
2097180, -52.910751
2097790, -52.605312
2098400, -52.288751
2099010, -51.957868
2099620, -51.612594
2100230, -51.248749
2100840, -50.865404
2101450, -50.457941
2102060, -50.024028
2102670, -49.557995
2103280, -49.055665
2103890, -48.509270
2104500, -47.912060
2105110, -47.252928
2105720, -46.521023
2106330, -45.699348
2106940, -44.770321
2107550, -43.707917
2108160, -42.482479
2108770, -41.052473
2109380, -39.368974
2109990, -37.366128
2110600, -34.966806
2111210, -32.077196
2111820, -28.601527
2112430, -24.458252
2113040, -19.630667
2113650, -14.230625
2114260, -8.576754
2114870, -3.195275
2115480, 1.306008
2116090, 4.476063
2116700, 6.175816
2117310, 6.554710
2117920, 5.895036
2118530, 4.487421
2119140, 2.564579
2119750, 0.300693
2120360, -2.183162
2120970, -4.798692
2121580, -7.486112
2122190, -10.200453
2122800, -12.912738
2123410, -15.600560
2124020, -18.252350
2124630, -20.858601
2125240, -23.417804
2125850, -25.929778
2126460, -28.400554
2127070, -30.837566
2127680, -33.254029
2128290, -35.663685
2128900, -38.085982
2129510, -40.538673
2130120, -43.042919
2130730, -45.613662
2131340, -48.261350
2131950, -50.979919
2132560, -53.745609
2133170, -56.502292
2133780, -59.168054
2134390, -61.637568
2135000, -63.808677
2135610, -65.604916
2136220, -67.000514
2136830, -68.015911
2137440, -68.707939
2138050, -69.143367
2138660, -69.389296
2139270, -69.498465
2139880, -69.513746
2140490, -69.463214
2141100, -69.368979
2141710, -69.243380
2142320, -69.097306
2142930, -68.935389
2143540, -68.763330
2144150, -68.582320
2144760, -68.395795
2145370, -68.203458
2145980, -68.007765
2146590, -67.807774
2147200, -67.605501
2147810, -67.399718
2148420, -67.192255
2149030, -66.981760
2149640, -66.769982
2150250, -66.555500
2150860, -66.340017
2151470, -66.122096
2152080, -65.903430
2152690, -65.682567
2153300, -65.461175
2153910, -65.237798
2154520, -65.014113
2155130, -64.788671
2155740, -64.563123
2156350, -64.336002
2156960, -64.108973
2157570, -63.880585
2158180, -63.652488
2158790, -63.423198
2159400, -63.194363
2160010, -62.964522
2160620, -62.735327
2161230, -62.505267
2161840, -62.275963
2162450, -62.045937
2163060, -61.816829
2163670, -61.587111
2164280, -61.358364
2164890, -61.129082
2165500, -60.900876
2166110, -60.672219
2166720, -60.444637
2167330, -60.216582
2167940, -59.989630
2168550, -59.762261
2169160, -59.535935
2169770, -59.309046
2170380, -59.083120
2170990, -58.856606
2171600, -58.630953
2172210, -58.404480
2172820, -58.178644
2173430, -57.951840
2174040, -57.725535
2174650, -57.497945
2175260, -57.270435
2175870, -57.041327
2176480, -56.812066
2177090, -56.580798
2177700, -56.348762
2178310, -56.114174
2178920, -55.878380
2179530, -55.639493
2180140, -55.398576
2180750, -55.153692
2181360, -54.906039
2181970, -54.653605
2182580, -54.397213
2183190, -54.134696
2183800, -53.867026
2184410, -53.591851
2185020, -53.309643
2185630, -53.017884
2186240, -52.717175
2186850, -52.404350
2187460, -52.079340
2188070, -51.739042
2188680, -51.382674
2189290, -51.006159
2189900, -50.608463
2190510, -50.184157
2191120, -49.730776
2191730, -49.241702
2192340, -48.712417
2192950, -48.133949
2193560, -47.498868
2194170, -46.794091
2194780, -46.007232
2195390, -45.119285
2196000, -44.109092
2196610, -42.946564
2197220, -41.596825
2197830, -40.011527
2198440, -38.133492
2199050, -35.887703
2199660, -33.187916
2200270, -29.935507
2200880, -26.041642
2201490, -21.457107
2202100, -16.240636
2202710, -10.627628
2203320, -5.078014
2203930, -0.191967
2204540, 3.493768
2205150, 5.722111
2205760, 6.550190
2206370, 6.232420
2206980, 5.065093
2207590, 3.306693
2208200, 1.149614
2208810, -1.265516
2209420, -3.841986
2210030, -6.508630
2210640, -9.217787
2211250, -11.933115
2211860, -14.632092
2212470, -17.297628
2213080, -19.921424
2213690, -22.497121
2214300, -25.026354
2214910, -27.510590
2215520, -29.959195
2216130, -32.380813
2216740, -34.791534
2217350, -37.206551
2217960, -39.646424
2218570, -42.129429
2219180, -44.674994
2219790, -47.293954
2220400, -49.988995
2221010, -52.741891
2221620, -55.510323
2222230, -58.219647
2222840, -60.773191
2223450, -63.062553
2224060, -65.001040
2224670, -66.541268
2225280, -67.689594
2225890, -68.490362
2226500, -69.011063
2227110, -69.318139
2227720, -69.471843
2228330, -69.516640
2228940, -69.487623
2229550, -69.406821
2230160, -69.291780
2230770, -69.151782
2231380, -68.995514
2231990, -68.826266
2232600, -68.648724
2233210, -68.463539
2233820, -68.273667
2234430, -68.078622
2235040, -67.880607
2235650, -67.678633
2236260, -67.474566
2236870, -67.267201
2237480, -67.058261
2238090, -66.846447
2238700, -66.633406
2239310, -66.417788
2239920, -66.201214
2240530, -65.982322
2241140, -65.762723
2241750, -65.541031
2242360, -65.318839
2242970, -65.094773
2243580, -64.870432
2244190, -64.644430
2244800, -64.418344
2245410, -64.190790
2246020, -63.963359
2246630, -63.734672
2247240, -63.506284
2247850, -63.276797
2248460, -63.047787
2249070, -62.817875
2249680, -62.588598
2250290, -62.358534
2250900, -62.129237
2251510, -61.899309
2252120, -61.670284
2252730, -61.440704
2253340, -61.212085
2253950, -60.983006
2254560, -60.755003
2255170, -60.526564
2255780, -60.299159
2256390, -60.071332
2257000, -59.844592
2257610, -59.617412
2258220, -59.391201
2258830, -59.164448
2259440, -58.938618
2260050, -58.712200
2260660, -58.486513
2261270, -58.259982
2261880, -58.034009
2262490, -57.807085
2263100, -57.580460
2263710, -57.352467
2264320, -57.124426
2264930, -56.894758
2265540, -56.664718
2266150, -56.432511
2266760, -56.199339
2267370, -55.963525
2267980, -55.726310
2268590, -55.485719
2269200, -55.242797
2269810, -54.995719
2270420, -54.745630
2271030, -54.490317
2271640, -54.230590
2272250, -53.964401
2272860, -53.692603
2273470, -53.412633
2274080, -53.124950
2274690, -52.827149
2275300, -52.519339
2275910, -52.198431
2276520, -51.864304
2277130, -51.513551
2277740, -51.145073
2278350, -50.754861
2278960, -50.340989
2279570, -49.898034
2280180, -49.423003
2280790, -48.908487
2281400, -48.349357
2282010, -47.735412
2282620, -47.057751
2283230, -46.302162
2283840, -45.453464
2284450, -44.489569
2285060, -43.385775
2285670, -42.107267
2286280, -40.613033
2286890, -38.847189
2287500, -36.743246
2288110, -34.216881
2288720, -31.174624
2289330, -27.519380
2289940, -23.184150
2290550, -18.177666
2291160, -12.665530
2291770, -7.026579
2292380, -1.830951
2292990, 2.334514
2293600, 5.094805
2294210, 6.404239
2294820, 6.463137
2295430, 5.568700
2296040, 3.996375
2296650, 1.964364
2297260, -0.371732
2297870, -2.899228
2298480, -5.540630
2299090, -8.238856
2299700, -10.955797
2300310, -13.662440
2300920, -16.342015
2301530, -18.981237
2302140, -21.574874
2302750, -24.120273
2303360, -26.620599
2303970, -29.080674
2304580, -31.511004
2305190, -33.923526
2305800, -36.335244
2306410, -38.763464
2307020, -41.229218
2307630, -43.749981
2308240, -46.342169
2308850, -49.010227
2309460, -51.746407
2310070, -54.515588
2310680, -57.256884
2311290, -59.878500
2311900, -62.275414
2312510, -64.347585
2313120, -66.033423
2313730, -67.318913
2314340, -68.238358
2314950, -68.851466
2315560, -69.228560
2316170, -69.431047
2316780, -69.511049
2317390, -69.504975
2318000, -69.441096
2318610, -69.336450
2319220, -69.204915
2319830, -69.053391
2320440, -68.888842
2321050, -68.713535
2321660, -68.531366
2322270, -68.342588
2322880, -68.149773
2323490, -67.952303
2324100, -67.752167
2324710, -67.548361
2325320, -67.342615
2325930, -67.133762
2326540, -66.923423
2327150, -66.710351
2327760, -66.496105
2328370, -66.279404
2328980, -66.061792
2329590, -65.841979
2330200, -65.621486
2330810, -65.399005
2331420, -65.176059
2332030, -64.951347
2332640, -64.726392
2333250, -64.499870
2333860, -64.273291
2334470, -64.045347
2335080, -63.817561
2335690, -63.588599
2336300, -63.359953
2336910, -63.130304
2337520, -62.901160
2338130, -62.671191
2338740, -62.441857
2339350, -62.211818
2339960, -61.982562
2340570, -61.752763
2341180, -61.523838
2341790, -61.294415
2342400, -61.065950
2343010, -60.837102
2343620, -60.609269
2344230, -60.381033
2344840, -60.153804
2345450, -59.926211
2346060, -59.699651
2346670, -59.472642
2347280, -59.246538
2347890, -59.019922
2348500, -58.794196
2349110, -58.567813
2349720, -58.342052
2350330, -58.115435
2350940, -57.889309
2351550, -57.662140
2352160, -57.435104
2352770, -57.206637
2353380, -56.978012
2353990, -56.747717
2354600, -56.516789
2355210, -56.283552
2355820, -56.049170
2356430, -55.812067
2357040, -55.573192
2357650, -55.330700
2358260, -55.085605
2358870, -54.836187
2359480, -54.583242
2360090, -54.324693
2360700, -54.061320
2361310, -53.791180
2361920, -53.514688
2362530, -53.229418
2363140, -52.935794
2363750, -52.631344
2364360, -52.315793
2364970, -51.986163
2365580, -51.642238
2366190, -51.280061
2366800, -50.898481
2367410, -50.493217
2368020, -50.061717
2368630, -49.598555
2369240, -49.099494
2369850, -48.557019
2370460, -47.964372
2371070, -47.310914
2371680, -46.585648
2372290, -45.772165
2372900, -44.853076
2373510, -43.803090
2374120, -42.592942
2374730, -41.182076
2375340, -39.522227
2375950, -37.549104
2376560, -35.186611
2377170, -32.342125
2377780, -28.919598
2378390, -24.834364
2379000, -20.062039
2379610, -14.700393
2380220, -9.049719
2380830, -3.620974
2381440, 0.975475
2382050, 4.267631
2382660, 6.088294
2383270, 6.567957
2383880, 5.983683
2384490, 4.628853
2385100, 2.741693
2385710, 0.501051
2386320, -1.968212
2386930, -4.575338
2387540, -7.258734
2388150, -9.972153
2388760, -12.685442
2389370, -15.376088
2389980, -18.031362
2390590, -20.641404
2391200, -23.204731
2391810, -25.720468
2392420, -28.194660
2393030, -30.634032
2393640, -33.051825
2394250, -35.461242
2394860, -37.881744
2395470, -40.331142
2396080, -42.830387
2396690, -45.395027
2397300, -48.036170
2397910, -50.749752
2398520, -53.512901
2399130, -56.272859
2399740, -58.950123
2400350, -61.440548
2400960, -63.640223
2401570, -65.469609
2402180, -66.898574
2402790, -67.944021
2403400, -68.660607
2404010, -69.114931
2404620, -69.374530
2405230, -69.493421
2405840, -69.515324
2406450, -69.469419
2407060, -69.378259
2407670, -69.254878
2408280, -69.110264
2408890, -68.949487
2409500, -68.778172
2410110, -68.597822
2410720, -68.411717
2411330, -68.219820
2411940, -68.024393
2412550, -67.824733
2413160, -67.622650
2413770, -67.417139
2414380, -67.209820
2414990, -66.999562
2415600, -66.787898
2416210, -66.573627
2416820, -66.358234
2417430, -66.140504
2418040, -65.921906
2418650, -65.701213
2419260, -65.479873
2419870, -65.256648
2420480, -65.032995
2421090, -64.807686
2421700, -64.582153
2422310, -64.355149
2422920, -64.128119
2423530, -63.899830
2424140, -63.671716
2424750, -63.442513
2425360, -63.213647
2425970, -62.983876
2426580, -62.754638
2427190, -62.524638
2427800, -62.295280
2428410, -62.065301
2429020, -61.836123
2429630, -61.606443
2430240, -61.377623
2430850, -61.148372
2431460, -60.920084
2432070, -60.691455
2432680, -60.463794
2433290, -60.235768
2433900, -60.008732
2434510, -59.781392
2435120, -59.554991
2435730, -59.328139
2436340, -59.102143
2436950, -58.875666
2437560, -58.649956
2438170, -58.423545
2438780, -58.197667
2439390, -57.970935
2440000, -57.744614
2440610, -57.517133
2441220, -57.289635
2441830, -57.060656
2442440, -56.831423
2443050, -56.600321
2443660, -56.368367
2444270, -56.133988
2444880, -55.898310
2445490, -55.659691
2446100, -55.418972
2446710, -55.174423
2447320, -54.927025
2447930, -54.675016
2448540, -54.418997
2449150, -54.157011
2449760, -53.889807
2450370, -53.615299
2450980, -53.333735
2451590, -53.042807
2452200, -52.742899
2452810, -52.431125
2453420, -52.107195
2454030, -51.768219
2454640, -51.413285
2455250, -51.038530
2455860, -50.642706
2456470, -50.220721
2457080, -49.769902
2457690, -49.283995
2458300, -48.758290
2458910, -48.184232
2459520, -47.554224
2460130, -46.855681
2460740, -46.076323
2461350, -45.197495
2461960, -44.198311
2462570, -43.049462
2463180, -41.716690
2463790, -40.152821
2464400, -38.301378
2465010, -36.088864
2465620, -33.429925
2466230, -30.226586
2466840, -26.388246
2467450, -21.860634
2468060, -16.689793
2468670, -11.094612
2469280, -5.516966
2469890, -0.553152
2470500, 3.245998
2471110, 5.596240
2471720, 6.531739
2472330, 6.296960
2472940, 5.189024
2473550, 3.471061
2474160, 1.340835
2474770, -1.057289
2475380, -3.623390
2475990, -6.284781
2476600, -8.991945
2477210, -11.707674
2477820, -14.408883
2478430, -17.077719
2479040, -19.705069
2479650, -22.284996
2480260, -24.818017
2480870, -27.305942
2481480, -29.757163
2482090, -32.180729
2482700, -34.591692
2483310, -37.005691
2483920, -39.442652
2484530, -41.921310
2485140, -44.461157
2485750, -47.073759
2486360, -49.763117
2486970, -52.512220
2487580, -55.281478
2488190, -57.999217
2488800, -60.570310
2489410, -62.885412
2490020, -64.855399
2490630, -66.428966
2491240, -67.608437
2491850, -68.435639
2492460, -68.976938
2493070, -69.299339
2493680, -69.463856
2494290, -69.516253
2494900, -69.492360
2495510, -69.415152
2496120, -69.302495
2496730, -69.164247
2497340, -69.009132
2497950, -68.840815
2498560, -68.663878
2499170, -68.479256
2499780, -68.289741
2500390, -70.567938
2501000, -72.114058
2501610, -73.171189
2502220, -73.895358
2502830, -74.394728
2503440, -74.737125
2504050, -74.972838
2504660, -75.131483
2505270, -75.237934
2505880, -75.304782
2506490, -75.345398
2507100, -75.364550
2507710, -75.370244
2508320, -75.363538
2508930, -75.349852
2509540, -75.328437
2510150, -75.303428
2510760, -75.273166
2511370, -75.241130
2511980, -75.205191
2512590, -75.168485
2513200, -75.128634
2513810, -75.088586
2514420, -75.045829
2515030, -75.003208
2515640, -74.958138
2516250, -74.913404
2516860, -74.866379
2517470, -74.819814
2518080, -74.771060
2518690, -74.722847
2519300, -74.672513
2519910, -74.622776
2520520, -74.570966
2521130, -74.519795
2521740, -74.466588
2522350, -74.414050
2522960, -74.359508
2523570, -74.305663
2524180, -74.249841
2524790, -74.194739
2525400, -74.137686
2526010, -74.081376
2526620, -74.023140
2527230, -73.965670
2527840, -73.906297
2528450, -73.847712
2529060, -73.787248
2529670, -73.727595
2530280, -73.666089
2530890, -73.605417
2531500, -73.542918
2532110, -73.481280
2532720, -73.417841
2533330, -73.355288
2533940, -73.290963
2534550, -73.227551
2535160, -73.162395
2535770, -73.098180
2536380, -73.032250
2536990, -72.967288
2537600, -72.900642
2538210, -72.834989
2538820, -72.767680
2539430, -72.701392
2540040, -72.633477
2540650, -72.566612
2541260, -72.498152
2541870, -72.430771
2542480, -72.361827
2543090, -72.293992
2543700, -72.224626
2544310, -72.156399
2544920, -72.086672
2545530, -72.018115
2546140, -71.948090
2546750, -71.879263
2547360, -71.808995
2547970, -71.739950
2548580, -71.669493
2549190, -71.600288
2549800, -71.529700
2550410, -71.460393
2551020, -71.389734
2551630, -71.320383
2552240, -71.249712
2552850, -71.180377
2553460, -71.109752
2554070, -71.040491
2554680, -70.969969
2555290, -70.900838
2555900, -70.830467
2556510, -70.761507
2557120, -70.691330
2557730, -70.622586
2558340, -70.552652
2558950, -70.484173
2559560, -70.414529
2560170, -70.346365
2560780, -70.277062
2561390, -70.209262
2562000, -70.140347
2562610, -70.072960
2563220, -70.004482
2563830, -69.937553
2564440, -69.869551
2565050, -69.803108
2565660, -69.735605
2566270, -69.669676
2566880, -69.602705
2567490, -69.537323
2568100, -69.470918
2568710, -69.406120
2569320, -69.340318
2569930, -69.276140
2570540, -69.210978
2571150, -69.147456
2571760, -69.082969
2572370, -69.020139
2572980, -68.956361
2573590, -68.894250
2574200, -68.831195
2574810, -68.769808
2575420, -68.707482
2576030, -68.646833
2576640, -68.585255
2577250, -68.525363
2577860, -68.464555
2578470, -68.405444
2579080, -68.345430
2579690, -68.287123
2580300, -68.227928
2580910, -68.170452
2581520, -68.112099
2582130, -68.055477
2582740, -67.997990
2583350, -67.942244
2583960, -67.885635
2584570, -67.830754
2585180, -67.775007
2585790, -67.720986
2586400, -67.666101
2587010, -67.612945
2587620, -67.558931
2588230, -67.506651
2588840, -67.453520
2589450, -67.402131
2590060, -67.349899
2590670, -67.299416
2591280, -67.248099
2591890, -67.198538
2592500, -67.148152
2593110, -67.099529
2593720, -67.050089
2594330, -67.002419
2594940, -66.953941
2595550, -66.907226
2596160, -66.859687
2596770, -66.813898
2597380, -66.767278
2597990, -66.722403
2598600, -66.676697
2599210, -66.632736
2599820, -66.587947
2600430, -66.544906
2601040, -66.501041
2601650, -66.458927
2602260, -66.415996
2602870, -66.374820
2603480, -66.332834
2604090, -66.292607
2604700, -66.251576
2605310, -66.212309
2605920, -66.172245
2606530, -66.133949
2607140, -66.094862
2607750, -66.057548
2608360, -66.019447
2608970, -65.983124
2609580, -65.946013
2610190, -65.910664
2610800, -65.874509
2611410, -65.840101
2612020, -65.804880
2612630, -65.771400
2613240, -65.737105
2613850, -65.704547
2614460, -65.671176
2615070, -65.639543
2615680, -65.607099
2616290, -65.576395
2616900, -65.544883
2617510, -65.515114
2618120, -65.484541
2618730, -65.455714
2619340, -65.426087
2619950, -65.398208
2620560, -65.369534
2621170, -65.342610
2621780, -65.314895
2622390, -65.288931
2623000, -65.262181
2623610, -65.237183
2624220, -65.211402
2624830, -65.187375
2625440, -65.162566
2626050, -65.139513
2626660, -65.115681
2627270, -65.093604
2627880, -65.070749
2628490, -65.049650
2629100, -65.027775
2629710, -65.007654
2630320, -64.986757
2630930, -64.967606
2631540, -64.947664
2632150, -64.929450
2632760, -64.910432
2633370, -64.893132
2633980, -64.875021
2634590, -64.858621
2635200, -64.841406
2635810, -64.825898
2636420, -64.809571
2637030, -64.794948
2637640, -64.779505
2638250, -64.765761
2638860, -64.751197
2639470, -64.738328
2640080, -64.724637
2640690, -64.712638
2641300, -64.699815
2641910, -64.688680
2642520, -64.676718
2643130, -64.666440
2643740, -64.655332
2644350, -64.645903
2644960, -64.635641
2645570, -64.627051
2646180, -64.617624
2646790, -64.609864
2647400, -64.601262
2648010, -64.594320
2648620, -64.586530
2649230, -64.580392
2649840, -64.573401
2650450, -64.568055
2651060, -64.561848
2651670, -64.557277
2652280, -64.551839
2652890, -64.548027
2653500, -64.543340
2654110, -64.540269
2654720, -64.536315
2655330, -64.533968
2655940, -64.530727
2656550, -64.529082
2657160, -64.526535
2657770, -64.525572
2658380, -64.523696
2658990, -64.523393
2659600, -64.522167
2660210, -64.522500
2660820, -64.521900
2661430, -64.522847
2662040, -64.522849
2662650, -64.524384
2663260, -64.524963
2663870, -64.527062
2664480, -64.528192
2665090, -64.530829
2665700, -64.532484
2666310, -64.535631
2666920, -64.537785
2667530, -64.541416
2668140, -64.544041
2668750, -64.548129
2669360, -64.551197
2669970, -64.555713
2670580, -64.559197
2671190, -64.564114
2671800, -64.567986
2672410, -64.573276
2673020, -64.577507
2673630, -64.583142
2674240, -64.587704
2674850, -64.593655
2675460, -64.598521
2676070, -64.604760
2676680, -64.609901
2677290, -64.616401
2677900, -64.621790
2678510, -64.628523
2679120, -64.634132
2679730, -64.641071
2680340, -64.646874
2680950, -64.653993
2681560, -64.659962
2682170, -64.667234
2682780, -64.673345
2683390, -64.680745
2684000, -64.686971
2684610, -64.694474
2685220, -64.700792
2685830, -64.708373
2686440, -64.714759
2687050, -64.722395
2687660, -64.728825
2688270, -64.736494
2688880, -64.742947
2689490, -64.750627
2690100, -64.757081
2690710, -64.764751
2691320, -64.771186
2691930, -64.778826
2692540, -64.785222
2693150, -64.792814
2693760, -64.799153
2694370, -64.806678
2694980, -64.812944
2695590, -64.820385
2696200, -64.826560
2696810, -64.833902
2697420, -64.839971
2698030, -64.847199
2698640, -64.853147
2699250, -64.860248
2699860, -64.866063
2700470, -64.873022
2701080, -64.878692
2701690, -64.885499
2702300, -64.891011
2702910, -64.897655
2703520, -64.903001
2704130, -64.909472
2704740, -64.914641
2705350, -64.920931
2705960, -64.925915
2706570, -64.932016
2707180, -64.936809
2707790, -64.942714
2708400, -64.947308
2709010, -64.953012
2709620, -64.957403
2710230, -64.962899
2710840, -64.967082
2711450, -64.972368
2712060, -64.976340
2712670, -64.981411
2713280, -64.985168
2713890, -64.990023
2714500, -64.993563
2715110, -64.998201
2715720, -65.001523
2716330, -65.005940
2716940, -65.009039
2717550, -65.013230
2718160, -65.016102
2718770, -65.020062
2719380, -65.022705
2719990, -65.026435
2720600, -65.028848
2721210, -65.032349
2721820, -65.034535
2722430, -65.037810
2723040, -65.039772
2723650, -65.042824
2724260, -65.044567
2724870, -65.047400
2725480, -65.048927
2726090, -65.051547
2726700, -65.052864
2727310, -65.055276
2727920, -65.056388
2728530, -65.058597
2729140, -65.059511
2729750, -65.061523
2730360, -65.062244
2730970, -65.064066
2731580, -65.064600
2732190, -65.066239
2732800, -65.066593
2733410, -65.068054
2734020, -65.068236
2734630, -65.069527
2735240, -65.069542
2735850, -65.070669
2736460, -65.070526
2737070, -65.071496
2737680, -65.071201
2738290, -65.072022
2738900, -65.071581
2739510, -65.072260
2740120, -65.071681
2740730, -65.072225
2741340, -65.071515
2741950, -65.071930
2742560, -65.071097
2743170, -65.071391
2743780, -65.070441
2744390, -65.070622
2745000, -65.069562
2745610, -65.069635
2746220, -65.068473
2746830, -65.068446
2747440, -65.067188
2748050, -65.067068
2748660, -65.065720
2749270, -65.065513
2749880, -65.064084
2750490, -65.063797
2751100, -65.062291
2751710, -65.061930
2752320, -65.060355
2752930, -65.059927
2753540, -65.058288
2754150, -65.057800
2754760, -65.056103
2755370, -65.055559
2755980, -65.053812
2756590, -65.053219
2757200, -65.051426
2757810, -65.050789
2758420, -65.048956
2759030, -65.048281
2759640, -65.046413
2760250, -65.045705
2760860, -65.043808
2761470, -65.043072
2762080, -65.041151
2762690, -65.040393
2763300, -65.038451
2763910, -65.037675
2764520, -65.035719
2765130, -65.034929
2765740, -65.032962
2766350, -65.032164
2766960, -65.030191
2767570, -65.029387
2768180, -65.027412
2768790, -65.026607
2769400, -65.024633
2770010, -65.023831
2770620, -65.021862
2771230, -65.021066
2771840, -65.019107
2772450, -65.018320
2773060, -65.016373
2773670, -65.015599
2774280, -65.013666
2774890, -65.012908
2775500, -65.010994
2776110, -65.010254
2776720, -65.008360
2777330, -65.007641
2777940, -65.005770
2778550, -65.005075
2779160, -65.003229
2779770, -65.002560
2780380, -65.000742
2780990, -65.000100
2781600, -64.998311
2782210, -64.997698
2782820, -64.995938
2783430, -64.995353
2784040, -64.993623
2784650, -64.993067
2785260, -64.991367
2785870, -64.990840
2786480, -64.989171
2787090, -64.988676
2787700, -64.987039
2788310, -64.986576
2788920, -64.984972
2789530, -64.984542
2790140, -64.982973
2790750, -64.982576
2791360, -64.981042
2791970, -64.980681
2792580, -64.979183
2793190, -64.978857
2793800, -64.977396
2794410, -64.977106
2795020, -64.975683
2795630, -64.975430
2796240, -64.974045
2796850, -64.973829
2797460, -64.972482
2798070, -64.972305
2798680, -64.970996
2799290, -64.970857
2799900, -64.969587
2800510, -64.969485
2801120, -64.968254
2801730, -64.968191
2802340, -64.966998
2802950, -64.966973
2803560, -64.965819
2804170, -64.965832
2804780, -64.964717
2805390, -64.964766
2806000, -64.963689
2806610, -64.963776
2807220, -64.962737
2807830, -64.962861
2808440, -64.961859
2809050, -64.962018
2809660, -64.961053
2810270, -64.961248
2810880, -64.960319
2811490, -64.960549
2812100, -64.959656
2812710, -64.959920
2813320, -64.959061
2813930, -64.959359
2814540, -64.958533
2815150, -64.958864
2815760, -64.958071
2816370, -64.958434
2816980, -64.957673
2817590, -64.958067
2818200, -64.957337
2818810, -64.957760
2819420, -64.957061
2820030, -64.957513
2820640, -64.956843
2821250, -64.957323
2821860, -64.956681
2822470, -64.957187
2823080, -64.956572
2823690, -64.957104
2824300, -64.956515
2824910, -64.957072
2825520, -64.956508
2826130, -64.957088
2826740, -64.956547
2827350, -64.957150
2827960, -64.956632
2828570, -64.957256
2829180, -64.956759
2829790, -64.957403
2830400, -64.956926
2831010, -64.957589
2831620, -64.957132
2832230, -64.957812
2832840, -64.957373
2833450, -64.958070
2834060, -64.957648
2834670, -64.958360
2835280, -64.957953
2835890, -64.958680
2836500, -64.958288
2837110, -64.959028
2837720, -64.958650
2838330, -64.959402
2838940, -64.959036
2839550, -64.959799
2840160, -64.959444
2840770, -64.960218
2841380, -64.959873
2841990, -64.960655
2842600, -64.960320
2843210, -64.961110
2843820, -64.960783
2844430, -64.961580
2845040, -64.961260
2845650, -64.962063
2846260, -64.961749
2846870, -64.962557
2847480, -64.962249
2848090, -64.963061
2848700, -64.962757
2849310, -64.963572
2849920, -64.963272
2850530, -64.964090
2851140, -64.963792
2851750, -64.964612
2852360, -64.964316
2852970, -64.965136
2853580, -64.964841
2854190, -64.965661
2854800, -64.965367
2855410, -64.966186
2856020, -64.965892
2856630, -64.966710
2857240, -64.966414
2857850, -64.967230
2858460, -64.966933
2859070, -64.967746
2859680, -64.967447
2860290, -64.968257
2860900, -64.967954
2861510, -64.968761
2862120, -64.968455
2862730, -64.969257
2863340, -64.968947
2863950, -64.969744
2864560, -64.969430
2865170, -64.970222
2865780, -64.969903
2866390, -64.970689
2867000, -64.970366
2867610, -64.971146
2868220, -64.970816
2868830, -64.971590
2869440, -64.971255
2870050, -64.972022
2870660, -64.971680
2871270, -64.972440
2871880, -64.972092
2872490, -64.972845
2873100, -64.972491
2873710, -64.973235
2874320, -64.972874
2874930, -64.973611
2875540, -64.973243
2876150, -64.973972
2876760, -64.973597
2877370, -64.974318
2877980, -64.973935
2878590, -64.974648
2879200, -64.974258
2879810, -64.974963
2880420, -64.974565
2881030, -64.975262
2881640, -64.974857
2882250, -64.975545
2882860, -64.975132
2883470, -64.975812
2884080, -64.975391
2884690, -64.976063
2885300, -64.975635
2885910, -64.976298
2886520, -64.975862
2887130, -64.976517
2887740, -64.976074
2888350, -64.976721
2888960, -64.976271
2889570, -64.976909
2890180, -64.976451
2890790, -64.977082
2891400, -64.976617
2892010, -64.977240
2892620, -64.976768
2893230, -64.977382
2893840, -64.976903
2894450, -64.977511
2895060, -64.977025
2895670, -64.977625
2896280, -64.977132
2896890, -64.977725
2897500, -64.977226
2898110, -64.977811
2898720, -64.977306
2899330, -64.977885
2899940, -64.977373
2900550, -64.977945
2901160, -64.977428
2901770, -64.977993
2902380, -64.977470
2902990, -64.978029
2903600, -64.977501
2904210, -64.978054
2904820, -64.977520
2905430, -64.978067
2906040, -64.977529
2906650, -64.978070
2907260, -64.977527
2907870, -64.978063
2908480, -64.977515
2909090, -64.978046
2909700, -64.977493
2910310, -64.978019
2910920, -64.977463
2911530, -64.977984
2912140, -64.977424
2912750, -64.977941
2913360, -64.977377
2913970, -64.977890
2914580, -64.977323
2915190, -64.977831
2915800, -64.977261
2916410, -64.977766
2917020, -64.977193
2917630, -64.977694
2918240, -64.977119
2918850, -64.977617
2919460, -64.977039
2920070, -64.977534
2920680, -64.976953
2921290, -64.977446
2921900, -64.976863
2922510, -64.977353
2923120, -64.976769
2923730, -64.977256
2924340, -64.976671
2924950, -64.977156
2925560, -64.976569
2926170, -64.977052
2926780, -64.976465
2927390, -64.976946
2928000, -64.976357
2928610, -64.976837
2929220, -64.976248
2929830, -64.976726
2930440, -64.976136
2931050, -64.976613
2931660, -64.976023
2932270, -64.976499
2932880, -64.975909
2933490, -64.976385
2934100, -64.975794
2934710, -64.976269
2935320, -64.975679
2935930, -64.976153
2936540, -64.975563
2937150, -64.976037
2937760, -64.975448
2938370, -64.975922
2938980, -64.975333
2939590, -64.975807
2940200, -64.975219
2940810, -64.975693
2941420, -64.975106
2942030, -64.975580
2942640, -64.974994
2943250, -64.975468
2943860, -64.974883
2944470, -64.975358
2945080, -64.974774
2945690, -64.975250
2946300, -64.974667
2946910, -64.975144
2947520, -64.974563
2948130, -64.975039
2948740, -64.974460
2949350, -64.974938
2949960, -64.974360
2950570, -64.974838
2951180, -64.974262
2951790, -64.974742
2952400, -64.974167
2953010, -64.974648
2953620, -64.974075
2954230, -64.974557
2954840, -64.973986
2955450, -64.974468
2956060, -64.973899
2956670, -64.974383
2957280, -64.973816
2957890, -64.974302
2958500, -64.973736
2959110, -64.974223
2959720, -64.973660
2960330, -64.974147
2960940, -64.973586
2961550, -64.974075
2962160, -64.973516
2962770, -64.974007
2963380, -64.973449
2963990, -64.973941
2964600, -64.973386
2965210, -64.973879
2965820, -64.973326
2966430, -64.973820
2967040, -64.973269
2967650, -64.973765
2968260, -64.973216
2968870, -64.973713
2969480, -64.973166
2970090, -64.973665
2970700, -64.973120
2971310, -64.973619
2971920, -64.973077
2972530, -64.973577
2973140, -64.973036
2973750, -64.973539
2974360, -64.973000
2974970, -64.973503
2975580, -64.972966
2976190, -64.973471
2976800, -64.972935
2977410, -64.973441
2978020, -64.972908
2978630, -64.973415
2979240, -64.972883
2979850, -64.973391
2980460, -64.972862
2981070, -64.973371
2981680, -64.972843
2982290, -64.973353
2982900, -64.972827
2983510, -64.973338
2984120, -64.972813
2984730, -64.973325
2985340, -64.972802
2985950, -64.973315
2986560, -64.972794
2987170, -64.973307
2987780, -64.972788
2988390, -64.973302
2989000, -64.972784
2989610, -64.973299
2990220, -64.972782
2990830, -64.973298
2991440, -64.972782
2992050, -64.973299
2992660, -64.972785
2993270, -64.973302
2993880, -64.972789
2994490, -64.973307
2995100, -64.972795
2995710, -64.973313
2996320, -64.972803
2996930, -64.973321
2997540, -64.972812
2998150, -64.973331
2998760, -64.972823
2999370, -64.973342
2999980, -64.972835
3000590, -64.973354
