# ./result/hh_impl_1000.txt
# dt = 1000 [usec]
# t [usec], V [mV]
0, -65.000000
1000, -64.997067
2000, -64.994292
3000, -64.991645
4000, -64.989105
5000, -64.986659
6000, -64.984299
7000, -64.982020
8000, -64.979818
9000, -64.977693
10000, -64.975642
11000, -64.973666
12000, -64.971764
13000, -64.969937
14000, -64.968184
15000, -64.966506
16000, -64.964902
17000, -64.963373
18000, -64.961918
19000, -64.960537
20000, -64.959230
21000, -64.957996
22000, -64.956835
23000, -64.955746
24000, -64.954728
25000, -64.953781
26000, -64.952903
27000, -64.952094
28000, -64.951352
29000, -64.950677
30000, -64.950066
31000, -64.949519
32000, -64.949035
33000, -64.948611
34000, -64.948247
35000, -64.947941
36000, -64.947691
37000, -64.947495
38000, -64.947353
39000, -64.947262
40000, -64.947220
41000, -64.947227
42000, -64.947279
43000, -64.947375
44000, -64.947515
45000, -64.947694
46000, -64.947913
47000, -64.948169
48000, -64.948459
49000, -64.948784
50000, -64.949140
51000, -64.949526
52000, -64.949939
53000, -64.950380
54000, -64.950844
55000, -64.951332
56000, -64.951840
57000, -64.952369
58000, -64.952915
59000, -64.953477
60000, -64.954053
61000, -64.954643
62000, -64.955244
63000, -64.955856
64000, -64.956476
65000, -64.957103
66000, -64.957736
67000, -64.958373
68000, -64.959013
69000, -64.959656
70000, -64.960299
71000, -64.960942
72000, -64.961583
73000, -64.962221
74000, -64.962856
75000, -64.963486
76000, -64.964111
77000, -64.964729
78000, -64.965340
79000, -64.965943
80000, -64.966537
81000, -64.967121
82000, -64.967695
83000, -64.968258
84000, -64.968809
85000, -64.969349
86000, -64.969875
87000, -64.970389
88000, -64.970890
89000, -64.971376
90000, -64.971848
91000, -64.972306
92000, -64.972750
93000, -64.973178
94000, -64.973591
95000, -64.973988
96000, -64.974371
97000, -64.974737
98000, -64.975088
99000, -64.975424
100000, -64.975743
101000, -64.976047
102000, -64.976336
103000, -64.976608
104000, -64.976866
105000, -64.977108
106000, -64.977335
107000, -64.977547
108000, -64.977744
109000, -64.977926
110000, -64.978094
111000, -64.978248
112000, -64.978388
113000, -64.978515
114000, -64.978628
115000, -64.978728
116000, -64.978815
117000, -64.978890
118000, -64.978953
119000, -64.979004
120000, -64.979044
121000, -64.979073
122000, -64.979091
123000, -64.979099
124000, -64.979097
125000, -64.979085
126000, -64.979064
127000, -64.979034
128000, -64.978996
129000, -64.978950
130000, -64.978896
131000, -64.978835
132000, -64.978767
133000, -64.978693
134000, -64.978612
135000, -64.978525
136000, -64.978434
137000, -64.978337
138000, -64.978235
139000, -64.978129
140000, -64.978019
141000, -64.977906
142000, -64.977789
143000, -64.977669
144000, -64.977547
145000, -64.977422
146000, -64.977295
147000, -64.977167
148000, -64.977037
149000, -64.976906
150000, -64.976774
151000, -64.976641
152000, -64.976508
153000, -64.976375
154000, -64.976242
155000, -64.976110
156000, -64.975978
157000, -64.975847
158000, -64.975716
159000, -64.975587
160000, -64.975460
161000, -64.975333
162000, -64.975209
163000, -64.975087
164000, -64.974966
165000, -64.974848
166000, -64.974732
167000, -64.974618
168000, -64.974507
169000, -64.974398
170000, -64.974292
171000, -64.974189
172000, -64.974089
173000, -64.973992
174000, -64.973897
175000, -64.973806
176000, -64.973718
177000, -64.973633
178000, -64.973551
179000, -64.973473
180000, -64.973398
181000, -64.973326
182000, -64.973257
183000, -64.973191
184000, -64.973129
185000, -64.973070
186000, -64.973014
187000, -64.972961
188000, -64.972912
189000, -64.972865
190000, -64.972822
191000, -64.972782
192000, -64.972745
193000, -64.972711
194000, -64.972679
195000, -64.972651
196000, -64.972625
197000, -64.972603
198000, -64.972582
199000, -64.972565
200000, -64.972550
201000, -64.972538
202000, -64.972528
203000, -64.972520
204000, -64.972515
205000, -64.972512
206000, -64.972511
207000, -64.972512
208000, -64.972515
209000, -64.972520
210000, -64.972527
211000, -64.972535
212000, -64.972545
213000, -64.972557
214000, -64.972570
215000, -64.972585
216000, -64.972601
217000, -64.972618
218000, -64.972637
219000, -64.972656
220000, -64.972677
221000, -64.972699
222000, -64.972721
223000, -64.972744
224000, -64.972769
225000, -64.972793
226000, -64.972819
227000, -64.972845
228000, -64.972871
229000, -64.972898
230000, -64.972925
231000, -64.972952
232000, -64.972980
233000, -64.973008
234000, -64.973036
235000, -64.973064
236000, -64.973092
237000, -64.973120
238000, -64.973148
239000, -64.973176
240000, -64.973203
241000, -64.973231
242000, -64.973258
243000, -64.973285
244000, -64.973311
245000, -64.973337
246000, -64.973363
247000, -64.973388
248000, -64.973413
249000, -64.973438
250000, -64.973462
251000, -64.973485
252000, -64.973508
253000, -64.973530
254000, -64.973552
255000, -64.973573
256000, -64.973593
257000, -64.973613
258000, -64.973632
259000, -64.973651
260000, -64.973669
261000, -64.973686
262000, -64.973703
263000, -64.973718
264000, -64.973734
265000, -64.973748
266000, -64.973762
267000, -64.973775
268000, -64.973788
269000, -64.973799
270000, -64.973810
271000, -64.973821
272000, -64.973831
273000, -64.973840
274000, -64.973848
275000, -64.973856
276000, -64.973864
277000, -64.973870
278000, -64.973876
279000, -64.973882
280000, -64.973887
281000, -64.973891
282000, -64.973895
283000, -64.973898
284000, -64.973901
285000, -64.973903
286000, -64.973905
287000, -64.973906
288000, -64.973907
289000, -64.973907
290000, -64.973907
291000, -64.973906
292000, -64.973905
293000, -64.973904
294000, -64.973902
295000, -64.973901
296000, -64.973898
297000, -64.973896
298000, -64.973893
299000, -64.973889
300000, -64.973886
301000, -64.973882
302000, -64.973878
303000, -64.973874
304000, -64.973870
305000, -64.973865
306000, -64.973860
307000, -64.973856
308000, -64.973851
309000, -64.973845
310000, -64.973840
311000, -64.973835
312000, -64.973829
313000, -64.973824
314000, -64.973818
315000, -64.973813
316000, -64.973807
317000, -64.973801
318000, -64.973795
319000, -64.973790
320000, -64.973784
321000, -64.973778
322000, -64.973773
323000, -64.973767
324000, -64.973761
325000, -64.973756
326000, -64.973750
327000, -64.973745
328000, -64.973740
329000, -64.973734
330000, -64.973729
331000, -64.973724
332000, -64.973719
333000, -64.973714
334000, -64.973710
335000, -64.973705
336000, -64.973700
337000, -64.973696
338000, -64.973692
339000, -64.973688
340000, -64.973684
341000, -64.973680
342000, -64.973676
343000, -64.973672
344000, -64.973669
345000, -64.973666
346000, -64.973662
347000, -64.973659
348000, -64.973656
349000, -64.973654
350000, -64.973651
351000, -64.973648
352000, -64.973646
353000, -64.973644
354000, -64.973642
355000, -64.973640
356000, -64.973638
357000, -64.973636
358000, -64.973635
359000, -64.973633
360000, -64.973632
361000, -64.973631
362000, -64.973630
363000, -64.973629
364000, -64.973628
365000, -64.973627
366000, -64.973627
367000, -64.973626
368000, -64.973626
369000, -64.973626
370000, -64.973625
371000, -64.973625
372000, -64.973625
373000, -64.973625
374000, -64.973626
375000, -64.973626
376000, -64.973626
377000, -64.973627
378000, -64.973627
379000, -64.973628
380000, -64.973628
381000, -64.973629
382000, -64.973630
383000, -64.973630
384000, -64.973631
385000, -64.973632
386000, -64.973633
387000, -64.973634
388000, -64.973635
389000, -64.973636
390000, -64.973637
391000, -64.973638
392000, -64.973639
393000, -64.973641
394000, -64.973642
395000, -64.973643
396000, -64.973644
397000, -64.973645
398000, -64.973647
399000, -64.973648
400000, -64.973649
401000, -64.973650
402000, -64.973652
403000, -64.973653
404000, -64.973654
405000, -64.973655
406000, -64.973656
407000, -64.973658
408000, -64.973659
409000, -64.973660
410000, -64.973661
411000, -64.973662
412000, -64.973663
413000, -64.973665
414000, -64.973666
415000, -64.973667
416000, -64.973668
417000, -64.973669
418000, -64.973670
419000, -64.973671
420000, -64.973672
421000, -64.973673
422000, -64.973674
423000, -64.973674
424000, -64.973675
425000, -64.973676
426000, -64.973677
427000, -64.973678
428000, -64.973678
429000, -64.973679
430000, -64.973680
431000, -64.973680
432000, -64.973681
433000, -64.973682
434000, -64.973682
435000, -64.973683
436000, -64.973683
437000, -64.973684
438000, -64.973684
439000, -64.973684
440000, -64.973685
441000, -64.973685
442000, -64.973685
443000, -64.973686
444000, -64.973686
445000, -64.973686
446000, -64.973686
447000, -64.973687
448000, -64.973687
449000, -64.973687
450000, -64.973687
451000, -64.973687
452000, -64.973687
453000, -64.973687
454000, -64.973687
455000, -64.973687
456000, -64.973687
457000, -64.973687
458000, -64.973687
459000, -64.973687
460000, -64.973687
461000, -64.973687
462000, -64.973687
463000, -64.973687
464000, -64.973687
465000, -64.973687
466000, -64.973687
467000, -64.973686
468000, -64.973686
469000, -64.973686
470000, -64.973686
471000, -64.973686
472000, -64.973685
473000, -64.973685
474000, -64.973685
475000, -64.973685
476000, -64.973685
477000, -64.973684
478000, -64.973684
479000, -64.973684
480000, -64.973684
481000, -64.973683
482000, -64.973683
483000, -64.973683
484000, -64.973683
485000, -64.973683
486000, -64.973682
487000, -64.973682
488000, -64.973682
489000, -64.973682
490000, -64.973681
491000, -64.973681
492000, -64.973681
493000, -64.973681
494000, -64.973680
495000, -64.973680
496000, -64.973680
497000, -64.973680
498000, -64.973680
499000, -64.973679
500000, -64.973679
501000, -60.354855
502000, -55.983245
503000, -51.739883
504000, -47.388653
505000, -42.411334
506000, -35.726283
507000, -25.048804
508000, -6.198178
509000, 22.145231
510000, 41.410255
511000, 41.646099
512000, 39.308204
513000, 36.383078
514000, 32.733997
515000, 28.602576
516000, 24.106584
517000, 19.392367
518000, 14.569210
519000, 9.732044
520000, 4.942753
521000, 0.249688
522000, -4.324763
523000, -8.763597
524000, -13.068085
525000, -17.239630
526000, -21.296223
527000, -25.255830
528000, -29.157172
529000, -33.048056
530000, -37.005458
531000, -41.119859
532000, -45.499363
533000, -50.215057
534000, -55.230728
535000, -60.251607
536000, -64.694311
537000, -67.954080
538000, -69.880980
539000, -70.786241
540000, -71.094429
541000, -71.097412
542000, -70.958096
543000, -70.747788
544000, -70.504248
545000, -70.238509
546000, -69.961301
547000, -69.671819
548000, -69.375598
549000, -69.069553
550000, -68.758217
551000, -68.438038
552000, -68.113344
553000, -67.780530
554000, -67.443894
555000, -67.099827
556000, -66.752674
557000, -66.398840
558000, -66.042671
559000, -65.680640
560000, -65.317074
561000, -64.948435
562000, -64.579117
563000, -64.205515
564000, -63.832002
565000, -63.455002
566000, -63.078780
567000, -62.699779
568000, -62.322164
569000, -61.942242
570000, -61.564249
571000, -61.184259
572000, -60.806390
573000, -60.426711
574000, -60.049056
575000, -59.669544
576000, -59.291711
577000, -58.911361
578000, -58.532181
579000, -58.149485
580000, -57.766777
581000, -57.379241
582000, -56.989804
583000, -56.593811
584000, -56.193348
585000, -55.783115
586000, -55.365090
587000, -54.932903
588000, -54.488150
589000, -54.022921
590000, -53.537674
591000, -53.022468
592000, -52.475492
593000, -51.883528
594000, -51.240279
595000, -50.527099
596000, -49.728445
597000, -48.814387
598000, -47.752341
599000, -46.485860
600000, -44.942396
601000, -43.005777
602000, -40.509200
603000, -37.190431
604000, -32.679011
605000, -26.492433
606000, -18.257458
607000, -8.349764
608000, 1.215517
609000, 7.533773
610000, 9.517231
611000, 8.343035
612000, 5.444812
613000, 1.675515
614000, -2.520581
615000, -6.885456
616000, -11.273208
617000, -15.594790
618000, -19.810158
619000, -23.900526
620000, -27.878776
621000, -31.771891
622000, -35.635769
623000, -39.537059
624000, -43.560378
625000, -47.770893
626000, -52.184168
627000, -56.676472
628000, -60.939012
629000, -64.526338
630000, -67.109566
631000, -68.673056
632000, -69.459718
633000, -69.751774
634000, -69.766948
635000, -69.630170
636000, -69.415051
637000, -69.153636
638000, -68.868067
639000, -68.563792
640000, -68.249607
641000, -67.924338
642000, -67.593478
643000, -67.254164
644000, -66.911039
645000, -66.560829
646000, -66.207928
647000, -65.848956
648000, -65.488265
649000, -65.122416
650000, -64.755766
651000, -64.384856
652000, -64.013988
653000, -63.639754
654000, -63.266357
655000, -62.890318
656000, -62.515890
657000, -62.139446
658000, -61.765199
659000, -61.389467
660000, -61.016276
661000, -60.642016
662000, -60.270453
663000, -59.897768
664000, -59.527845
665000, -59.156522
666000, -58.787581
667000, -58.416791
668000, -58.047539
669000, -57.675719
670000, -57.304297
671000, -56.928717
672000, -56.552201
673000, -56.169494
674000, -55.783473
675000, -55.388751
676000, -54.987335
677000, -54.573867
678000, -54.149098
679000, -53.706609
680000, -53.246424
681000, -52.760381
682000, -52.246872
683000, -51.695125
684000, -51.100096
685000, -50.446983
686000, -49.723932
687000, -48.907308
688000, -47.974121
689000, -46.882769
690000, -45.583145
691000, -43.993828
692000, -42.007303
693000, -39.454147
694000, -36.097651
695000, -31.606370
696000, -25.612272
697000, -17.920175
698000, -9.067847
699000, -0.832262
700000, 4.530224
701000, 6.206266
702000, 5.050985
703000, 2.243269
704000, -1.435589
705000, -5.536262
706000, -9.806815
707000, -14.094177
708000, -18.318429
709000, -22.435408
710000, -26.438801
711000, -30.340314
712000, -34.182584
713000, -38.021370
714000, -41.934813
715000, -45.992427
716000, -50.236801
717000, -54.609518
718000, -58.901630
719000, -62.734992
720000, -65.727961
721000, -67.718438
722000, -68.838851
723000, -69.348479
724000, -69.490957
725000, -69.424396
726000, -69.246669
727000, -69.004695
728000, -68.728834
729000, -68.429082
730000, -68.116584
731000, -67.791542
732000, -67.460073
733000, -67.119796
734000, -66.775511
735000, -66.424136
736000, -66.070084
737000, -65.710110
738000, -65.348499
739000, -64.981930
740000, -64.614705
741000, -64.243423
742000, -63.872343
743000, -63.498098
744000, -63.124849
745000, -62.749216
746000, -62.375306
747000, -61.999615
748000, -61.626310
749000, -61.251679
750000, -60.879736
751000, -60.506846
752000, -60.136761
753000, -59.765790
754000, -59.397584
755000, -59.028154
756000, -58.661274
757000, -58.292588
758000, -57.925531
759000, -57.555981
760000, -57.186838
761000, -56.813755
762000, -56.439628
763000, -56.059472
764000, -55.676238
765000, -55.284318
766000, -54.885883
767000, -54.475382
768000, -54.053795
769000, -53.615018
770000, -53.158722
771000, -52.677188
772000, -52.168558
773000, -51.622630
774000, -51.034263
775000, -50.389414
776000, -49.676441
777000, -48.872444
778000, -47.955481
779000, -46.885800
780000, -45.615956
781000, -44.068809
782000, -42.143209
783000, -39.680465
784000, -36.460838
785000, -32.175116
786000, -26.473453
787000, -19.139791
788000, -10.582798
789000, -2.354657
790000, 3.353508
791000, 5.489186
792000, 4.684505
793000, 2.089790
794000, -1.466905
795000, -5.498800
796000, -9.731661
797000, -13.999628
798000, -18.214396
799000, -22.327192
800000, -26.328224
801000, -30.226754
802000, -34.063364
803000, -37.892287
804000, -41.790660
805000, -45.827030
806000, -50.045127
807000, -54.393440
808000, -58.671681
809000, -62.512652
810000, -65.537204
811000, -67.570707
812000, -68.730369
813000, -69.268433
814000, -69.428815
815000, -69.372637
816000, -69.200540
817000, -68.961483
818000, -68.686948
819000, -68.387699
820000, -68.075196
821000, -67.749937
822000, -67.418084
823000, -67.077404
824000, -66.732669
825000, -66.380890
826000, -66.026427
827000, -65.666122
828000, -65.304186
829000, -64.937380
830000, -64.569928
831000, -64.198512
832000, -63.827327
833000, -63.453060
834000, -63.079810
835000, -62.704279
836000, -62.330476
837000, -61.954981
838000, -61.581864
839000, -61.207501
840000, -60.835846
841000, -60.463295
842000, -60.093549
843000, -59.723004
844000, -59.355182
845000, -58.986197
846000, -58.619747
847000, -58.251509
848000, -57.884882
849000, -57.515742
850000, -57.146965
851000, -56.774312
852000, -56.400508
853000, -56.020698
854000, -55.637801
855000, -55.246164
856000, -54.847955
857000, -54.437576
858000, -54.016021
859000, -53.577322
860000, -53.120920
861000, -52.639268
862000, -52.130273
863000, -51.583923
864000, -50.994829
865000, -50.349119
866000, -49.634925
867000, -48.829240
868000, -47.909884
869000, -46.836996
870000, -45.562859
871000, -44.010194
872000, -42.077607
873000, -39.605976
874000, -36.375156
875000, -32.077124
876000, -26.365986
877000, -19.036345
878000, -10.512324
879000, -2.352739
880000, 3.276873
881000, 5.357322
882000, 4.525610
883000, 1.920237
884000, -1.639134
885000, -5.669609
886000, -9.898664
887000, -14.161427
888000, -18.370887
889000, -22.478123
890000, -26.473859
891000, -30.368119
892000, -34.202077
893000, -38.030475
894000, -41.930104
895000, -45.969417
896000, -50.190080
897000, -54.535221
898000, -58.800285
899000, -62.615505
900000, -65.605769
901000, -67.606643
902000, -68.742201
903000, -69.265357
904000, -69.417346
905000, -69.356660
906000, -69.182062
907000, -68.941575
908000, -68.666088
909000, -68.366187
910000, -68.053137
911000, -67.727449
912000, -67.395182
913000, -67.054165
914000, -66.709091
915000, -66.357039
916000, -66.002300
917000, -65.641785
918000, -65.279633
919000, -64.912678
920000, -64.545068
921000, -64.173561
922000, -63.802282
923000, -63.427981
924000, -63.054692
925000, -62.679190
926000, -62.305397
927000, -61.929975
928000, -61.556903
929000, -61.182639
930000, -60.811071
931000, -60.438642
932000, -60.068994
933000, -59.698600
934000, -59.330880
935000, -58.962032
936000, -58.595648
937000, -58.227500
938000, -57.860926
939000, -57.491827
940000, -57.123031
941000, -56.750384
942000, -56.376480
943000, -55.996562
944000, -55.613491
945000, -55.221614
946000, -54.823062
947000, -54.412221
948000, -53.990055
949000, -53.550643
950000, -53.093290
951000, -52.610558
952000, -52.100118
953000, -51.552073
954000, -50.960749
955000, -50.312127
956000, -49.594280
957000, -48.783897
958000, -47.858277
959000, -46.777046
960000, -45.491620
961000, -43.923688
962000, -41.969725
963000, -39.468419
964000, -36.195877
965000, -31.841063
966000, -26.059812
967000, -18.662702
968000, -10.121095
969000, -2.041423
970000, 3.426462
971000, 5.347493
972000, 4.410477
973000, 1.747328
974000, -1.841358
975000, -5.884706
976000, -10.117160
977000, -14.378162
978000, -18.583073
979000, -22.684334
980000, -26.674073
981000, -30.563761
982000, -34.395737
983000, -38.225694
984000, -42.130493
985000, -46.177703
986000, -50.405757
987000, -54.751797
988000, -59.003366
989000, -62.785247
990000, -65.727129
991000, -67.679669
992000, -68.778207
993000, -69.277690
994000, -69.415978
995000, -69.347767
996000, -69.169012
997000, -68.926201
998000, -68.649290
999000, -68.348492
1000000, -68.034777
1001000, -67.708609
1002000, -67.375918
1003000, -67.034571
1004000, -66.689179
1005000, -66.336878
1006000, -65.981886
1007000, -65.621181
1008000, -65.258831
1009000, -64.891742
1010000, -64.523987
1011000, -64.152396
1012000, -63.781027
1013000, -63.406690
1014000, -63.033354
1015000, -62.657866
1016000, -62.284066
1017000, -61.908690
1018000, -61.535635
1019000, -61.161436
1020000, -60.789916
1021000, -60.417565
1022000, -60.047965
1023000, -59.677667
1024000, -59.309990
1025000, -58.941216
1026000, -58.574837
1027000, -58.206708
1028000, -57.840114
1029000, -57.470979
1030000, -57.102081
1031000, -56.729351
1032000, -56.355255
1033000, -55.975130
1034000, -55.591705
1035000, -55.199428
1036000, -54.800379
1037000, -54.388922
1038000, -53.965982
1039000, -53.525603
1040000, -53.067051
1041000, -52.582972
1042000, -52.070796
1043000, -51.520716
1044000, -50.926760
1045000, -50.274736
1046000, -49.552626
1047000, -48.736766
1048000, -47.803867
1049000, -46.712936
1050000, -45.414368
1051000, -43.828604
1052000, -41.849501
1053000, -39.312605
1054000, -35.990056
1055000, -31.566791
1056000, -25.700449
1057000, -18.222225
1058000, -9.655073
1059000, -1.666395
1060000, 3.615387
1061000, 5.354975
1062000, 4.297984
1063000, 1.568575
1064000, -2.054086
1065000, -6.112825
1066000, -10.350002
1067000, -14.609754
1068000, -18.809752
1069000, -22.904536
1070000, -26.887844
1071000, -30.772739
1072000, -34.602856
1073000, -38.434948
1074000, -42.346003
1075000, -46.402456
1076000, -50.639262
1077000, -54.987163
1078000, -59.224705
1079000, -62.968548
1080000, -65.858108
1081000, -67.758988
1082000, -68.818168
1083000, -69.292530
1084000, -69.416274
1085000, -69.340065
1086000, -69.156890
1087000, -68.911609
1088000, -68.633196
1089000, -68.331461
1090000, -68.017060
1091000, -67.690404
1092000, -67.357287
1093000, -67.015613
1094000, -66.669906
1095000, -66.317359
1096000, -65.962120
1097000, -65.601228
1098000, -65.238686
1099000, -64.871467
1100000, -64.503570
1101000, -64.131897
1102000, -63.760438
1103000, -63.386065
1104000, -63.012681
1105000, -62.637205
1106000, -62.263395
1107000, -61.888062
1108000, -61.515018
1109000, -61.140878
1110000, -60.769398
1111000, -60.397117
1112000, -60.027557
1113000, -59.657344
1114000, -59.289699
1115000, -58.920986
1116000, -58.554597
1117000, -58.186475
1118000, -57.819844
1119000, -57.450656
1120000, -57.081640
1121000, -56.708807
1122000, -56.334498
1123000, -55.954142
1124000, -55.570341
1125000, -55.177637
1126000, -54.778061
1127000, -54.365956
1128000, -53.942206
1129000, -53.500817
1130000, -53.041019
1131000, -52.555537
1132000, -52.041558
1133000, -51.489364
1134000, -50.892681
1135000, -50.237134
1136000, -49.510614
1137000, -48.689085
1138000, -47.748654
1139000, -46.647682
1140000, -45.335509
1141000, -43.731273
1142000, -41.726117
1143000, -39.152322
1144000, -35.777936
1145000, -31.283794
1146000, -25.329234
1147000, -17.767799
1148000, -9.178325
1149000, -1.287151
1150000, 3.803204
1151000, 5.359652
1152000, 4.182689
1153000, 1.387195
1154000, -2.269312
1155000, -6.343640
1156000, -10.585531
1157000, -14.843603
1158000, -19.038323
1159000, -23.126573
1160000, -27.104052
1161000, -30.984640
1162000, -34.812746
1163000, -38.646992
1164000, -42.564574
1165000, -46.630751
1166000, -50.876826
1167000, -55.226796
1168000, -59.447226
1169000, -63.151736
1170000, -65.987336
1171000, -67.836584
1172000, -68.856959
1173000, -69.306729
1174000, -69.416286
1175000, -69.332283
1176000, -69.144798
1177000, -68.897105
1178000, -68.617221
1179000, -68.314564
1180000, -67.999490
1181000, -67.672352
1182000, -67.338814
1183000, -66.996817
1184000, -66.650798
1185000, -66.298010
1186000, -65.942526
1187000, -65.581451
1188000, -65.218719
1189000, -64.851372
1190000, -64.483335
1191000, -64.111582
1192000, -63.740035
1193000, -63.365628
1194000, -62.992197
1195000, -62.616728
1196000, -62.242907
1197000, -61.867615
1198000, -61.494583
1199000, -61.120500
1200000, -60.749060
1201000, -60.376849
1202000, -60.007328
1203000, -59.637198
1204000, -59.269584
1205000, -58.900929
1206000, -58.534530
1207000, -58.166410
1208000, -57.799741
1209000, -57.430496
1210000, -57.061358
1211000, -56.688417
1212000, -56.313891
1213000, -55.933300
1214000, -55.549117
1215000, -55.155980
1216000, -54.755871
1217000, -54.343109
1218000, -53.918541
1219000, -53.476133
1220000, -53.015077
1221000, -52.528179
1222000, -52.012383
1223000, -51.458055
1224000, -50.858621
1225000, -50.199521
1226000, -49.468553
1227000, -48.641305
1228000, -47.693276
1229000, -46.582171
1230000, -45.256268
1231000, -43.633389
1232000, -41.601940
1233000, -38.990913
1234000, -35.564265
1235000, -30.998778
1236000, -24.955773
1237000, -17.312317
1238000, -8.706240
1239000, -0.919987
1240000, 3.977797
1241000, 5.355015
1242000, 4.062232
1243000, 1.203317
1244000, -2.485496
1245000, -6.574496
1246000, -10.820542
1247000, -15.076590
1248000, -19.266187
1249000, -23.348755
1250000, -27.320670
1251000, -31.197357
1252000, -35.024398
1253000, -38.860724
1254000, -42.784761
1255000, -46.860760
1256000, -51.116235
1257000, -55.466875
1258000, -59.669268
1259000, -63.333568
1260000, -66.114538
1261000, -67.911903
1262000, -68.894016
1263000, -69.319768
1264000, -69.415534
1265000, -69.323968
1266000, -69.132298
1267000, -68.882257
1268000, -68.600935
1269000, -68.297372
1270000, -67.981631
1271000, -67.654012
1272000, -67.320054
1273000, -66.977732
1274000, -66.631400
1275000, -66.278367
1276000, -65.922640
1277000, -65.561380
1278000, -65.198458
1279000, -64.830983
1280000, -64.462808
1281000, -64.090974
1282000, -63.719342
1283000, -63.344900
1284000, -62.971425
1285000, -62.595957
1286000, -62.222122
1287000, -61.846871
1288000, -61.473854
1289000, -61.099831
1290000, -60.728434
1291000, -60.356294
1292000, -59.986816
1293000, -59.616753
1294000, -59.249163
1295000, -58.880563
1296000, -58.514151
1297000, -58.146036
1298000, -57.779329
1299000, -57.410029
1300000, -57.040769
1301000, -56.667722
1302000, -56.292979
1303000, -55.912151
1304000, -55.527582
1305000, -55.134007
1306000, -54.733360
1307000, -54.319932
1308000, -53.894535
1309000, -53.451092
1310000, -52.988760
1311000, -52.500359
1312000, -51.982672
1313000, -51.426028
1314000, -50.823689
1315000, -50.160879
1316000, -49.425294
1317000, -48.592123
1318000, -47.636235
1319000, -46.514651
1320000, -45.174551
1321000, -43.532402
1322000, -41.473781
1323000, -38.824296
1324000, -35.343182
1325000, -30.703662
1326000, -24.571116
1327000, -16.848293
1328000, -8.230524
1329000, -0.556243
1330000, 4.144332
1331000, 5.343142
1332000, 3.937097
1333000, 1.016457
1334000, -2.703510
1335000, -6.806441
1336000, -11.056150
1337000, -15.310046
1338000, -19.494942
1339000, -23.571428
1340000, -27.537470
1341000, -31.410109
1342000, -35.236197
1343000, -39.075580
1344000, -43.006426
1345000, -47.092509
1346000, -51.356905
1347000, -55.706756
1348000, -59.890424
1349000, -63.513841
1350000, -66.239912
1351000, -67.985639
1352000, -68.930006
1353000, -69.332195
1354000, -69.414471
1355000, -69.315510
1356000, -69.119744
1357000, -68.867400
1358000, -68.584663
1359000, -68.280207
1360000, -67.963805
1361000, -67.635710
1362000, -67.301335
1363000, -66.958691
1364000, -66.612048
1365000, -66.258772
1366000, -65.902803
1367000, -65.541361
1368000, -65.178251
1369000, -64.810649
1370000, -64.442337
1371000, -64.070425
1372000, -63.698708
1373000, -63.324233
1374000, -62.950715
1375000, -62.575249
1376000, -62.201402
1377000, -61.826192
1378000, -61.453190
1379000, -61.079226
1380000, -60.707874
1381000, -60.335805
1382000, -59.966370
1383000, -59.596363
1384000, -59.228789
1385000, -58.860240
1386000, -58.493815
1387000, -58.125701
1388000, -57.758956
1389000, -57.389600
1390000, -57.020219
1391000, -56.647064
1392000, -56.272103
1393000, -55.891035
1394000, -55.506080
1395000, -55.112063
1396000, -54.710874
1397000, -54.296777
1398000, -53.870546
1399000, -53.426062
1400000, -52.962447
1401000, -52.472444
1402000, -51.952793
1403000, -51.393687
1404000, -50.788323
1405000, -50.121688
1406000, -49.381364
1407000, -48.542125
1408000, -47.578193
1409000, -46.445885
1410000, -45.091261
1411000, -43.429399
1412000, -41.342989
1413000, -38.654193
1414000, -35.117453
1415000, -30.402494
1416000, -24.179108
1417000, -16.376884
1418000, -7.754434
1419000, -0.200792
1420000, 4.299794
1421000, 5.321826
1422000, 3.804958
1423000, 0.824141
1424000, -2.926199
1425000, -7.042149
1426000, -11.294974
1427000, -15.546847
1428000, -19.726414
1429000, -23.796311
1430000, -27.756139
1431000, -31.624555
1432000, -35.449691
1433000, -39.292320
1434000, -43.230457
1435000, -47.326252
1436000, -51.598570
1437000, -55.947278
1438000, -60.111536
1439000, -63.692149
1440000, -66.362822
1441000, -68.057248
1442000, -68.964389
1443000, -69.343552
1444000, -69.412703
1445000, -69.306559
1446000, -69.106810
1447000, -68.852222
1448000, -68.568099
1449000, -68.262763
1450000, -67.945708
1451000, -67.617138
1452000, -67.282347
1453000, -66.939379
1454000, -66.592424
1455000, -66.238905
1456000, -65.882693
1457000, -65.521067
1458000, -65.157769
1459000, -64.790040
1460000, -64.421592
1461000, -64.049601
1462000, -63.677802
1463000, -63.303293
1464000, -62.929734
1465000, -62.554270
1466000, -62.180412
1467000, -61.805246
1468000, -61.432261
1469000, -61.058358
1470000, -60.687052
1471000, -60.315055
1472000, -59.945665
1473000, -59.575715
1474000, -59.208159
1475000, -58.839661
1476000, -58.473223
1477000, -58.105110
1478000, -57.738329
1479000, -57.368914
1480000, -56.999411
1481000, -56.626144
1482000, -56.250961
1483000, -55.869650
1484000, -55.484302
1485000, -55.089836
1486000, -54.688099
1487000, -54.273320
1488000, -53.846244
1489000, -53.400702
1490000, -52.935785
1491000, -52.444154
1492000, -51.922508
1493000, -51.360900
1494000, -50.752462
1495000, -50.081939
1496000, -49.336798
1497000, -48.491389
1498000, -47.519278
1499000, -46.376062
1500000, -45.006667
1501000, -43.324760
1502000, -41.210102
1503000, -38.481378
1504000, -34.888204
1505000, -30.097095
1506000, -23.782291
1507000, -15.903782
1508000, -7.281948
1509000, 0.144086
1510000, 4.442973
1511000, 5.291488
1512000, 3.667193
1513000, 0.628352
1514000, -3.151112
1515000, -7.279609
1516000, -11.535418
1517000, -15.784550
1518000, -19.958248
1519000, -24.021190
1520000, -27.974728
1521000, -31.838812
1522000, -35.663007
1523000, -39.509035
1524000, -43.454760
1525000, -47.560657
1526000, -51.841217
1527000, -56.188749
1528000, -60.330883
1529000, -63.866813
1530000, -66.482103
1531000, -68.126104
1532000, -68.997002
1533000, -69.353891
1534000, -69.410386
1535000, -69.297322
1536000, -69.093732
1537000, -68.836972
1538000, -68.551504
1539000, -68.245309
1540000, -67.927613
1541000, -67.598575
1542000, -67.263373
1543000, -66.920086
1544000, -66.572822
1545000, -66.219062
1546000, -65.862609
1547000, -65.500801
1548000, -65.137318
1549000, -64.769463
1550000, -64.400881
1551000, -64.028812
1552000, -63.656932
1553000, -63.282393
1554000, -62.908793
1555000, -62.533334
1556000, -62.159467
1557000, -61.784345
1558000, -61.411377
1559000, -61.037537
1560000, -60.666279
1561000, -60.294355
1562000, -59.925011
1563000, -59.555118
1564000, -59.187582
1565000, -58.819136
1566000, -58.452687
1567000, -58.084576
1568000, -57.717758
1569000, -57.348286
1570000, -56.978662
1571000, -56.605224
1572000, -56.229784
1573000, -55.848208
1574000, -55.462454
1575000, -55.067533
1576000, -54.665243
1577000, -54.249782
1578000, -53.821860
1579000, -53.375259
1580000, -52.909038
1581000, -52.415775
1582000, -51.892130
1583000, -51.328014
1584000, -50.716494
1585000, -50.042068
1586000, -49.292094
1587000, -48.440492
1588000, -47.460168
1589000, -46.305999
1590000, -44.921770
1591000, -43.219088
1592000, -41.075524
1593000, -38.306145
1594000, -34.655663
1595000, -29.787593
1596000, -23.382184
1597000, -15.430539
1598000, -6.817386
1599000, 0.475760
1600000, 4.573679
1601000, 5.254025
1602000, 3.526861
1603000, 0.432737
1604000, -3.374300
1605000, -7.514616
1606000, -11.772827
1607000, -16.018883
1608000, -20.186645
1609000, -24.243643
1610000, -28.192009
1611000, -32.052726
1612000, -35.875945
1613000, -39.725104
1614000, -43.678331
1615000, -47.794401
1616000, -52.083282
1617000, -56.428528
1618000, -60.547373
1619000, -64.038182
1620000, -66.598096
1621000, -68.192469
1622000, -69.028037
1623000, -69.363314
1624000, -69.407575
1625000, -69.287829
1626000, -69.080525
1627000, -68.821661
1628000, -68.534884
1629000, -68.227850
1630000, -67.909525
1631000, -67.580026
1632000, -67.244418
1633000, -66.900814
1634000, -66.553245
1635000, -66.199245
1636000, -65.842555
1637000, -65.480567
1638000, -65.116900
1639000, -64.748921
1640000, -64.380207
1641000, -64.008063
1642000, -63.636104
1643000, -63.261534
1644000, -62.887896
1645000, -62.512442
1646000, -62.138568
1647000, -61.763491
1648000, -61.390543
1649000, -61.016765
1650000, -60.645556
1651000, -60.273706
1652000, -59.904409
1653000, -59.534574
1654000, -59.167057
1655000, -58.798663
1656000, -58.432202
1657000, -58.064093
1658000, -57.697239
1659000, -57.327709
1660000, -56.957964
1661000, -56.584355
1662000, -56.208658
1663000, -55.826815
1664000, -55.440656
1665000, -55.045277
1666000, -54.642434
1667000, -54.226289
1668000, -53.797520
1669000, -53.349857
1670000, -52.882331
1671000, -52.387433
1672000, -51.861786
1673000, -51.295155
1674000, -50.680546
1675000, -50.002208
1676000, -49.247389
1677000, -48.389577
1678000, -47.401020
1679000, -46.235865
1680000, -44.836761
1681000, -43.113186
1682000, -40.940597
1683000, -38.130122
1684000, -34.421949
1685000, -29.476639
1686000, -22.981492
1687000, -14.958612
1688000, -6.358170
1689000, 0.796024
1690000, 4.693402
1691000, 5.209300
1692000, 3.382523
1693000, 0.235075
1694000, -3.598407
1695000, -7.749868
1696000, -12.010065
1697000, -16.252825
1698000, -20.415527
1699000, -24.466472
1700000, -28.409330
1701000, -32.266663
1702000, -36.089812
1703000, -39.942507
1704000, -43.903378
1705000, -48.029838
1706000, -52.326919
1707000, -56.667864
1708000, -60.762490
1709000, -64.207479
1710000, -66.711193
1711000, -68.256439
1712000, -69.057463
1713000, -69.371744
1714000, -69.404159
1715000, -69.277946
1716000, -69.067044
1717000, -68.806135
1718000, -68.518079
1719000, -68.210221
1720000, -67.891275
1721000, -67.561319
1722000, -67.225307
1723000, -66.881387
1724000, -66.533513
1725000, -66.179274
1726000, -65.822347
1727000, -65.460178
1728000, -65.096329
1729000, -64.728226
1730000, -64.359381
1731000, -63.987162
1732000, -63.615120
1733000, -63.240519
1734000, -62.866844
1735000, -62.491396
1736000, -62.117517
1737000, -61.742486
1738000, -61.369560
1739000, -60.995847
1740000, -60.624686
1741000, -60.252909
1742000, -59.883660
1743000, -59.513883
1744000, -59.146388
1745000, -58.778047
1746000, -58.411575
1747000, -58.043468
1748000, -57.676580
1749000, -57.306992
1750000, -56.937125
1751000, -56.563343
1752000, -56.187387
1753000, -55.805275
1754000, -55.418706
1755000, -55.022865
1756000, -54.619466
1757000, -54.202629
1758000, -53.773005
1759000, -53.324270
1760000, -52.855426
1761000, -52.358876
1762000, -51.831206
1763000, -51.262032
1764000, -50.644303
1765000, -49.962009
1766000, -49.202002
1767000, -48.337691
1768000, -47.340608
1769000, -46.164128
1770000, -44.749722
1771000, -43.004666
1772000, -40.802263
1773000, -37.949160
1774000, -34.181332
1775000, -29.156422
1776000, -22.569245
1777000, -14.479121
1778000, -5.901243
1779000, 1.107283
1780000, 4.802744
1781000, 5.156864
1782000, 3.233126
1783000, 0.034023
1784000, -3.824894
1785000, -7.986845
1786000, -12.248582
1787000, -16.488627
1788000, -20.645766
1789000, -24.690240
1790000, -28.627331
1791000, -32.481182
1792000, -36.304333
1793000, -40.161249
1794000, -44.130090
1795000, -48.266617
1796000, -52.570146
1797000, -56.906267
1798000, -60.976059
1799000, -64.374642
1800000, -66.822118
1801000, -68.318697
1802000, -69.085769
1803000, -69.379509
1804000, -69.400357
1805000, -69.267830
1806000, -69.053409
1807000, -68.790495
1808000, -68.501181
1809000, -68.192508
1810000, -67.872947
1811000, -67.542536
1812000, -67.206122
1813000, -66.861887
1814000, -66.513709
1815000, -66.159231
1816000, -65.802068
1817000, -65.439720
1818000, -65.075690
1819000, -64.707464
1820000, -64.338490
1821000, -63.966196
1822000, -63.594069
1823000, -63.219435
1824000, -62.845724
1825000, -62.470283
1826000, -62.096400
1827000, -61.721417
1828000, -61.348516
1829000, -60.974868
1830000, -60.603737
1831000, -60.232025
1832000, -59.862820
1833000, -59.493099
1834000, -59.125626
1835000, -58.757340
1836000, -58.390860
1837000, -58.022756
1838000, -57.655835
1839000, -57.286190
1840000, -56.916203
1841000, -56.542247
1842000, -56.166030
1843000, -55.783648
1844000, -55.396668
1845000, -55.000360
1846000, -54.596399
1847000, -54.178865
1848000, -53.748380
1849000, -53.298562
1850000, -52.828388
1851000, -52.330169
1852000, -51.800459
1853000, -51.228717
1854000, -50.607836
1855000, -49.921546
1856000, -49.156271
1857000, -48.285373
1858000, -47.279659
1859000, -46.091714
1860000, -44.661820
1861000, -42.895020
1862000, -40.661698
1863000, -37.764803
1864000, -33.935639
1865000, -28.829371
1866000, -22.149797
1867000, -13.992722
1868000, -5.440630
1869000, 1.414328
1870000, 4.904877
1871000, 5.098836
1872000, 3.080035
1873000, -0.169541
1874000, -4.053501
1875000, -8.225440
1876000, -12.488888
1877000, -16.725571
1878000, -20.876636
1879000, -24.914291
1880000, -28.845414
1881000, -32.695724
1882000, -36.518970
1883000, -40.380360
1884000, -44.357575
1885000, -48.504173
1886000, -52.814382
1887000, -57.145577
1888000, -61.188307
1889000, -64.538143
1890000, -66.929524
1891000, -68.378418
1892000, -69.112553
1893000, -69.386476
1894000, -69.396190
1895000, -69.257586
1896000, -69.039773
1897000, -68.774921
1898000, -68.484386
1899000, -68.174920
1900000, -67.854757
1901000, -67.523900
1902000, -67.187091
1903000, -66.842546
1904000, -66.494069
1905000, -66.139356
1906000, -65.781961
1907000, -65.419435
1908000, -65.055227
1909000, -64.686881
1910000, -64.317780
1911000, -63.945413
1912000, -63.573203
1913000, -63.198539
1914000, -62.824793
1915000, -62.449359
1916000, -62.075474
1917000, -61.700540
1918000, -61.327663
1919000, -60.954081
1920000, -60.582980
1921000, -60.211331
1922000, -59.842170
1923000, -59.472505
1924000, -59.105054
1925000, -58.736820
1926000, -58.370331
1927000, -58.002229
1928000, -57.635274
1929000, -57.265570
1930000, -56.895462
1931000, -56.521332
1932000, -56.144854
1933000, -55.762199
1934000, -55.374807
1935000, -54.978032
1936000, -54.573417
1937000, -54.155124
1938000, -53.723736
1939000, -53.272804
1940000, -52.801276
1941000, -52.301365
1942000, -51.769589
1943000, -51.195251
1944000, -50.571185
1945000, -49.880856
1946000, -49.110258
1947000, -48.232703
1948000, -47.218263
1949000, -46.018728
1950000, -44.573179
1951000, -42.784399
1952000, -40.519784
1953000, -37.578618
1954000, -33.687533
1955000, -28.499867
1956000, -21.729289
1957000, -13.510393
1958000, -4.993745
1959000, 1.705484
1960000, 4.995401
1961000, 5.035272
1962000, 2.925797
1963000, -0.371849
1964000, -4.279417
1965000, -8.460861
1966000, -12.725366
1967000, -16.958251
1968000, -21.103014
1969000, -25.134387
1970000, -29.060346
1971000, -32.907363
1972000, -36.730565
1973000, -40.596377
1974000, -44.582038
1975000, -48.738859
1976000, -53.055858
1977000, -57.381368
1978000, -61.395746
1979000, -64.696727
1980000, -67.032944
1981000, -68.435404
1982000, -69.137788
1983000, -69.392710
1984000, -69.391772
1985000, -69.247356
1986000, -69.026294
1987000, -68.759580
1988000, -68.467868
1989000, -68.157635
1990000, -67.836888
1991000, -67.505596
1992000, -67.168403
1993000, -66.823555
1994000, -66.474786
1995000, -66.119844
1996000, -65.762223
1997000, -65.399525
1998000, -65.035144
1999000, -64.666681
2000000, -64.297457
2001000, -63.925020
2002000, -63.552730
2003000, -63.178036
2004000, -62.804258
2005000, -62.428833
2006000, -62.054946
2007000, -61.680061
2008000, -61.307209
2009000, -60.933692
2010000, -60.562622
2011000, -60.191035
2012000, -59.821918
2013000, -59.452308
2014000, -59.084878
2015000, -58.716697
2016000, -58.350199
2017000, -57.982099
2018000, -57.615071
2019000, -57.245284
2020000, -56.875042
2021000, -56.500732
2022000, -56.123993
2023000, -55.741069
2024000, -55.353270
2025000, -54.956036
2026000, -54.550773
2027000, -54.131729
2028000, -53.699449
2029000, -53.247418
2030000, -52.774553
2031000, -52.272972
2032000, -51.739157
2033000, -51.162255
2034000, -50.535043
2035000, -49.840723
2036000, -49.064864
2037000, -48.180727
2038000, -47.157661
2039000, -45.946665
2040000, -44.485189
2041000, -42.674298
2042000, -40.378340
2043000, -37.392930
2044000, -33.440072
2045000, -28.171418
2046000, -21.310869
2047000, -13.034234
2048000, -4.557079
2049000, 1.981268
2050000, 5.073758
2051000, 4.964858
2052000, 2.768789
2053000, -0.574584
2054000, -4.504258
2055000, -8.694319
2056000, -12.959367
2057000, -17.188175
2058000, -21.327472
2059000, -25.353033
2060000, -29.274055
2061000, -33.118499
2062000, -36.942070
2063000, -40.812142
2064000, -44.806193
2065000, -48.973282
2066000, -53.297034
2067000, -57.614415
2068000, -61.599587
2069000, -64.851499
2070000, -67.133039
2071000, -68.489817
2072000, -69.161346
2073000, -69.397922
2074000, -69.386727
2075000, -69.236719
2076000, -69.012523
2077000, -68.744008
2078000, -68.451151
2079000, -68.140166
2080000, -67.818844
2081000, -67.487122
2082000, -67.149546
2083000, -66.804397
2084000, -66.455337
2085000, -66.100165
2086000, -65.742318
2087000, -65.379449
2088000, -65.014895
2089000, -64.646317
2090000, -64.276970
2091000, -63.904465
2092000, -63.532096
2093000, -63.157374
2094000, -62.783564
2095000, -62.408149
2096000, -62.034264
2097000, -61.659428
2098000, -61.286603
2099000, -60.913153
2100000, -60.542116
2101000, -60.170593
2102000, -59.801521
2103000, -59.431968
2104000, -59.064561
2105000, -58.696433
2106000, -58.329928
2107000, -57.961831
2108000, -57.594722
2109000, -57.224848
2110000, -56.854471
2111000, -56.479978
2112000, -56.102977
2113000, -55.719781
2114000, -55.331575
2115000, -54.933879
2116000, -54.527964
2117000, -54.108164
2118000, -53.674988
2119000, -53.221850
2120000, -52.747641
2121000, -52.244377
2122000, -51.708509
2123000, -51.129023
2124000, -50.498643
2125000, -49.800301
2126000, -49.019137
2127000, -48.128365
2128000, -47.096602
2129000, -45.874052
2130000, -44.396346
2131000, -42.563020
2132000, -40.235321
2133000, -37.205173
2134000, -33.189973
2135000, -27.839849
2136000, -20.890905
2137000, -12.560327
2138000, -4.132082
2139000, 2.242407
2140000, 5.139293
2141000, 4.886696
2142000, 2.607812
2143000, -0.778957
2144000, -4.729358
2145000, -8.927202
2146000, -13.192290
2147000, -17.417516
2148000, -21.551139
2149000, -25.570514
2150000, -29.486366
2151000, -33.328149
2152000, -37.152634
2153000, -41.027527
2154000, -45.030076
2155000, -49.207365
2156000, -53.535833
2157000, -57.844470
2158000, -61.799967
2159000, -65.002691
2160000, -67.230040
2161000, -68.542039
2162000, -69.183544
2163000, -69.402343
2164000, -69.381228
2165000, -69.225808
2166000, -68.998574
2167000, -68.728308
2168000, -68.434331
2169000, -68.122608
2170000, -67.800717
2171000, -67.468570
2172000, -67.130614
2173000, -66.785165
2174000, -66.435816
2175000, -66.080416
2176000, -65.722345
2177000, -65.359304
2178000, -64.994580
2179000, -64.625884
2180000, -64.256416
2181000, -63.883843
2182000, -63.511398
2183000, -63.136649
2184000, -62.762810
2185000, -62.387407
2186000, -62.013524
2187000, -61.638740
2188000, -61.265944
2189000, -60.892562
2190000, -60.521560
2191000, -60.150101
2192000, -59.781077
2193000, -59.411581
2194000, -59.044199
2195000, -58.676126
2196000, -58.309614
2197000, -57.941520
2198000, -57.574333
2199000, -57.204372
2200000, -56.833860
2201000, -56.459184
2202000, -56.081921
2203000, -55.698455
2204000, -55.309841
2205000, -54.911682
2206000, -54.505114
2207000, -54.084557
2208000, -53.650484
2209000, -53.196237
2210000, -52.720681
2211000, -52.215730
2212000, -51.677805
2213000, -51.095727
2214000, -50.462169
2215000, -49.759793
2216000, -48.973307
2217000, -48.075658
2218000, -47.035000
2219000, -45.800699
2220000, -44.306521
2221000, -42.450452
2222000, -40.090600
2223000, -37.015188
2224000, -32.937035
2225000, -27.505169
2226000, -20.469610
2227000, -12.091384
2228000, -3.717219
2229000, 2.489561
2230000, 5.193918
2231000, 4.802472
2232000, 2.444204
2233000, -0.983959
2234000, -4.953933
2235000, -9.158879
2236000, -13.424124
2237000, -17.645504
2238000, -21.773095
2239000, -25.786060
2240000, -29.696640
2241000, -33.535768
2242000, -37.361277
2243000, -41.241370
2244000, -45.252465
2245000, -49.438979
2246000, -53.771747
2247000, -58.071376
2248000, -61.996131
2249000, -65.149681
2250000, -67.323035
2251000, -68.591478
2252000, -69.204104
2253000, -69.405906
2254000, -69.375327
2255000, -69.214745
2256000, -68.984607
2257000, -68.712660
2258000, -68.417604
2259000, -68.105167
2260000, -67.782723
2261000, -67.450159
2262000, -67.111831
2263000, -66.766088
2264000, -66.416455
2265000, -66.060830
2266000, -65.702539
2267000, -65.339331
2268000, -64.974438
2269000, -64.605624
2270000, -64.236036
2271000, -63.863396
2272000, -63.490876
2273000, -63.116102
2274000, -62.742237
2275000, -62.366847
2276000, -61.992969
2277000, -61.618232
2278000, -61.245464
2279000, -60.872149
2280000, -60.501182
2281000, -60.129788
2282000, -59.760813
2283000, -59.391374
2284000, -59.024018
2285000, -58.655999
2286000, -58.289482
2287000, -57.921392
2288000, -57.554126
2289000, -57.184078
2290000, -56.813431
2291000, -56.438573
2292000, -56.061049
2293000, -55.677312
2294000, -55.288292
2295000, -54.889672
2296000, -54.482453
2297000, -54.061141
2298000, -53.626173
2299000, -53.170819
2300000, -52.693921
2301000, -52.187287
2302000, -51.647311
2303000, -51.062648
2304000, -50.425922
2305000, -49.719520
2306000, -48.927725
2307000, -48.023054
2308000, -46.973396
2309000, -45.727022
2310000, -44.216081
2311000, -42.336952
2312000, -39.944554
2313000, -36.823136
2314000, -32.681022
2315000, -27.167033
2316000, -20.044358
2317000, -11.619224
2318000, -3.306220
2319000, 2.729034
2320000, 5.242415
2321000, 4.715180
2322000, 2.279685
2323000, -1.188662
2324000, -5.177900
2325000, -9.389808
2326000, -13.654849
2327000, -17.871879
2328000, -21.993101
2329000, -25.999462
2330000, -29.904694
2331000, -33.741185
2332000, -37.567836
2333000, -41.453351
2334000, -45.473316
2335000, -49.669414
2336000, -54.006714
2337000, -58.297150
2338000, -62.189197
2339000, -65.292002
2340000, -67.412184
2341000, -68.638451
2342000, -69.223353
2343000, -69.408910
2344000, -69.369301
2345000, -69.203794
2346000, -68.970881
2347000, -68.697322
2348000, -68.401227
2349000, -68.088101
2350000, -67.765122
2351000, -67.432155
2352000, -67.093466
2353000, -66.747436
2354000, -66.397527
2355000, -66.041685
2356000, -65.683180
2357000, -65.319809
2358000, -64.954754
2359000, -64.585825
2360000, -64.216120
2361000, -63.843417
2362000, -63.470825
2363000, -63.096028
2364000, -62.722138
2365000, -62.346761
2366000, -61.972888
2367000, -61.598188
2368000, -61.225441
2369000, -60.852191
2370000, -60.481256
2371000, -60.109928
2372000, -59.741000
2373000, -59.371619
2374000, -59.004288
2375000, -58.636324
2376000, -58.269802
2377000, -57.901715
2378000, -57.534372
2379000, -57.164239
2380000, -56.793459
2381000, -56.418420
2382000, -56.040639
2383000, -55.656635
2384000, -55.267214
2385000, -54.868138
2386000, -54.460278
2387000, -54.038222
2388000, -53.602372
2389000, -53.145928
2390000, -52.667706
2391000, -52.159414
2392000, -51.617416
2393000, -51.030206
2394000, -50.390357
2395000, -49.679987
2396000, -48.882956
2397000, -47.971358
2398000, -46.912588
2399000, -45.653814
2400000, -44.125898
2401000, -42.223546
2402000, -39.798447
2403000, -36.630441
2404000, -32.423790
2405000, -26.827182
2406000, -19.619066
2407000, -11.153761
2408000, -2.906711
2409000, 2.956457
2410000, 5.283300
2411000, 4.625234
2412000, 2.115736
2413000, -1.391005
2414000, -5.398553
2415000, -9.616992
2416000, -13.881505
2417000, -18.094034
2418000, -22.209367
2419000, -26.210367
2420000, -30.111444
2421000, -33.945681
2422000, -37.773156
2423000, -41.663898
2424000, -45.692716
2425000, -49.898474
2426000, -54.240305
2427000, -58.518671
2428000, -62.377419
2429000, -65.429819
2430000, -67.497873
2431000, -68.683187
2432000, -69.241344
2433000, -69.411286
2434000, -69.363009
2435000, -69.192771
2436000, -68.957186
2437000, -68.682071
2438000, -68.384970
2439000, -68.071173
2440000, -67.747671
2441000, -67.414308
2442000, -67.075264
2443000, -66.728953
2444000, -66.378772
2445000, -66.022716
2446000, -65.664000
2447000, -65.300469
2448000, -64.935255
2449000, -64.566213
2450000, -64.196395
2451000, -63.823629
2452000, -63.450968
2453000, -63.076149
2454000, -62.702235
2455000, -62.326873
2456000, -61.953006
2457000, -61.578342
2458000, -61.205618
2459000, -60.832431
2460000, -60.461530
2461000, -60.090265
2462000, -59.721386
2463000, -59.352061
2464000, -58.984755
2465000, -58.616817
2466000, -58.250273
2467000, -57.882179
2468000, -57.514753
2469000, -57.144532
2470000, -56.773620
2471000, -56.398402
2472000, -56.020365
2473000, -55.636095
2474000, -55.246276
2475000, -54.846747
2476000, -54.438248
2477000, -54.015450
2478000, -53.578722
2479000, -53.121190
2480000, -52.641648
2481000, -52.131702
2482000, -51.587686
2483000, -50.997933
2484000, -50.354957
2485000, -49.640619
2486000, -48.838353
2487000, -47.919829
2488000, -46.851741
2489000, -45.580401
2490000, -44.035342
2491000, -42.109574
2492000, -39.651539
2493000, -36.436641
2494000, -32.165137
2495000, -26.485775
2496000, -19.194440
2497000, -10.692352
2498000, -2.518237
2499000, 3.169534
2500000, 5.313080
2501000, 1.856833
2502000, -0.941157
2503000, -4.401770
2504000, -8.332277
2505000, -12.495992
2506000, -16.739315
2507000, -20.977977
2508000, -25.172788
2509000, -29.327353
2510000, -33.477212
2511000, -37.696685
2512000, -42.091078
2513000, -46.788205
2514000, -51.886976
2515000, -57.357531
2516000, -62.872923
2517000, -67.773690
2518000, -71.411680
2519000, -73.659892
2520000, -74.865704
2521000, -75.456959
2522000, -75.726674
2523000, -75.837969
2524000, -75.870107
2525000, -75.863431
2526000, -75.835343
2527000, -75.796433
2528000, -75.749903
2529000, -75.699493
2530000, -75.645038
2531000, -75.588586
2532000, -75.529103
2533000, -75.468178
2534000, -75.404532
2535000, -75.339622
2536000, -75.272095
2537000, -75.203366
2538000, -75.132065
2539000, -75.059595
2540000, -74.984580
2541000, -74.908425
2542000, -74.829755
2543000, -74.749976
2544000, -74.667722
2545000, -74.584403
2546000, -74.498659
2547000, -74.411905
2548000, -74.322787
2549000, -74.232725
2550000, -74.140371
2551000, -74.047150
2552000, -73.951719
2553000, -73.855506
2554000, -73.757173
2555000, -73.658152
2556000, -73.557111
2557000, -73.455488
2558000, -73.351956
2559000, -73.247956
2560000, -73.142165
2561000, -73.036027
2562000, -72.928221
2563000, -72.820189
2564000, -72.710609
2565000, -72.600925
2566000, -72.489823
2567000, -72.378749
2568000, -72.266389
2569000, -72.154193
2570000, -72.040847
2571000, -71.927798
2572000, -71.813728
2573000, -71.700074
2574000, -71.585521
2575000, -71.471509
2576000, -71.356726
2577000, -71.242614
2578000, -71.127858
2579000, -71.013899
2580000, -70.899424
2581000, -70.785852
2582000, -70.671856
2583000, -70.558864
2584000, -70.445553
2585000, -70.333354
2586000, -70.220944
2587000, -70.109750
2588000, -69.998450
2589000, -69.888469
2590000, -69.778454
2591000, -69.669811
2592000, -69.561204
2593000, -69.454042
2594000, -69.346994
2595000, -69.241470
2596000, -69.136140
2597000, -69.032411
2598000, -68.928951
2599000, -68.827142
2600000, -68.725620
2601000, -68.625774
2602000, -68.526255
2603000, -68.428456
2604000, -68.331035
2605000, -68.235386
2606000, -68.140168
2607000, -68.046775
2608000, -67.953864
2609000, -67.862804
2610000, -67.772214
2611000, -67.683460
2612000, -67.595182
2613000, -67.508757
2614000, -67.422834
2615000, -67.338794
2616000, -67.255289
2617000, -67.173702
2618000, -67.092684
2619000, -67.013617
2620000, -66.935152
2621000, -66.858626
2622000, -66.782650
2623000, -66.708580
2624000, -66.635049
2625000, -66.563426
2626000, -66.492355
2627000, -66.423209
2628000, -66.354637
2629000, -66.288011
2630000, -66.221982
2631000, -66.157923
2632000, -66.094485
2633000, -66.033039
2634000, -65.972235
2635000, -65.913418
2636000, -65.855190
2637000, -65.798888
2638000, -65.743144
2639000, -65.689312
2640000, -65.636035
2641000, -65.584675
2642000, -65.533880
2643000, -65.485015
2644000, -65.436728
2645000, -65.390385
2646000, -65.344635
2647000, -65.300842
2648000, -65.257655
2649000, -65.216436
2650000, -65.175832
2651000, -65.137204
2652000, -65.099199
2653000, -65.063174
2654000, -65.027776
2655000, -64.994358
2656000, -64.961559
2657000, -64.930692
2658000, -64.900376
2659000, -64.871946
2660000, -64.844036
2661000, -64.817991
2662000, -64.792451
2663000, -64.768763
2664000, -64.745569
2665000, -64.724216
2666000, -64.703345
2667000, -64.684302
2668000, -64.665728
2669000, -64.648965
2670000, -64.632654
2671000, -64.618134
2672000, -64.604044
2673000, -64.591721
2674000, -64.579803
2675000, -64.569623
2676000, -64.559817
2677000, -64.551717
2678000, -64.543956
2679000, -64.537864
2680000, -64.532073
2681000, -64.527909
2682000, -64.524003
2683000, -64.521680
2684000, -64.519568
2685000, -64.518991
2686000, -64.518576
2687000, -64.519643
2688000, -64.520820
2689000, -64.523424
2690000, -64.526083
2691000, -64.530113
2692000, -64.534140
2693000, -64.539478
2694000, -64.544756
2695000, -64.551285
2696000, -64.557692
2697000, -64.565290
2698000, -64.572706
2699000, -64.581250
2700000, -64.589552
2701000, -64.598922
2702000, -64.607987
2703000, -64.618060
2704000, -64.627770
2705000, -64.638428
2706000, -64.648664
2707000, -64.659789
2708000, -64.670437
2709000, -64.681918
2710000, -64.692867
2711000, -64.704597
2712000, -64.715742
2713000, -64.727616
2714000, -64.738857
2715000, -64.750780
2716000, -64.762024
2717000, -64.773904
2718000, -64.785064
2719000, -64.796818
2720000, -64.807812
2721000, -64.819364
2722000, -64.830120
2723000, -64.841400
2724000, -64.851852
2725000, -64.862797
2726000, -64.872886
2727000, -64.883442
2728000, -64.893118
2729000, -64.903237
2730000, -64.912455
2731000, -64.922097
2732000, -64.930821
2733000, -64.939952
2734000, -64.948151
2735000, -64.956744
2736000, -64.964395
2737000, -64.972430
2738000, -64.979515
2739000, -64.986978
2740000, -64.993485
2741000, -65.000366
2742000, -65.006290
2743000, -65.012578
2744000, -65.017895
2745000, -65.023571
2746000, -65.028275
2747000, -65.033339
2748000, -65.037437
2749000, -65.041900
2750000, -65.045406
2751000, -65.049287
2752000, -65.052221
2753000, -65.055542
2754000, -65.057927
2755000, -65.060711
2756000, -65.062574
2757000, -65.064848
2758000, -65.066215
2759000, -65.068008
2760000, -65.068910
2761000, -65.070251
2762000, -65.070716
2763000, -65.071636
2764000, -65.071696
2765000, -65.072225
2766000, -65.071910
2767000, -65.072080
2768000, -65.071421
2769000, -65.071263
2770000, -65.070291
2771000, -65.069835
2772000, -65.068581
2773000, -65.067857
2774000, -65.066351
2775000, -65.065389
2776000, -65.063659
2777000, -65.062488
2778000, -65.060563
2779000, -65.059210
2780000, -65.057117
2781000, -65.055610
2782000, -65.053376
2783000, -65.051739
2784000, -65.049389
2785000, -65.047647
2786000, -65.045204
2787000, -65.043381
2788000, -65.040867
2789000, -65.038984
2790000, -65.036420
2791000, -65.034498
2792000, -65.031905
2793000, -65.029962
2794000, -65.027357
2795000, -65.025411
2796000, -65.022812
2797000, -65.020879
2798000, -65.018301
2799000, -65.016396
2800000, -65.013852
2801000, -65.011988
2802000, -65.009492
2803000, -65.007681
2804000, -65.005245
2805000, -65.003498
2806000, -65.001130
2807000, -64.999456
2808000, -64.997164
2809000, -64.995567
2810000, -64.993354
2811000, -64.991835
2812000, -64.989702
2813000, -64.988265
2814000, -64.986217
2815000, -64.984868
2816000, -64.982909
2817000, -64.981651
2818000, -64.979785
2819000, -64.978623
2820000, -64.976854
2821000, -64.975790
2822000, -64.974121
2823000, -64.973157
2824000, -64.971590
2825000, -64.970728
2826000, -64.969263
2827000, -64.968503
2828000, -64.967141
2829000, -64.966484
2830000, -64.965225
2831000, -64.964669
2832000, -64.963510
2833000, -64.963055
2834000, -64.961996
2835000, -64.961639
2836000, -64.960677
2837000, -64.960416
2838000, -64.959549
2839000, -64.959380
2840000, -64.958604
2841000, -64.958525
2842000, -64.957837
2843000, -64.957843
2844000, -64.957239
2845000, -64.957326
2846000, -64.956802
2847000, -64.956966
2848000, -64.956517
2849000, -64.956754
2850000, -64.956376
2851000, -64.956681
2852000, -64.956368
2853000, -64.956736
2854000, -64.956484
2855000, -64.956909
2856000, -64.956713
2857000, -64.957192
2858000, -64.957047
2859000, -64.957574
2860000, -64.957475
2861000, -64.958045
2862000, -64.957987
2863000, -64.958595
2864000, -64.958573
2865000, -64.959215
2866000, -64.959224
2867000, -64.959894
2868000, -64.959930
2869000, -64.960625
2870000, -64.960683
2871000, -64.961398
2872000, -64.961474
2873000, -64.962204
2874000, -64.962294
2875000, -64.963036
2876000, -64.963135
2877000, -64.963885
2878000, -64.963991
2879000, -64.964745
2880000, -64.964854
2881000, -64.965609
2882000, -64.965717
2883000, -64.966470
2884000, -64.966574
2885000, -64.967322
2886000, -64.967421
2887000, -64.968160
2888000, -64.968251
2889000, -64.968980
2890000, -64.969059
2891000, -64.969777
2892000, -64.969843
2893000, -64.970546
2894000, -64.970598
2895000, -64.971286
2896000, -64.971321
2897000, -64.971991
2898000, -64.972009
2899000, -64.972661
2900000, -64.972660
2901000, -64.973293
2902000, -64.973272
2903000, -64.973885
2904000, -64.973844
2905000, -64.974436
2906000, -64.974375
2907000, -64.974945
2908000, -64.974863
2909000, -64.975412
2910000, -64.975308
2911000, -64.975836
2912000, -64.975712
2913000, -64.976218
2914000, -64.976073
2915000, -64.976558
2916000, -64.976392
2917000, -64.976856
2918000, -64.976670
2919000, -64.977114
2920000, -64.976908
2921000, -64.977333
2922000, -64.977108
2923000, -64.977514
2924000, -64.977270
2925000, -64.977658
2926000, -64.977397
2927000, -64.977767
2928000, -64.977489
2929000, -64.977843
2930000, -64.977549
2931000, -64.977887
2932000, -64.977579
2933000, -64.977903
2934000, -64.977581
2935000, -64.977891
2936000, -64.977556
2937000, -64.977853
2938000, -64.977506
2939000, -64.977792
2940000, -64.977435
2941000, -64.977710
2942000, -64.977343
2943000, -64.977609
2944000, -64.977234
2945000, -64.977491
2946000, -64.977108
2947000, -64.977358
2948000, -64.976968
2949000, -64.977212
2950000, -64.976816
2951000, -64.977054
2952000, -64.976654
2953000, -64.976888
2954000, -64.976483
2955000, -64.976713
2956000, -64.976306
2957000, -64.976533
2958000, -64.976124
2959000, -64.976349
2960000, -64.975939
2961000, -64.976163
2962000, -64.975751
2963000, -64.975975
2964000, -64.975564
2965000, -64.975787
2966000, -64.975377
2967000, -64.975601
2968000, -64.975192
2969000, -64.975418
2970000, -64.975010
2971000, -64.975238
2972000, -64.974833
2973000, -64.975062
2974000, -64.974660
2975000, -64.974892
2976000, -64.974493
2977000, -64.974729
2978000, -64.974333
2979000, -64.974572
2980000, -64.974180
2981000, -64.974422
2982000, -64.974034
2983000, -64.974281
2984000, -64.973897
2985000, -64.974147
2986000, -64.973768
2987000, -64.974023
2988000, -64.973648
2989000, -64.973907
2990000, -64.973536
2991000, -64.973799
2992000, -64.973434
2993000, -64.973701
2994000, -64.973340
2995000, -64.973612
2996000, -64.973256
2997000, -64.973532
2998000, -64.973180
2999000, -64.973460
3000000, -64.973113
