# ./result/hh_impl_0670.txt
# dt = 670 [usec]
# t [usec], V [mV]
0, -65.000000
670, -64.998013
1340, -64.996103
2010, -64.994258
2680, -64.992469
3350, -64.990729
4020, -64.989034
4690, -64.987381
5360, -64.985767
6030, -64.984189
6700, -64.982648
7370, -64.981141
8040, -64.979669
8710, -64.978231
9380, -64.976827
10050, -64.975457
10720, -64.974120
11390, -64.972816
12060, -64.971547
12730, -64.970311
13400, -64.969108
14070, -64.967940
14740, -64.966805
15410, -64.965704
16080, -64.964637
16750, -64.963604
17420, -64.962604
18090, -64.961639
18760, -64.960707
19430, -64.959808
20100, -64.958943
20770, -64.958111
21440, -64.957312
22110, -64.956546
22780, -64.955813
23450, -64.955112
24120, -64.954443
24790, -64.953806
25460, -64.953201
26130, -64.952628
26800, -64.952085
27470, -64.951573
28140, -64.951092
28810, -64.950640
29480, -64.950218
30150, -64.949825
30820, -64.949461
31490, -64.949125
32160, -64.948818
32830, -64.948537
33500, -64.948284
34170, -64.948058
34840, -64.947857
35510, -64.947682
36180, -64.947532
36850, -64.947407
37520, -64.947305
38190, -64.947228
38860, -64.947173
39530, -64.947141
40200, -64.947131
40870, -64.947142
41540, -64.947174
42210, -64.947227
42880, -64.947299
43550, -64.947391
44220, -64.947501
44890, -64.947630
45560, -64.947776
46230, -64.947939
46900, -64.948119
47570, -64.948314
48240, -64.948525
48910, -64.948751
49580, -64.948991
50250, -64.949245
50920, -64.949512
51590, -64.949791
52260, -64.950083
52930, -64.950386
53600, -64.950701
54270, -64.951025
54940, -64.951360
55610, -64.951704
56280, -64.952058
56950, -64.952419
57620, -64.952789
58290, -64.953166
58960, -64.953550
59630, -64.953940
60300, -64.954337
60970, -64.954739
61640, -64.955146
62310, -64.955558
62980, -64.955973
63650, -64.956393
64320, -64.956816
64990, -64.957242
65660, -64.957670
66330, -64.958100
67000, -64.958532
67670, -64.958965
68340, -64.959399
69010, -64.959834
69680, -64.960268
70350, -64.960703
71020, -64.961137
71690, -64.961570
72360, -64.962002
73030, -64.962432
73700, -64.962861
74370, -64.963287
75040, -64.963711
75710, -64.964132
76380, -64.964550
77050, -64.964965
77720, -64.965377
78390, -64.965785
79060, -64.966189
79730, -64.966588
80400, -64.966983
81070, -64.967374
81740, -64.967760
82410, -64.968141
83080, -64.968516
83750, -64.968886
84420, -64.969251
85090, -64.969610
85760, -64.969963
86430, -64.970310
87100, -64.970652
87770, -64.970986
88440, -64.971315
89110, -64.971637
89780, -64.971953
90450, -64.972262
91120, -64.972564
91790, -64.972860
92460, -64.973148
93130, -64.973430
93800, -64.973705
94470, -64.973973
95140, -64.974234
95810, -64.974487
96480, -64.974734
97150, -64.974973
97820, -64.975206
98490, -64.975431
99160, -64.975649
99830, -64.975860
100500, -64.976064
101170, -64.976261
101840, -64.976450
102510, -64.976633
103180, -64.976808
103850, -64.976977
104520, -64.977139
105190, -64.977293
105860, -64.977441
106530, -64.977582
107200, -64.977717
107870, -64.977844
108540, -64.977965
109210, -64.978080
109880, -64.978188
110550, -64.978289
111220, -64.978385
111890, -64.978474
112560, -64.978557
113230, -64.978633
113900, -64.978704
114570, -64.978769
115240, -64.978829
115910, -64.978882
116580, -64.978930
117250, -64.978973
117920, -64.979010
118590, -64.979042
119260, -64.979068
119930, -64.979090
120600, -64.979107
121270, -64.979118
121940, -64.979126
122610, -64.979128
123280, -64.979126
123950, -64.979120
124620, -64.979109
125290, -64.979095
125960, -64.979076
126630, -64.979053
127300, -64.979027
127970, -64.978997
128640, -64.978963
129310, -64.978926
129980, -64.978886
130650, -64.978842
131320, -64.978795
131990, -64.978746
132660, -64.978693
133330, -64.978638
134000, -64.978580
134670, -64.978520
135340, -64.978457
136010, -64.978392
136680, -64.978324
137350, -64.978255
138020, -64.978183
138690, -64.978110
139360, -64.978035
140030, -64.977959
140700, -64.977880
141370, -64.977801
142040, -64.977720
142710, -64.977638
143380, -64.977554
144050, -64.977470
144720, -64.977385
145390, -64.977298
146060, -64.977211
146730, -64.977124
147400, -64.977035
148070, -64.976947
148740, -64.976857
149410, -64.976768
150080, -64.976678
150750, -64.976588
151420, -64.976498
152090, -64.976408
152760, -64.976318
153430, -64.976228
154100, -64.976138
154770, -64.976048
155440, -64.975959
156110, -64.975870
156780, -64.975782
157450, -64.975694
158120, -64.975607
158790, -64.975520
159460, -64.975434
160130, -64.975349
160800, -64.975264
161470, -64.975180
162140, -64.975098
162810, -64.975016
163480, -64.974935
164150, -64.974855
164820, -64.974776
165490, -64.974698
166160, -64.974621
166830, -64.974546
167500, -64.974471
168170, -64.974398
168840, -64.974326
169510, -64.974255
170180, -64.974186
170850, -64.974118
171520, -64.974051
172190, -64.973985
172860, -64.973921
173530, -64.973859
174200, -64.973797
174870, -64.973738
175540, -64.973679
176210, -64.973622
176880, -64.973567
177550, -64.973513
178220, -64.973460
178890, -64.973409
179560, -64.973359
180230, -64.973311
180900, -64.973264
181570, -64.973219
182240, -64.973176
182910, -64.973133
183580, -64.973093
184250, -64.973053
184920, -64.973016
185590, -64.972979
186260, -64.972944
186930, -64.972911
187600, -64.972879
188270, -64.972848
188940, -64.972819
189610, -64.972791
190280, -64.972765
190950, -64.972740
191620, -64.972716
192290, -64.972694
192960, -64.972673
193630, -64.972653
194300, -64.972635
194970, -64.972618
195640, -64.972602
196310, -64.972588
196980, -64.972574
197650, -64.972562
198320, -64.972551
198990, -64.972541
199660, -64.972533
200330, -64.972525
201000, -64.972519
201670, -64.972513
202340, -64.972509
203010, -64.972506
203680, -64.972503
204350, -64.972502
205020, -64.972502
205690, -64.972502
206360, -64.972504
207030, -64.972506
207700, -64.972510
208370, -64.972514
209040, -64.972519
209710, -64.972524
210380, -64.972531
211050, -64.972538
211720, -64.972546
212390, -64.972555
213060, -64.972564
213730, -64.972574
214400, -64.972585
215070, -64.972596
215740, -64.972608
216410, -64.972620
217080, -64.972633
217750, -64.972646
218420, -64.972660
219090, -64.972674
219760, -64.972689
220430, -64.972704
221100, -64.972719
221770, -64.972735
222440, -64.972751
223110, -64.972768
223780, -64.972785
224450, -64.972802
225120, -64.972819
225790, -64.972837
226460, -64.972855
227130, -64.972873
227800, -64.972891
228470, -64.972909
229140, -64.972928
229810, -64.972947
230480, -64.972965
231150, -64.972984
231820, -64.973003
232490, -64.973022
233160, -64.973041
233830, -64.973060
234500, -64.973079
235170, -64.973098
235840, -64.973117
236510, -64.973136
237180, -64.973155
237850, -64.973174
238520, -64.973193
239190, -64.973211
239860, -64.973230
240530, -64.973248
241200, -64.973267
241870, -64.973285
242540, -64.973303
243210, -64.973321
243880, -64.973338
244550, -64.973356
245220, -64.973373
245890, -64.973390
246560, -64.973407
247230, -64.973424
247900, -64.973440
248570, -64.973457
249240, -64.973473
249910, -64.973488
250580, -64.973504
251250, -64.973519
251920, -64.973534
252590, -64.973549
253260, -64.973563
253930, -64.973577
254600, -64.973591
255270, -64.973605
255940, -64.973618
256610, -64.973631
257280, -64.973644
257950, -64.973656
258620, -64.973668
259290, -64.973680
259960, -64.973691
260630, -64.973703
261300, -64.973713
261970, -64.973724
262640, -64.973734
263310, -64.973744
263980, -64.973754
264650, -64.973763
265320, -64.973772
265990, -64.973781
266660, -64.973789
267330, -64.973797
268000, -64.973805
268670, -64.973812
269340, -64.973820
270010, -64.973826
270680, -64.973833
271350, -64.973839
272020, -64.973845
272690, -64.973851
273360, -64.973856
274030, -64.973861
274700, -64.973866
275370, -64.973871
276040, -64.973875
276710, -64.973879
277380, -64.973883
278050, -64.973886
278720, -64.973889
279390, -64.973892
280060, -64.973895
280730, -64.973897
281400, -64.973900
282070, -64.973902
282740, -64.973903
283410, -64.973905
284080, -64.973906
284750, -64.973907
285420, -64.973908
286090, -64.973908
286760, -64.973909
287430, -64.973909
288100, -64.973909
288770, -64.973909
289440, -64.973909
290110, -64.973908
290780, -64.973907
291450, -64.973906
292120, -64.973905
292790, -64.973904
293460, -64.973903
294130, -64.973901
294800, -64.973899
295470, -64.973898
296140, -64.973896
296810, -64.973894
297480, -64.973891
298150, -64.973889
298820, -64.973887
299490, -64.973884
300160, -64.973881
300830, -64.973879
301500, -64.973876
302170, -64.973873
302840, -64.973870
303510, -64.973867
304180, -64.973863
304850, -64.973860
305520, -64.973857
306190, -64.973853
306860, -64.973850
307530, -64.973846
308200, -64.973843
308870, -64.973839
309540, -64.973835
310210, -64.973832
310880, -64.973828
311550, -64.973824
312220, -64.973820
312890, -64.973817
313560, -64.973813
314230, -64.973809
314900, -64.973805
315570, -64.973801
316240, -64.973797
316910, -64.973793
317580, -64.973789
318250, -64.973786
318920, -64.973782
319590, -64.973778
320260, -64.973774
320930, -64.973770
321600, -64.973766
322270, -64.973763
322940, -64.973759
323610, -64.973755
324280, -64.973751
324950, -64.973748
325620, -64.973744
326290, -64.973740
326960, -64.973737
327630, -64.973733
328300, -64.973730
328970, -64.973726
329640, -64.973723
330310, -64.973719
330980, -64.973716
331650, -64.973713
332320, -64.973710
332990, -64.973706
333660, -64.973703
334330, -64.973700
335000, -64.973697
335670, -64.973694
336340, -64.973691
337010, -64.973689
337680, -64.973686
338350, -64.973683
339020, -64.973681
339690, -64.973678
340360, -64.973675
341030, -64.973673
341700, -64.973671
342370, -64.973668
343040, -64.973666
343710, -64.973664
344380, -64.973662
345050, -64.973659
345720, -64.973657
346390, -64.973655
347060, -64.973654
347730, -64.973652
348400, -64.973650
349070, -64.973648
349740, -64.973647
350410, -64.973645
351080, -64.973644
351750, -64.973642
352420, -64.973641
353090, -64.973639
353760, -64.973638
354430, -64.973637
355100, -64.973636
355770, -64.973635
356440, -64.973634
357110, -64.973633
357780, -64.973632
358450, -64.973631
359120, -64.973630
359790, -64.973630
360460, -64.973629
361130, -64.973628
361800, -64.973628
362470, -64.973627
363140, -64.973627
363810, -64.973626
364480, -64.973626
365150, -64.973626
365820, -64.973625
366490, -64.973625
367160, -64.973625
367830, -64.973625
368500, -64.973625
369170, -64.973625
369840, -64.973625
370510, -64.973625
371180, -64.973625
371850, -64.973625
372520, -64.973625
373190, -64.973625
373860, -64.973626
374530, -64.973626
375200, -64.973626
375870, -64.973626
376540, -64.973627
377210, -64.973627
377880, -64.973628
378550, -64.973628
379220, -64.973628
379890, -64.973629
380560, -64.973630
381230, -64.973630
381900, -64.973631
382570, -64.973631
383240, -64.973632
383910, -64.973632
384580, -64.973633
385250, -64.973634
385920, -64.973634
386590, -64.973635
387260, -64.973636
387930, -64.973637
388600, -64.973637
389270, -64.973638
389940, -64.973639
390610, -64.973640
391280, -64.973640
391950, -64.973641
392620, -64.973642
393290, -64.973643
393960, -64.973644
394630, -64.973645
395300, -64.973645
395970, -64.973646
396640, -64.973647
397310, -64.973648
397980, -64.973649
398650, -64.973650
399320, -64.973650
399990, -64.973651
400660, -64.973652
401330, -64.973653
402000, -64.973654
402670, -64.973655
403340, -64.973655
404010, -64.973656
404680, -64.973657
405350, -64.973658
406020, -64.973659
406690, -64.973660
407360, -64.973660
408030, -64.973661
408700, -64.973662
409370, -64.973663
410040, -64.973663
410710, -64.973664
411380, -64.973665
412050, -64.973666
412720, -64.973666
413390, -64.973667
414060, -64.973668
414730, -64.973669
415400, -64.973669
416070, -64.973670
416740, -64.973671
417410, -64.973671
418080, -64.973672
418750, -64.973672
419420, -64.973673
420090, -64.973674
420760, -64.973674
421430, -64.973675
422100, -64.973675
422770, -64.973676
423440, -64.973677
424110, -64.973677
424780, -64.973678
425450, -64.973678
426120, -64.973679
426790, -64.973679
427460, -64.973679
428130, -64.973680
428800, -64.973680
429470, -64.973681
430140, -64.973681
430810, -64.973682
431480, -64.973682
432150, -64.973682
432820, -64.973683
433490, -64.973683
434160, -64.973683
434830, -64.973684
435500, -64.973684
436170, -64.973684
436840, -64.973684
437510, -64.973685
438180, -64.973685
438850, -64.973685
439520, -64.973685
440190, -64.973686
440860, -64.973686
441530, -64.973686
442200, -64.973686
442870, -64.973686
443540, -64.973687
444210, -64.973687
444880, -64.973687
445550, -64.973687
446220, -64.973687
446890, -64.973687
447560, -64.973687
448230, -64.973687
448900, -64.973687
449570, -64.973687
450240, -64.973687
450910, -64.973687
451580, -64.973687
452250, -64.973687
452920, -64.973687
453590, -64.973687
454260, -64.973687
454930, -64.973687
455600, -64.973687
456270, -64.973687
456940, -64.973687
457610, -64.973687
458280, -64.973687
458950, -64.973687
459620, -64.973687
460290, -64.973687
460960, -64.973687
461630, -64.973687
462300, -64.973687
462970, -64.973687
463640, -64.973687
464310, -64.973687
464980, -64.973686
465650, -64.973686
466320, -64.973686
466990, -64.973686
467660, -64.973686
468330, -64.973686
469000, -64.973686
469670, -64.973686
470340, -64.973685
471010, -64.973685
471680, -64.973685
472350, -64.973685
473020, -64.973685
473690, -64.973685
474360, -64.973685
475030, -64.973684
475700, -64.973684
476370, -64.973684
477040, -64.973684
477710, -64.973684
478380, -64.973684
479050, -64.973683
479720, -64.973683
480390, -64.973683
481060, -64.973683
481730, -64.973683
482400, -64.973683
483070, -64.973682
483740, -64.973682
484410, -64.973682
485080, -64.973682
485750, -64.973682
486420, -64.973682
487090, -64.973681
487760, -64.973681
488430, -64.973681
489100, -64.973681
489770, -64.973681
490440, -64.973681
491110, -64.973681
491780, -64.973680
492450, -64.973680
493120, -64.973680
493790, -64.973680
494460, -64.973680
495130, -64.973680
495800, -64.973679
496470, -64.973679
497140, -64.973679
497810, -64.973679
498480, -64.973679
499150, -64.973679
499820, -64.973679
500490, -61.844833
501160, -58.838871
501830, -55.924504
502500, -53.065075
503170, -50.189170
503840, -47.187062
504510, -43.864296
505180, -39.906029
505850, -34.769661
506520, -27.547694
507190, -16.788214
507860, -0.877325
508530, 19.171964
509200, 35.596299
509870, 41.840742
510540, 41.969483
511210, 40.687770
511880, 38.950721
512550, 36.850703
513220, 34.440597
513890, 31.774106
514560, 28.895530
515230, 25.855634
515900, 22.694334
516570, 19.455244
517240, 16.168891
517910, 12.868270
518580, 9.573019
519250, 6.305635
519920, 3.076180
520590, -0.101262
521260, -3.224004
521930, -6.284143
522600, -9.283879
523270, -12.219381
523940, -15.096384
524610, -17.914240
525280, -20.682210
525950, -23.403986
526620, -26.093190
527290, -28.758607
527960, -31.422271
528630, -34.102354
529300, -36.829581
529970, -39.632525
530640, -42.550130
531310, -45.611611
531980, -48.843376
532650, -52.237420
533320, -55.743479
533990, -59.232370
534660, -62.510533
535330, -65.348587
536000, -67.582716
536670, -69.166137
537340, -70.181266
538010, -70.762704
538680, -71.052424
539350, -71.153962
540020, -71.144052
540690, -71.064280
541360, -70.945708
542030, -70.800168
542700, -70.640640
543370, -70.468397
544040, -70.290367
544710, -70.104381
545380, -69.915409
546050, -69.720169
546720, -69.522988
547390, -69.320219
548060, -69.115979
548730, -68.906503
549400, -68.695832
550070, -68.480159
550740, -68.263501
551410, -68.042053
552080, -67.819828
552750, -67.593017
553420, -67.365627
554090, -67.133863
554760, -66.901746
555430, -66.665483
556100, -66.429084
556770, -66.188767
557440, -65.948559
558110, -65.704687
558780, -65.461157
559450, -65.214193
560120, -64.967824
560790, -64.718289
561460, -64.469579
562130, -64.217918
562800, -63.967327
563470, -63.714046
564140, -63.462038
564810, -63.207519
565480, -62.954489
566150, -62.699175
566820, -62.445503
567490, -62.189663
568160, -61.935629
568830, -61.679596
569500, -61.425439
570170, -61.169311
570840, -60.915148
571510, -60.659098
572180, -60.404967
572850, -60.148862
573520, -59.894670
574190, -59.638469
574860, -59.383984
575530, -59.127260
576200, -58.872123
576870, -58.614557
577540, -58.358185
578210, -58.098974
578880, -57.840670
579550, -57.579118
580220, -57.317813
580890, -57.052618
581560, -56.787173
582230, -56.517090
582900, -56.245695
583570, -55.968702
584240, -55.689538
584910, -55.403458
585580, -55.113550
586250, -54.815295
586920, -54.511477
587590, -54.196993
588260, -53.874539
588930, -53.538827
589600, -53.191715
590270, -52.827474
590940, -52.447521
591610, -52.044933
592280, -51.620469
592950, -51.165712
593620, -50.679627
594290, -50.151978
594960, -49.579075
595630, -48.947176
596300, -48.248386
596970, -47.462967
597640, -46.574596
598310, -45.553390
598980, -44.368808
599650, -42.971397
600320, -41.304360
600990, -39.281843
601660, -36.799618
602330, -33.714865
603000, -29.864416
603670, -25.074186
604340, -19.246704
605010, -12.491173
605680, -5.321260
606350, 1.325181
607020, 6.419842
607690, 9.415686
608360, 10.421480
609030, 9.920303
609700, 8.402851
610370, 6.239207
611040, 3.668140
611710, 0.851948
612380, -2.106963
613050, -5.132218
613720, -8.177699
614390, -11.205663
615060, -14.197545
615730, -17.135826
616400, -20.017223
617070, -22.836279
617740, -25.600523
618410, -28.314209
619080, -30.993506
619750, -33.651568
620420, -36.314788
621090, -39.004571
621760, -41.752009
622430, -44.579548
623100, -47.509478
623770, -50.539946
624440, -53.647286
625110, -56.757903
625780, -59.758293
626450, -62.494397
627120, -64.826246
627790, -66.661538
628460, -67.995781
629130, -68.886258
629800, -69.431303
630470, -69.723029
631140, -69.844508
631810, -69.850192
632480, -69.783618
633150, -69.667046
633820, -69.520841
634490, -69.351711
635160, -69.169985
635830, -68.976046
636500, -68.776279
637170, -68.568615
637840, -68.357919
638510, -68.141189
639180, -67.922702
639850, -67.699085
640520, -67.474373
641190, -67.245049
641860, -67.015058
642530, -66.780834
643200, -66.546269
643870, -66.307767
644540, -66.069219
645210, -65.827030
645880, -65.585072
646550, -65.339734
647220, -65.094895
647890, -64.846961
648560, -64.599793
649230, -64.349777
649900, -64.100776
650570, -63.849201
651240, -63.598893
651910, -63.346225
652580, -63.095042
653250, -62.841746
653920, -62.590151
654590, -62.336603
655260, -62.084919
655930, -61.831487
656600, -61.580072
657270, -61.326985
657940, -61.076006
658610, -60.823494
659280, -60.573158
659950, -60.321258
660620, -60.071523
661290, -59.820280
661960, -59.571164
662630, -59.320374
663300, -59.071577
663970, -58.821055
664640, -58.572359
665310, -58.321608
665980, -58.072394
666650, -57.820943
667320, -57.570702
667990, -57.317687
668660, -57.065394
669330, -56.809974
670000, -56.554723
670670, -56.295526
671340, -56.035748
672010, -55.771429
672680, -55.505613
673350, -55.233999
674020, -54.959768
674690, -54.678696
675360, -54.393452
676030, -54.099458
676700, -53.799601
677370, -53.488917
678040, -53.169635
678710, -52.836711
679380, -52.492023
680050, -52.129593
680720, -51.750868
681390, -51.349075
682060, -50.924306
682730, -50.468958
683400, -49.981183
684070, -49.451516
684740, -48.875362
685410, -48.239754
686080, -47.536081
686750, -46.745231
687420, -45.851438
688090, -44.825871
688760, -43.639230
689430, -42.244611
690100, -40.589285
690770, -38.595756
691440, -36.172898
692110, -33.199846
692780, -29.547210
693450, -25.088279
694120, -19.774328
694790, -13.730152
695460, -7.389337
696130, -1.490102
696800, 3.151170
697470, 6.039340
698140, 7.163425
698810, 6.855766
699480, 5.521633
700150, 3.506564
700820, 1.052257
701490, -1.670106
702160, -4.550517
702830, -7.507261
703500, -10.490469
704170, -13.460318
704840, -16.396813
705510, -19.282047
706180, -22.112656
706850, -24.883995
707520, -27.604439
708190, -30.280382
708860, -32.929815
709530, -35.568218
710200, -38.222925
710870, -40.915723
711540, -43.675688
712210, -46.519391
712880, -49.457921
713550, -52.471864
714220, -55.513673
714890, -58.485516
715560, -61.260096
716230, -63.694123
716900, -65.684940
717570, -67.190205
718240, -68.245376
718910, -68.924216
719580, -69.321390
720250, -69.515439
720920, -69.574210
721590, -69.540033
722260, -69.447629
722930, -69.313790
723600, -69.155260
724270, -68.976833
724940, -68.787477
725610, -68.587026
726280, -68.381319
726950, -68.168230
727620, -67.952352
728290, -67.730775
728960, -67.507581
729630, -67.279539
730300, -67.050532
730970, -66.817208
731640, -66.583352
732310, -66.345547
732980, -66.107552
733650, -65.865939
734320, -65.624441
734990, -65.379608
735660, -65.135170
736330, -64.887691
737000, -64.640890
737670, -64.391303
738340, -64.142647
739010, -63.891483
739680, -63.641513
740350, -63.389261
741020, -63.138421
741690, -62.885547
742360, -62.634317
743030, -62.381227
743700, -62.129942
744370, -61.877002
745040, -61.626041
745710, -61.373522
746380, -61.123069
747050, -60.871193
747720, -60.621481
748390, -60.370343
749060, -60.121353
749730, -59.870987
750400, -59.622771
751070, -59.373050
751740, -59.125335
752410, -58.876060
753080, -58.628679
753750, -58.379457
754420, -58.131829
755090, -57.882171
755760, -57.633857
756430, -57.383047
757100, -57.133080
757770, -56.880256
758440, -56.627836
759110, -56.371846
759780, -56.115495
760450, -55.854977
761120, -55.593356
761790, -55.326474
762460, -55.057363
763130, -54.782048
763800, -54.503205
764470, -54.216414
765140, -53.924431
765810, -53.622817
766480, -53.313676
767150, -52.992165
767820, -52.660561
768490, -52.313114
769160, -51.951248
769830, -51.569200
770500, -51.167107
771170, -50.738077
771840, -50.281202
772510, -49.787704
773180, -49.254775
773850, -48.670926
774520, -48.029786
775190, -47.315901
775860, -46.516687
776530, -45.608619
777200, -44.569528
777870, -43.362471
778540, -41.947362
779210, -40.264002
779880, -38.241613
780550, -35.782500
781220, -32.775471
781890, -29.090123
782560, -24.618886
783230, -19.327393
783900, -13.372855
784570, -7.198567
785240, -1.535014
785910, 2.859506
786580, 5.539082
787250, 6.524370
787920, 6.132785
788590, 4.757392
789260, 2.720724
789930, 0.262142
790600, -2.459526
791270, -5.329871
791940, -8.276157
792610, -11.242687
793280, -14.197738
793950, -17.114939
794620, -19.984129
795290, -22.795448
795960, -25.552622
796630, -28.257467
797300, -30.923681
797970, -33.563116
798640, -36.199798
799310, -38.853614
799980, -41.553736
800650, -44.321043
801320, -47.176778
801990, -50.120708
802660, -53.133729
803330, -56.152448
804000, -59.078051
804670, -61.773284
805340, -64.107189
806010, -65.984509
806680, -67.386140
807350, -68.351507
808020, -68.965549
808690, -69.314080
809360, -69.478367
810030, -69.514687
810700, -69.468796
811370, -69.365752
812040, -69.227686
812710, -69.063182
813380, -68.883413
814050, -68.689869
814720, -68.489193
815390, -68.280016
816060, -68.067176
816730, -67.848161
817400, -67.627070
818070, -67.400924
818740, -67.173525
819410, -66.941712
820080, -66.709162
820750, -66.472623
821420, -66.235713
822090, -65.995162
822760, -65.754574
823430, -65.510644
824100, -65.266953
824770, -65.020212
825440, -64.774010
826110, -64.525029
826780, -64.276833
827450, -64.026126
828120, -63.776487
828790, -63.524584
829460, -63.273959
830130, -63.021306
830800, -62.770187
831470, -62.517245
832140, -62.265988
832810, -62.013093
833480, -61.762098
834150, -61.509602
834820, -61.259071
835490, -61.007155
836160, -60.757359
836830, -60.506223
837500, -60.257160
838170, -60.006781
838840, -59.758551
839510, -59.508941
840180, -59.261296
840850, -59.012177
841520, -58.765001
842190, -58.516158
842860, -58.268910
843530, -58.019757
844200, -57.772052
844870, -57.522091
845540, -57.273031
846210, -57.021289
846880, -56.770142
847550, -56.515749
848220, -56.261133
848890, -56.002599
849560, -55.743312
850230, -55.479205
850900, -55.213119
851570, -54.941194
852240, -54.666298
852910, -54.384091
853580, -54.097141
854250, -53.801322
854920, -53.498831
855590, -53.184921
856260, -52.861723
856930, -52.524237
857600, -52.173701
858270, -51.804669
858940, -51.417815
859610, -51.006422
860280, -50.570515
860950, -50.101619
861620, -49.597863
862290, -49.048712
862960, -48.449512
863630, -47.785880
864300, -47.048146
864970, -46.216343
865640, -45.271956
866310, -44.183731
866980, -42.918952
867650, -41.427150
868320, -39.649771
868990, -37.503993
869660, -34.893099
870330, -31.694739
871000, -27.787628
871670, -23.075050
872340, -17.574560
873010, -11.518311
873680, -5.449683
874350, -0.131938
875020, 3.741516
875690, 5.874450
876360, 6.396083
877030, 5.668737
877700, 4.064364
878370, 1.883436
879040, -0.666936
879710, -3.438985
880380, -6.337038
881050, -9.289707
881720, -12.253882
882390, -15.195153
883060, -18.097070
883730, -20.945033
884400, -23.738120
885070, -26.474949
885740, -29.165777
886410, -31.819055
887080, -34.455346
887750, -37.092823
888420, -39.759053
889090, -42.476502
889760, -45.271195
890430, -48.153703
891100, -51.123274
891770, -54.142680
892440, -57.141312
893110, -60.001130
893780, -62.587779
894450, -64.773003
895120, -66.490273
895790, -67.737452
896460, -68.577158
897130, -69.092586
897800, -69.373722
898470, -69.489142
899140, -69.495731
899810, -69.427412
900480, -69.312345
901150, -69.163390
901820, -68.994273
902490, -68.808352
903160, -68.613219
903830, -68.408339
904500, -68.198848
905170, -67.982655
905840, -67.763904
906510, -67.539868
907180, -67.314282
907850, -67.084170
908520, -66.853105
909190, -66.617998
909860, -66.382340
910530, -66.143003
911200, -65.903456
911870, -65.660554
912540, -65.417732
913210, -65.171839
913880, -64.926320
914550, -64.678023
915220, -64.430360
915890, -64.180171
916560, -63.930891
917230, -63.679360
917900, -63.428967
918570, -63.176540
919240, -62.925496
919910, -62.672661
920580, -62.421390
921250, -62.168490
921920, -61.917349
922590, -61.664771
923260, -61.414061
923930, -61.161994
924600, -60.911925
925270, -60.660618
925940, -60.411320
926610, -60.160761
927280, -59.912252
927950, -59.662513
928620, -59.414713
929290, -59.165529
929960, -58.918218
930630, -58.669447
931300, -58.422294
931970, -58.173367
932640, -57.925855
933310, -57.676364
933980, -57.427858
934650, -57.176856
935320, -56.926461
935990, -56.673190
936660, -56.419864
937330, -56.162877
938000, -55.905219
938670, -55.643242
939340, -55.379573
940010, -55.110436
940680, -54.838647
941350, -54.560215
942020, -54.277495
942690, -53.986451
943360, -53.689590
944030, -53.382221
944700, -53.066286
945370, -52.737312
946040, -52.396570
946710, -52.038717
947380, -51.664955
948050, -51.268840
948720, -50.850304
949390, -50.402182
950060, -49.922566
950730, -49.402584
951400, -48.837723
952070, -48.215867
952740, -47.528731
953410, -46.758499
954080, -45.890221
954750, -44.897241
955420, -43.752226
956090, -42.411980
956760, -40.827745
957430, -38.928981
958100, -36.632376
958770, -33.827381
959440, -30.393997
960110, -26.209891
960780, -21.212394
961450, -15.477406
962120, -9.346614
962790, -3.457513
963460, 1.406007
964130, 4.670595
964800, 6.198973
965470, 6.234813
966140, 5.157377
966810, 3.321915
967480, 0.989925
968150, -1.650695
968820, -4.477067
969490, -7.399214
970160, -10.360785
970830, -13.318124
971500, -16.247744
972170, -19.129927
972840, -21.959206
973510, -24.730226
974180, -27.450214
974850, -30.124721
975520, -32.770478
976190, -35.403283
976860, -38.048997
977530, -40.729395
978200, -43.473005
978870, -46.296933
979540, -49.212974
980210, -52.204508
980880, -55.227376
981550, -58.189186
982220, -60.967071
982890, -63.420245
983560, -65.442539
984230, -66.986098
984900, -68.079285
985570, -68.791333
986240, -69.214459
986910, -69.427865
987580, -69.500096
988250, -69.475276
988920, -69.388911
989590, -69.259166
990260, -69.103045
990930, -68.926247
991600, -68.737638
992270, -68.537706
992940, -68.332009
993610, -68.118950
994280, -67.902764
994950, -67.681011
995620, -67.457380
996290, -67.229089
996960, -66.999611
997630, -66.766031
998300, -66.531712
998970, -66.293672
999640, -66.055249
1000310, -65.813444
1000980, -65.571564
1001650, -65.326587
1002320, -65.081822
1002990, -64.834260
1003660, -64.587188
1004330, -64.337573
1005000, -64.088709
1005670, -63.837583
1006340, -63.587464
1007010, -63.335304
1007680, -63.084378
1008350, -62.831664
1009020, -62.580402
1009690, -62.327518
1010360, -62.076259
1011030, -61.823588
1011700, -61.572700
1012370, -61.320485
1013040, -61.070151
1013710, -60.818637
1014380, -60.569079
1015050, -60.318319
1015720, -60.069518
1016390, -59.819579
1017060, -59.571572
1017730, -59.322275
1018400, -59.074790
1019070, -58.825978
1019740, -58.578829
1020410, -58.330047
1021080, -58.082657
1021750, -57.833466
1022420, -57.585376
1023090, -57.334988
1023760, -57.085235
1024430, -56.832852
1025100, -56.580615
1025770, -56.324996
1026440, -56.068804
1027110, -55.808668
1027780, -55.547158
1028450, -55.280565
1029120, -55.011525
1029790, -54.736504
1030460, -54.457668
1031130, -54.171051
1031800, -53.879022
1032470, -53.577464
1033140, -53.268104
1033810, -52.946554
1034480, -52.614565
1035150, -52.266853
1035820, -51.904464
1036490, -51.521929
1037160, -51.119022
1037830, -50.689311
1038500, -50.231328
1039170, -49.736773
1039840, -49.202272
1040510, -48.616826
1041180, -47.973482
1041850, -47.257176
1042520, -46.454857
1043190, -45.543238
1043860, -44.499574
1044530, -43.287188
1045200, -41.865455
1045870, -40.174260
1046540, -38.142478
1047210, -35.672907
1047880, -32.654524
1048550, -28.959022
1049220, -24.481637
1049890, -19.194313
1050560, -13.260860
1051230, -7.130232
1051900, -1.529136
1052570, 2.797116
1053240, 5.418463
1053910, 6.362693
1054580, 5.946215
1055250, 4.556869
1055920, 2.513305
1056590, 0.051879
1057260, -2.669591
1057930, -5.538205
1058600, -8.481385
1059270, -11.444226
1059940, -14.394877
1060610, -17.307627
1061280, -20.172132
1061950, -22.979126
1062620, -25.731576
1063290, -28.432530
1063960, -31.095667
1064630, -33.733197
1065300, -36.368847
1065970, -39.023260
1066640, -41.724907
1067310, -44.494940
1067980, -47.353374
1068650, -50.298977
1069320, -53.310301
1069990, -56.322140
1070660, -59.233373
1071330, -61.906651
1072000, -64.213006
1072670, -66.060800
1073340, -67.434863
1074010, -68.377792
1074680, -68.974863
1075350, -69.311684
1076020, -69.467939
1076690, -69.499157
1077360, -69.449765
1078030, -69.344578
1078700, -69.204885
1079370, -69.039409
1080040, -68.858742
1080710, -68.664676
1081380, -68.463385
1082050, -68.253871
1082720, -68.040538
1083390, -67.821271
1084060, -67.599750
1084730, -67.373399
1085400, -67.145612
1086070, -66.913633
1086740, -66.680728
1087410, -66.444053
1088080, -66.206822
1088750, -65.966170
1089420, -65.725291
1090090, -65.481290
1090760, -65.237343
1091430, -64.990566
1092100, -64.744142
1092770, -64.495157
1093440, -64.246770
1094110, -63.996093
1094780, -63.746298
1095450, -63.494455
1096120, -63.243701
1096790, -62.991138
1097460, -62.739923
1098130, -62.487095
1098800, -62.235762
1099470, -61.983009
1100140, -61.731962
1100810, -61.479622
1101480, -61.229055
1102150, -60.977315
1102820, -60.727496
1103490, -60.476540
1104160, -60.227460
1104830, -59.977274
1105500, -59.729031
1106170, -59.479604
1106840, -59.231940
1107510, -58.983008
1108180, -58.735809
1108850, -58.487130
1109520, -58.239836
1110190, -57.990836
1110860, -57.743077
1111530, -57.493233
1112200, -57.244071
1112870, -56.992418
1113540, -56.741144
1114210, -56.486782
1114880, -56.231964
1115550, -55.973410
1116220, -55.713841
1116890, -55.449600
1117560, -55.183139
1118230, -54.911010
1118900, -54.635619
1119570, -54.353045
1120240, -54.065466
1120910, -53.769168
1121580, -53.465867
1122250, -53.151236
1122920, -52.827017
1123590, -52.488514
1124260, -52.136585
1124930, -51.766193
1125600, -51.377486
1126270, -50.964161
1126940, -50.525720
1127610, -50.054061
1128280, -49.546906
1128950, -48.993888
1129620, -48.389909
1130290, -47.720707
1130960, -46.975870
1131630, -46.135635
1132300, -45.180694
1132970, -44.079579
1133640, -42.798451
1134310, -41.285930
1134980, -39.482042
1135650, -37.302779
1136320, -34.649546
1136990, -31.399537
1137660, -27.432133
1138330, -22.656967
1139000, -17.105249
1139670, -11.031015
1140340, -5.000902
1141010, 0.215457
1141680, 3.948067
1142350, 5.939274
1143020, 6.345222
1143690, 5.534640
1144360, 3.874861
1145030, 1.658339
1145700, -0.913706
1146370, -3.698079
1147040, -6.601883
1147710, -9.556151
1148380, -12.518779
1149050, -15.456782
1149720, -18.354112
1150390, -21.197220
1151060, -23.985167
1151730, -26.716910
1152400, -29.403495
1153070, -32.054386
1153740, -34.689493
1154410, -37.328080
1155080, -39.997607
1155750, -42.720557
1156420, -45.522239
1157090, -48.412251
1157760, -51.387160
1158430, -54.407003
1159100, -57.397215
1159770, -60.237278
1160440, -62.792036
1161110, -64.937721
1161780, -66.613003
1162450, -67.821760
1163120, -68.629868
1163790, -69.121760
1164460, -69.386103
1165130, -69.490289
1165800, -69.489247
1166470, -69.416056
1167140, -69.297594
1167810, -69.146519
1168480, -68.975773
1169150, -68.788857
1169820, -68.592817
1170490, -68.387411
1171160, -68.177319
1171830, -67.960805
1172500, -67.741594
1173170, -67.517335
1173840, -67.291363
1174510, -67.061087
1175180, -66.829683
1175850, -66.594452
1176520, -66.358490
1177190, -66.119061
1177860, -65.879243
1178530, -65.636278
1179200, -65.393212
1179870, -65.147285
1180540, -64.901552
1181210, -64.653247
1181880, -64.405395
1182550, -64.155226
1183220, -63.905785
1183890, -63.654298
1184560, -63.403766
1185230, -63.151407
1185900, -62.900250
1186570, -62.647504
1187240, -62.396136
1187910, -62.143344
1188580, -61.892130
1189250, -61.639673
1189920, -61.388897
1190590, -61.136965
1191260, -60.886846
1191930, -60.635680
1192600, -60.386328
1193270, -60.135913
1193940, -59.887361
1194610, -59.637760
1195280, -59.389899
1195950, -59.140847
1196620, -58.893475
1197290, -58.644817
1197960, -58.397570
1198630, -58.148735
1199300, -57.901117
1199970, -57.651684
1200640, -57.403020
1201310, -57.152037
1201980, -56.901458
1202650, -56.648152
1203320, -56.394563
1203990, -56.137480
1204660, -55.879512
1205330, -55.617356
1206000, -55.353262
1206670, -55.083851
1207340, -54.811560
1208010, -54.532726
1208680, -54.249334
1209350, -53.957741
1210020, -53.660002
1210690, -53.351826
1211360, -53.034780
1212030, -52.704780
1212700, -52.362613
1213370, -52.003332
1214040, -51.627757
1214710, -51.229699
1215380, -50.808709
1216050, -50.357846
1216720, -49.874813
1217390, -49.350911
1218060, -48.781211
1218730, -48.153686
1219400, -47.459590
1220070, -46.681063
1220740, -45.802278
1221410, -44.796361
1222080, -43.634848
1222750, -42.273987
1223420, -40.663487
1224090, -38.731348
1224760, -36.391989
1225430, -33.533500
1226100, -30.034804
1226770, -25.775823
1227440, -20.703166
1228110, -14.912754
1228780, -8.773851
1229450, -2.948888
1230120, 1.782712
1230790, 4.882524
1231460, 6.256377
1232130, 6.170942
1232800, 5.008514
1233470, 3.116686
1234140, 0.748934
1234810, -1.913799
1235480, -4.752292
1236150, -7.680179
1236820, -10.642829
1237490, -13.598432
1238160, -16.524214
1238830, -19.401691
1239500, -22.225729
1240170, -24.991830
1240840, -27.706677
1241510, -30.377525
1242180, -33.021388
1242850, -35.654062
1243520, -38.301930
1244190, -40.987258
1244860, -43.737779
1245530, -46.570322
1246200, -49.494519
1246870, -52.491317
1247540, -55.512498
1248210, -58.462181
1248880, -61.214599
1249550, -63.630289
1250220, -65.608013
1250890, -67.106909
1251560, -68.160557
1252230, -68.841470
1252900, -69.241636
1253570, -69.439227
1254240, -69.500649
1254910, -69.468822
1255580, -69.377674
1256250, -69.244904
1256920, -69.086579
1257590, -68.908412
1258260, -68.718660
1258930, -68.518041
1259600, -68.311646
1260270, -68.098194
1260940, -67.881508
1261610, -67.659498
1262280, -67.435464
1262950, -67.206989
1263620, -66.977166
1264290, -66.743447
1264960, -66.508821
1265630, -66.270678
1266300, -66.031980
1266970, -65.790104
1267640, -65.547979
1268310, -65.302958
1268980, -65.057975
1269650, -64.810398
1270320, -64.563134
1270990, -64.313528
1271660, -64.064498
1272330, -63.813408
1273000, -63.563146
1273670, -63.311042
1274340, -63.059996
1275010, -62.807363
1275680, -62.556000
1276350, -62.303211
1277020, -62.051870
1277690, -61.799315
1278360, -61.548357
1279030, -61.296263
1279700, -61.045871
1280370, -60.794494
1281040, -60.544881
1281710, -60.294253
1282380, -60.045400
1283050, -59.795600
1283720, -59.547533
1284390, -59.298357
1285060, -59.050804
1285730, -58.802110
1286400, -58.554873
1287070, -58.306174
1287740, -58.058674
1288410, -57.809553
1289080, -57.561316
1289750, -57.310942
1290420, -57.061003
1291090, -56.808606
1291760, -56.556125
1292430, -56.300411
1293100, -56.043912
1293770, -55.783631
1294440, -55.521726
1295110, -55.254871
1295780, -54.985338
1296450, -54.709939
1297120, -54.430454
1297790, -54.143297
1298460, -53.850474
1299130, -53.548168
1299800, -53.237751
1300470, -52.915211
1301140, -52.581841
1301810, -52.232739
1302480, -51.868584
1303150, -51.484153
1303820, -51.078856
1304490, -50.646621
1305160, -50.185433
1305830, -49.687346
1306500, -49.148385
1307170, -48.557880
1307840, -47.908188
1308510, -47.184250
1309180, -46.372507
1309850, -45.449471
1310520, -44.391353
1311190, -43.161009
1311860, -41.716424
1312530, -39.996116
1313200, -37.927141
1313870, -35.410529
1314540, -32.333199
1315210, -28.567241
1315880, -24.012395
1316550, -18.652372
1317220, -12.675966
1317890, -6.562032
1318560, -1.053557
1319230, 3.121613
1319900, 5.575695
1320570, 6.374056
1321240, 5.848714
1321910, 4.384649
1322580, 2.292540
1323250, -0.199518
1323920, -2.939170
1324590, -5.817489
1325260, -8.764396
1325930, -11.727223
1326600, -14.675085
1327270, -17.583635
1327940, -20.442967
1328610, -23.244861
1329280, -25.992458
1329950, -28.688843
1330620, -31.348705
1331290, -33.985263
1331960, -36.621446
1332630, -39.279172
1333300, -41.986469
1333970, -44.764404
1334640, -47.631617
1335310, -50.585084
1335980, -53.599800
1336650, -56.606986
1337320, -59.501471
1337990, -62.144660
1338660, -64.409899
1339330, -66.211863
1340000, -67.541905
1340670, -68.447935
1341340, -69.016535
1342010, -69.333084
1342680, -69.475274
1343350, -69.497237
1344020, -69.441578
1344690, -69.332394
1345360, -69.189881
1346030, -69.022633
1346700, -68.840572
1347370, -68.645650
1348040, -68.443556
1348710, -68.233572
1349380, -68.019693
1350050, -67.800132
1350720, -67.578186
1351390, -67.351629
1352060, -67.123485
1352730, -66.891352
1353400, -66.658133
1354070, -66.421342
1354740, -66.183831
1355410, -65.943094
1356080, -65.701965
1356750, -65.457907
1357420, -65.213737
1358090, -64.966932
1358760, -64.720312
1359430, -64.471322
1360100, -64.222764
1360770, -63.972110
1361440, -63.722169
1362110, -63.470369
1362780, -63.219490
1363450, -62.966996
1364120, -62.715676
1364790, -62.462931
1365460, -62.211512
1366130, -61.958863
1366800, -61.707744
1367470, -61.455515
1368140, -61.204886
1368810, -60.953273
1369480, -60.703398
1370150, -60.452564
1370820, -60.203431
1371490, -59.953376
1372160, -59.705074
1372830, -59.455760
1373500, -59.208029
1374170, -58.959210
1374840, -58.711925
1375510, -58.463325
1376180, -58.215924
1376850, -57.966990
1377520, -57.719089
1378190, -57.469258
1378860, -57.219916
1379530, -56.968248
1380200, -56.716738
1380870, -56.462283
1381540, -56.207168
1382210, -55.948472
1382880, -55.688521
1383550, -55.424024
1384220, -55.157086
1384890, -54.884619
1385560, -54.608621
1386230, -54.325538
1386900, -54.037202
1387570, -53.740260
1388240, -53.435997
1388910, -53.120455
1389580, -52.795029
1390250, -52.455283
1390920, -52.101733
1391590, -51.729698
1392260, -51.338846
1392930, -50.923230
1393600, -50.481843
1394270, -50.006926
1394940, -49.495825
1395610, -48.938268
1396280, -48.328535
1396950, -47.652638
1397620, -46.899402
1398290, -46.048933
1398960, -45.081335
1399630, -43.964731
1400300, -42.663888
1400970, -41.126329
1401640, -39.290415
1402310, -37.070465
1402980, -34.365592
1403650, -31.052041
1404320, -27.009785
1404990, -22.155592
1405660, -16.537692
1406330, -10.439031
1407000, -4.453679
1407670, 0.643166
1408340, 4.211804
1409010, 6.038799
1409680, 6.311179
1410350, 5.404479
1411020, 3.680442
1411690, 1.422384
1412360, -1.175152
1413030, -3.974396
1413700, -6.885288
1414370, -9.841750
1415040, -12.802998
1415710, -15.737597
1416380, -18.630064
1417050, -21.467955
1417720, -24.250637
1418390, -26.977957
1419060, -29.660231
1419730, -32.308650
1420400, -34.943383
1421070, -37.583621
1421740, -40.257243
1422410, -42.986834
1423080, -45.796863
1423750, -48.695868
1424420, -51.677513
1425090, -54.698615
1425760, -57.680183
1426430, -60.498788
1427100, -63.018530
1427770, -65.120586
1428440, -66.749439
1429110, -67.916063
1429780, -68.689741
1430450, -69.156018
1431120, -69.402138
1431790, -69.494092
1432460, -69.484769
1433130, -69.406251
1433800, -69.284111
1434470, -69.130707
1435140, -68.958213
1435810, -68.770206
1436480, -68.573214
1437150, -68.367233
1437820, -68.156529
1438490, -67.939668
1439160, -67.720000
1439830, -67.495504
1440500, -67.269156
1441170, -67.038705
1441840, -66.806977
1442510, -66.571612
1443180, -66.335361
1443850, -66.095832
1444520, -65.855758
1445190, -65.612722
1445860, -65.369428
1446530, -65.123458
1447200, -64.877525
1447870, -64.629203
1448540, -64.381175
1449210, -64.131015
1449880, -63.881426
1450550, -63.629971
1451220, -63.379311
1451890, -63.127009
1452560, -62.875750
1453230, -62.623079
1453900, -62.371623
1454570, -62.118924
1455240, -61.867643
1455910, -61.615294
1456580, -61.364457
1457250, -61.112643
1457920, -60.862479
1458590, -60.611435
1459260, -60.362034
1459930, -60.111744
1460600, -59.863150
1461270, -59.613668
1461940, -59.365748
1462610, -59.116805
1463280, -58.869372
1463950, -58.620803
1464620, -58.373462
1465290, -58.124693
1465960, -57.876968
1466630, -57.627565
1467300, -57.378739
1467970, -57.127747
1468640, -56.876977
1469310, -56.623605
1469980, -56.369744
1470650, -56.112533
1471320, -55.854244
1471990, -55.591872
1472660, -55.327339
1473330, -55.057615
1474000, -54.784802
1474670, -54.505523
1475340, -54.221433
1476010, -53.929240
1476680, -53.630592
1477350, -53.321551
1478020, -53.003352
1478690, -52.672255
1479360, -52.328608
1480030, -51.967812
1480700, -51.590249
1481370, -51.190057
1482040, -50.766446
1482710, -50.312641
1483380, -49.825993
1484050, -49.297920
1484720, -48.723115
1485390, -48.089579
1486060, -47.388140
1486730, -46.600826
1487400, -45.710948
1488070, -44.691330
1488740, -43.512377
1489410, -42.129681
1490080, -40.491393
1490750, -38.523896
1491420, -36.139274
1492090, -33.224130
1492760, -29.656338
1493430, -25.319530
1494100, -20.169804
1494770, -14.324399
1495440, -8.183282
1496110, -2.431360
1496780, 2.158818
1497450, 5.088259
1498120, 6.305616
1498790, 6.099026
1499460, 4.852275
1500130, 2.904618
1500800, 0.501585
1501470, -2.182710
1502140, -5.033076
1502810, -7.966279
1503480, -10.929549
1504150, -13.882975
1504820, -16.804554
1505490, -19.676994
1506160, -22.495541
1506830, -25.256672
1507500, -27.967291
1508170, -30.634546
1508840, -33.276492
1509510, -35.909820
1510180, -38.560174
1510850, -41.250752
1511520, -44.008523
1512190, -46.850067
1512860, -49.782872
1513530, -52.785233
1514200, -55.804692
1514870, -58.741633
1515540, -61.467409
1516210, -63.843938
1516880, -65.775623
1517550, -67.228779
1518220, -68.242266
1518890, -68.891735
1519560, -69.268835
1520230, -69.450562
1520900, -69.501173
1521570, -69.462322
1522240, -69.366396
1522910, -69.230582
1523580, -69.070056
1524250, -68.890502
1524920, -68.699612
1525590, -68.498290
1526260, -68.291203
1526930, -68.077343
1527600, -67.860166
1528270, -67.637886
1528940, -67.413458
1529610, -67.184786
1530280, -66.954628
1530950, -66.720759
1531620, -66.485837
1532290, -66.247580
1532960, -66.008619
1533630, -65.766661
1534300, -65.524302
1534970, -65.279226
1535640, -65.034038
1536310, -64.786434
1536980, -64.538991
1537650, -64.289382
1538320, -64.040198
1538990, -63.789134
1539660, -63.538742
1540330, -63.286682
1541000, -63.035529
1541670, -62.782966
1542340, -62.531515
1543010, -62.278810
1543680, -62.027399
1544350, -61.774949
1545020, -61.523933
1545690, -61.271950
1546360, -61.021511
1547030, -60.770259
1547700, -60.520604
1548370, -60.270096
1549040, -60.021201
1549710, -59.771529
1550380, -59.523414
1551050, -59.274346
1551720, -59.026735
1552390, -58.778148
1553060, -58.530833
1553730, -58.282205
1554400, -58.034603
1555070, -57.785539
1555740, -57.537163
1556410, -57.286791
1557080, -57.036673
1557750, -56.784249
1558420, -56.531530
1559090, -56.275706
1559760, -56.018906
1560430, -55.758465
1561100, -55.496170
1561770, -55.229033
1562440, -54.959012
1563110, -54.683190
1563780, -54.403038
1564450, -54.115303
1565120, -53.821674
1565790, -53.518586
1566460, -53.207099
1567130, -52.883535
1567800, -52.548768
1568470, -52.198234
1569140, -51.832289
1569810, -51.445912
1570480, -51.038190
1571150, -50.603369
1571820, -50.138924
1572490, -49.637220
1573160, -49.093722
1573830, -48.498042
1574500, -47.841886
1575170, -47.110144
1575840, -46.288794
1576510, -45.354092
1577180, -44.281231
1577850, -43.032544
1578520, -41.564653
1579190, -39.814632
1579860, -37.707339
1580530, -35.142247
1581200, -32.004385
1581870, -28.166247
1582540, -23.532383
1583210, -18.101706
1583880, -12.086235
1584550, -5.995349
1585220, -0.585800
1585890, 3.433294
1586560, 5.719260
1587230, 6.373936
1587900, 5.742536
1588570, 4.206127
1589240, 2.067192
1589910, -0.454266
1590580, -3.211300
1591250, -6.098956
1591920, -9.049237
1592590, -12.011652
1593260, -14.956330
1593930, -17.860297
1594600, -20.714164
1595270, -23.510717
1595940, -26.253393
1596610, -28.946131
1597280, -31.602857
1597950, -34.238433
1598620, -36.875912
1599290, -39.537219
1599960, -42.250438
1600630, -45.036312
1601300, -47.912391
1601970, -50.873865
1602640, -53.892009
1603310, -56.894246
1603980, -59.771298
1604650, -62.383396
1605320, -64.606166
1605990, -66.361554
1606660, -67.647390
1607330, -68.516656
1608000, -69.057083
1608670, -69.353632
1609340, -69.482001
1610010, -69.494870
1610680, -69.433067
1611350, -69.319951
1612020, -69.174672
1612690, -69.005670
1613360, -68.822242
1614030, -68.626463
1614700, -68.423581
1615370, -68.213121
1616040, -67.998709
1616710, -67.778843
1617380, -67.556484
1618050, -67.329710
1618720, -67.101219
1619390, -66.868922
1620060, -66.635400
1620730, -66.398481
1621400, -66.160701
1622070, -65.919871
1622740, -65.678502
1623410, -65.434377
1624080, -65.189995
1624750, -64.943152
1625420, -64.696346
1626090, -64.447342
1626760, -64.198625
1627430, -63.947984
1628100, -63.697907
1628770, -63.446141
1629440, -63.195150
1630110, -62.942715
1630780, -62.691302
1631450, -62.438630
1632120, -62.187138
1632790, -61.934583
1633460, -61.683403
1634130, -61.431275
1634800, -61.180597
1635470, -60.929101
1636140, -60.679181
1636810, -60.428461
1637480, -60.179286
1638150, -59.929352
1638820, -59.681002
1639490, -59.431792
1640160, -59.184005
1640830, -58.935287
1641500, -58.687928
1642170, -58.439397
1642840, -58.191899
1643510, -57.943021
1644180, -57.694987
1644850, -57.445160
1645520, -57.195646
1646190, -56.943953
1646860, -56.692216
1647530, -56.437656
1648200, -56.182252
1648870, -55.923402
1649540, -55.663077
1650210, -55.398310
1650880, -55.130901
1651550, -54.858083
1652220, -54.581485
1652890, -54.297876
1653560, -54.008789
1654230, -53.711185
1654900, -53.405964
1655570, -53.089492
1656240, -52.762860
1656910, -52.421849
1657580, -52.066674
1658250, -51.692971
1658920, -51.299965
1659590, -50.882026
1660260, -50.437675
1660930, -49.959458
1661600, -49.444228
1662270, -48.881953
1662940, -48.266310
1663610, -47.583537
1664280, -46.821722
1664950, -45.960782
1665620, -44.980110
1666290, -43.847468
1666960, -42.525999
1667630, -40.962400
1668300, -39.093238
1668970, -36.831153
1669640, -34.072863
1670310, -30.693672
1670980, -26.575304
1671650, -21.642867
1672320, -15.961883
1672990, -9.843164
1673660, -3.908671
1674330, 1.063335
1675000, 4.465405
1675670, 6.128531
1676340, 6.269123
1677010, 5.268318
1677680, 3.481593
1678350, 1.183136
1679020, -1.439112
1679690, -4.252753
1680360, -7.170671
1681030, -10.129214
1681700, -13.088943
1682370, -16.019916
1683040, -18.907169
1683710, -21.739437
1684380, -24.516537
1685050, -27.239246
1685720, -29.918040
1686390, -32.564071
1687060, -35.198441
1687730, -37.840894
1688400, -40.518887
1689070, -43.255400
1689740, -46.073697
1690410, -48.981561
1691080, -51.969994
1691750, -54.992257
1692420, -57.964777
1693090, -60.761138
1693760, -63.244924
1694430, -65.301791
1695100, -66.883559
1695770, -68.008118
1696440, -68.747779
1697110, -69.188915
1697780, -69.417241
1698450, -69.497269
1699120, -69.479894
1699790, -69.396184
1700460, -69.270470
1701130, -69.114787
1701800, -68.940593
1702470, -68.751508
1703140, -68.553589
1703810, -68.347033
1704480, -68.135734
1705150, -67.918519
1705820, -67.698409
1706490, -67.473667
1707160, -67.246956
1707830, -67.016321
1708500, -66.784281
1709170, -66.548774
1709840, -66.312246
1710510, -66.072609
1711180, -65.832290
1711850, -65.589174
1712520, -65.345662
1713190, -65.099641
1713860, -64.853519
1714530, -64.605172
1715200, -64.356979
1715870, -64.106820
1716540, -63.857094
1717210, -63.605663
1717880, -63.354887
1718550, -63.102631
1719220, -62.851281
1719890, -62.598676
1720560, -62.347143
1721230, -62.094529
1721900, -61.843192
1722570, -61.590940
1723240, -61.340053
1723910, -61.088348
1724580, -60.838150
1725250, -60.587218
1725920, -60.337779
1726590, -60.087603
1727260, -59.838978
1727930, -59.589603
1728600, -59.341634
1729270, -59.092790
1729940, -58.845306
1730610, -58.596816
1731280, -58.349389
1731950, -58.100677
1732620, -57.852852
1733290, -57.603469
1733960, -57.354489
1734630, -57.103477
1735300, -56.852524
1735970, -56.599074
1736640, -56.344950
1737310, -56.087597
1737980, -55.828995
1738650, -55.566394
1739320, -55.301430
1739990, -55.031378
1740660, -54.758051
1741330, -54.478311
1742000, -54.193529
1742670, -53.900721
1743340, -53.601167
1744010, -53.291242
1744680, -52.971893
1745350, -52.639599
1746020, -52.294408
1746690, -51.932025
1747360, -51.552412
1748030, -51.150010
1748700, -50.723722
1749370, -50.266896
1750040, -49.776570
1750710, -49.244228
1751380, -48.664228
1752050, -48.024550
1752720, -47.315636
1753390, -46.519351
1754060, -45.618172
1754730, -44.584571
1755400, -43.387845
1756070, -41.982873
1756740, -40.316227
1757410, -38.312658
1758080, -35.881932
1758750, -32.909169
1759420, -29.271434
1760090, -24.856118
1760760, -19.630020
1761430, -13.733813
1762100, -7.596951
1762770, -1.925967
1763440, 2.518467
1764110, 5.276999
1764780, 6.340446
1765450, 6.016374
1766120, 4.688480
1766790, 2.687352
1767460, 0.250569
1768130, -2.454087
1768800, -5.315566
1769470, -8.253795
1770140, -11.217619
1770810, -14.168811
1771480, -17.086099
1772150, -19.953206
1772820, -22.765734
1773490, -25.521390
1774160, -28.227440
1774830, -30.891735
1775500, -33.531769
1776170, -36.165665
1776840, -38.818859
1777510, -41.514826
1778180, -44.280039
1778850, -47.130175
1779520, -50.070963
1780190, -53.078184
1780860, -56.094934
1781530, -59.017758
1782200, -61.715919
1782870, -64.052773
1783540, -65.938274
1784210, -67.346168
1784880, -68.320347
1785550, -68.939260
1786220, -69.294076
1786890, -69.460519
1787560, -69.500746
1788230, -69.455142
1788900, -69.354630
1789570, -69.215880
1790240, -69.053239
1790910, -68.872335
1791580, -68.680347
1792250, -68.478331
1792920, -68.270574
1793590, -68.056305
1794260, -67.838651
1794930, -67.616094
1795600, -67.391284
1796270, -67.162408
1796940, -66.931925
1797610, -66.697898
1798280, -66.462689
1798950, -66.224308
1799620, -65.985095
1800290, -65.743045
1800960, -65.500461
1801630, -65.255320
1802300, -65.009937
1802970, -64.762299
1803640, -64.514686
1804310, -64.265066
1804980, -64.015740
1805650, -63.764692
1806320, -63.514181
1806990, -63.262159
1807660, -63.010909
1808330, -62.758409
1809000, -62.506880
1809670, -62.254251
1810340, -62.002781
1811010, -61.750428
1811680, -61.499366
1812350, -61.247485
1813020, -60.997010
1813690, -60.745875
1814360, -60.496186
1815030, -60.245789
1815700, -59.996864
1816370, -59.747309
1817040, -59.499155
1817710, -59.250186
1818380, -59.002527
1819050, -58.754037
1819720, -58.506655
1820390, -58.258088
1821060, -58.010396
1821730, -57.761380
1822400, -57.512876
1823070, -57.262496
1823740, -57.012209
1824410, -56.759747
1825080, -56.506801
1825750, -56.250856
1826420, -55.993764
1827090, -55.733141
1827760, -55.470456
1828430, -55.203022
1829100, -54.932514
1829770, -54.656254
1830440, -54.375437
1831110, -54.087110
1831780, -53.792678
1832450, -53.488791
1833120, -53.176236
1833790, -52.851627
1834460, -52.515462
1835130, -52.163472
1835800, -51.795733
1836470, -51.407381
1837140, -50.997223
1837810, -50.559772
1838480, -50.092043
1839150, -49.586673
1839820, -49.038598
1840490, -48.437677
1841160, -47.774996
1841830, -47.035354
1842500, -46.204303
1843170, -45.257797
1843840, -44.170042
1844510, -42.902806
1845180, -41.411035
1845850, -39.630689
1846520, -37.484419
1847190, -34.870083
1847860, -31.671003
1848530, -27.760838
1849200, -23.049182
1849870, -17.549247
1850540, -11.500170
1851210, -5.440379
1851880, -0.137194
1852550, 3.724489
1853220, 5.845638
1853890, 6.361735
1854560, 5.629021
1855230, 4.023895
1855900, 1.840654
1856570, -0.708632
1857240, -3.481845
1857910, -6.378041
1858580, -9.331384
1859250, -12.293377
1859920, -15.235113
1860590, -18.134738
1861260, -20.983145
1861930, -23.773877
1862600, -26.511163
1863270, -29.199894
1863940, -31.854018
1864610, -34.488572
1865280, -37.127304
1865950, -39.792352
1866620, -42.511550
1867290, -45.305426
1867960, -48.189782
1868630, -51.158119
1869300, -54.178231
1869970, -57.173646
1870640, -60.031439
1871310, -62.611872
1871980, -64.792729
1872650, -66.502834
1873320, -67.746192
1873990, -68.580426
1874660, -69.094193
1875330, -69.371896
1876000, -69.487286
1876670, -69.491618
1877340, -69.424059
1878010, -69.307246
1878680, -69.159372
1879350, -68.988711
1880020, -68.803993
1880690, -68.607394
1881360, -68.403766
1882030, -68.192841
1882700, -67.977920
1883370, -67.757752
1884040, -67.534999
1884710, -67.308005
1885380, -67.079183
1886050, -66.846719
1886720, -66.612908
1887390, -66.375857
1888060, -66.137822
1888730, -65.896891
1889400, -65.655296
1890070, -65.411097
1890740, -65.166517
1891410, -64.919629
1892080, -64.672650
1892750, -64.423625
1893420, -64.174760
1894090, -63.924125
1894760, -63.673924
1895430, -63.422183
1896100, -63.171092
1896770, -62.918707
1897440, -62.667212
1898110, -62.414606
1898780, -62.163049
1899450, -61.910581
1900120, -61.659349
1900790, -61.407314
1901460, -61.156597
1902130, -60.905209
1902800, -60.655254
1903470, -60.404637
1904140, -60.155431
1904810, -59.905608
1905480, -59.657219
1906150, -59.408103
1906820, -59.160270
1907490, -58.911644
1908160, -58.664219
1908830, -58.415747
1909500, -58.168161
1910170, -57.919329
1910840, -57.671173
1911510, -57.421338
1912180, -57.171663
1912850, -56.919935
1913520, -56.667981
1914190, -56.413307
1914860, -56.157625
1915530, -55.898613
1916200, -55.637924
1916870, -55.372879
1917540, -55.105011
1918210, -54.831834
1918880, -54.554647
1919550, -54.270507
1920220, -53.980680
1920890, -53.682361
1921560, -53.376158
1922230, -53.058723
1922900, -52.730877
1923570, -52.388578
1924240, -52.031778
1924910, -51.656390
1925580, -51.261233
1926250, -50.840954
1926920, -50.393643
1927590, -49.912109
1928260, -49.392721
1928930, -48.825683
1929600, -48.204103
1930270, -47.514409
1930940, -46.743981
1931610, -45.872507
1932280, -44.878495
1932950, -43.729213
1933620, -42.386567
1934290, -40.796335
1934960, -38.892921
1935630, -36.587431
1936300, -33.774292
1936970, -30.328169
1937640, -26.132375
1938310, -21.120555
1938980, -15.377364
1939650, -9.244587
1940320, -3.369066
1940990, 1.471187
1941660, 4.704111
1942330, 6.205483
1943000, 6.217947
1943670, 5.126412
1944340, 3.279513
1945010, 0.942424
1945680, -1.703401
1946350, -4.530579
1947020, -7.454956
1947690, -10.415333
1948360, -13.373549
1949030, -16.301086
1949700, -19.183610
1950370, -22.010559
1951040, -24.781766
1951710, -27.499431
1952380, -30.174496
1953050, -32.818576
1953720, -35.452591
1954390, -38.097381
1955060, -40.779943
1955730, -43.523515
1956400, -46.350282
1957070, -49.266488
1957740, -52.260184
1958410, -55.281314
1959080, -58.241962
1959750, -61.013591
1960420, -63.460917
1961090, -65.473362
1961760, -67.009591
1962430, -68.093882
1963100, -68.801202
1963770, -69.218618
1964440, -69.430253
1965110, -69.499123
1965780, -69.474233
1966450, -69.385670
1967120, -69.256620
1967790, -69.098796
1968460, -68.923010
1969130, -68.732902
1969800, -68.534110
1970470, -68.326999
1971140, -68.115136
1971810, -67.897575
1972480, -67.677043
1973150, -67.452056
1973820, -67.224998
1974490, -66.994177
1975160, -66.761839
1975830, -66.526185
1976500, -66.289393
1977170, -66.049642
1977840, -65.809092
1978510, -65.565891
1979180, -65.322173
1979850, -65.076094
1980520, -64.829796
1981190, -64.581417
1981860, -64.333071
1982530, -64.082905
1983200, -63.833053
1983870, -63.581639
1984540, -63.330756
1985210, -63.078540
1985880, -62.827108
1986550, -62.574561
1987220, -62.322962
1987890, -62.070423
1988560, -61.819040
1989230, -61.566876
1989900, -61.315949
1990570, -61.064342
1991240, -60.814119
1991910, -60.563290
1992580, -60.313820
1993250, -60.063749
1993920, -59.815101
1994590, -59.565823
1995260, -59.317813
1995930, -59.069057
1996600, -58.821529
1997270, -58.573107
1997940, -58.325602
1998610, -58.076934
1999280, -57.829018
1999950, -57.579643
2000620, -57.330516
2001290, -57.079473
2001960, -56.828345
2002630, -56.574806
2003300, -56.320425
2003970, -56.062919
2004640, -55.804010
2005310, -55.541169
2005980, -55.275779
2006650, -55.005390
2007320, -54.731554
2007990, -54.451341
2008660, -54.165874
2009330, -53.872439
2010000, -53.571985
2010670, -53.261166
2011340, -52.940670
2012010, -52.607157
2012680, -52.260418
2013350, -51.896428
2014020, -51.514763
2014690, -51.110131
2015360, -50.681164
2016030, -50.221293
2016700, -49.727280
2017370, -49.190642
2018040, -48.605432
2018710, -47.959573
2019380, -47.242989
2020050, -46.437542
2020720, -45.524888
2021390, -44.477095
2022060, -43.262370
2022730, -41.834834
2023400, -40.139077
2024070, -38.098641
2024740, -35.620958
2025410, -32.589613
2026080, -28.881353
2026750, -24.387346
2027420, -19.086835
2028090, -13.143143
2028760, -7.016451
2029430, -1.431967
2030100, 2.862772
2030770, 5.451486
2031440, 6.364698
2032110, 5.927139
2032780, 4.521206
2033450, 2.468893
2034120, -0.000077
2034790, -2.724018
2035460, -5.595888
2036130, -8.538635
2036800, -11.502744
2037470, -14.451619
2038140, -17.364767
2038810, -20.226999
2039480, -23.034195
2040150, -25.784368
2040820, -28.485614
2041490, -31.146851
2042160, -33.785409
2042830, -36.419926
2043500, -39.076227
2044170, -41.777767
2044840, -44.550610
2045510, -47.409568
2046180, -50.357966
2046850, -53.368723
2047520, -56.380829
2048190, -59.287432
2048860, -61.955833
2049530, -64.252730
2050200, -66.092436
2050870, -67.456263
2051540, -68.392837
2052210, -68.982817
2052880, -69.316681
2053550, -69.468808
2054220, -69.499338
2054890, -69.447427
2055560, -69.342638
2056230, -69.201140
2056900, -69.036520
2057570, -68.854343
2058240, -68.661322
2058910, -68.458644
2059580, -68.250254
2060250, -68.035587
2060920, -67.817479
2061590, -67.594650
2062260, -67.369476
2062930, -67.140396
2063600, -66.909603
2064270, -66.675415
2064940, -66.439934
2065610, -66.201426
2066280, -65.961974
2066950, -65.719826
2067620, -65.477030
2068290, -65.231820
2068960, -64.986253
2069630, -64.738572
2070300, -64.490802
2070970, -64.241164
2071640, -63.991706
2072310, -63.740667
2072980, -63.490046
2073650, -63.238053
2074320, -62.986717
2074990, -62.734268
2075660, -62.482670
2076330, -62.230107
2077000, -61.978586
2077670, -61.726314
2078340, -61.475208
2079010, -61.223417
2079680, -60.972914
2080350, -60.721874
2081020, -60.472152
2081690, -60.221853
2082360, -59.972903
2083030, -59.723440
2083700, -59.475244
2084370, -59.226359
2085040, -58.978657
2085710, -58.730235
2086380, -58.482778
2087050, -58.234257
2087720, -57.986477
2088390, -57.737483
2089060, -57.488847
2089730, -57.238444
2090400, -56.987992
2091070, -56.735466
2091740, -56.482288
2092410, -56.226207
2093080, -55.968826
2093750, -55.707976
2094420, -55.444885
2095090, -55.177125
2095760, -54.906127
2096430, -54.629411
2097100, -54.347932
2097770, -54.058998
2098440, -53.763767
2099110, -53.459069
2099780, -53.145449
2100450, -52.819783
2101120, -52.482222
2101790, -52.128762
2102460, -51.759228
2103130, -51.368883
2103800, -50.956282
2104470, -50.516038
2105140, -50.044904
2105810, -49.535741
2106480, -48.982982
2107150, -48.376624
2107820, -47.707237
2108490, -46.959477
2109160, -46.118328
2109830, -45.159587
2110500, -44.056475
2111170, -42.770122
2111840, -41.253661
2112510, -39.442010
2113180, -37.255582
2113850, -34.590547
2114520, -31.328664
2115190, -27.344665
2115860, -22.554391
2116530, -16.987762
2117200, -10.908907
2117870, -4.886144
2118540, 0.304713
2119210, 4.004649
2119880, 5.960575
2120550, 6.339768
2121220, 5.507794
2121890, 3.835655
2122560, 1.609175
2123230, -0.967085
2123900, -3.755763
2124570, -6.659918
2125240, -9.615883
2125910, -12.577088
2126580, -15.515605
2127250, -18.410770
2127920, -21.253999
2128590, -24.039687
2129260, -26.771658
2129930, -29.456165
2130600, -32.107725
2131270, -34.741570
2131940, -37.381671
2132610, -40.050850
2133280, -42.776330
2133950, -45.578538
2134620, -48.471567
2135290, -51.446674
2135960, -54.467953
2136630, -57.455220
2137300, -60.292066
2137970, -62.838456
2138640, -64.976344
2139310, -66.640915
2139980, -67.842112
2140650, -68.641868
2141320, -69.129578
2141990, -69.388927
2142660, -69.491720
2143330, -69.487766
2144000, -69.414630
2144670, -69.294223
2145340, -69.143832
2146010, -68.971547
2146680, -68.785574
2147350, -68.588163
2148020, -68.383808
2148690, -68.172418
2149360, -67.957002
2150030, -67.736526
2150700, -67.513387
2151370, -67.286167
2152040, -67.057024
2152710, -66.824384
2153380, -66.590293
2154050, -66.353103
2154720, -66.114821
2155390, -65.873782
2156060, -65.631969
2156730, -65.387690
2157400, -65.142920
2158070, -64.895979
2158740, -64.648836
2159410, -64.399782
2160080, -64.150780
2160750, -63.900143
2161420, -63.649827
2162090, -63.398104
2162760, -63.146921
2163430, -62.894579
2164100, -62.643011
2164770, -62.390463
2165440, -62.138852
2166110, -61.886462
2166780, -61.635189
2167450, -61.383239
2168120, -61.132492
2168790, -60.881204
2169460, -60.631222
2170130, -60.380701
2170800, -60.131471
2171470, -59.881751
2172140, -59.633333
2172810, -59.384302
2173480, -59.136430
2174150, -58.887888
2174820, -58.640405
2175490, -58.391983
2176160, -58.144317
2176830, -57.895521
2177500, -57.647249
2178170, -57.397397
2178840, -57.147567
2179510, -56.895793
2180180, -56.643627
2180850, -56.388828
2181520, -56.132872
2182190, -55.873685
2182860, -55.612635
2183530, -55.347299
2184200, -55.078974
2184870, -54.805423
2185540, -54.527648
2186210, -54.242960
2186880, -53.952392
2187550, -53.653315
2188220, -53.346108
2188890, -53.027673
2189560, -52.698594
2190230, -52.354971
2190900, -51.996523
2191570, -51.619399
2192240, -51.222053
2192910, -50.799378
2193580, -50.349057
2194250, -49.864133
2194920, -49.340516
2195590, -48.768616
2196260, -48.140995
2196930, -47.444237
2197600, -46.665039
2198270, -45.782818
2198940, -44.775214
2199610, -43.608954
2200280, -42.244725
2200950, -40.627339
2201620, -38.689033
2202290, -36.339172
2202960, -33.470101
2203630, -29.955954
2204300, -25.681864
2204970, -20.591962
2205640, -14.791088
2206310, -8.650274
2206980, -2.841226
2207650, 1.862443
2208320, 4.925899
2208990, 6.268299
2209660, 6.156338
2210330, 4.977319
2211000, 3.072602
2211670, 0.698562
2212340, -1.969876
2213010, -4.809720
2213680, -7.739897
2214350, -10.701598
2215020, -13.657935
2215690, -16.581750
2216360, -19.459347
2217030, -22.281135
2217700, -25.047355
2218370, -27.760179
2219040, -30.431414
2219710, -33.073747
2220380, -35.707680
2221050, -38.354920
2221720, -41.042448
2222390, -43.793317
2223060, -46.628839
2223730, -49.553672
2224400, -52.552743
2225070, -55.572450
2225740, -58.520661
2226410, -61.266493
2227080, -63.675260
2227750, -65.642357
2228420, -67.132908
2229090, -68.177084
2229760, -68.852572
2230430, -69.246798
2231100, -69.442200
2231770, -69.500236
2232440, -69.468066
2233110, -69.374793
2233780, -69.242512
2234450, -69.082603
2235120, -68.905270
2235790, -68.714158
2236460, -68.514515
2237130, -68.306853
2237800, -68.094439
2238470, -67.876529
2239140, -67.655585
2239810, -67.430347
2240480, -67.202952
2241150, -66.971939
2241820, -66.739310
2242490, -66.503502
2243160, -66.266455
2243830, -66.026583
2244500, -65.785810
2245170, -65.542517
2245840, -65.298602
2246510, -65.052459
2247180, -64.805994
2247850, -64.557576
2248520, -64.309085
2249190, -64.058907
2249860, -63.808938
2250530, -63.557534
2251200, -63.306554
2251870, -63.054371
2252540, -62.802867
2253210, -62.550371
2253880, -62.298713
2254550, -62.046244
2255220, -61.794824
2255890, -61.542741
2256560, -61.291782
2257230, -61.040268
2257900, -60.790029
2258570, -60.539295
2259240, -60.289803
2259910, -60.039830
2260580, -59.791167
2261250, -59.541980
2261920, -59.293936
2262590, -59.045261
2263260, -58.797698
2263930, -58.549337
2264600, -58.301761
2265270, -58.053131
2265940, -57.805130
2266610, -57.555756
2267280, -57.306490
2267950, -57.055406
2268620, -56.804110
2269290, -56.550473
2269960, -56.295842
2270630, -56.038175
2271300, -55.778966
2271970, -55.515875
2272640, -55.250065
2273310, -54.979327
2273980, -54.704944
2274650, -54.424216
2275320, -54.138042
2275990, -53.843948
2276660, -53.542582
2277330, -53.230841
2278000, -52.909190
2278670, -52.574429
2279340, -52.226130
2280010, -51.860502
2280680, -51.476767
2281350, -51.069867
2282020, -50.638195
2282690, -50.175231
2283360, -49.677491
2284030, -49.136490
2284700, -48.546009
2285370, -47.893877
2286040, -47.169416
2286710, -46.354581
2287380, -45.430220
2288050, -44.367945
2288720, -43.134888
2289390, -41.684367
2290060, -39.958983
2290730, -37.880952
2291400, -35.355359
2292070, -32.264344
2292740, -28.484445
2293410, -23.912012
2294080, -18.538191
2294750, -12.552286
2295420, -6.443858
2296090, -0.954496
2296760, 3.187442
2297430, 5.607568
2298100, 6.374675
2298770, 5.828067
2299440, 4.347627
2300110, 2.246698
2300780, -0.252683
2301450, -2.994945
2302120, -5.876296
2302790, -8.822834
2303460, -11.786699
2304130, -14.732859
2304800, -17.641594
2305470, -20.498744
2306140, -23.300646
2306810, -26.046158
2307480, -28.742863
2308150, -31.400992
2308820, -34.038434
2309490, -36.673764
2310160, -39.333302
2310830, -42.040728
2311500, -44.821385
2312170, -47.689366
2312840, -50.645580
2313510, -53.659933
2314180, -56.667204
2314850, -59.557041
2315520, -62.194925
2316190, -64.450318
2316860, -66.243715
2317530, -67.563484
2318200, -68.462926
2318870, -69.024555
2319540, -69.337995
2320210, -69.476208
2320880, -69.497342
2321550, -69.439315
2322220, -69.330385
2322890, -69.186214
2323560, -69.019677
2324230, -68.836252
2324900, -68.642229
2325570, -68.438893
2326240, -68.229887
2326910, -68.014821
2327580, -67.796272
2328250, -67.573165
2328920, -67.347638
2329590, -67.118347
2330260, -66.887255
2330930, -66.652899
2331600, -66.417155
2332270, -66.178515
2332940, -65.938832
2333610, -65.696580
2334280, -65.453581
2334950, -65.208295
2335620, -64.962554
2336290, -64.714823
2336960, -64.466902
2337630, -64.217240
2338300, -63.967659
2338970, -63.716619
2339640, -63.465895
2340310, -63.213924
2340980, -62.962511
2341650, -62.710103
2342320, -62.458442
2342990, -62.205939
2343660, -61.954377
2344330, -61.702177
2345000, -61.451037
2345670, -61.199331
2346340, -60.948809
2347010, -60.697857
2347680, -60.448113
2348350, -60.197906
2349020, -59.948941
2349690, -59.699563
2350360, -59.451335
2351030, -59.202528
2351700, -58.954793
2352370, -58.706430
2353040, -58.458907
2353710, -58.210423
2354380, -57.962563
2355050, -57.713571
2355720, -57.464804
2356390, -57.214363
2357060, -56.963752
2357730, -56.711133
2358400, -56.457717
2359070, -56.201482
2359740, -55.943813
2360410, -55.682725
2361080, -55.419231
2361750, -55.151136
2362420, -54.879654
2363090, -54.602474
2363760, -54.320339
2364430, -54.030790
2365100, -53.734767
2365770, -53.429249
2366440, -53.114570
2367110, -52.787837
2367780, -52.448885
2368450, -52.093941
2369120, -51.722616
2369790, -51.330262
2370460, -50.915218
2371130, -50.472162
2371800, -49.997614
2372470, -49.484626
2373140, -48.927163
2373810, -48.315168
2374480, -47.638914
2375150, -46.882863
2375820, -46.031291
2376490, -45.059985
2377160, -43.941176
2377830, -42.635076
2378500, -41.093248
2379170, -39.249504
2379840, -37.021998
2380510, -34.305171
2381180, -30.979262
2381850, -26.920263
2382520, -22.050975
2383190, -16.418508
2383860, -10.316334
2384530, -4.339893
2385200, 0.730490
2385870, 4.265814
2386540, 6.057667
2387210, 6.303535
2387880, 5.376061
2388550, 3.639908
2389220, 1.372316
2389890, -1.229376
2390560, -4.032702
2391230, -6.944016
2391900, -9.901920
2392570, -12.861785
2393240, -15.796669
2393910, -18.687047
2394580, -21.524864
2395250, -24.305390
2395920, -27.032829
2396590, -29.713296
2397260, -32.362264
2397930, -34.995889
2398600, -37.637520
2399270, -40.310981
2399940, -43.043032
2400610, -45.853735
2401280, -48.755663
2401950, -51.737692
2402620, -54.760090
2403290, -57.738776
2403960, -60.553857
2404630, -63.065158
2405300, -65.158910
2405970, -66.776957
2406640, -67.935863
2407310, -68.701407
2407980, -69.163463
2408650, -69.404820
2409320, -69.495310
2409990, -69.483264
2410660, -69.404692
2411330, -69.280769
2412000, -69.127922
2412670, -68.954039
2413340, -68.766839
2414010, -68.568620
2414680, -68.363552
2415350, -68.151692
2416020, -67.935789
2416690, -67.714997
2417360, -67.491481
2418030, -67.264026
2418700, -67.034568
2419370, -66.801745
2420040, -66.567380
2420710, -66.330042
2421380, -66.091520
2422050, -65.850366
2422720, -65.608342
2423390, -65.363973
2424060, -65.119021
2424730, -64.872021
2425400, -64.624721
2426070, -64.375631
2426740, -64.126498
2427410, -63.875854
2428080, -63.625431
2428750, -63.373721
2429420, -63.122453
2430090, -62.870150
2430760, -62.618517
2431430, -62.366021
2432100, -62.114364
2432770, -61.862048
2433440, -61.610742
2434110, -61.358871
2434780, -61.108102
2435450, -60.856909
2436120, -60.606911
2436790, -60.356480
2437460, -60.107235
2438130, -59.857614
2438800, -59.609174
2439470, -59.360224
2440140, -59.112321
2440810, -58.863858
2441480, -58.616325
2442150, -58.367947
2442820, -58.120209
2443490, -57.871444
2444160, -57.623064
2444830, -57.373188
2445500, -57.123210
2446170, -56.871385
2446840, -56.619014
2447510, -56.364082
2448180, -56.107858
2448850, -55.848488
2449520, -55.587084
2450190, -55.321447
2450860, -55.052670
2451530, -54.778736
2452200, -54.500375
2452870, -54.215128
2453540, -53.923822
2454210, -53.623972
2454880, -53.315761
2455550, -52.996311
2456220, -52.665987
2456890, -52.321014
2457560, -51.960907
2458230, -51.581912
2458900, -51.182277
2459570, -50.757104
2460240, -50.303688
2460910, -49.815272
2461580, -49.287329
2462250, -48.710444
2462920, -48.076652
2463590, -47.372662
2464260, -46.584509
2464930, -45.691293
2465600, -44.669802
2466270, -43.486177
2466940, -42.099897
2467610, -40.454767
2468280, -38.480848
2468950, -36.085719
2469620, -33.159697
2470290, -29.576430
2470960, -25.224391
2471630, -20.057657
2472300, -14.202017
2472970, -8.059913
2473640, -2.324868
2474310, 2.236288
2474980, 5.128887
2475650, 6.314686
2476320, 6.082110
2476990, 4.819054
2477660, 2.858968
2478330, 0.449707
2479000, -2.239967
2479670, -5.091740
2480340, -8.027053
2481010, -10.989432
2481680, -13.943321
2482350, -16.862944
2483020, -19.735262
2483690, -22.551612
2484360, -25.312661
2485030, -28.021379
2485700, -30.688951
2486370, -33.329511
2487040, -35.963977
2487710, -38.613864
2488380, -41.306559
2489050, -44.064889
2489720, -46.909220
2490390, -49.842810
2491060, -52.847317
2491730, -55.865386
2492400, -58.800578
2493070, -61.519680
2493740, -63.888902
2494410, -65.809895
2495080, -67.254462
2495750, -68.258591
2496420, -68.902527
2497090, -69.273864
2497760, -69.453307
2498430, -69.500697
2499100, -69.461389
2499770, -69.363486
2500440, -71.831100
2501110, -73.332163
2501780, -74.256670
2502450, -74.825570
2503120, -75.179485
2503790, -75.394394
2504460, -75.525674
2505130, -75.598592
2505800, -75.637992
2506470, -75.650546
2507140, -75.649636
2507810, -75.634795
2508480, -75.614894
2509150, -75.586598
2509820, -75.556922
2510490, -75.521327
2511160, -75.486032
2511830, -75.445972
2512500, -75.407006
2513170, -75.363834
2513840, -75.322147
2514510, -75.276535
2515180, -75.232607
2515850, -75.184902
2516520, -75.138987
2517190, -75.089376
2517860, -75.041615
2518530, -74.990207
2519200, -74.940685
2519870, -74.887549
2520540, -74.836323
2521210, -74.781508
2521880, -74.728623
2522550, -74.672172
2523220, -74.617668
2523890, -74.559619
2524560, -74.503535
2525230, -74.443928
2525900, -74.386306
2526570, -74.325183
2527240, -74.266065
2527910, -74.203471
2528580, -74.142905
2529250, -74.078888
2529920, -74.016923
2530590, -73.951536
2531260, -73.888224
2531930, -73.821520
2532600, -73.756917
2533270, -73.688953
2533940, -73.623120
2534610, -73.553958
2535280, -73.486959
2535950, -73.416667
2536620, -73.348570
2537290, -73.277217
2537960, -73.208094
2538630, -73.135752
2539300, -73.065674
2539970, -72.992418
2540640, -72.921463
2541310, -72.847366
2541980, -72.775603
2542650, -72.700737
2543320, -72.628242
2543990, -72.552686
2544660, -72.479538
2545330, -72.403370
2546000, -72.329650
2546670, -72.252953
2547340, -72.178743
2548010, -72.101599
2548680, -72.026980
2549350, -71.949470
2550020, -71.874523
2550690, -71.796721
2551360, -71.721515
2552030, -71.643494
2552700, -71.568105
2553370, -71.489940
2554040, -71.414446
2554710, -71.336217
2555380, -71.260696
2556050, -71.182480
2556720, -71.107009
2557390, -71.028883
2558060, -70.953539
2558730, -70.875575
2559400, -70.800418
2560070, -70.722672
2560740, -70.647761
2561410, -70.570294
2562080, -70.495693
2562750, -70.418570
2563420, -70.344343
2564090, -70.267630
2564760, -70.193844
2565430, -70.117604
2566100, -70.044321
2566770, -69.968618
2567440, -69.895897
2568110, -69.820774
2568780, -69.748649
2569450, -69.674143
2570120, -69.602652
2570790, -69.528806
2571460, -69.457998
2572130, -69.384860
2572800, -69.314782
2573470, -69.242400
2574140, -69.173101
2574810, -69.101522
2575480, -69.033048
2576150, -68.962320
2576820, -68.894709
2577490, -68.824851
2578160, -68.758113
2578830, -68.689136
2579500, -68.623288
2580170, -68.555216
2580840, -68.490287
2581510, -68.423150
2582180, -68.359170
2582850, -68.293000
2583520, -68.230002
2584190, -68.164832
2584860, -68.102848
2585530, -68.038710
2586200, -67.977771
2586870, -67.914689
2587540, -67.854800
2588210, -67.792760
2588880, -67.733907
2589550, -67.672905
2590220, -67.615093
2590890, -67.555141
2591560, -67.498384
2592230, -67.439498
2592900, -67.383816
2593570, -67.326015
2594240, -67.271428
2594910, -67.214735
2595580, -67.161264
2596250, -67.105699
2596920, -67.053365
2597590, -66.998949
2598260, -66.947772
2598930, -66.894507
2599600, -66.844456
2600270, -66.792304
2600940, -66.743358
2601610, -66.692309
2602280, -66.644463
2602950, -66.594518
2603620, -66.547778
2604290, -66.498946
2604960, -66.453324
2605630, -66.405618
2606300, -66.361127
2606970, -66.314562
2607640, -66.271217
2608310, -66.225806
2608980, -66.183621
2609650, -66.139380
2610320, -66.098370
2610990, -66.055312
2611660, -66.015491
2612330, -65.973629
2613000, -65.934996
2613670, -65.894302
2614340, -65.856814
2615010, -65.817252
2615680, -65.780885
2616350, -65.742439
2617020, -65.707185
2617690, -65.669854
2618360, -65.635713
2619030, -65.599501
2619700, -65.566480
2620370, -65.531394
2621040, -65.499502
2621710, -65.465549
2622380, -65.434795
2623050, -65.401986
2623720, -65.372378
2624390, -65.340722
2625060, -65.312268
2625730, -65.281772
2626400, -65.254481
2627070, -65.225152
2627740, -65.199030
2628410, -65.170874
2629080, -65.145925
2629750, -65.118946
2630420, -65.095174
2631090, -65.069376
2631760, -65.046784
2632430, -65.022167
2633100, -65.000755
2633770, -64.977320
2634440, -64.957073
2635110, -64.934778
2635780, -64.915652
2636450, -64.894465
2637120, -64.876434
2637790, -64.856336
2638460, -64.839386
2639130, -64.820365
2639800, -64.804485
2640470, -64.786534
2641140, -64.771719
2641810, -64.754831
2642480, -64.741073
2643150, -64.725241
2643820, -64.712536
2644490, -64.697753
2645160, -64.686091
2645830, -64.672349
2646500, -64.661722
2647170, -64.649011
2647840, -64.639408
2648510, -64.627717
2649180, -64.619125
2649850, -64.608440
2650520, -64.600846
2651190, -64.591153
2651860, -64.584541
2652530, -64.575822
2653200, -64.570174
2653870, -64.562412
2654540, -64.557708
2655210, -64.550881
2655880, -64.547100
2656550, -64.541188
2657220, -64.538307
2657890, -64.533284
2658560, -64.531279
2659230, -64.527121
2659900, -64.525965
2660570, -64.522644
2661240, -64.522310
2661910, -64.519797
2662580, -64.520256
2663250, -64.518522
2663920, -64.519742
2664590, -64.518756
2665260, -64.520706
2665930, -64.520435
2666600, -64.523082
2667270, -64.523493
2667940, -64.526802
2668610, -64.527860
2669280, -64.531798
2669950, -64.533468
2670620, -64.537998
2671290, -64.540243
2671960, -64.545330
2672630, -64.548114
2673300, -64.553720
2673970, -64.557007
2674640, -64.563095
2675310, -64.566847
2675980, -64.573379
2676650, -64.577559
2677320, -64.584499
2677990, -64.589070
2678660, -64.596380
2679330, -64.601303
2680000, -64.608946
2680670, -64.614186
2681340, -64.622125
2682010, -64.627645
2682680, -64.635844
2683350, -64.641608
2684020, -64.650032
2684690, -64.656003
2685360, -64.664617
2686030, -64.670763
2686700, -64.679532
2687370, -64.685818
2688040, -64.694710
2688710, -64.701104
2689380, -64.710086
2690050, -64.716557
2690720, -64.725598
2691390, -64.732115
2692060, -64.741187
2692730, -64.747721
2693400, -64.756793
2694070, -64.763317
2694740, -64.772364
2695410, -64.778850
2696080, -64.787846
2696750, -64.794271
2697420, -64.803191
2698090, -64.809530
2698760, -64.818353
2699430, -64.824584
2700100, -64.833287
2700770, -64.839391
2701440, -64.847955
2702110, -64.853912
2702780, -64.862318
2703450, -64.868111
2704120, -64.876343
2704790, -64.881955
2705460, -64.889999
2706130, -64.895416
2706800, -64.903256
2707470, -64.908466
2708140, -64.916091
2708810, -64.921082
2709480, -64.928481
2710150, -64.933242
2710820, -64.940405
2711490, -64.944928
2712160, -64.951848
2712830, -64.956125
2713500, -64.962795
2714170, -64.966821
2714840, -64.973234
2715510, -64.977004
2716180, -64.983157
2716850, -64.986666
2717520, -64.992557
2718190, -64.995803
2718860, -65.001428
2719530, -65.004410
2720200, -65.009765
2720870, -65.012474
2721540, -65.017552
2722210, -65.019984
2722880, -65.024782
2723550, -65.026936
2724220, -65.031456
2724890, -65.033334
2725560, -65.037579
2726230, -65.039185
2726900, -65.043159
2727570, -65.044498
2728240, -65.048207
2728910, -65.049286
2729580, -65.052736
2730250, -65.053562
2730920, -65.056760
2731590, -65.057340
2732260, -65.060294
2732930, -65.060635
2733600, -65.063354
2734270, -65.063465
2734940, -65.065957
2735610, -65.065847
2736280, -65.068119
2736950, -65.067797
2737620, -65.069860
2738290, -65.069334
2738960, -65.071197
2739630, -65.070476
2740300, -65.072148
2740970, -65.071243
2741640, -65.072733
2742310, -65.071652
2742980, -65.072970
2743650, -65.071723
2744320, -65.072878
2744990, -65.071475
2745660, -65.072476
2746330, -65.070926
2747000, -65.071783
2747670, -65.070095
2748340, -65.070818
2749010, -65.069002
2749680, -65.069599
2750350, -65.067663
2751020, -65.068145
2751690, -65.066099
2752360, -65.066473
2753030, -65.064325
2753700, -65.064601
2754370, -65.062361
2755040, -65.062546
2755710, -65.060222
2756380, -65.060326
2757050, -65.057926
2757720, -65.057957
2758390, -65.055489
2759060, -65.055454
2759730, -65.052926
2760400, -65.052834
2761070, -65.050253
2761740, -65.050111
2762410, -65.047485
2763080, -65.047299
2763750, -65.044636
2764420, -65.044414
2765090, -65.041719
2765760, -65.041468
2766430, -65.038749
2767100, -65.038474
2767770, -65.035736
2768440, -65.035444
2769110, -65.032694
2769780, -65.032391
2770450, -65.029633
2771120, -65.029325
2771790, -65.026565
2772460, -65.026256
2773130, -65.023500
2773800, -65.023195
2774470, -65.020448
2775140, -65.020152
2775810, -65.017417
2776480, -65.017134
2777150, -65.014416
2777820, -65.014150
2778490, -65.011453
2779160, -65.011209
2779830, -65.008536
2780500, -65.008316
2781170, -65.005671
2781840, -65.005479
2782510, -65.002865
2783180, -65.002704
2783850, -65.000123
2784520, -64.999996
2785190, -64.997451
2785860, -64.997358
2786530, -64.994849
2787200, -64.994790
2787870, -64.992317
2788540, -64.992293
2789210, -64.989858
2789880, -64.989870
2790550, -64.987473
2791220, -64.987524
2791890, -64.985167
2792560, -64.985257
2793230, -64.982942
2793900, -64.983072
2794570, -64.980800
2795240, -64.980972
2795910, -64.978744
2796580, -64.978959
2797250, -64.976776
2797920, -64.977035
2798590, -64.974898
2799260, -64.975201
2799930, -64.973110
2800600, -64.973459
2801270, -64.971415
2801940, -64.971809
2802610, -64.969812
2803280, -64.970252
2803950, -64.968303
2804620, -64.968789
2805290, -64.966886
2805960, -64.967418
2806630, -64.965563
2807300, -64.966140
2807970, -64.964332
2808640, -64.964955
2809310, -64.963193
2809980, -64.963860
2810650, -64.962145
2811320, -64.962856
2811990, -64.961186
2812660, -64.961941
2813330, -64.960315
2814000, -64.961113
2814670, -64.959531
2815340, -64.960371
2816010, -64.958832
2816680, -64.959712
2817350, -64.958215
2818020, -64.959135
2818690, -64.957678
2819360, -64.958637
2820030, -64.957219
2820700, -64.958216
2821370, -64.956837
2822040, -64.957869
2822710, -64.956527
2823380, -64.957594
2824050, -64.956288
2824720, -64.957388
2825390, -64.956116
2826060, -64.957248
2826730, -64.956009
2827400, -64.957172
2828070, -64.955964
2828740, -64.957156
2829410, -64.955978
2830080, -64.957198
2830750, -64.956048
2831420, -64.957294
2832090, -64.956171
2832760, -64.957441
2833430, -64.956344
2834100, -64.957637
2834770, -64.956563
2835440, -64.957878
2836110, -64.956827
2836780, -64.958162
2837450, -64.957131
2838120, -64.958485
2838790, -64.957473
2839460, -64.958844
2840130, -64.957850
2840800, -64.959236
2841470, -64.958258
2842140, -64.959658
2842810, -64.958696
2843480, -64.960109
2844150, -64.959159
2844820, -64.960583
2845490, -64.959646
2846160, -64.961080
2846830, -64.960153
2847500, -64.961596
2848170, -64.960678
2848840, -64.962128
2849510, -64.961219
2850180, -64.962674
2850850, -64.961772
2851520, -64.963232
2852190, -64.962335
2852860, -64.963799
2853530, -64.962907
2854200, -64.964373
2854870, -64.963484
2855540, -64.964952
2856210, -64.964065
2856880, -64.965533
2857550, -64.964648
2858220, -64.966115
2858890, -64.965230
2859560, -64.966695
2860230, -64.965810
2860900, -64.967273
2861570, -64.966386
2862240, -64.967845
2862910, -64.966956
2863580, -64.968411
2864250, -64.967519
2864920, -64.968969
2865590, -64.968073
2866260, -64.969518
2866930, -64.968617
2867600, -64.970056
2868270, -64.969150
2868940, -64.970582
2869610, -64.969671
2870280, -64.971096
2870950, -64.970178
2871620, -64.971595
2872290, -64.970671
2872960, -64.972079
2873630, -64.971148
2874300, -64.972548
2874970, -64.971609
2875640, -64.973000
2876310, -64.972053
2876980, -64.973435
2877650, -64.972480
2878320, -64.973852
2878990, -64.972889
2879660, -64.974251
2880330, -64.973280
2881000, -64.974632
2881670, -64.973652
2882340, -64.974993
2883010, -64.974005
2883680, -64.975336
2884350, -64.974339
2885020, -64.975660
2885690, -64.974653
2886360, -64.975964
2887030, -64.974948
2887700, -64.976249
2888370, -64.975224
2889040, -64.976514
2889710, -64.975481
2890380, -64.976760
2891050, -64.975718
2891720, -64.976988
2892390, -64.975937
2893060, -64.977196
2893730, -64.976137
2894400, -64.977386
2895070, -64.976318
2895740, -64.977557
2896410, -64.976481
2897080, -64.977711
2897750, -64.976627
2898420, -64.977847
2899090, -64.976755
2899760, -64.977966
2900430, -64.976866
2901100, -64.978068
2901770, -64.976961
2902440, -64.978154
2903110, -64.977040
2903780, -64.978224
2904450, -64.977103
2905120, -64.978279
2905790, -64.977151
2906460, -64.978320
2907130, -64.977186
2907800, -64.978347
2908470, -64.977206
2909140, -64.978360
2909810, -64.977214
2910480, -64.978360
2911150, -64.977209
2911820, -64.978349
2912490, -64.977192
2913160, -64.978325
2913830, -64.977164
2914500, -64.978291
2915170, -64.977125
2915840, -64.978247
2916510, -64.977077
2917180, -64.978193
2917850, -64.977019
2918520, -64.978130
2919190, -64.976952
2919860, -64.978058
2920530, -64.976877
2921200, -64.977979
2921870, -64.976795
2922540, -64.977893
2923210, -64.976706
2923880, -64.977800
2924550, -64.976611
2925220, -64.977701
2925890, -64.976511
2926560, -64.977597
2927230, -64.976405
2927900, -64.977489
2928570, -64.976295
2929240, -64.977376
2929910, -64.976181
2930580, -64.977259
2931250, -64.976063
2931920, -64.977140
2932590, -64.975943
2933260, -64.977018
2933930, -64.975821
2934600, -64.976893
2935270, -64.975696
2935940, -64.976768
2936610, -64.975571
2937280, -64.976641
2937950, -64.975444
2938620, -64.976513
2939290, -64.975317
2939960, -64.976386
2940630, -64.975190
2941300, -64.976258
2941970, -64.975064
2942640, -64.976131
2943310, -64.974938
2943980, -64.976005
2944650, -64.974813
2945320, -64.975880
2945990, -64.974690
2946660, -64.975757
2947330, -64.974568
2948000, -64.975636
2948670, -64.974449
2949340, -64.975516
2950010, -64.974331
2950680, -64.975400
2951350, -64.974216
2952020, -64.975286
2952690, -64.974105
2953360, -64.975174
2954030, -64.973996
2954700, -64.975066
2955370, -64.973890
2956040, -64.974961
2956710, -64.973787
2957380, -64.974860
2958050, -64.973688
2958720, -64.974762
2959390, -64.973593
2960060, -64.974668
2960730, -64.973501
2961400, -64.974578
2962070, -64.973414
2962740, -64.974491
2963410, -64.973330
2964080, -64.974409
2964750, -64.973250
2965420, -64.974330
2966090, -64.973174
2966760, -64.974256
2967430, -64.973103
2968100, -64.974185
2968770, -64.973035
2969440, -64.974119
2970110, -64.972971
2970780, -64.974057
2971450, -64.972912
2972120, -64.973999
2972790, -64.972857
2973460, -64.973945
2974130, -64.972805
2974800, -64.973895
2975470, -64.972758
2976140, -64.973848
2976810, -64.972714
2977480, -64.973806
2978150, -64.972675
2978820, -64.973768
2979490, -64.972639
2980160, -64.973733
2980830, -64.972607
2981500, -64.973702
2982170, -64.972579
2982840, -64.973675
2983510, -64.972554
2984180, -64.973651
2984850, -64.972532
2985520, -64.973631
2986190, -64.972514
2986860, -64.973614
2987530, -64.972499
2988200, -64.973600
2988870, -64.972488
2989540, -64.973589
2990210, -64.972479
2990880, -64.973581
2991550, -64.972473
2992220, -64.973575
2992890, -64.972470
2993560, -64.973573
2994230, -64.972469
2994900, -64.973573
2995570, -64.972471
2996240, -64.973575
2996910, -64.972475
2997580, -64.973580
2998250, -64.972481
2998920, -64.973586
2999590, -64.972490
3000260, -64.973595
