# ./result/hh_impl_0810.txt
# dt = 810 [usec]
# t [usec], V [mV]
0, -65.000000
810, -64.997609
1620, -64.995327
2430, -64.993134
3240, -64.991018
4050, -64.988968
4860, -64.986980
5670, -64.985048
6480, -64.983169
7290, -64.981343
8100, -64.979566
8910, -64.977840
9720, -64.976162
10530, -64.974534
11340, -64.972955
12150, -64.971424
12960, -64.969943
13770, -64.968511
14580, -64.967128
15390, -64.965794
16200, -64.964510
17010, -64.963274
17820, -64.962088
18630, -64.960951
19440, -64.959862
20250, -64.958822
21060, -64.957831
21870, -64.956887
22680, -64.955991
23490, -64.955142
24300, -64.954341
25110, -64.953585
25920, -64.952875
26730, -64.952211
27540, -64.951591
28350, -64.951016
29160, -64.950484
29970, -64.949994
30780, -64.949547
31590, -64.949141
32400, -64.948776
33210, -64.948450
34020, -64.948163
34830, -64.947915
35640, -64.947704
36450, -64.947529
37260, -64.947389
38070, -64.947285
38880, -64.947214
39690, -64.947176
40500, -64.947169
41310, -64.947194
42120, -64.947248
42930, -64.947332
43740, -64.947443
44550, -64.947582
45360, -64.947747
46170, -64.947936
46980, -64.948150
47790, -64.948388
48600, -64.948647
49410, -64.948927
50220, -64.949228
51030, -64.949548
51840, -64.949887
52650, -64.950243
53460, -64.950615
54270, -64.951003
55080, -64.951406
55890, -64.951822
56700, -64.952251
57510, -64.952692
58320, -64.953144
59130, -64.953607
59940, -64.954078
60750, -64.954558
61560, -64.955046
62370, -64.955541
63180, -64.956042
63990, -64.956548
64800, -64.957059
65610, -64.957574
66420, -64.958092
67230, -64.958612
68040, -64.959134
68850, -64.959657
69660, -64.960181
70470, -64.960704
71280, -64.961227
72090, -64.961748
72900, -64.962267
73710, -64.962784
74520, -64.963298
75330, -64.963808
76140, -64.964314
76950, -64.964816
77760, -64.965313
78570, -64.965805
79380, -64.966290
80190, -64.966770
81000, -64.967243
81810, -64.967709
82620, -64.968168
83430, -64.968619
84240, -64.969062
85050, -64.969498
85860, -64.969925
86670, -64.970343
87480, -64.970752
88290, -64.971153
89100, -64.971544
89910, -64.971925
90720, -64.972297
91530, -64.972660
92340, -64.973012
93150, -64.973354
93960, -64.973687
94770, -64.974009
95580, -64.974321
96390, -64.974622
97200, -64.974913
98010, -64.975194
98820, -64.975465
99630, -64.975725
100440, -64.975975
101250, -64.976214
102060, -64.976444
102870, -64.976663
103680, -64.976871
104490, -64.977070
105300, -64.977259
106110, -64.977437
106920, -64.977606
107730, -64.977765
108540, -64.977914
109350, -64.978054
110160, -64.978184
110970, -64.978305
111780, -64.978417
112590, -64.978520
113400, -64.978614
114210, -64.978699
115020, -64.978776
115830, -64.978845
116640, -64.978905
117450, -64.978957
118260, -64.979002
119070, -64.979039
119880, -64.979068
120690, -64.979090
121500, -64.979106
122310, -64.979114
123120, -64.979116
123930, -64.979111
124740, -64.979100
125550, -64.979083
126360, -64.979060
127170, -64.979031
127980, -64.978997
128790, -64.978958
129600, -64.978913
130410, -64.978864
131220, -64.978811
132030, -64.978752
132840, -64.978690
133650, -64.978624
134460, -64.978554
135270, -64.978480
136080, -64.978403
136890, -64.978322
137700, -64.978239
138510, -64.978152
139320, -64.978063
140130, -64.977972
140940, -64.977878
141750, -64.977782
142560, -64.977685
143370, -64.977585
144180, -64.977484
144990, -64.977381
145800, -64.977278
146610, -64.977173
147420, -64.977067
148230, -64.976960
149040, -64.976853
149850, -64.976745
150660, -64.976637
151470, -64.976529
152280, -64.976420
153090, -64.976312
153900, -64.976204
154710, -64.976096
155520, -64.975988
156330, -64.975881
157140, -64.975775
157950, -64.975669
158760, -64.975564
159570, -64.975460
160380, -64.975357
161190, -64.975256
162000, -64.975155
162810, -64.975056
163620, -64.974958
164430, -64.974861
165240, -64.974766
166050, -64.974673
166860, -64.974581
167670, -64.974491
168480, -64.974403
169290, -64.974316
170100, -64.974231
170910, -64.974148
171720, -64.974067
172530, -64.973989
173340, -64.973912
174150, -64.973837
174960, -64.973764
175770, -64.973693
176580, -64.973624
177390, -64.973557
178200, -64.973493
179010, -64.973431
179820, -64.973370
180630, -64.973312
181440, -64.973256
182250, -64.973202
183060, -64.973151
183870, -64.973101
184680, -64.973054
185490, -64.973009
186300, -64.972966
187110, -64.972925
187920, -64.972886
188730, -64.972849
189540, -64.972814
190350, -64.972781
191160, -64.972751
191970, -64.972722
192780, -64.972695
193590, -64.972670
194400, -64.972647
195210, -64.972626
196020, -64.972607
196830, -64.972589
197640, -64.972574
198450, -64.972560
199260, -64.972547
200070, -64.972537
200880, -64.972528
201690, -64.972520
202500, -64.972514
203310, -64.972510
204120, -64.972507
204930, -64.972506
205740, -64.972506
206550, -64.972507
207360, -64.972510
208170, -64.972514
208980, -64.972519
209790, -64.972525
210600, -64.972532
211410, -64.972541
212220, -64.972550
213030, -64.972561
213840, -64.972572
214650, -64.972585
215460, -64.972598
216270, -64.972612
217080, -64.972627
217890, -64.972643
218700, -64.972659
219510, -64.972676
220320, -64.972694
221130, -64.972712
221940, -64.972731
222750, -64.972750
223560, -64.972770
224370, -64.972790
225180, -64.972811
225990, -64.972832
226800, -64.972853
227610, -64.972875
228420, -64.972897
229230, -64.972919
230040, -64.972941
230850, -64.972964
231660, -64.972987
232470, -64.973009
233280, -64.973032
234090, -64.973055
234900, -64.973078
235710, -64.973101
236520, -64.973124
237330, -64.973146
238140, -64.973169
238950, -64.973192
239760, -64.973214
240570, -64.973236
241380, -64.973258
242190, -64.973280
243000, -64.973302
243810, -64.973324
244620, -64.973345
245430, -64.973366
246240, -64.973386
247050, -64.973407
247860, -64.973427
248670, -64.973447
249480, -64.973466
250290, -64.973485
251100, -64.973504
251910, -64.973522
252720, -64.973540
253530, -64.973557
254340, -64.973575
255150, -64.973591
255960, -64.973607
256770, -64.973623
257580, -64.973639
258390, -64.973654
259200, -64.973668
260010, -64.973682
260820, -64.973696
261630, -64.973709
262440, -64.973722
263250, -64.973734
264060, -64.973746
264870, -64.973758
265680, -64.973769
266490, -64.973779
267300, -64.973789
268110, -64.973799
268920, -64.973808
269730, -64.973817
270540, -64.973825
271350, -64.973833
272160, -64.973840
272970, -64.973848
273780, -64.973854
274590, -64.973860
275400, -64.973866
276210, -64.973871
277020, -64.973876
277830, -64.973881
278640, -64.973885
279450, -64.973889
280260, -64.973892
281070, -64.973896
281880, -64.973898
282690, -64.973901
283500, -64.973903
284310, -64.973904
285120, -64.973906
285930, -64.973907
286740, -64.973908
287550, -64.973908
288360, -64.973908
289170, -64.973908
289980, -64.973908
290790, -64.973907
291600, -64.973906
292410, -64.973905
293220, -64.973904
294030, -64.973902
294840, -64.973900
295650, -64.973898
296460, -64.973896
297270, -64.973893
298080, -64.973891
298890, -64.973888
299700, -64.973885
300510, -64.973882
301320, -64.973878
302130, -64.973875
302940, -64.973871
303750, -64.973868
304560, -64.973864
305370, -64.973860
306180, -64.973856
306990, -64.973852
307800, -64.973848
308610, -64.973843
309420, -64.973839
310230, -64.973835
311040, -64.973830
311850, -64.973826
312660, -64.973821
313470, -64.973817
314280, -64.973812
315090, -64.973807
315900, -64.973803
316710, -64.973798
317520, -64.973793
318330, -64.973789
319140, -64.973784
319950, -64.973779
320760, -64.973775
321570, -64.973770
322380, -64.973766
323190, -64.973761
324000, -64.973757
324810, -64.973752
325620, -64.973748
326430, -64.973743
327240, -64.973739
328050, -64.973735
328860, -64.973730
329670, -64.973726
330480, -64.973722
331290, -64.973718
332100, -64.973714
332910, -64.973710
333720, -64.973706
334530, -64.973703
335340, -64.973699
336150, -64.973695
336960, -64.973692
337770, -64.973689
338580, -64.973685
339390, -64.973682
340200, -64.973679
341010, -64.973676
341820, -64.973673
342630, -64.973670
343440, -64.973667
344250, -64.973665
345060, -64.973662
345870, -64.973659
346680, -64.973657
347490, -64.973655
348300, -64.973652
349110, -64.973650
349920, -64.973648
350730, -64.973646
351540, -64.973645
352350, -64.973643
353160, -64.973641
353970, -64.973639
354780, -64.973638
355590, -64.973637
356400, -64.973635
357210, -64.973634
358020, -64.973633
358830, -64.973632
359640, -64.973631
360450, -64.973630
361260, -64.973629
362070, -64.973628
362880, -64.973628
363690, -64.973627
364500, -64.973627
365310, -64.973626
366120, -64.973626
366930, -64.973626
367740, -64.973625
368550, -64.973625
369360, -64.973625
370170, -64.973625
370980, -64.973625
371790, -64.973625
372600, -64.973625
373410, -64.973625
374220, -64.973626
375030, -64.973626
375840, -64.973626
376650, -64.973627
377460, -64.973627
378270, -64.973628
379080, -64.973628
379890, -64.973629
380700, -64.973629
381510, -64.973630
382320, -64.973631
383130, -64.973631
383940, -64.973632
384750, -64.973633
385560, -64.973633
386370, -64.973634
387180, -64.973635
387990, -64.973636
388800, -64.973637
389610, -64.973638
390420, -64.973639
391230, -64.973640
392040, -64.973641
392850, -64.973642
393660, -64.973642
394470, -64.973643
395280, -64.973644
396090, -64.973645
396900, -64.973646
397710, -64.973647
398520, -64.973648
399330, -64.973649
400140, -64.973650
400950, -64.973651
401760, -64.973653
402570, -64.973654
403380, -64.973655
404190, -64.973656
405000, -64.973656
405810, -64.973657
406620, -64.973658
407430, -64.973659
408240, -64.973660
409050, -64.973661
409860, -64.973662
410670, -64.973663
411480, -64.973664
412290, -64.973665
413100, -64.973666
413910, -64.973667
414720, -64.973668
415530, -64.973668
416340, -64.973669
417150, -64.973670
417960, -64.973671
418770, -64.973672
419580, -64.973672
420390, -64.973673
421200, -64.973674
422010, -64.973675
422820, -64.973675
423630, -64.973676
424440, -64.973677
425250, -64.973677
426060, -64.973678
426870, -64.973678
427680, -64.973679
428490, -64.973680
429300, -64.973680
430110, -64.973681
430920, -64.973681
431730, -64.973682
432540, -64.973682
433350, -64.973682
434160, -64.973683
434970, -64.973683
435780, -64.973684
436590, -64.973684
437400, -64.973684
438210, -64.973685
439020, -64.973685
439830, -64.973685
440640, -64.973685
441450, -64.973686
442260, -64.973686
443070, -64.973686
443880, -64.973686
444690, -64.973686
445500, -64.973687
446310, -64.973687
447120, -64.973687
447930, -64.973687
448740, -64.973687
449550, -64.973687
450360, -64.973687
451170, -64.973687
451980, -64.973687
452790, -64.973687
453600, -64.973687
454410, -64.973687
455220, -64.973687
456030, -64.973687
456840, -64.973687
457650, -64.973687
458460, -64.973687
459270, -64.973687
460080, -64.973687
460890, -64.973687
461700, -64.973687
462510, -64.973687
463320, -64.973687
464130, -64.973687
464940, -64.973687
465750, -64.973686
466560, -64.973686
467370, -64.973686
468180, -64.973686
468990, -64.973686
469800, -64.973686
470610, -64.973686
471420, -64.973685
472230, -64.973685
473040, -64.973685
473850, -64.973685
474660, -64.973685
475470, -64.973684
476280, -64.973684
477090, -64.973684
477900, -64.973684
478710, -64.973684
479520, -64.973684
480330, -64.973683
481140, -64.973683
481950, -64.973683
482760, -64.973683
483570, -64.973683
484380, -64.973682
485190, -64.973682
486000, -64.973682
486810, -64.973682
487620, -64.973682
488430, -64.973681
489240, -64.973681
490050, -64.973681
490860, -64.973681
491670, -64.973681
492480, -64.973680
493290, -64.973680
494100, -64.973680
494910, -64.973680
495720, -64.973680
496530, -64.973680
497340, -64.973679
498150, -64.973679
498960, -64.973679
499770, -64.973679
500580, -61.208752
501390, -57.615841
502200, -54.138186
503010, -50.688687
503820, -47.092853
504630, -43.038084
505440, -37.933763
506250, -30.689738
507060, -19.320815
507870, -1.121903
508680, 22.744648
509490, 39.407073
510300, 42.282639
511110, 40.816347
511920, 38.806023
512730, 36.248614
513540, 33.268188
514350, 29.939863
515160, 26.350258
515970, 22.572675
516780, 18.680536
517590, 14.728921
518400, 10.769583
519210, 6.835300
520020, 2.956876
520830, -0.851326
521640, -4.574122
522450, -8.209795
523260, -11.752767
524070, -15.209496
524880, -18.581602
525690, -21.882624
526500, -25.121771
527310, -28.323392
528120, -31.511592
528930, -34.727182
529740, -38.013363
530550, -41.430214
531360, -45.033023
532170, -48.870273
532980, -52.934528
533790, -57.126934
534600, -61.193801
535410, -64.772193
536220, -67.531180
537030, -69.371245
537840, -70.426768
538650, -70.941651
539460, -71.125622
540270, -71.126945
541080, -71.026091
541890, -70.872719
542700, -70.686691
543510, -70.484212
544320, -70.267651
545130, -70.044266
545940, -69.811888
546750, -69.575453
547560, -69.331609
548370, -69.084686
549180, -68.831020
549990, -68.574771
550800, -68.312188
551610, -68.047400
552420, -67.776654
553230, -67.504063
554040, -67.225873
554850, -66.946222
555660, -66.661378
556470, -66.375464
557280, -66.084758
558090, -65.793421
558900, -65.497723
559710, -65.201803
560520, -64.901965
561330, -64.602359
562140, -64.299243
562950, -63.996763
563760, -63.691231
564570, -63.386710
565380, -63.079459
566190, -62.773616
567000, -62.465374
567810, -62.158772
568620, -61.850056
569430, -61.543233
570240, -61.234409
571050, -60.927587
571860, -60.618920
572670, -60.312211
573480, -60.003530
574290, -59.696839
575100, -59.387946
575910, -59.080606
576720, -58.770846
577530, -58.462219
578340, -58.150468
579150, -57.839274
579960, -57.524288
580770, -57.208800
581580, -56.888461
582390, -56.566586
583200, -56.238302
584010, -55.906749
584820, -55.567146
585630, -55.221929
586440, -54.865974
587250, -54.501651
588060, -54.122886
588870, -53.731621
589680, -53.321036
590490, -52.891728
591300, -52.436133
592110, -51.952863
592920, -51.432538
593730, -50.870865
594540, -50.254781
595350, -49.575564
596160, -48.813128
596970, -47.950475
597780, -46.955582
598590, -45.793599
599400, -44.406858
600210, -42.724436
601020, -40.637461
601830, -38.001537
602640, -34.608710
603450, -30.199438
604260, -24.487433
605070, -17.329392
605880, -9.047256
606690, -0.807838
607500, 5.659800
608310, 9.212663
609120, 10.001162
609930, 8.857990
610740, 6.554413
611550, 3.579954
612360, 0.232991
613170, -3.308917
613980, -6.926267
614790, -10.548459
615600, -14.125701
616410, -17.634485
617220, -21.058791
618030, -24.400482
618840, -27.665202
619650, -30.874619
620460, -34.052532
621270, -37.240046
622080, -40.477786
622890, -43.815314
623700, -47.285796
624510, -50.901595
625320, -54.611032
626130, -58.281904
626940, -61.686945
627750, -64.576423
628560, -66.772939
629370, -68.262627
630180, -69.156083
630990, -69.621731
631800, -69.804112
632610, -69.814910
633420, -69.719767
634230, -69.564412
635040, -69.369419
635850, -69.152641
636660, -68.918292
637470, -68.674866
638280, -68.421281
639090, -68.163048
639900, -67.897409
640710, -67.628906
641520, -67.354220
642330, -67.077575
643140, -66.795484
643950, -66.512053
644760, -66.223721
645570, -65.934574
646380, -65.641046
647190, -65.347181
648000, -65.049404
648810, -64.751792
649620, -64.450736
650430, -64.150275
651240, -63.846840
652050, -63.544454
652860, -63.239487
653670, -62.935966
654480, -62.630289
655290, -62.326381
656100, -62.020599
656910, -61.716945
657720, -61.411651
658530, -61.108611
659340, -60.804152
660150, -60.502085
660960, -60.198582
661770, -59.897488
662580, -59.594988
663390, -59.294707
664200, -58.992771
665010, -58.692967
665820, -58.391127
666630, -58.090816
667440, -57.788108
668250, -57.486375
669060, -57.181370
669870, -56.876577
670680, -56.567729
671490, -56.257864
672300, -55.942628
673110, -55.625228
673920, -55.300714
674730, -54.971939
675540, -54.634257
676350, -54.289717
677160, -53.933058
677970, -53.566505
678780, -53.183708
679590, -52.786111
680400, -52.366797
681210, -51.925665
682020, -51.454801
682830, -50.951866
683640, -50.406680
684450, -49.813637
685260, -49.158112
686070, -48.429518
686880, -47.604972
687690, -46.663524
688500, -45.568263
689310, -44.277860
690120, -42.726970
690930, -40.834327
691740, -38.479323
692550, -35.507999
693360, -31.716461
694170, -26.889033
694980, -20.872283
695790, -13.795383
696600, -6.332294
697410, 0.253221
698220, 4.723610
699030, 6.640105
699840, 6.414438
700650, 4.729461
701460, 2.154406
702270, -0.940727
703080, -4.317153
703890, -7.829692
704700, -11.378948
705510, -14.908816
706320, -18.379302
707130, -21.776346
707940, -25.090892
708750, -28.333192
709560, -31.517393
710370, -34.674387
711180, -37.836582
711990, -41.050144
712800, -44.354140
713610, -47.783611
714420, -51.335971
715230, -54.958049
716040, -58.508857
716850, -61.775786
717660, -64.525322
718470, -66.612859
719280, -68.029031
720090, -68.887548
720900, -69.336599
721710, -69.517087
722520, -69.526117
723330, -69.433493
724140, -69.276102
724950, -69.081807
725760, -68.861030
726570, -68.625769
727380, -68.377191
728190, -68.121966
729000, -67.858200
729810, -67.590782
730620, -67.316779
731430, -67.040483
732240, -66.758624
733050, -66.475266
733860, -66.187007
734670, -65.897856
735480, -65.604370
736290, -65.310506
737100, -65.012811
737910, -64.715259
738720, -64.414352
739530, -64.114031
740340, -63.810840
741150, -63.508690
741960, -63.204070
742770, -62.900904
743580, -62.595688
744390, -62.292252
745200, -61.987070
746010, -61.684032
746820, -61.379478
747630, -61.077204
748440, -60.773654
749250, -60.472515
750060, -60.170083
750870, -59.870108
751680, -59.568865
752490, -59.269892
753300, -58.969441
754110, -58.671170
754920, -58.371048
755730, -58.072553
756540, -57.771885
757350, -57.472297
758160, -57.169683
758970, -56.867443
759780, -56.561427
760590, -56.254606
761400, -55.942768
762210, -55.629051
763020, -55.308666
763830, -54.984411
764640, -54.651839
765450, -54.312969
766260, -53.962728
767070, -53.603431
767880, -53.228953
768690, -52.840768
769500, -52.432466
770310, -52.004044
771120, -51.548297
771930, -51.063145
772740, -50.539193
773550, -49.971721
774360, -49.347830
775170, -48.657871
775980, -47.881869
776790, -47.002391
777600, -45.987481
778410, -44.802336
779220, -43.390741
780030, -41.684829
780840, -39.583211
781650, -36.956758
782460, -33.628596
783270, -29.396955
784080, -24.070697
784890, -17.620177
785700, -10.407888
786510, -3.393401
787320, 2.131932
788130, 5.287899
788940, 6.084553
789750, 5.094911
790560, 2.952176
791370, 0.114756
792180, -3.115291
792990, -6.552322
793800, -10.071854
794610, -13.600089
795420, -17.086388
796230, -20.507089
797040, -23.847919
797850, -27.113177
798660, -30.311894
799470, -33.471098
800280, -36.619544
801090, -39.800782
801900, -43.054169
802710, -46.420588
803520, -49.911369
804330, -53.500546
805140, -57.080569
805950, -60.470766
806760, -63.434985
807570, -65.787974
808380, -67.462049
809190, -68.529621
810000, -69.128227
810810, -69.407204
811620, -69.478025
812430, -69.423184
813240, -69.288836
814050, -69.108641
814860, -68.896733
815670, -68.667147
816480, -68.422414
817290, -68.169836
818100, -67.908060
818910, -67.642129
819720, -67.369371
820530, -67.094063
821340, -66.813098
822150, -66.530475
822960, -66.242916
823770, -65.954337
824580, -65.661419
825390, -65.368012
826200, -65.070772
827010, -64.773568
827820, -64.473022
828630, -64.172966
829440, -63.870047
830250, -63.568088
831060, -63.263676
831870, -62.960628
832680, -62.655568
833490, -62.352213
834300, -62.047135
835110, -61.744124
835920, -61.439652
836730, -61.137400
837540, -60.833910
838350, -60.532808
839160, -60.230482
839970, -59.930566
840780, -59.629495
841590, -59.330685
842400, -59.030475
843210, -58.732450
844020, -58.432714
844830, -58.134619
845640, -57.834453
846450, -57.535467
847260, -57.233628
848070, -56.932208
848880, -56.627285
849690, -56.321689
850500, -56.011287
851310, -55.699236
852120, -55.380854
852930, -55.058804
853740, -54.728774
854550, -54.392865
855360, -54.046071
856170, -53.690715
856980, -53.320952
857790, -52.938126
858600, -52.536350
859410, -52.115507
860220, -51.668533
861030, -51.193927
861840, -50.682468
862650, -50.130268
863460, -49.524878
864270, -48.857749
865080, -48.110665
865890, -47.267519
866700, -46.298419
867510, -45.172115
868320, -43.838144
869130, -42.235696
869940, -40.272757
870750, -37.832602
871560, -34.752473
872370, -30.839693
873180, -25.890213
873990, -19.806447
874800, -12.794850
875610, -5.618976
876420, 0.482269
877230, 4.419967
878040, 5.922475
878850, 5.435644
879660, 3.609816
880470, 0.961036
881280, -2.162238
882090, -5.544801
882900, -9.043401
883710, -12.571861
884520, -16.071328
885330, -19.512028
886140, -22.875290
886950, -26.161500
887760, -29.376578
888570, -32.544125
889380, -35.690178
890190, -38.856215
891000, -42.081422
891810, -45.409481
892620, -48.860442
893430, -52.424425
894240, -56.018375
895050, -59.485490
895860, -62.596281
896670, -65.143146
897480, -67.016518
898290, -68.252981
899100, -68.975738
899910, -69.337710
900720, -69.460975
901530, -69.438275
902340, -69.323558
903150, -69.155413
903960, -68.951157
904770, -68.726551
905580, -68.485289
906390, -68.235187
907200, -67.975356
908010, -67.710948
908820, -67.439515
909630, -67.165303
910440, -66.885352
911250, -66.603591
912060, -66.316856
912870, -66.028967
913680, -65.736720
914490, -65.443866
915300, -65.147161
916110, -64.850371
916920, -64.550238
917730, -64.250482
918540, -63.947851
919350, -63.646085
920160, -63.341865
920970, -63.038899
921780, -62.733927
922590, -62.430574
923400, -62.125505
924210, -61.822402
925020, -61.517882
925830, -61.215508
926640, -60.911914
927450, -60.610680
928260, -60.308272
929070, -60.008209
929880, -59.707089
930690, -59.408207
931500, -59.107987
932310, -58.809898
933120, -58.510242
933930, -58.212236
934740, -57.912247
935550, -57.613538
936360, -57.312134
937170, -57.011174
937980, -56.706957
938790, -56.402186
939600, -56.092793
940410, -55.781806
941220, -55.464847
942030, -55.144420
942840, -54.816272
943650, -54.482658
944460, -54.138604
945270, -53.786289
946080, -53.420308
946890, -53.041839
947700, -52.645317
948510, -52.230685
949320, -51.790956
950130, -51.325145
950940, -50.824136
951750, -50.284763
952560, -49.694781
953370, -49.046737
954180, -48.323634
954990, -47.510096
955800, -46.578625
956610, -45.500716
957420, -44.229678
958230, -42.710223
959040, -40.858026
959850, -38.566284
960660, -35.683502
961470, -32.026197
962280, -27.385341
963090, -21.620346
963900, -14.824112
964710, -7.590134
965520, -1.062310
966330, 3.545061
967140, 5.705250
967950, 5.709536
968760, 4.199780
969570, 1.740521
970380, -1.275031
971190, -4.601526
972000, -8.077177
972810, -11.603818
973620, -15.114455
974430, -18.573643
975240, -21.958361
976050, -25.265349
976860, -28.497988
977670, -31.676463
978480, -34.824219
979290, -37.980630
980100, -41.184287
980910, -44.480590
981720, -47.895960
982530, -51.433393
983340, -55.030357
984150, -58.553039
984960, -61.784296
985770, -64.503360
986580, -66.564072
987390, -67.966456
988200, -68.815594
989010, -69.263780
989820, -69.442192
990630, -69.453461
991440, -69.359494
992250, -69.204052
993060, -69.007824
993870, -68.788420
994680, -68.550768
995490, -68.303236
996300, -68.045417
997110, -67.782586
997920, -67.512527
998730, -67.239459
999540, -66.960565
1000350, -66.679706
1001160, -66.393834
1001970, -66.106675
1002780, -65.815126
1003590, -65.522856
1004400, -65.226715
1005210, -64.930368
1006020, -64.630672
1006830, -64.331240
1007640, -64.028914
1008450, -63.727348
1009260, -63.423327
1010070, -63.120449
1010880, -62.815551
1011690, -62.512191
1012500, -62.207122
1013310, -61.903917
1014120, -61.599337
1014930, -61.296828
1015740, -60.993111
1016550, -60.691722
1017360, -60.389206
1018170, -60.088966
1018980, -59.787688
1019790, -59.488650
1020600, -59.188348
1021410, -58.890130
1022220, -58.590494
1023030, -58.292518
1023840, -57.992644
1024650, -57.694148
1025460, -57.393111
1026270, -57.092538
1027080, -56.788803
1027890, -56.484676
1028700, -56.176132
1029510, -55.866062
1030320, -55.550384
1031130, -55.231434
1031940, -54.905017
1032750, -54.573532
1033560, -54.232037
1034370, -53.882562
1035180, -53.520134
1035990, -53.145759
1036800, -52.753938
1037610, -52.344978
1038420, -51.911938
1039230, -51.454304
1040040, -50.963041
1040850, -50.435656
1041660, -49.860079
1042470, -49.229878
1043280, -48.528418
1044090, -47.741925
1044900, -46.845026
1045710, -45.811686
1046520, -44.598662
1047330, -43.154960
1048140, -41.403473
1048950, -39.245858
1049760, -36.542000
1050570, -33.118407
1051380, -28.766887
1052190, -23.316770
1053000, -16.770815
1053810, -9.564928
1054620, -2.711973
1055430, 2.512417
1056240, 5.343737
1057050, 5.880401
1057860, 4.723641
1058670, 2.478845
1059480, -0.412939
1060290, -3.673090
1061100, -7.119126
1061910, -10.639666
1062720, -14.158832
1063530, -17.635079
1064340, -21.040797
1065150, -24.369174
1065960, -27.620599
1066770, -30.812008
1067580, -33.964225
1068390, -37.114345
1069200, -40.300207
1070010, -43.567779
1070820, -46.948374
1071630, -50.455766
1072440, -54.045866
1073250, -57.607893
1074060, -60.941594
1074870, -63.820829
1075680, -66.067774
1076490, -67.643660
1077300, -68.629178
1078110, -69.172723
1078920, -69.413012
1079730, -69.462656
1080540, -69.392142
1081350, -69.251015
1082160, -69.063762
1082970, -68.850116
1083780, -68.616406
1084590, -68.371653
1085400, -68.115979
1086210, -67.854814
1087020, -67.586192
1087830, -67.314318
1088640, -67.036521
1089450, -66.756599
1090260, -66.471620
1091070, -66.185219
1091880, -65.894397
1092690, -65.602737
1093500, -65.307186
1094310, -65.011308
1095120, -64.712069
1095930, -64.412982
1096740, -64.110982
1097550, -63.809621
1098360, -63.505807
1099170, -63.203032
1099980, -62.898221
1100790, -62.594871
1101600, -62.289815
1102410, -61.986522
1103220, -61.681893
1104030, -61.379258
1104840, -61.075426
1105650, -60.773832
1106460, -60.471174
1107270, -60.170738
1108080, -59.869293
1108890, -59.570095
1109700, -59.269707
1110510, -58.971359
1111320, -58.671738
1112130, -58.373791
1112940, -58.074025
1113750, -57.775614
1114560, -57.474851
1115370, -57.174601
1116180, -56.871303
1116990, -56.567784
1117800, -56.260059
1118610, -55.950881
1119420, -55.636456
1120230, -55.318957
1121040, -54.994239
1121850, -54.664848
1122660, -54.325866
1123470, -53.979185
1124280, -53.620247
1125090, -53.249896
1125900, -52.862692
1126710, -52.459300
1127520, -52.032826
1128330, -51.583058
1129140, -51.101233
1129950, -50.584984
1130760, -50.023034
1131570, -49.409739
1132380, -48.728938
1133190, -47.968349
1134000, -47.104608
1134810, -46.113396
1135620, -44.954839
1136430, -43.582770
1137240, -41.925534
1138050, -39.893942
1138860, -37.358374
1139670, -34.156132
1140480, -30.084001
1141290, -24.952211
1142100, -18.691532
1142910, -11.593917
1143720, -4.514521
1144530, 1.274174
1145340, 4.797102
1146150, 5.923239
1146960, 5.172492
1147770, 3.178962
1148580, 0.434301
1149390, -2.744934
1150200, -6.152248
1151010, -9.661085
1151820, -13.185554
1152630, -16.677238
1153440, -20.103563
1154250, -23.454005
1155060, -26.725515
1155870, -29.931858
1156680, -33.091132
1157490, -36.238327
1158300, -39.409579
1159110, -42.650843
1159920, -45.997118
1160730, -49.471169
1161540, -53.045581
1162350, -56.632388
1163160, -60.051776
1163970, -63.079344
1164780, -65.511931
1165590, -67.270262
1166400, -68.405804
1167210, -69.057290
1168020, -69.368836
1168830, -69.463066
1169640, -69.419861
1170450, -69.295362
1171260, -69.118454
1172070, -68.911382
1172880, -68.682102
1173690, -68.440429
1174500, -68.187091
1175310, -67.927721
1176120, -67.660625
1176930, -67.390013
1177740, -67.113366
1178550, -66.834422
1179360, -66.550371
1180170, -66.264764
1180980, -65.974701
1181790, -65.683684
1182600, -65.388752
1183410, -65.093370
1184220, -64.794600
1185030, -64.495877
1185840, -64.194223
1186650, -63.893091
1187460, -63.589506
1188270, -63.286856
1189080, -62.982154
1189890, -62.678832
1190700, -62.373807
1191510, -62.070444
1192320, -61.765740
1193130, -61.462969
1193940, -61.159020
1194750, -60.857220
1195560, -60.554424
1196370, -60.253800
1197180, -59.952195
1197990, -59.652845
1198800, -59.352378
1199610, -59.053908
1200420, -58.754239
1201230, -58.456278
1202040, -58.156596
1202850, -57.858246
1203660, -57.557742
1204470, -57.257810
1205280, -56.954945
1206090, -56.652035
1206900, -56.345130
1207710, -56.036848
1208520, -55.723583
1209330, -55.407473
1210140, -55.084410
1210950, -54.756825
1211760, -54.420149
1212570, -54.076110
1213380, -53.720271
1214190, -53.353646
1215000, -52.970820
1215810, -52.572782
1216620, -52.152665
1217430, -51.710150
1218240, -51.237220
1219050, -50.731408
1219860, -50.182390
1220670, -49.584506
1221480, -48.922917
1222290, -48.186657
1223100, -47.353108
1223910, -46.399984
1224720, -45.290405
1225530, -43.982049
1226340, -42.410008
1227150, -40.491396
1227960, -38.106735
1228770, -35.104550
1229580, -31.288886
1230390, -26.460508
1231200, -20.497842
1232010, -13.568936
1232820, -6.365703
1233630, -0.100900
1234440, 4.090662
1235250, 5.834536
1236060, 5.528679
1236870, 3.816175
1237680, 1.238135
1238490, -1.847516
1239300, -5.207805
1240110, -8.699462
1240920, -12.225628
1241730, -15.730510
1242540, -19.176230
1243350, -22.548432
1244160, -25.840557
1244970, -29.063206
1245780, -32.232064
1246590, -35.379607
1247400, -38.539902
1248210, -41.758411
1249020, -45.072687
1249830, -48.512326
1250640, -52.064632
1251450, -55.662591
1252260, -59.148672
1253070, -62.306289
1253880, -64.914504
1254690, -66.857061
1255500, -68.150753
1256310, -68.919590
1257120, -69.310043
1257930, -69.454184
1258740, -69.441662
1259550, -69.335826
1260360, -69.170457
1261170, -68.970651
1261980, -68.746206
1262790, -68.507848
1263600, -68.256985
1264410, -67.999495
1265220, -67.733978
1266030, -67.464662
1266840, -67.189189
1267650, -66.911243
1268460, -66.628137
1269270, -66.343339
1270080, -66.054046
1270890, -65.763679
1271700, -65.469374
1272510, -65.174503
1273320, -64.876216
1274130, -64.577873
1274940, -64.276581
1275750, -63.975696
1276560, -63.672357
1277370, -63.369849
1278180, -63.065272
1278990, -62.761968
1279800, -62.456973
1280610, -62.153548
1281420, -61.848772
1282230, -61.545876
1283040, -61.241820
1283850, -60.939829
1284660, -60.636908
1285470, -60.336110
1286280, -60.034356
1287090, -59.734828
1287900, -59.434265
1288710, -59.135665
1289520, -58.835907
1290330, -58.537906
1291140, -58.238288
1291950, -57.939988
1292760, -57.639732
1293570, -57.340104
1294380, -57.037660
1295190, -56.735260
1296000, -56.429096
1296810, -56.121649
1297620, -55.809366
1298430, -55.494502
1299240, -55.172976
1300050, -54.847081
1300860, -54.512597
1301670, -54.171085
1302480, -53.818151
1303290, -53.455060
1304100, -53.076413
1304910, -52.683186
1305720, -52.268932
1306530, -51.833196
1307340, -51.368646
1308150, -50.872705
1308960, -50.335936
1309770, -49.752665
1310580, -49.109292
1311390, -48.395455
1312200, -47.589843
1313010, -46.672207
1313820, -45.608421
1314630, -44.359509
1315440, -42.865209
1316250, -41.050516
1317060, -38.805159
1317870, -35.988021
1318680, -32.412444
1319490, -27.876171
1320300, -22.219557
1321110, -15.508742
1321920, -8.275301
1322730, -1.626244
1323540, 3.201820
1324350, 5.591626
1325160, 5.777345
1325970, 4.384073
1326780, 1.997881
1327590, -0.977989
1328400, -4.280832
1329210, -7.748559
1330020, -11.272073
1330830, -14.787480
1331640, -18.251140
1332450, -21.644612
1333260, -24.957709
1334070, -28.197830
1334880, -31.378585
1335690, -34.529201
1336500, -37.681705
1337310, -40.880631
1338120, -44.165140
1338930, -47.570153
1339740, -51.095434
1340550, -54.693056
1341360, -58.228625
1342170, -61.498686
1342980, -64.272209
1343790, -66.398755
1344600, -67.858379
1345410, -68.754882
1346220, -69.233224
1347030, -69.433764
1347840, -69.456131
1348650, -69.371532
1349460, -69.219227
1350270, -69.027584
1351080, -68.808492
1351890, -68.573759
1352700, -68.325554
1353510, -68.070057
1354320, -67.806183
1355130, -67.538209
1355940, -67.263940
1356750, -66.987016
1357560, -66.704873
1358370, -66.420902
1359180, -66.132396
1359990, -65.842691
1360800, -65.549026
1361610, -65.254681
1362420, -64.956892
1363230, -64.658947
1364040, -64.358032
1364850, -64.057412
1365660, -63.754317
1366470, -63.451960
1367280, -63.147520
1368090, -62.844245
1368900, -62.539292
1369710, -62.235821
1370520, -61.930991
1371330, -61.627988
1372140, -61.323842
1372950, -61.021679
1373760, -60.718631
1374570, -60.417662
1375380, -60.115765
1376190, -59.816023
1377000, -59.515342
1377810, -59.216603
1378620, -58.916752
1379430, -58.618713
1380240, -58.319160
1381050, -58.020914
1381860, -57.720868
1382670, -57.421521
1383480, -57.119477
1384290, -56.817483
1385100, -56.511981
1385910, -56.205307
1386720, -55.893960
1387530, -55.580299
1388340, -55.260263
1389150, -54.936015
1389960, -54.603665
1390770, -54.264617
1391580, -53.914518
1392390, -53.554870
1393200, -53.180293
1394010, -52.791638
1394820, -52.383006
1395630, -51.953800
1396440, -51.497336
1397250, -51.010931
1398060, -50.485938
1398870, -49.916738
1399680, -49.290911
1400490, -48.598259
1401300, -47.819225
1402110, -46.935455
1402920, -45.915423
1403730, -44.723347
1404540, -43.303371
1405350, -41.586640
1406160, -39.471745
1406970, -36.828538
1407780, -33.481045
1408590, -29.228818
1409400, -23.886980
1410210, -17.437409
1411020, -10.259042
1411830, -3.318250
1412640, 2.109141
1413450, 5.175954
1414260, 5.911004
1415070, 4.886238
1415880, 2.725146
1416690, -0.120389
1417500, -3.352809
1418310, -6.788268
1419120, -10.303997
1419930, -13.826963
1420740, -17.307162
1421550, -20.721584
1422360, -24.056265
1423170, -27.315560
1423980, -30.510235
1424790, -33.666465
1425600, -36.814062
1426410, -39.996211
1427220, -43.252880
1428030, -46.623190
1428840, -50.117352
1429650, -53.704925
1430460, -57.274898
1431270, -60.641517
1432080, -63.571055
1432890, -65.883312
1433700, -67.519564
1434510, -68.556900
1435320, -69.134725
1436130, -69.400105
1436940, -69.462870
1437750, -69.402902
1438560, -69.265690
1439370, -69.083411
1440180, -68.870382
1440990, -68.639703
1441800, -68.394420
1442610, -68.141087
1443420, -67.878969
1444230, -67.612419
1445040, -67.339415
1445850, -67.063563
1446660, -66.782417
1447470, -66.499307
1448280, -66.211620
1449090, -65.922609
1449900, -65.629613
1450710, -65.335824
1451520, -65.038561
1452330, -64.741032
1453140, -64.440515
1453950, -64.140182
1454760, -63.837347
1455570, -63.535159
1456380, -63.230874
1457190, -62.927649
1458000, -62.622756
1458810, -62.319258
1459620, -62.014391
1460430, -61.711288
1461240, -61.407060
1462050, -61.104736
1462860, -60.801523
1463670, -60.500364
1464480, -60.198316
1465290, -59.898361
1466100, -59.597564
1466910, -59.298693
1467720, -58.998757
1468530, -58.700687
1469340, -58.401206
1470150, -58.103021
1470960, -57.803093
1471770, -57.503964
1472580, -57.202282
1473390, -56.900673
1474200, -56.595820
1475010, -56.289916
1475820, -55.979502
1476630, -55.667045
1477440, -55.348502
1478250, -55.025905
1479060, -54.695613
1479870, -54.358974
1480680, -54.011669
1481490, -53.655387
1482300, -53.284818
1483110, -52.900684
1483920, -52.497620
1484730, -52.074889
1485540, -51.626099
1486350, -51.148889
1487160, -50.634717
1487970, -50.078778
1488780, -49.469284
1489590, -48.796667
1490400, -48.042971
1491210, -47.191341
1492020, -46.211886
1492830, -45.071915
1493640, -43.720641
1494450, -42.094699
1495260, -40.101180
1496070, -37.620086
1496880, -34.486332
1497690, -30.505171
1498500, -25.476774
1499310, -19.318375
1500120, -12.270439
1500930, -5.138920
1501740, 0.824208
1502550, 4.576428
1503360, 5.910966
1504170, 5.305298
1504980, 3.405133
1505790, 0.713102
1506600, -2.434328
1507410, -5.828262
1508220, -9.330393
1509030, -12.857408
1509840, -16.352271
1510650, -19.786926
1511460, -23.143443
1512270, -26.423152
1513080, -29.633542
1513890, -32.797825
1514700, -35.943454
1515510, -39.111910
1516320, -42.343396
1517130, -45.679966
1517940, -49.140399
1518750, -52.709754
1519560, -56.299724
1520370, -59.745414
1521180, -62.817552
1521990, -65.312747
1522800, -67.132512
1523610, -68.322920
1524420, -69.012022
1525230, -69.351227
1526040, -69.460404
1526850, -69.428816
1527660, -69.308946
1528470, -69.137358
1529280, -68.931175
1530090, -68.705015
1530900, -68.462935
1531710, -68.211940
1532520, -67.951691
1533330, -67.686642
1534140, -67.414957
1534950, -67.140221
1535760, -66.860105
1536570, -66.577887
1537380, -66.291045
1538190, -66.002754
1539000, -65.710452
1539810, -65.417242
1540620, -65.120526
1541430, -64.823427
1542240, -64.523325
1543050, -64.223300
1543860, -63.920744
1544670, -63.618747
1545480, -63.314637
1546290, -63.011481
1547100, -62.706663
1547910, -62.403153
1548720, -62.098263
1549530, -61.795037
1550340, -61.490718
1551150, -61.188232
1551960, -60.884862
1552770, -60.583523
1553580, -60.281335
1554390, -59.981178
1555200, -59.680277
1556010, -59.381283
1556820, -59.081271
1557630, -58.783073
1558440, -58.483599
1559250, -58.185437
1560060, -57.885604
1560870, -57.586683
1561680, -57.285355
1562490, -56.984131
1563300, -56.679925
1564110, -56.374789
1564920, -56.065309
1565730, -55.753886
1566540, -55.436713
1567350, -55.115677
1568160, -54.787181
1568970, -54.452756
1569780, -54.108094
1570590, -53.754750
1571400, -53.387851
1572210, -53.007960
1573020, -52.610164
1573830, -52.193619
1574640, -51.751996
1575450, -51.283489
1576260, -50.779630
1577070, -50.236371
1577880, -49.642085
1578690, -48.988328
1579500, -48.258604
1580310, -47.436444
1581120, -46.494345
1581930, -45.402365
1582740, -44.113407
1583550, -42.570208
1584360, -40.686627
1585170, -38.352429
1585980, -35.413686
1586790, -31.683550
1587600, -26.955013
1588410, -21.097202
1589220, -14.235248
1590030, -7.012071
1590840, -0.602587
1591650, 3.809279
1592460, 5.772176
1593270, 5.627117
1594080, 4.020382
1594890, 1.503291
1595700, -1.545570
1596510, -4.889201
1597320, -8.371965
1598130, -11.899298
1598940, -15.406499
1599750, -18.860153
1600560, -22.238162
1601370, -25.538790
1602180, -28.766219
1602990, -31.940693
1603800, -35.087225
1604610, -38.245657
1605420, -41.455531
1606230, -44.760773
1607040, -48.186949
1607850, -51.732229
1608660, -55.329395
1609470, -58.835685
1610280, -62.032418
1611090, -64.700635
1611900, -66.704783
1612710, -68.055843
1613520, -68.865768
1614330, -69.286734
1615140, -69.447942
1615950, -69.448332
1616760, -69.347986
1617570, -69.188376
1618380, -68.989787
1619190, -68.768583
1620000, -68.529960
1620810, -68.281455
1621620, -68.023166
1622430, -67.759673
1623240, -67.489344
1624050, -67.215748
1624860, -66.936683
1625670, -66.655373
1626480, -66.369390
1627290, -66.081833
1628100, -65.790225
1628910, -65.497604
1629720, -65.201447
1630530, -64.904794
1631340, -64.605122
1632150, -64.305422
1632960, -64.003162
1633770, -63.701373
1634580, -63.397455
1635390, -63.094386
1636200, -62.789629
1637010, -62.486108
1637820, -62.181203
1638630, -61.877867
1639440, -61.573471
1640250, -61.270842
1641060, -60.967330
1641870, -60.665828
1642680, -60.363513
1643490, -60.063169
1644300, -59.762108
1645110, -59.462961
1645920, -59.162855
1646730, -58.864520
1647540, -58.565048
1648350, -58.266907
1649160, -57.967168
1649970, -57.668451
1650780, -57.367472
1651590, -57.066625
1652400, -56.762913
1653210, -56.458434
1654020, -56.149800
1654830, -55.839294
1655640, -55.523392
1656450, -55.203834
1657260, -54.877055
1658070, -54.544760
1658880, -54.202648
1659690, -53.852146
1660500, -53.488794
1661310, -53.113006
1662120, -52.719910
1662930, -52.309052
1663740, -51.874127
1664550, -51.413826
1665360, -50.919739
1666170, -50.388518
1666980, -49.808690
1667790, -49.172860
1668600, -48.464932
1669410, -47.669995
1670220, -46.762673
1671030, -45.715530
1671840, -44.484914
1672650, -43.017872
1673460, -41.236178
1674270, -39.037902
1675080, -36.280285
1675890, -32.785799
1676700, -28.346448
1677510, -22.798891
1678320, -16.172100
1679130, -8.949289
1679940, -2.187082
1680750, 2.850696
1681560, 5.471157
1682370, 5.836980
1683180, 4.565434
1683990, 2.250796
1684800, -0.681634
1685610, -3.963500
1686420, -7.419511
1687230, -10.942469
1688040, -14.459162
1688850, -17.930291
1689660, -21.329305
1690470, -24.651210
1691280, -27.896837
1692090, -31.083416
1692900, -34.233805
1693710, -37.385550
1694520, -40.576977
1695330, -43.853127
1696140, -47.244872
1696950, -50.761474
1697760, -54.354986
1698570, -57.905317
1699380, -61.209333
1700190, -64.039381
1701000, -66.228566
1701810, -67.749069
1702620, -68.690764
1703430, -69.203136
1704240, -69.423362
1705050, -69.460274
1705860, -69.382235
1706670, -69.236261
1707480, -69.046237
1708290, -68.830556
1709100, -68.595727
1709910, -68.349915
1710720, -68.093710
1711530, -67.831851
1712340, -67.562928
1713150, -67.290512
1713960, -67.012524
1714770, -66.732145
1715580, -66.447040
1716390, -66.160237
1717200, -65.869342
1718010, -65.577327
1718820, -65.281747
1719630, -64.985558
1720440, -64.686333
1721250, -64.386976
1722060, -64.085030
1722870, -63.783444
1723680, -63.479721
1724490, -63.176752
1725300, -62.872071
1726110, -62.568557
1726920, -62.263654
1727730, -61.960229
1728540, -61.655773
1729350, -61.353018
1730160, -61.049381
1730970, -60.747694
1731780, -60.445241
1732590, -60.144708
1733400, -59.843475
1734210, -59.544170
1735020, -59.243968
1735830, -58.945504
1736640, -58.646038
1737450, -58.347925
1738260, -58.048285
1739070, -57.749693
1739880, -57.449007
1740690, -57.148501
1741500, -56.845227
1742310, -56.541361
1743120, -56.233539
1743930, -55.923926
1744740, -55.609267
1745550, -55.291157
1746360, -54.966065
1747170, -54.635861
1747980, -54.296250
1748790, -53.948537
1749600, -53.588663
1750410, -53.216894
1751220, -52.828402
1752030, -52.423108
1752840, -51.994735
1753650, -51.542453
1754460, -51.057909
1755270, -50.538136
1756080, -49.972179
1756890, -49.353619
1757700, -48.666676
1758510, -47.897994
1759320, -47.024231
1760130, -46.020199
1760940, -44.845629
1761750, -43.451892
1762560, -41.766359
1763370, -39.696472
1764180, -37.110050
1764990, -33.840527
1765800, -29.683434
1766610, -24.453485
1767420, -18.102608
1768230, -10.963545
1769040, -3.942879
1769850, 1.678920
1770660, 4.986505
1771470, 5.924470
1772280, 5.041763
1773090, 2.966301
1773900, 0.173202
1774710, -3.032674
1775520, -6.453180
1776330, -9.966412
1777140, -13.489605
1777950, -16.976799
1778760, -20.396635
1779570, -23.740470
1780380, -27.005740
1781190, -30.206583
1782000, -33.363717
1782810, -36.511759
1783620, -39.687608
1784430, -42.936699
1785240, -46.293937
1786050, -49.778050
1786860, -53.358546
1787670, -56.938248
1788480, -60.333528
1789290, -63.315784
1790100, -65.690739
1790910, -67.391332
1791720, -68.479069
1792530, -69.095587
1793340, -69.384181
1794150, -69.463756
1794960, -69.411819
1795770, -69.281756
1796580, -69.101647
1797390, -68.892293
1798200, -68.661742
1799010, -68.418926
1799820, -68.164998
1800630, -67.904902
1801440, -67.637478
1802250, -67.366312
1803060, -67.089457
1803870, -66.810050
1804680, -66.525861
1805490, -66.239849
1806300, -65.949701
1807110, -65.658327
1807920, -65.363353
1808730, -65.067660
1809540, -64.768895
1810350, -64.469902
1811160, -64.168292
1811970, -63.866932
1812780, -63.563428
1813590, -63.260583
1814400, -62.955999
1815210, -62.652512
1816020, -62.347630
1816830, -62.044133
1817640, -61.739607
1818450, -61.436724
1819260, -61.132965
1820070, -60.831073
1820880, -60.528474
1821690, -60.227754
1822500, -59.926351
1823310, -59.626893
1824120, -59.326604
1824930, -59.028017
1825740, -58.728528
1826550, -58.430424
1827360, -58.130874
1828170, -57.832353
1828980, -57.531924
1829790, -57.231739
1830600, -56.928893
1831410, -56.625638
1832220, -56.318630
1833030, -56.009915
1833840, -55.696480
1834650, -55.379809
1835460, -55.056402
1836270, -54.728118
1837080, -54.390890
1837890, -54.045883
1838700, -53.689262
1839510, -53.321347
1840320, -52.937330
1841130, -52.537489
1841940, -52.115563
1842750, -51.670655
1843560, -51.195129
1844370, -50.685938
1845180, -50.133077
1845990, -49.530279
1846800, -48.862908
1847610, -48.118983
1848420, -47.276322
1849230, -46.311331
1850040, -45.186826
1850850, -43.858765
1851660, -42.260692
1852470, -40.307253
1853280, -37.876424
1854090, -34.812648
1854900, -30.918047
1855710, -25.994674
1856520, -19.935906
1857330, -12.946256
1858140, -5.770516
1858950, 0.353639
1859760, 4.335307
1860570, 5.879478
1861380, 5.427192
1862190, 3.621668
1863000, 0.987934
1863810, -2.128787
1864620, -5.505239
1865430, -9.003056
1866240, -12.529058
1867050, -16.030068
1867860, -19.469684
1868670, -22.835212
1869480, -26.120723
1870290, -29.337825
1871100, -32.504032
1871910, -35.651340
1872720, -38.815001
1873530, -42.040221
1874340, -45.364681
1875150, -48.814807
1875960, -52.375171
1876770, -55.970103
1877580, -59.437764
1878390, -62.555481
1879200, -65.108858
1880010, -66.992696
1880820, -68.235613
1881630, -68.965986
1882440, -69.330632
1883250, -69.458122
1884060, -69.435587
1884870, -69.323416
1885680, -69.154381
1886490, -68.952027
1887300, -68.726145
1888110, -68.486553
1888920, -68.235037
1889730, -67.976788
1890540, -67.710914
1891350, -67.441031
1892160, -67.165333
1892970, -66.886917
1893780, -66.603660
1894590, -66.318453
1895400, -66.029065
1896210, -65.738341
1897020, -65.443986
1897830, -65.148802
1898640, -64.850510
1899450, -64.551895
1900260, -64.250636
1901070, -63.949521
1901880, -63.646251
1902690, -63.343546
1903500, -63.039078
1904310, -62.735618
1905120, -62.430763
1905930, -62.127206
1906740, -61.822601
1907550, -61.519593
1908360, -61.215719
1909170, -60.913637
1909980, -60.610904
1910790, -60.310010
1911600, -60.008451
1912410, -59.708844
1913220, -59.408469
1914030, -59.109766
1914840, -58.810187
1915650, -58.512051
1916460, -58.212562
1917270, -57.914096
1918080, -57.613910
1918890, -57.314035
1919700, -57.011607
1920510, -56.708924
1921320, -56.402694
1922130, -56.094847
1922940, -55.782411
1923750, -55.467011
1924560, -55.145153
1925370, -54.818578
1926180, -54.483554
1926990, -54.141099
1927800, -53.787400
1928610, -53.423049
1929420, -53.043238
1930230, -52.648386
1931040, -52.232466
1931850, -51.794473
1932660, -51.327459
1933470, -50.828288
1934280, -50.287842
1935090, -49.699856
1935900, -49.050942
1936710, -48.330088
1937520, -47.516006
1938330, -46.587237
1939140, -45.509402
1939950, -44.241896
1940760, -42.723634
1941570, -40.876538
1942380, -38.588193
1943190, -35.713464
1944000, -32.063315
1944810, -27.434793
1945620, -21.680221
1946430, -14.894967
1947240, -7.660709
1948050, -1.123113
1948860, 3.506725
1949670, 5.688023
1950480, 5.711597
1951290, 4.212188
1952100, 1.761665
1952910, -1.251109
1953720, -4.573776
1954530, -8.049810
1955340, -11.574618
1956150, -15.086918
1956960, -18.545039
1957770, -21.931835
1958580, -25.238004
1959390, -28.472601
1960200, -31.649905
1961010, -34.799203
1961820, -37.953868
1962630, -41.158358
1963440, -44.452175
1964250, -47.867826
1965060, -51.402687
1965870, -55.000867
1966680, -58.523430
1967490, -61.759382
1968300, -64.481846
1969110, -66.549652
1969920, -67.955729
1970730, -68.810373
1971540, -69.259893
1972350, -69.441601
1973160, -69.452527
1973970, -69.360725
1974780, -69.204233
1975590, -69.009742
1976400, -68.789034
1977210, -68.552966
1978020, -68.304041
1978830, -68.047751
1979640, -67.783494
1980450, -67.514942
1981260, -67.240434
1982070, -66.963037
1982880, -66.680732
1983690, -66.396350
1984500, -66.107740
1985310, -65.817677
1986120, -65.523954
1986930, -65.229294
1987740, -64.931492
1988550, -64.633273
1989360, -64.332383
1990170, -64.031531
1990980, -63.728505
1991790, -63.425954
1992600, -63.121614
1993410, -62.818183
1994220, -62.513360
1995030, -62.209756
1995840, -61.905087
1996650, -61.601970
1997460, -61.297996
1998270, -60.995741
1999080, -60.692888
1999890, -60.391833
2000700, -60.090129
2001510, -59.790310
2002320, -59.489811
2003130, -59.190970
2003940, -58.891292
2004750, -58.593118
2005560, -58.293688
2006370, -57.995278
2007180, -57.695333
2007990, -57.395766
2008800, -57.093750
2009610, -56.791488
2010420, -56.485926
2011230, -56.178864
2012040, -55.867367
2012850, -55.553181
2013660, -55.232820
2014470, -54.907907
2015280, -54.575029
2016090, -54.235059
2016900, -53.884211
2017710, -53.523334
2018520, -53.147621
2019330, -52.757382
2020140, -52.347125
2020950, -51.915721
2021760, -51.456860
2022570, -50.967314
2023380, -50.438804
2024190, -49.865069
2025000, -49.233904
2025810, -48.534480
2026620, -47.747274
2027430, -46.852763
2028240, -45.819185
2029050, -44.609184
2029860, -43.166097
2030670, -41.418762
2031480, -39.263321
2032290, -36.565742
2033100, -33.147073
2033910, -28.805030
2034720, -23.362422
2035530, -16.825728
2036340, -9.620575
2037150, -2.761663
2037960, 2.480507
2038770, 5.329300
2039580, 5.883007
2040390, 4.735368
2041200, 2.498511
2042010, -0.390926
2042820, -3.647561
2043630, -7.094070
2044440, -10.612869
2045250, -14.133654
2046060, -17.608857
2046870, -21.016585
2047680, -24.344054
2048490, -27.597423
2049300, -30.787792
2050110, -33.941649
2050920, -37.090256
2051730, -40.277096
2052540, -43.542472
2053350, -46.923542
2054160, -50.428551
2054970, -54.019732
2055780, -57.581255
2056590, -60.918894
2057400, -63.800764
2058210, -66.054113
2059020, -67.633393
2059830, -68.624228
2060640, -69.169100
2061450, -69.412628
2062260, -69.461966
2063070, -69.393574
2063880, -69.251435
2064690, -69.065875
2065500, -68.850966
2066310, -68.618798
2067120, -68.372694
2067930, -68.118509
2068740, -67.855961
2069550, -67.588807
2070360, -67.315537
2071170, -67.039197
2071980, -66.757873
2072790, -66.474344
2073600, -66.186536
2074410, -65.897159
2075220, -65.604091
2076030, -65.309981
2076840, -65.012690
2077650, -64.714887
2078460, -64.414385
2079270, -64.113818
2080080, -63.811039
2080890, -63.508654
2081700, -63.204459
2082510, -62.901074
2083320, -62.596302
2084130, -62.292668
2084940, -61.987953
2085750, -61.684743
2086560, -61.380685
2087370, -61.078271
2088180, -60.775251
2088990, -60.474010
2089800, -60.172151
2090610, -59.872120
2091420, -59.571500
2092230, -59.272528
2093040, -58.972760
2093850, -58.674558
2094660, -58.375194
2095470, -58.076848
2096280, -57.777023
2097090, -57.477684
2097900, -57.176028
2098710, -56.874157
2099520, -56.569240
2100330, -56.262951
2101140, -55.952384
2101950, -55.639405
2102760, -55.320532
2103570, -54.997272
2104380, -54.666525
2105190, -54.329022
2106000, -53.981003
2106810, -53.623569
2107620, -53.251913
2108430, -52.866242
2109240, -52.461588
2110050, -52.036697
2110860, -51.585717
2111670, -51.105543
2112480, -50.588167
2113290, -50.027976
2114100, -49.413691
2114910, -48.734817
2115720, -47.973480
2116530, -47.111993
2117340, -46.120431
2118150, -44.964629
2118960, -43.592950
2119770, -41.939497
2120580, -39.909687
2121390, -37.379791
2122200, -34.181769
2123010, -30.118217
2123820, -24.993436
2124630, -18.741926
2125440, -11.646614
2126250, -4.564014
2127060, 1.239891
2127870, 4.779540
2128680, 5.923116
2129490, 5.182266
2130300, 3.197197
2131110, 0.455295
2131920, -2.720220
2132730, -6.127796
2133540, -9.634817
2134350, -13.160782
2135160, -16.651414
2135970, -20.079682
2136780, -23.429259
2137590, -26.702700
2138400, -29.908098
2139210, -33.069051
2140020, -36.214785
2140830, -39.387071
2141640, -42.626284
2142450, -45.973065
2143260, -49.444764
2144070, -53.020044
2144880, -56.606016
2145690, -60.028789
2146500, -63.058704
2147310, -65.497500
2148120, -67.259268
2148930, -68.400248
2149740, -69.053291
2150550, -69.368191
2151360, -69.462264
2152170, -69.421207
2152980, -69.295778
2153790, -69.120545
2154600, -68.912263
2155410, -68.684493
2156220, -68.441515
2157030, -68.189627
2157840, -67.928918
2158650, -67.663250
2159460, -67.391284
2160270, -67.116054
2161080, -66.835749
2161890, -66.553110
2162700, -66.266138
2163510, -65.977480
2164320, -65.685095
2165130, -65.391563
2165940, -65.094811
2166750, -64.797437
2167560, -64.497340
2168370, -64.197079
2169180, -63.894570
2169990, -63.592374
2170800, -63.288345
2171610, -62.985028
2172420, -62.680326
2173230, -62.376683
2174040, -62.071938
2174850, -61.768612
2175660, -61.464458
2176470, -61.161885
2177280, -60.858700
2178090, -60.557281
2178900, -60.255274
2179710, -59.955042
2180520, -59.654311
2181330, -59.355219
2182140, -59.055369
2182950, -58.757075
2183760, -58.457737
2184570, -58.159432
2185380, -57.859708
2186190, -57.560587
2187000, -57.259288
2187810, -56.957809
2188620, -56.653540
2189430, -56.348031
2190240, -56.038399
2191050, -55.726534
2191860, -55.409085
2192670, -55.087436
2193480, -54.758525
2194290, -54.423280
2195100, -54.077937
2195910, -53.723547
2196720, -53.355647
2197530, -52.974304
2198340, -52.575033
2199150, -52.156449
2199960, -51.712752
2200770, -51.241420
2201580, -50.734509
2202390, -50.187192
2203200, -49.588337
2204010, -48.928611
2204820, -48.191609
2205630, -47.360200
2206440, -46.406685
2207250, -45.299730
2208060, -43.991638
2208870, -42.423145
2209680, -40.506059
2210490, -38.126628
2211300, -35.128194
2212110, -31.320507
2212920, -26.498729
2213730, -20.545526
2214540, -13.620486
2215350, -6.416589
2216160, -0.138981
2216970, 4.068612
2217780, 5.830772
2218590, 5.536063
2219400, 3.832926
2220210, 1.258311
2221020, -1.823282
2221830, -5.183553
2222640, -8.673281
2223450, -12.200802
2224260, -15.704617
2225070, -19.152215
2225880, -22.523596
2226690, -25.817639
2227500, -29.039433
2228310, -32.209888
2229120, -35.356085
2229930, -38.517473
2230740, -41.734063
2231550, -45.048863
2232360, -48.486273
2233170, -52.039283
2233980, -55.636129
2234790, -59.125094
2235600, -62.284649
2236410, -64.898793
2237220, -66.844870
2238030, -68.144201
2238840, -68.914933
2239650, -69.308945
2240460, -69.453141
2241270, -69.442837
2242080, -69.336179
2242890, -69.172486
2243700, -68.971534
2244510, -68.748573
2245320, -68.508958
2246130, -68.259512
2246940, -68.000725
2247750, -67.736599
2248560, -67.465971
2249370, -67.191877
2250180, -66.912611
2250990, -66.630876
2251800, -66.344754
2252610, -66.056828
2253420, -65.765133
2254230, -65.472190
2255040, -65.175988
2255850, -64.879058
2256660, -64.579382
2257470, -64.279444
2258280, -63.977222
2259090, -63.675233
2259900, -63.371386
2260710, -63.068155
2261520, -62.763510
2262330, -62.459857
2263140, -62.155089
2263950, -61.851653
2264760, -61.547413
2265570, -61.244694
2266380, -60.941359
2267190, -60.639775
2268000, -60.337633
2268810, -60.037214
2269620, -59.736342
2270430, -59.437114
2271240, -59.137172
2272050, -58.838749
2272860, -58.539410
2273670, -58.241131
2274480, -57.941495
2275290, -57.642582
2276100, -57.341627
2276910, -57.040529
2277720, -56.736806
2278530, -56.431995
2279340, -56.123234
2280150, -55.812311
2280960, -55.496146
2281770, -55.175994
2282580, -54.848811
2283390, -54.515717
2284200, -54.172939
2285010, -53.821415
2285820, -53.457086
2286630, -53.079881
2287440, -52.685447
2288250, -52.272676
2289060, -51.835788
2289870, -51.372788
2290680, -50.875777
2291490, -50.340659
2292300, -49.756443
2293110, -49.114878
2293920, -48.400292
2294730, -47.596732
2295540, -46.678694
2296350, -45.617429
2297160, -44.368743
2297970, -42.877798
2298780, -41.064495
2299590, -38.824056
2300400, -36.010396
2301210, -32.442407
2302020, -27.912540
2302830, -22.265510
2303640, -15.559926
2304450, -8.328233
2305260, -1.668896
2306070, 3.174481
2306880, 5.583422
2307690, 5.781774
2308500, 4.399021
2309310, 2.017076
2310120, -0.954272
2310930, -4.256739
2311740, -7.722374
2312550, -11.247075
2313360, -14.761379
2314170, -18.226841
2314980, -21.619526
2315790, -24.934523
2316600, -28.173873
2317410, -31.356249
2318220, -34.505635
2319030, -37.659279
2319840, -40.856406
2320650, -44.141454
2321460, -47.544246
2322270, -51.070049
2323080, -54.666294
2323890, -58.204268
2324700, -61.475851
2325510, -64.254988
2326320, -66.385173
2327130, -67.850676
2327940, -68.749429
2328750, -69.231567
2329560, -69.432400
2330370, -69.457075
2331180, -69.371771
2331990, -69.221150
2332800, -69.028428
2333610, -68.810798
2334420, -68.574856
2335230, -68.328034
2336040, -68.071283
2336850, -67.808763
2337660, -67.539517
2338470, -67.266590
2339280, -66.988385
2340090, -66.707576
2340900, -66.422319
2341710, -66.135143
2342520, -65.844148
2343330, -65.551807
2344140, -65.256171
2344950, -64.959701
2345760, -64.660461
2346570, -64.360863
2347380, -64.058945
2348190, -63.757161
2349000, -63.453504
2349810, -63.150371
2350620, -62.845794
2351430, -62.542146
2352240, -62.237371
2353050, -61.933842
2353860, -61.629534
2354670, -61.326688
2355480, -61.023219
2356290, -60.721468
2357100, -60.419193
2357910, -60.118592
2358720, -59.817545
2359530, -59.518160
2360340, -59.218118
2361150, -58.919565
2361960, -58.620226
2362770, -58.321974
2363580, -58.022431
2364390, -57.723686
2365200, -57.423046
2366010, -57.122309
2366820, -56.819029
2367630, -56.514841
2368440, -56.206892
2369250, -55.896866
2370060, -55.581941
2370870, -55.263241
2371680, -54.937741
2372490, -54.606744
2373300, -54.266467
2374110, -53.917737
2374920, -53.556888
2375730, -53.183713
2376540, -52.793887
2377350, -52.386697
2378160, -51.956373
2378970, -51.501416
2379780, -51.013974
2380590, -50.490568
2381400, -49.920437
2382210, -49.296356
2383020, -48.602967
2383830, -47.825917
2384640, -46.941744
2385450, -45.924146
2386260, -44.732269
2387070, -43.315529
2387880, -41.600061
2388690, -39.489862
2389500, -36.849913
2390310, -33.509689
2391120, -29.263710
2391930, -23.931764
2392740, -17.488360
2393550, -10.313890
2394360, -3.365458
2395170, 2.075954
2395980, 5.162600
2396790, 5.911977
2397600, 4.899166
2398410, 2.743376
2399220, -0.097026
2400030, -3.328613
2400840, -6.761790
2401650, -10.278536
2402460, -13.800364
2403270, -17.282296
2404080, -20.695969
2404890, -24.032539
2405700, -27.291029
2406510, -30.487352
2407320, -33.642488
2408130, -36.791296
2408940, -39.971783
2409750, -43.229029
2410560, -46.597151
2411370, -50.091695
2412180, -53.677675
2412990, -57.249616
2413800, -60.617351
2414610, -63.552159
2415420, -65.868084
2416230, -67.510436
2417040, -68.550445
2417850, -69.132378
2418660, -69.398346
2419470, -69.463552
2420280, -69.403022
2421090, -69.267521
2421900, -69.084237
2422710, -68.872656
2423520, -68.640819
2424330, -68.396891
2425140, -68.142345
2425950, -67.881548
2426760, -67.613765
2427570, -67.342067
2428380, -67.064973
2429190, -66.785126
2430000, -66.500769
2430810, -66.214374
2431620, -65.924112
2432430, -65.632404
2433240, -65.337361
2434050, -65.041381
2434860, -64.742594
2435670, -64.443357
2436480, -64.141764
2437290, -63.840203
2438100, -63.536754
2438910, -63.233740
2439720, -62.929249
2440530, -62.625625
2441340, -62.320861
2442150, -62.017259
2442960, -61.712886
2443770, -61.409921
2444580, -61.106328
2445390, -60.804375
2446200, -60.501947
2447010, -60.201159
2447820, -59.899935
2448630, -59.600398
2449440, -59.300261
2450250, -59.001585
2451060, -58.702251
2451870, -58.404032
2452680, -58.104586
2453490, -57.805922
2454300, -57.505538
2455110, -57.205126
2455920, -56.902268
2456730, -56.598691
2457540, -56.291548
2458350, -55.982420
2459160, -55.668736
2459970, -55.351492
2460780, -55.027680
2461590, -54.698696
2462400, -54.360860
2463210, -54.014885
2464020, -53.657425
2464830, -53.288212
2465640, -52.902937
2466450, -52.501272
2467260, -52.077454
2468070, -51.630113
2468880, -51.151885
2469690, -50.639247
2470500, -50.082398
2471310, -49.474569
2472120, -48.801211
2472930, -48.049418
2473740, -47.197335
2474550, -46.220146
2475360, -45.080226
2476170, -43.731894
2476980, -42.106963
2477790, -40.117690
2478600, -37.639337
2479410, -34.512135
2480220, -30.536509
2481030, -25.517342
2481840, -19.365423
2482650, -12.322979
2483460, -5.186659
2484270, 0.787977
2485080, 4.559097
2485890, 5.908558
2486700, 5.315719
2487510, 3.421598
2488320, 0.735130
2489130, -2.411122
2489940, -5.802600
2490750, -9.305563
2491560, -12.831378
2492370, -16.327868
2493180, -19.761777
2493990, -23.120137
2494800, -26.399097
2495610, -29.611143
2496420, -32.774441
2497230, -35.921337
2498040, -39.088279
2498850, -42.320389
2499660, -45.654864
2500470, -51.726020
2501280, -56.758153
2502090, -61.543229
2502900, -65.937872
2503710, -69.574186
2504520, -72.206733
2505330, -73.897943
2506140, -74.884621
2506950, -75.428896
2507760, -75.711665
2508570, -75.853896
2509380, -75.914381
2510190, -75.934512
2511000, -75.927225
2511810, -75.908870
2512620, -75.878977
2513430, -75.846723
2514240, -75.807782
2515050, -75.769220
2515860, -75.725545
2516670, -75.683165
2517480, -75.636215
2518290, -75.590880
2519100, -75.541171
2519910, -75.493193
2520720, -75.440916
2521530, -75.390412
2522340, -75.335638
2523150, -75.282654
2523960, -75.225414
2524770, -75.169973
2525580, -75.110286
2526390, -75.052407
2527200, -74.990293
2528010, -74.929996
2528820, -74.865481
2529630, -74.802796
2530440, -74.735911
2531250, -74.670877
2532060, -74.601668
2532870, -74.534333
2533680, -74.462854
2534490, -74.393278
2535300, -74.319593
2536110, -74.247846
2536920, -74.172030
2537730, -74.098190
2538540, -74.020326
2539350, -73.944481
2540160, -73.864659
2540970, -73.786903
2541780, -73.705221
2542590, -73.625656
2543400, -73.542221
2544210, -73.460959
2545020, -73.375889
2545830, -73.293051
2546640, -73.206468
2547450, -73.122180
2548260, -73.034214
2549070, -72.948607
2549880, -72.859388
2550690, -72.772590
2551500, -72.682246
2552310, -72.594389
2553120, -72.503056
2553930, -72.414279
2554740, -72.322099
2555550, -72.232545
2556360, -72.139662
2557170, -72.049475
2557980, -71.956034
2558790, -71.865356
2559600, -71.771488
2560410, -71.680446
2561220, -71.586280
2562030, -71.495005
2562840, -71.400678
2563650, -71.309309
2564460, -71.214958
2565270, -71.123632
2566080, -71.029393
2566890, -70.938244
2567700, -70.844243
2568510, -70.753379
2569320, -70.659716
2570130, -70.569244
2570940, -70.476030
2571750, -70.386063
2572560, -70.293413
2573370, -70.204066
2574180, -70.112093
2574990, -70.023478
2575800, -69.932294
2576610, -69.844507
2577420, -69.754183
2578230, -69.667286
2579040, -69.577890
2579850, -69.491960
2580660, -69.403574
2581470, -69.318696
2582280, -69.231406
2583090, -69.147663
2583900, -69.061552
2584710, -68.979027
2585520, -68.894169
2586330, -68.812911
2587140, -68.729328
2587950, -68.649357
2588760, -68.567082
2589570, -68.488444
2590380, -68.407530
2591190, -68.330278
2592000, -68.250781
2592810, -68.174973
2593620, -68.096950
2594430, -68.022642
2595240, -67.946147
2596050, -67.873374
2596860, -67.798403
2597670, -67.727142
2598480, -67.653685
2599290, -67.583945
2600100, -67.512022
2600910, -67.443828
2601720, -67.373470
2602530, -67.306858
2603340, -67.238101
2604150, -67.173108
2604960, -67.105990
2605770, -67.042652
2606580, -66.977209
2607390, -66.915552
2608200, -66.851770
2609010, -66.791742
2609820, -66.729574
2610630, -66.671153
2611440, -66.610593
2612250, -66.553783
2613060, -66.494844
2613870, -66.439663
2614680, -66.382367
2615490, -66.328840
2616300, -66.273212
2617110, -66.221364
2617920, -66.167429
2618730, -66.117286
2619540, -66.065070
2620350, -66.016657
2621160, -65.966183
2621970, -65.919499
2622780, -65.870721
2623590, -65.825697
2624400, -65.778559
2625210, -65.735164
2626020, -65.689652
2626830, -65.647881
2627640, -65.603999
2628450, -65.563861
2629260, -65.521619
2630070, -65.483129
2630880, -65.442545
2631690, -65.405717
2632500, -65.366806
2633310, -65.331658
2634120, -65.294434
2634930, -65.260979
2635740, -65.225456
2636550, -65.193706
2637360, -65.159895
2638170, -65.129860
2638980, -65.097768
2639790, -65.069452
2640600, -65.039084
2641410, -65.012493
2642220, -64.983850
2643030, -64.958967
2643840, -64.932001
2644650, -64.908758
2645460, -64.883408
2646270, -64.861762
2647080, -64.837997
2647890, -64.817926
2648700, -64.795729
2649510, -64.777218
2650320, -64.756578
2651130, -64.739616
2651940, -64.720521
2652750, -64.705097
2653560, -64.687534
2654370, -64.673635
2655180, -64.657590
2655990, -64.645198
2656800, -64.630653
2657610, -64.619750
2658420, -64.606683
2659230, -64.597243
2660040, -64.585629
2660850, -64.577626
2661660, -64.567435
2662470, -64.560837
2663280, -64.552036
2664090, -64.546809
2664900, -64.539361
2665710, -64.535465
2666520, -64.529329
2667330, -64.526722
2668140, -64.521853
2668950, -64.520490
2669760, -64.516841
2670570, -64.516671
2671380, -64.514192
2672190, -64.515163
2673000, -64.513800
2673810, -64.515857
2674620, -64.515553
2675430, -64.518638
2676240, -64.519334
2677050, -64.523388
2677860, -64.525024
2678670, -64.529984
2679480, -64.532496
2680290, -64.538300
2681100, -64.541624
2681910, -64.548207
2682720, -64.552279
2683530, -64.559574
2684340, -64.564328
2685150, -64.572271
2685960, -64.577640
2686770, -64.586164
2687580, -64.592082
2688390, -64.601121
2689200, -64.607524
2690010, -64.617013
2690820, -64.623835
2691630, -64.633710
2692440, -64.640887
2693250, -64.651085
2694060, -64.658555
2694870, -64.669014
2695680, -64.676718
2696490, -64.687378
2697300, -64.695256
2698110, -64.706061
2698920, -64.714056
2699730, -64.724951
2700540, -64.733011
2701350, -64.743942
2702160, -64.752015
2702970, -64.762934
2703780, -64.770972
2704590, -64.781831
2705400, -64.789789
2706210, -64.800544
2707020, -64.808380
2707830, -64.818992
2708640, -64.826666
2709450, -64.837097
2710260, -64.844574
2711070, -64.854789
2711880, -64.862037
2712690, -64.872006
2713500, -64.878994
2714310, -64.888689
2715120, -64.895393
2715930, -64.904789
2716740, -64.911185
2717550, -64.920262
2718360, -64.926329
2719170, -64.935068
2719980, -64.940790
2720790, -64.949175
2721600, -64.954539
2722410, -64.962558
2723220, -64.967552
2724030, -64.975196
2724840, -64.979811
2725650, -64.987071
2726460, -64.991302
2727270, -64.998174
2728080, -65.002018
2728890, -65.008497
2729700, -65.011942
2730510, -65.018016
2731320, -65.021053
2732130, -65.026717
2732940, -65.029347
2733750, -65.034603
2734560, -65.036829
2735370, -65.041685
2736180, -65.043516
2736990, -65.047979
2737800, -65.049426
2738610, -65.053509
2739420, -65.054583
2740230, -65.058298
2741040, -65.059012
2741850, -65.062374
2742660, -65.062743
2743470, -65.065765
2744280, -65.065804
2745090, -65.068502
2745900, -65.068226
2746710, -65.070616
2747520, -65.070042
2748330, -65.072140
2749140, -65.071283
2749950, -65.073106
2750760, -65.071984
2751570, -65.073548
2752380, -65.072178
2753190, -65.073500
2754000, -65.071897
2754810, -65.072995
2755620, -65.071177
2756430, -65.072066
2757240, -65.070050
2758050, -65.070747
2758860, -65.068549
2759670, -65.069071
2760480, -65.066706
2761290, -65.067068
2762100, -65.064553
2762910, -65.064772
2763720, -65.062122
2764530, -65.062212
2765340, -65.059442
2766150, -65.059418
2766960, -65.056543
2767770, -65.056419
2768580, -65.053452
2769390, -65.053242
2770200, -65.050198
2771010, -65.049916
2771820, -65.046807
2772630, -65.046464
2773440, -65.043303
2774250, -65.042912
2775060, -65.039710
2775870, -65.039283
2776680, -65.036052
2777490, -65.035599
2778300, -65.032348
2779110, -65.031880
2779920, -65.028621
2780730, -65.028147
2781540, -65.024888
2782350, -65.024418
2783160, -65.021168
2783970, -65.020709
2784780, -65.017476
2785590, -65.017037
2786400, -65.013828
2787210, -65.013416
2788020, -65.010239
2788830, -65.009860
2789640, -65.006721
2790450, -65.006381
2791260, -65.003285
2792070, -65.002990
2792880, -64.999943
2793690, -64.999697
2794500, -64.996702
2795310, -64.996506
2796120, -64.993564
2796930, -64.993420
2797740, -64.990531
2798550, -64.990440
2799360, -64.987607
2800170, -64.987572
2800980, -64.984797
2801790, -64.984820
2802600, -64.982106
2803410, -64.982190
2804220, -64.979539
2805030, -64.979685
2805840, -64.977100
2806650, -64.977310
2807460, -64.974791
2808270, -64.975068
2809080, -64.972616
2809890, -64.972959
2810700, -64.970577
2811510, -64.970987
2812320, -64.968673
2813130, -64.969152
2813940, -64.966907
2814750, -64.967453
2815560, -64.965278
2816370, -64.965891
2817180, -64.963784
2817990, -64.964465
2818800, -64.962426
2819610, -64.963172
2820420, -64.961200
2821230, -64.962011
2822040, -64.960104
2822850, -64.960979
2823660, -64.959137
2824470, -64.960073
2825280, -64.958293
2826090, -64.959290
2826900, -64.957571
2827710, -64.958626
2828520, -64.956965
2829330, -64.958077
2830140, -64.956473
2830950, -64.957638
2831760, -64.956088
2832570, -64.957305
2833380, -64.955807
2834190, -64.957074
2835000, -64.955625
2835810, -64.956938
2836620, -64.955536
2837430, -64.956893
2838240, -64.955536
2839050, -64.956934
2839860, -64.955618
2840670, -64.957056
2841480, -64.955779
2842290, -64.957252
2843100, -64.956011
2843910, -64.957518
2844720, -64.956311
2845530, -64.957849
2846340, -64.956672
2847150, -64.958238
2847960, -64.957089
2848770, -64.958680
2849580, -64.957557
2850390, -64.959171
2851200, -64.958071
2852010, -64.959705
2852820, -64.958625
2853630, -64.960277
2854440, -64.959215
2855250, -64.960881
2856060, -64.959835
2856870, -64.961515
2857680, -64.960481
2858490, -64.962171
2859300, -64.961149
2860110, -64.962847
2860920, -64.961833
2861730, -64.963538
2862540, -64.962530
2863350, -64.964239
2864160, -64.963236
2864970, -64.964947
2865780, -64.963947
2866590, -64.965659
2867400, -64.964659
2868210, -64.966370
2869020, -64.965370
2869830, -64.967077
2870640, -64.966075
2871450, -64.967777
2872260, -64.966771
2873070, -64.968468
2873880, -64.967457
2874690, -64.969147
2875500, -64.968129
2876310, -64.969811
2877120, -64.968786
2877930, -64.970458
2878740, -64.969424
2879550, -64.971086
2880360, -64.970043
2881170, -64.971693
2881980, -64.970640
2882790, -64.972278
2883600, -64.971214
2884410, -64.972839
2885220, -64.971763
2886030, -64.973376
2886840, -64.972288
2887650, -64.973886
2888460, -64.972785
2889270, -64.974370
2890080, -64.973256
2890890, -64.974826
2891700, -64.973699
2892510, -64.975254
2893320, -64.974114
2894130, -64.975654
2894940, -64.974501
2895750, -64.976026
2896560, -64.974859
2897370, -64.976369
2898180, -64.975188
2898990, -64.976684
2899800, -64.975490
2900610, -64.976971
2901420, -64.975763
2902230, -64.977229
2903040, -64.976009
2903850, -64.977461
2904660, -64.976228
2905470, -64.977665
2906280, -64.976420
2907090, -64.977844
2907900, -64.976586
2908710, -64.977997
2909520, -64.976727
2910330, -64.978125
2911140, -64.976844
2911950, -64.978229
2912760, -64.976938
2913570, -64.978311
2914380, -64.977009
2915190, -64.978370
2916000, -64.977058
2916810, -64.978409
2917620, -64.977088
2918430, -64.978428
2919240, -64.977097
2920050, -64.978428
2920860, -64.977089
2921670, -64.978410
2922480, -64.977064
2923290, -64.978376
2924100, -64.977022
2924910, -64.978326
2925720, -64.976966
2926530, -64.978262
2927340, -64.976896
2928150, -64.978185
2928960, -64.976813
2929770, -64.978095
2930580, -64.976719
2931390, -64.977995
2932200, -64.976614
2933010, -64.977885
2933820, -64.976500
2934630, -64.977766
2935440, -64.976378
2936250, -64.977639
2937060, -64.976248
2937870, -64.977506
2938680, -64.976112
2939490, -64.977367
2940300, -64.975971
2941110, -64.977223
2941920, -64.975826
2942730, -64.977075
2943540, -64.975678
2944350, -64.976924
2945160, -64.975526
2945970, -64.976771
2946780, -64.975374
2947590, -64.976617
2948400, -64.975220
2949210, -64.976463
2950020, -64.975066
2950830, -64.976308
2951640, -64.974913
2952450, -64.976155
2953260, -64.974760
2954070, -64.976003
2954880, -64.974610
2955690, -64.975853
2956500, -64.974462
2957310, -64.975706
2958120, -64.974317
2958930, -64.975562
2959740, -64.974176
2960550, -64.975421
2961360, -64.974038
2962170, -64.975285
2962980, -64.973904
2963790, -64.975153
2964600, -64.973775
2965410, -64.975026
2966220, -64.973651
2967030, -64.974903
2967840, -64.973532
2968650, -64.974786
2969460, -64.973419
2970270, -64.974675
2971080, -64.973311
2971890, -64.974569
2972700, -64.973208
2973510, -64.974469
2974320, -64.973112
2975130, -64.974375
2975940, -64.973021
2976750, -64.974287
2977560, -64.972937
2978370, -64.974204
2979180, -64.972858
2979990, -64.974128
2980800, -64.972786
2981610, -64.974058
2982420, -64.972719
2983230, -64.973994
2984040, -64.972658
2984850, -64.973935
2985660, -64.972603
2986470, -64.973882
2987280, -64.972554
2988090, -64.973835
2988900, -64.972511
2989710, -64.973794
2990520, -64.972473
2991330, -64.973758
2992140, -64.972440
2992950, -64.973727
2993760, -64.972412
2994570, -64.973701
2995380, -64.972389
2996190, -64.973680
2997000, -64.972371
2997810, -64.973664
2998620, -64.972358
2999430, -64.973652
3000240, -64.972349
