# ./result/hh_impl_0590.txt
# dt = 590 [usec]
# t [usec], V [mV]
0, -65.000000
590, -64.998246
1180, -64.996552
1770, -64.994911
2360, -64.993315
2950, -64.991759
3540, -64.990240
4130, -64.988755
4720, -64.987301
5310, -64.985878
5900, -64.984483
6490, -64.983116
7080, -64.981777
7670, -64.980464
8260, -64.979178
8850, -64.977918
9440, -64.976684
10030, -64.975476
10620, -64.974295
11210, -64.973139
11800, -64.972010
12390, -64.970907
12980, -64.969830
13570, -64.968779
14160, -64.967755
14750, -64.966756
15340, -64.965785
15930, -64.964839
16520, -64.963920
17110, -64.963027
17700, -64.962160
18290, -64.961319
18880, -64.960505
19470, -64.959716
20060, -64.958954
20650, -64.958217
21240, -64.957507
21830, -64.956821
22420, -64.956162
23010, -64.955527
23600, -64.954918
24190, -64.954334
24780, -64.953774
25370, -64.953240
25960, -64.952729
26550, -64.952243
27140, -64.951781
27730, -64.951343
28320, -64.950928
28910, -64.950536
29500, -64.950167
30090, -64.949821
30680, -64.949497
31270, -64.949196
31860, -64.948916
32450, -64.948658
33040, -64.948421
33630, -64.948204
34220, -64.948009
34810, -64.947834
35400, -64.947678
35990, -64.947542
36580, -64.947426
37170, -64.947328
37760, -64.947248
38350, -64.947187
38940, -64.947144
39530, -64.947118
40120, -64.947109
40710, -64.947117
41300, -64.947142
41890, -64.947182
42480, -64.947237
43070, -64.947308
43660, -64.947394
44250, -64.947495
44840, -64.947609
45430, -64.947737
46020, -64.947878
46610, -64.948033
47200, -64.948199
47790, -64.948378
48380, -64.948569
48970, -64.948771
49560, -64.948985
50150, -64.949209
50740, -64.949443
51330, -64.949687
51920, -64.949940
52510, -64.950203
53100, -64.950475
53690, -64.950755
54280, -64.951043
54870, -64.951339
55460, -64.951642
56050, -64.951952
56640, -64.952269
57230, -64.952593
57820, -64.952922
58410, -64.953257
59000, -64.953597
59590, -64.953942
60180, -64.954292
60770, -64.954646
61360, -64.955004
61950, -64.955366
62540, -64.955731
63130, -64.956099
63720, -64.956470
64310, -64.956844
64900, -64.957220
65490, -64.957598
66080, -64.957977
66670, -64.958358
67260, -64.958739
67850, -64.959122
68440, -64.959505
69030, -64.959889
69620, -64.960273
70210, -64.960656
70800, -64.961039
71390, -64.961421
71980, -64.961803
72570, -64.962184
73160, -64.962563
73750, -64.962940
74340, -64.963316
74930, -64.963690
75520, -64.964062
76110, -64.964432
76700, -64.964799
77290, -64.965164
77880, -64.965526
78470, -64.965884
79060, -64.966240
79650, -64.966592
80240, -64.966941
80830, -64.967287
81420, -64.967628
82010, -64.967966
82600, -64.968300
83190, -64.968630
83780, -64.968955
84370, -64.969276
84960, -64.969593
85550, -64.969905
86140, -64.970213
86730, -64.970516
87320, -64.970814
87910, -64.971107
88500, -64.971395
89090, -64.971679
89680, -64.971957
90270, -64.972230
90860, -64.972497
91450, -64.972760
92040, -64.973017
92630, -64.973269
93220, -64.973516
93810, -64.973757
94400, -64.973992
94990, -64.974222
95580, -64.974447
96170, -64.974666
96760, -64.974880
97350, -64.975088
97940, -64.975290
98530, -64.975487
99120, -64.975679
99710, -64.975864
100300, -64.976045
100890, -64.976219
101480, -64.976389
102070, -64.976552
102660, -64.976711
103250, -64.976863
103840, -64.977011
104430, -64.977153
105020, -64.977289
105610, -64.977420
106200, -64.977546
106790, -64.977667
107380, -64.977783
107970, -64.977893
108560, -64.977998
109150, -64.978098
109740, -64.978193
110330, -64.978283
110920, -64.978368
111510, -64.978448
112100, -64.978524
112690, -64.978595
113280, -64.978661
113870, -64.978722
114460, -64.978779
115050, -64.978831
115640, -64.978879
116230, -64.978923
116820, -64.978962
117410, -64.978997
118000, -64.979028
118590, -64.979055
119180, -64.979078
119770, -64.979097
120360, -64.979112
120950, -64.979123
121540, -64.979131
122130, -64.979135
122720, -64.979135
123310, -64.979132
123900, -64.979126
124490, -64.979116
125080, -64.979103
125670, -64.979087
126260, -64.979068
126850, -64.979046
127440, -64.979021
128030, -64.978993
128620, -64.978963
129210, -64.978930
129800, -64.978894
130390, -64.978856
130980, -64.978815
131570, -64.978772
132160, -64.978727
132750, -64.978679
133340, -64.978630
133930, -64.978578
134520, -64.978524
135110, -64.978469
135700, -64.978412
136290, -64.978353
136880, -64.978292
137470, -64.978230
138060, -64.978167
138650, -64.978101
139240, -64.978035
139830, -64.977967
140420, -64.977899
141010, -64.977828
141600, -64.977757
142190, -64.977685
142780, -64.977612
143370, -64.977538
143960, -64.977464
144550, -64.977388
145140, -64.977312
145730, -64.977235
146320, -64.977158
146910, -64.977080
147500, -64.977002
148090, -64.976924
148680, -64.976845
149270, -64.976766
149860, -64.976687
150450, -64.976607
151040, -64.976528
151630, -64.976448
152220, -64.976368
152810, -64.976289
153400, -64.976209
153990, -64.976130
154580, -64.976051
155170, -64.975972
155760, -64.975894
156350, -64.975816
156940, -64.975738
157530, -64.975661
158120, -64.975584
158710, -64.975507
159300, -64.975431
159890, -64.975356
160480, -64.975281
161070, -64.975207
161660, -64.975134
162250, -64.975061
162840, -64.974989
163430, -64.974918
164020, -64.974847
164610, -64.974778
165200, -64.974709
165790, -64.974641
166380, -64.974574
166970, -64.974508
167560, -64.974442
168150, -64.974378
168740, -64.974315
169330, -64.974252
169920, -64.974191
170510, -64.974131
171100, -64.974072
171690, -64.974013
172280, -64.973956
172870, -64.973900
173460, -64.973845
174050, -64.973791
174640, -64.973738
175230, -64.973687
175820, -64.973636
176410, -64.973587
177000, -64.973538
177590, -64.973491
178180, -64.973445
178770, -64.973400
179360, -64.973357
179950, -64.973314
180540, -64.973273
181130, -64.973233
181720, -64.973193
182310, -64.973155
182900, -64.973119
183490, -64.973083
184080, -64.973049
184670, -64.973015
185260, -64.972983
185850, -64.972952
186440, -64.972922
187030, -64.972893
187620, -64.972865
188210, -64.972839
188800, -64.972813
189390, -64.972789
189980, -64.972766
190570, -64.972743
191160, -64.972722
191750, -64.972702
192340, -64.972683
192930, -64.972665
193520, -64.972648
194110, -64.972632
194700, -64.972617
195290, -64.972603
195880, -64.972589
196470, -64.972577
197060, -64.972566
197650, -64.972556
198240, -64.972546
198830, -64.972538
199420, -64.972530
200010, -64.972524
200600, -64.972518
201190, -64.972513
201780, -64.972509
202370, -64.972505
202960, -64.972503
203550, -64.972501
204140, -64.972500
204730, -64.972500
205320, -64.972500
205910, -64.972501
206500, -64.972503
207090, -64.972506
207680, -64.972509
208270, -64.972513
208860, -64.972517
209450, -64.972522
210040, -64.972528
210630, -64.972534
211220, -64.972541
211810, -64.972548
212400, -64.972556
212990, -64.972565
213580, -64.972574
214170, -64.972583
214760, -64.972593
215350, -64.972603
215940, -64.972614
216530, -64.972625
217120, -64.972637
217710, -64.972649
218300, -64.972661
218890, -64.972674
219480, -64.972687
220070, -64.972700
220660, -64.972714
221250, -64.972728
221840, -64.972742
222430, -64.972756
223020, -64.972771
223610, -64.972786
224200, -64.972801
224790, -64.972816
225380, -64.972832
225970, -64.972848
226560, -64.972864
227150, -64.972880
227740, -64.972896
228330, -64.972912
228920, -64.972928
229510, -64.972945
230100, -64.972961
230690, -64.972978
231280, -64.972995
231870, -64.973011
232460, -64.973028
233050, -64.973045
233640, -64.973062
234230, -64.973079
234820, -64.973095
235410, -64.973112
236000, -64.973129
236590, -64.973146
237180, -64.973162
237770, -64.973179
238360, -64.973196
238950, -64.973212
239540, -64.973228
240130, -64.973245
240720, -64.973261
241310, -64.973277
241900, -64.973293
242490, -64.973309
243080, -64.973325
243670, -64.973340
244260, -64.973356
244850, -64.973371
245440, -64.973386
246030, -64.973401
246620, -64.973416
247210, -64.973431
247800, -64.973445
248390, -64.973459
248980, -64.973473
249570, -64.973487
250160, -64.973501
250750, -64.973515
251340, -64.973528
251930, -64.973541
252520, -64.973554
253110, -64.973567
253700, -64.973579
254290, -64.973591
254880, -64.973603
255470, -64.973615
256060, -64.973627
256650, -64.973638
257240, -64.973649
257830, -64.973660
258420, -64.973670
259010, -64.973681
259600, -64.973691
260190, -64.973701
260780, -64.973710
261370, -64.973720
261960, -64.973729
262550, -64.973738
263140, -64.973747
263730, -64.973755
264320, -64.973763
264910, -64.973771
265500, -64.973779
266090, -64.973786
266680, -64.973794
267270, -64.973801
267860, -64.973808
268450, -64.973814
269040, -64.973820
269630, -64.973826
270220, -64.973832
270810, -64.973838
271400, -64.973843
271990, -64.973848
272580, -64.973853
273170, -64.973858
273760, -64.973862
274350, -64.973867
274940, -64.973871
275530, -64.973874
276120, -64.973878
276710, -64.973881
277300, -64.973885
277890, -64.973888
278480, -64.973890
279070, -64.973893
279660, -64.973895
280250, -64.973897
280840, -64.973899
281430, -64.973901
282020, -64.973903
282610, -64.973904
283200, -64.973906
283790, -64.973907
284380, -64.973908
284970, -64.973908
285560, -64.973909
286150, -64.973909
286740, -64.973910
287330, -64.973910
287920, -64.973910
288510, -64.973909
289100, -64.973909
289690, -64.973909
290280, -64.973908
290870, -64.973907
291460, -64.973906
292050, -64.973905
292640, -64.973904
293230, -64.973903
293820, -64.973902
294410, -64.973900
295000, -64.973898
295590, -64.973897
296180, -64.973895
296770, -64.973893
297360, -64.973891
297950, -64.973889
298540, -64.973887
299130, -64.973884
299720, -64.973882
300310, -64.973880
300900, -64.973877
301490, -64.973875
302080, -64.973872
302670, -64.973869
303260, -64.973866
303850, -64.973864
304440, -64.973861
305030, -64.973858
305620, -64.973855
306210, -64.973852
306800, -64.973849
307390, -64.973845
307980, -64.973842
308570, -64.973839
309160, -64.973836
309750, -64.973832
310340, -64.973829
310930, -64.973826
311520, -64.973822
312110, -64.973819
312700, -64.973816
313290, -64.973812
313880, -64.973809
314470, -64.973805
315060, -64.973802
315650, -64.973799
316240, -64.973795
316830, -64.973792
317420, -64.973788
318010, -64.973785
318600, -64.973781
319190, -64.973778
319780, -64.973775
320370, -64.973771
320960, -64.973768
321550, -64.973765
322140, -64.973761
322730, -64.973758
323320, -64.973755
323910, -64.973751
324500, -64.973748
325090, -64.973745
325680, -64.973742
326270, -64.973738
326860, -64.973735
327450, -64.973732
328040, -64.973729
328630, -64.973726
329220, -64.973723
329810, -64.973720
330400, -64.973717
330990, -64.973714
331580, -64.973711
332170, -64.973708
332760, -64.973706
333350, -64.973703
333940, -64.973700
334530, -64.973698
335120, -64.973695
335710, -64.973692
336300, -64.973690
336890, -64.973687
337480, -64.973685
338070, -64.973683
338660, -64.973680
339250, -64.973678
339840, -64.973676
340430, -64.973674
341020, -64.973671
341610, -64.973669
342200, -64.973667
342790, -64.973665
343380, -64.973663
343970, -64.973661
344560, -64.973660
345150, -64.973658
345740, -64.973656
346330, -64.973654
346920, -64.973653
347510, -64.973651
348100, -64.973650
348690, -64.973648
349280, -64.973647
349870, -64.973645
350460, -64.973644
351050, -64.973643
351640, -64.973641
352230, -64.973640
352820, -64.973639
353410, -64.973638
354000, -64.973637
354590, -64.973636
355180, -64.973635
355770, -64.973634
356360, -64.973633
356950, -64.973632
357540, -64.973632
358130, -64.973631
358720, -64.973630
359310, -64.973629
359900, -64.973629
360490, -64.973628
361080, -64.973628
361670, -64.973627
362260, -64.973627
362850, -64.973626
363440, -64.973626
364030, -64.973626
364620, -64.973626
365210, -64.973625
365800, -64.973625
366390, -64.973625
366980, -64.973625
367570, -64.973625
368160, -64.973625
368750, -64.973625
369340, -64.973625
369930, -64.973625
370520, -64.973625
371110, -64.973625
371700, -64.973625
372290, -64.973625
372880, -64.973625
373470, -64.973625
374060, -64.973626
374650, -64.973626
375240, -64.973626
375830, -64.973626
376420, -64.973627
377010, -64.973627
377600, -64.973628
378190, -64.973628
378780, -64.973628
379370, -64.973629
379960, -64.973629
380550, -64.973630
381140, -64.973630
381730, -64.973631
382320, -64.973631
382910, -64.973632
383500, -64.973632
384090, -64.973633
384680, -64.973634
385270, -64.973634
385860, -64.973635
386450, -64.973635
387040, -64.973636
387630, -64.973637
388220, -64.973637
388810, -64.973638
389400, -64.973639
389990, -64.973639
390580, -64.973640
391170, -64.973641
391760, -64.973642
392350, -64.973642
392940, -64.973643
393530, -64.973644
394120, -64.973644
394710, -64.973645
395300, -64.973646
395890, -64.973647
396480, -64.973647
397070, -64.973648
397660, -64.973649
398250, -64.973650
398840, -64.973650
399430, -64.973651
400020, -64.973652
400610, -64.973653
401200, -64.973653
401790, -64.973654
402380, -64.973655
402970, -64.973656
403560, -64.973656
404150, -64.973657
404740, -64.973658
405330, -64.973658
405920, -64.973659
406510, -64.973660
407100, -64.973661
407690, -64.973661
408280, -64.973662
408870, -64.973663
409460, -64.973663
410050, -64.973664
410640, -64.973665
411230, -64.973665
411820, -64.973666
412410, -64.973667
413000, -64.973667
413590, -64.973668
414180, -64.973668
414770, -64.973669
415360, -64.973670
415950, -64.973670
416540, -64.973671
417130, -64.973671
417720, -64.973672
418310, -64.973673
418900, -64.973673
419490, -64.973674
420080, -64.973674
420670, -64.973675
421260, -64.973675
421850, -64.973676
422440, -64.973676
423030, -64.973677
423620, -64.973677
424210, -64.973678
424800, -64.973678
425390, -64.973678
425980, -64.973679
426570, -64.973679
427160, -64.973680
427750, -64.973680
428340, -64.973680
428930, -64.973681
429520, -64.973681
430110, -64.973681
430700, -64.973682
431290, -64.973682
431880, -64.973682
432470, -64.973683
433060, -64.973683
433650, -64.973683
434240, -64.973684
434830, -64.973684
435420, -64.973684
436010, -64.973684
436600, -64.973685
437190, -64.973685
437780, -64.973685
438370, -64.973685
438960, -64.973685
439550, -64.973686
440140, -64.973686
440730, -64.973686
441320, -64.973686
441910, -64.973686
442500, -64.973686
443090, -64.973687
443680, -64.973687
444270, -64.973687
444860, -64.973687
445450, -64.973687
446040, -64.973687
446630, -64.973687
447220, -64.973687
447810, -64.973687
448400, -64.973687
448990, -64.973687
449580, -64.973687
450170, -64.973687
450760, -64.973687
451350, -64.973688
451940, -64.973688
452530, -64.973688
453120, -64.973688
453710, -64.973688
454300, -64.973688
454890, -64.973687
455480, -64.973687
456070, -64.973687
456660, -64.973687
457250, -64.973687
457840, -64.973687
458430, -64.973687
459020, -64.973687
459610, -64.973687
460200, -64.973687
460790, -64.973687
461380, -64.973687
461970, -64.973687
462560, -64.973687
463150, -64.973687
463740, -64.973687
464330, -64.973686
464920, -64.973686
465510, -64.973686
466100, -64.973686
466690, -64.973686
467280, -64.973686
467870, -64.973686
468460, -64.973686
469050, -64.973686
469640, -64.973685
470230, -64.973685
470820, -64.973685
471410, -64.973685
472000, -64.973685
472590, -64.973685
473180, -64.973685
473770, -64.973685
474360, -64.973684
474950, -64.973684
475540, -64.973684
476130, -64.973684
476720, -64.973684
477310, -64.973684
477900, -64.973684
478490, -64.973683
479080, -64.973683
479670, -64.973683
480260, -64.973683
480850, -64.973683
481440, -64.973683
482030, -64.973683
482620, -64.973682
483210, -64.973682
483800, -64.973682
484390, -64.973682
484980, -64.973682
485570, -64.973682
486160, -64.973682
486750, -64.973681
487340, -64.973681
487930, -64.973681
488520, -64.973681
489110, -64.973681
489700, -64.973681
490290, -64.973681
490880, -64.973680
491470, -64.973680
492060, -64.973680
492650, -64.973680
493240, -64.973680
493830, -64.973680
494420, -64.973680
495010, -64.973680
495600, -64.973679
496190, -64.973679
496780, -64.973679
497370, -64.973679
497960, -64.973679
498550, -64.973679
499140, -64.973679
499730, -64.973679
500320, -62.210971
500910, -59.546022
501500, -56.956874
502090, -54.423121
502680, -51.903033
503270, -49.341244
503860, -46.639397
504450, -43.652854
505040, -40.142688
505630, -35.738345
506220, -29.835477
506810, -21.506741
507400, -9.528390
507990, 6.705745
508580, 24.493606
509170, 37.185768
509760, 41.854443
510350, 42.088678
510940, 41.069727
511530, 39.623498
512120, 37.875790
512710, 35.867173
513300, 33.637677
513890, 31.217468
514480, 28.643855
515070, 25.945066
515660, 23.155260
516250, 20.298071
516840, 17.401906
517430, 14.483890
518020, 11.565723
518610, 8.657964
519200, 5.776137
519790, 2.925199
520380, 0.115720
520970, -2.651721
521560, -5.370333
522150, -8.042503
522740, -10.663767
523330, -13.239251
523920, -15.766496
524510, -18.252182
525100, -20.696238
525690, -23.107781
526280, -25.489371
526870, -27.854335
527460, -30.209422
528050, -32.572970
528640, -34.958406
529230, -37.389542
529820, -39.886193
530410, -42.476652
531000, -45.180401
531590, -48.018336
532180, -50.988870
532770, -54.070928
533360, -57.194936
533950, -60.251039
534540, -63.083528
535130, -65.541510
535720, -67.511915
536310, -68.971320
536900, -69.965651
537490, -70.592011
538080, -70.946974
538670, -71.120089
539260, -71.170958
539850, -71.146906
540440, -71.072179
541030, -70.968375
541620, -70.842503
542210, -70.705149
542800, -70.556492
543390, -70.402942
543980, -70.242148
544570, -70.078982
545160, -69.910164
545750, -69.739994
546340, -69.564846
546930, -69.388805
547520, -69.208120
548110, -69.026793
548700, -68.841028
549290, -68.654788
549880, -68.464260
550470, -68.273400
551060, -68.078393
551650, -67.883196
552240, -67.683993
552830, -67.484732
553420, -67.281606
554010, -67.078570
554600, -66.871829
555190, -66.665330
555780, -66.455273
556370, -66.245612
556960, -66.032562
557550, -65.820082
558140, -65.604378
558730, -65.389394
559320, -65.171352
559910, -64.954207
560500, -64.734186
561090, -64.515217
561680, -64.293517
562270, -64.073032
562860, -63.849997
563450, -63.628332
564040, -63.404242
564630, -63.181652
565220, -62.956790
565810, -62.733583
566400, -62.508207
566990, -62.284556
567580, -62.058843
568170, -61.834984
568760, -61.609145
569350, -61.385173
569940, -61.159253
570530, -60.935268
571120, -60.709399
571710, -60.485429
572300, -60.259503
572890, -60.035456
573480, -59.809475
574070, -59.585292
574660, -59.358990
575250, -59.134345
575840, -58.907500
576430, -58.682195
577020, -58.454426
577610, -58.227886
578200, -57.998658
578790, -57.770497
579380, -57.539284
579970, -57.308601
580560, -57.074444
581150, -56.840482
581740, -56.602562
582330, -56.364113
582920, -56.121002
583510, -55.876766
584100, -55.627155
584690, -55.375385
585280, -55.117130
585870, -54.855732
586460, -54.586677
587050, -54.312876
587640, -54.029711
588230, -53.740210
588820, -53.439230
589410, -53.129220
590000, -52.805080
590590, -52.468802
591180, -52.114448
591770, -51.743670
592360, -51.349739
592950, -50.933079
593540, -50.486214
594130, -50.007828
594720, -49.488789
595310, -48.925361
595900, -48.305428
596490, -47.621692
597080, -46.856854
597670, -45.997860
598260, -45.019399
598850, -43.897297
599440, -42.591671
600030, -41.059477
600620, -39.236894
601210, -37.050144
601800, -34.398519
602390, -31.170185
602980, -27.237526
603570, -22.503060
604160, -16.948603
604750, -10.750092
605340, -4.358620
605930, 1.514804
606520, 6.154335
607110, 9.145246
607700, 10.508586
608290, 10.539621
608880, 9.606384
609470, 8.010452
610060, 5.975877
610650, 3.650210
611240, 1.141427
611830, -1.480872
612420, -4.160841
613010, -6.864698
613600, -9.562115
614190, -12.238409
614780, -14.877238
615370, -17.474580
615960, -20.023129
616550, -22.525519
617140, -24.980970
617730, -27.397752
618320, -29.780826
618910, -32.144487
619500, -34.498722
620090, -36.863898
620680, -39.254461
621270, -41.693560
621860, -44.195710
622450, -46.778436
623040, -49.442472
623630, -52.179559
624220, -54.950712
624810, -57.694763
625400, -60.314120
625990, -62.704683
626580, -64.764849
627170, -66.437109
627760, -67.707344
628350, -68.614687
628940, -69.217794
629530, -69.589717
630120, -69.789417
630710, -69.870844
631300, -69.867571
631890, -69.809610
632480, -69.711274
633070, -69.588353
633660, -69.445191
634250, -69.290803
634840, -69.125026
635430, -68.953898
636020, -68.775308
636610, -68.594011
637200, -68.407060
637790, -68.218665
638380, -68.025521
638970, -67.831595
639560, -67.633419
640150, -67.434849
640740, -67.232352
641330, -67.029739
641920, -66.823452
642510, -66.617268
643100, -66.407613
643690, -66.198259
644280, -65.985635
644870, -65.773510
645460, -65.558300
646050, -65.343761
646640, -65.126322
647230, -64.909747
647820, -64.690462
648410, -64.472207
649000, -64.251408
649590, -64.031818
650180, -63.809877
650770, -63.589306
651360, -63.366522
651950, -63.145258
652540, -62.921949
653130, -62.700320
653720, -62.476762
654310, -62.254983
654900, -62.031403
655490, -61.809746
656080, -61.586380
656670, -61.364972
657260, -61.141919
657850, -60.920913
658440, -60.698340
659030, -60.477808
659620, -60.255677
660210, -60.035598
660800, -59.813968
661390, -59.594348
661980, -59.373042
662570, -59.153648
663160, -58.932525
663750, -58.713256
664340, -58.492068
664930, -58.272485
665520, -58.050811
666110, -57.830626
666700, -57.608117
667290, -57.386705
667880, -57.162619
668470, -56.939362
669060, -56.713158
669650, -56.487290
670240, -56.257876
670830, -56.028310
671420, -55.794802
672010, -55.560500
672600, -55.321364
673190, -55.080630
673780, -54.834368
674370, -54.585597
674960, -54.330043
675550, -54.070708
676140, -53.803441
676730, -53.530908
677320, -53.248491
677910, -52.958832
678500, -52.657315
679090, -52.345900
679680, -52.019426
680270, -51.679933
680860, -51.321379
681450, -50.944856
682040, -50.544073
682630, -50.118774
683220, -49.661423
683810, -49.170357
684400, -48.636035
684990, -48.054443
685580, -47.413183
686170, -46.704167
686760, -45.909836
687350, -45.016321
687940, -43.997804
688530, -42.829523
689120, -41.471630
689710, -39.881725
690300, -37.998525
690890, -35.753786
691480, -33.058123
692070, -29.820085
692660, -25.947294
693250, -21.393445
693840, -16.202924
694430, -10.596482
695020, -5.001657
695610, -0.002436
696200, 3.867117
696790, 6.317662
697380, 7.377768
697970, 7.274177
698560, 6.299387
699150, 4.706258
699740, 2.694701
700330, 0.402773
700920, -2.065440
701510, -4.641809
702100, -7.271803
702690, -9.922350
703280, -12.564005
703870, -15.182850
704460, -17.763546
705050, -20.303014
705640, -22.795070
706230, -25.243948
706820, -27.650274
707410, -30.024839
708000, -32.373963
708590, -34.714869
709180, -37.059506
709770, -39.428811
710360, -41.837737
710950, -44.306733
711540, -46.844646
712130, -49.458476
712720, -52.132313
713310, -54.835920
713900, -57.504552
714490, -60.055082
715080, -62.385067
715670, -64.406585
716260, -66.057922
716850, -67.330128
717440, -68.248884
718030, -68.873523
718620, -69.264626
719210, -69.485156
719800, -69.580401
720390, -69.590861
720980, -69.539670
721570, -69.448894
722160, -69.327712
722750, -69.188187
723340, -69.032577
723930, -68.868246
724520, -68.694304
725110, -68.516019
725700, -68.331115
726290, -68.143937
726880, -67.951597
727470, -67.758026
728060, -67.560057
728650, -67.361430
729240, -67.158862
729830, -66.956008
730420, -66.749530
731010, -66.543034
731600, -66.333153
732190, -66.123482
732780, -65.910649
733370, -65.698235
733960, -65.482854
734550, -65.268077
735140, -65.050530
735730, -64.833789
736320, -64.614465
736910, -64.396112
737500, -64.175353
738090, -63.955751
738680, -63.733935
739270, -63.513431
739860, -63.290854
740450, -63.069750
741040, -62.846749
741630, -62.625366
742220, -62.402195
742810, -62.180755
743400, -61.957663
743990, -61.736440
744580, -61.513644
745170, -61.292756
745760, -61.070373
746350, -60.849999
746940, -60.628184
747530, -60.408358
748120, -60.187079
748710, -59.967817
749300, -59.747144
749890, -59.528422
750480, -59.308159
751070, -59.089773
751660, -58.869822
752250, -58.651658
752840, -58.431719
753430, -58.213352
754020, -57.993066
754610, -57.774255
755200, -57.553257
755790, -57.333327
756380, -57.110903
756970, -56.889314
757560, -56.664926
758150, -56.440865
758740, -56.213462
759330, -55.985944
759920, -55.754707
760510, -55.522699
761100, -55.286100
761690, -55.047991
762280, -54.804657
762870, -54.558907
763460, -54.306700
764050, -54.050895
764640, -53.787570
765230, -53.519216
765820, -53.241468
766410, -52.956842
767000, -52.660971
767590, -52.355721
768180, -52.036213
768770, -51.704400
769360, -51.354619
769950, -50.987923
770540, -50.598501
771130, -50.186130
771720, -49.743720
772310, -49.269989
772900, -48.755972
773490, -48.198346
774080, -47.585499
774670, -46.910527
775260, -46.157738
775850, -45.314670
776440, -44.358041
777030, -43.266284
777620, -42.004440
778210, -40.535998
778800, -38.806548
779390, -36.756397
779980, -34.305605
780570, -31.369956
781160, -27.856946
781750, -23.702031
782340, -18.899415
782930, -13.578646
783520, -8.052865
784110, -2.825880
784700, 1.545559
785290, 4.646497
785880, 6.354736
786470, 6.799180
787060, 6.242794
787650, 4.951169
788240, 3.149940
788830, 1.001631
789420, -1.370967
790010, -3.886208
790600, -6.479638
791190, -9.111183
791780, -11.746309
792370, -14.366922
792960, -16.955161
793550, -19.505074
794140, -22.009242
794730, -24.469726
795320, -26.886476
795910, -29.268275
796500, -31.621085
797090, -33.960245
797680, -36.296791
798270, -38.651279
798860, -41.038300
799450, -43.478590
800040, -45.982939
800630, -48.561835
801220, -51.205261
801810, -53.891116
802400, -56.565227
802990, -59.153129
803580, -61.556458
804170, -63.683092
804760, -65.459051
805350, -66.858756
805940, -67.894414
806530, -68.616835
807120, -69.084462
807710, -69.361954
808300, -69.498306
808890, -69.537655
809480, -69.506643
810070, -69.429750
810660, -69.318243
811250, -69.185353
811840, -69.034454
812430, -68.873367
813020, -68.701821
813610, -68.525191
814200, -68.341587
814790, -68.155304
815380, -67.963732
815970, -67.770681
816560, -67.573211
817150, -67.374910
817740, -67.172699
818330, -66.970065
818920, -66.763865
819510, -66.557528
820100, -66.347877
820690, -66.138326
821280, -65.925691
821870, -65.713371
822460, -65.498166
823050, -65.283465
823640, -65.066076
824230, -64.849395
824820, -64.630216
825410, -64.411913
826000, -64.191289
826590, -63.971728
827180, -63.750039
827770, -63.529571
828360, -63.307116
828950, -63.086042
829540, -62.863157
830130, -62.641803
830720, -62.418751
831310, -62.197340
831900, -61.974367
832490, -61.753179
833080, -61.530511
833670, -61.309667
834260, -61.087419
834850, -60.867094
835440, -60.645429
836030, -60.425671
836620, -60.204560
837210, -59.985383
837800, -59.764905
838390, -59.546301
838980, -59.326262
839570, -59.108023
840160, -58.888321
840750, -58.670344
841340, -58.450705
841930, -58.232572
842520, -58.012632
843110, -57.794103
843700, -57.573516
844290, -57.353944
844880, -57.132002
845470, -56.910838
846060, -56.687024
846650, -56.463502
847240, -56.236781
847830, -56.009906
848420, -55.779473
849010, -55.548263
849600, -55.312635
850190, -55.075486
850780, -54.833284
851370, -54.588710
851960, -54.337901
852550, -54.083535
853140, -53.821871
853730, -53.555300
854320, -53.279636
854910, -52.997219
855500, -52.703965
856090, -52.401567
856680, -52.085337
857270, -51.757071
857860, -51.411456
858450, -51.049394
859040, -50.665324
859630, -50.259063
860220, -49.823756
860810, -49.358286
861400, -48.853970
861990, -48.307777
862580, -47.708464
863170, -47.049625
863760, -46.316373
864350, -45.496711
864940, -44.568745
865530, -43.512185
866120, -42.294021
866710, -40.879717
867300, -39.218404
867890, -37.253422
868480, -34.908654
869070, -32.102564
869660, -28.742644
870250, -24.757532
870840, -20.121735
871430, -14.927852
872020, -9.438404
872610, -4.116262
873200, 0.484413
873790, 3.899230
874380, 5.933775
874970, 6.662299
875560, 6.326108
876150, 5.194010
876740, 3.503725
877330, 1.430645
877920, -0.892599
878510, -3.376631
879100, -5.952293
879690, -8.575229
880280, -11.208781
880870, -13.832274
881460, -16.426433
882050, -18.984378
882640, -21.496977
883230, -23.966386
883820, -26.390781
884410, -28.779075
885000, -31.136130
885590, -33.476416
886180, -35.811169
886770, -38.159767
887360, -40.536893
887950, -42.963488
888540, -45.451574
889130, -48.012816
889720, -50.641630
890310, -53.319498
890900, -55.998180
891490, -58.609653
892080, -61.057236
892670, -63.247880
893260, -65.100392
893850, -66.579637
894440, -67.688836
895030, -68.473256
895620, -68.989786
896210, -69.303774
896800, -69.466510
897390, -69.524371
897980, -69.506308
898570, -69.438308
899160, -69.333048
899750, -69.204456
900340, -69.056680
900930, -68.897774
901520, -68.727914
902110, -68.552487
902700, -68.369897
903290, -68.184350
903880, -67.993465
904470, -67.800916
905060, -67.603964
905650, -67.406039
906240, -67.204247
906830, -67.001911
907420, -66.796068
908010, -66.589978
908600, -66.380638
909190, -66.171292
909780, -65.958929
910370, -65.746779
910960, -65.531814
911550, -65.317251
912140, -65.100071
912730, -64.883495
913320, -64.664496
913910, -64.446272
914500, -64.225800
915090, -64.006289
915680, -63.784727
916270, -63.564288
916860, -63.341937
917450, -63.120866
918040, -62.898058
918630, -62.676688
919220, -62.453698
919810, -62.232254
920400, -62.009324
920990, -61.788088
921580, -61.565457
922170, -61.344558
922760, -61.122335
923350, -60.901942
923940, -60.680300
924530, -60.460483
925120, -60.239398
925710, -60.020160
926300, -59.799708
926890, -59.581061
927480, -59.361072
928070, -59.142803
928660, -58.923160
929250, -58.705182
929840, -58.485649
930430, -58.267551
931020, -58.047741
931610, -57.829266
932200, -57.608858
932790, -57.389412
933380, -57.167707
933970, -56.946716
934560, -56.723220
935150, -56.499980
935740, -56.273667
936330, -56.047151
936920, -55.817193
937510, -55.586457
938100, -55.351462
938690, -55.114926
939280, -54.873479
939870, -54.629701
940460, -54.379886
941050, -54.126532
941640, -53.866061
942230, -53.600787
942820, -53.326677
943410, -53.045898
944000, -52.754535
944590, -52.454232
945180, -52.140462
945770, -51.814850
946360, -51.472417
946950, -51.113895
947540, -50.733903
948130, -50.332320
948720, -49.902482
949310, -49.443391
949900, -48.946582
950490, -48.409242
951080, -47.820405
951670, -47.174036
952260, -46.455615
952850, -45.653750
953440, -44.747607
954030, -43.717796
954620, -42.532766
955210, -41.159373
955800, -39.549020
956390, -37.647350
956980, -35.381064
957570, -32.670536
958160, -29.423555
958750, -25.563715
959340, -21.052068
959930, -15.954331
960520, -10.495987
961110, -5.105678
961700, -0.331028
962290, 3.330189
962880, 5.627162
963470, 6.588119
964060, 6.434045
964650, 5.434354
965240, 3.836034
965830, 1.825170
966420, -0.457450
967010, -2.916287
967600, -5.477689
968190, -8.094382
968780, -10.727120
969370, -13.353717
969960, -15.953755
970550, -18.518730
971140, -21.039718
971730, -23.516944
972320, -25.949197
972910, -28.343534
973500, -30.705205
974090, -33.047836
974680, -35.381816
975270, -37.726600
975860, -40.096695
976450, -42.512908
977040, -44.988078
977630, -47.535711
978220, -50.152053
978810, -52.823261
979400, -55.505825
979990, -58.135407
980580, -60.619899
981170, -62.864227
981760, -64.782833
982350, -66.331859
982940, -67.506825
983530, -68.347365
984120, -68.908518
984710, -69.255938
985300, -69.442921
985890, -69.517811
986480, -69.511663
987070, -69.451842
987660, -69.352329
988250, -69.227694
988840, -69.082803
989430, -68.925921
990020, -68.757641
990610, -68.583351
991200, -68.401734
991790, -68.216905
992380, -68.026697
992970, -67.834655
993560, -67.638226
994150, -67.440693
994740, -67.239335
995330, -67.037318
995920, -66.831848
996510, -66.626026
997100, -66.417015
997690, -66.207895
998280, -65.995820
998870, -65.783861
999460, -65.569151
1000050, -65.354743
1000640, -65.137782
1001230, -64.921326
1001820, -64.702514
1002410, -64.484382
1003000, -64.264066
1003590, -64.044612
1004180, -63.823171
1004770, -63.602761
1005360, -63.380508
1005950, -63.159439
1006540, -62.936699
1007130, -62.715309
1007720, -62.492371
1008310, -62.270887
1008900, -62.047984
1009490, -61.826680
1010080, -61.604062
1010670, -61.383089
1011260, -61.160867
1011850, -60.940383
1012440, -60.718739
1013030, -60.498841
1013620, -60.277754
1014210, -60.058427
1014800, -59.837963
1015390, -59.619237
1015980, -59.399259
1016570, -59.180926
1017160, -58.961300
1017750, -58.743286
1018340, -58.523817
1018930, -58.305717
1019520, -58.085994
1020110, -57.867529
1020700, -57.647254
1021290, -57.427890
1021880, -57.206371
1022470, -56.985503
1023060, -56.762271
1023650, -56.539262
1024240, -56.313300
1024830, -56.087086
1025420, -55.857537
1026010, -55.627213
1026600, -55.392780
1027190, -55.156787
1027780, -54.916015
1028370, -54.672955
1028960, -54.424046
1029550, -54.171614
1030140, -53.912236
1030730, -53.648155
1031320, -53.375483
1031910, -53.096217
1032500, -52.806600
1033090, -52.508239
1033680, -52.196755
1034270, -51.873610
1034860, -51.534145
1035450, -51.178928
1036040, -50.802743
1036630, -50.405534
1037220, -49.980809
1037810, -49.527686
1038400, -49.037902
1038990, -48.508722
1039580, -47.929582
1040170, -47.294780
1040760, -46.590131
1041350, -45.804793
1041940, -44.918915
1042530, -43.913928
1043120, -42.759633
1043710, -41.424163
1044300, -39.860784
1044890, -38.017522
1045480, -35.823636
1046070, -33.201353
1046660, -30.059000
1047250, -26.316208
1047840, -21.923122
1048430, -16.922409
1049020, -11.505256
1049610, -6.065429
1050200, -1.138371
1050790, 2.752360
1051380, 5.303302
1051970, 6.495066
1052560, 6.524656
1053150, 5.659673
1053740, 4.155385
1054330, 2.208242
1054920, -0.032635
1055510, -2.465178
1056100, -5.011764
1056690, -7.621345
1057280, -10.252996
1057870, -12.882324
1058460, -15.487690
1059050, -18.059948
1059640, -20.588692
1060230, -23.074214
1060820, -25.513880
1061410, -27.914993
1062000, -30.281436
1062590, -32.626695
1063180, -34.961033
1063770, -37.302658
1064360, -39.666494
1064950, -42.073286
1065540, -44.536583
1066130, -47.070699
1066720, -49.675134
1067310, -52.338685
1067900, -55.022732
1068490, -57.668481
1069080, -60.185992
1069670, -62.480741
1070260, -64.462364
1070850, -66.079517
1071440, -67.320026
1072030, -68.217306
1072620, -68.824043
1073210, -69.205867
1073800, -69.417913
1074390, -69.510459
1074980, -69.516672
1075570, -69.465342
1076160, -69.371784
1076750, -69.251247
1077340, -69.109333
1077930, -68.954540
1078520, -68.787880
1079110, -68.614761
1079700, -68.434137
1080290, -68.250044
1080880, -68.060525
1081470, -67.869003
1082060, -67.673106
1082650, -67.475976
1083240, -67.275058
1083830, -67.073371
1084420, -66.868279
1085010, -66.662735
1085600, -66.454057
1086190, -66.245172
1086780, -66.033390
1087370, -65.821627
1087960, -65.607174
1088550, -65.392929
1089140, -65.176191
1089730, -64.959861
1090320, -64.741239
1090910, -64.523205
1091500, -64.303047
1092090, -64.083657
1092680, -63.862339
1093270, -63.641964
1093860, -63.419810
1094450, -63.198748
1095040, -62.976075
1095630, -62.754669
1096220, -62.531782
1096810, -62.310259
1097400, -62.087382
1097990, -61.866013
1098580, -61.643403
1099170, -61.422359
1099760, -61.200133
1100350, -60.979559
1100940, -60.757908
1101530, -60.537928
1102120, -60.316833
1102710, -60.097418
1103300, -59.876933
1103890, -59.658126
1104480, -59.438153
1105070, -59.219752
1105660, -59.000135
1106250, -58.782080
1106840, -58.562667
1107430, -58.344558
1108020, -58.124913
1108610, -57.906453
1109200, -57.686299
1109790, -57.467012
1110380, -57.245668
1110970, -57.024917
1111560, -56.801906
1112150, -56.579098
1112740, -56.353457
1113330, -56.127524
1113920, -55.898360
1114510, -55.668432
1115100, -55.434541
1115690, -55.199075
1116280, -54.958959
1116870, -54.716601
1117460, -54.468576
1118050, -54.217050
1118640, -53.958741
1119230, -53.695830
1119820, -53.424570
1120410, -53.146792
1121000, -52.858887
1121590, -52.562435
1122180, -52.253197
1122770, -51.932478
1123360, -51.595929
1123950, -51.243961
1124540, -50.871517
1125130, -50.478607
1125720, -50.058904
1126310, -49.611462
1126900, -49.128425
1127490, -48.606962
1128080, -48.037080
1128670, -47.413260
1129260, -46.721771
1129850, -45.952288
1130440, -45.085890
1131030, -44.104512
1131620, -42.979244
1132210, -41.679789
1132800, -40.161171
1133390, -38.373378
1133980, -36.248161
1134570, -33.709839
1135160, -30.667780
1135750, -27.038985
1136340, -22.763424
1136930, -17.863929
1137520, -12.499135
1138110, -7.027032
1138700, -1.965577
1139290, 2.142765
1139880, 4.945023
1140470, 6.371921
1141060, 6.592069
1141650, 5.868342
1142240, 4.463280
1142830, 2.583556
1143420, 0.387068
1144010, -2.017458
1144600, -4.547594
1145190, -7.149310
1145780, -9.778958
1146370, -12.410434
1146960, -15.021055
1147550, -17.599903
1148140, -20.136730
1148730, -22.630196
1149320, -25.077873
1149910, -27.485497
1150500, -29.857459
1151090, -32.205808
1151680, -34.540671
1152270, -36.880100
1152860, -39.238384
1153450, -41.636319
1154040, -44.088106
1154630, -46.609271
1155220, -49.201083
1155810, -51.856080
1156400, -54.540246
1156990, -57.198444
1157580, -59.745839
1158170, -62.087902
1158760, -64.131148
1159350, -65.816447
1159940, -67.123322
1160530, -68.079028
1161120, -68.733260
1161710, -69.151234
1162300, -69.389760
1162890, -69.501030
1163480, -69.520367
1164070, -69.478061
1164660, -69.390818
1165250, -69.274628
1165840, -69.135853
1166430, -68.983263
1167020, -68.818298
1167610, -68.646406
1168200, -68.466810
1168790, -68.283485
1169380, -68.094673
1169970, -67.903689
1170560, -67.708335
1171150, -67.511621
1171740, -67.311151
1172330, -67.109803
1172920, -66.905095
1173510, -66.699837
1174100, -66.491498
1174690, -66.282856
1175280, -66.071371
1175870, -65.859811
1176460, -65.645618
1177050, -65.431543
1177640, -65.215030
1178230, -64.998834
1178820, -64.780405
1179410, -64.562475
1180000, -64.342478
1180590, -64.123158
1181180, -63.901965
1181770, -63.681630
1182360, -63.459575
1182950, -63.238524
1183540, -63.015920
1184130, -62.794498
1184720, -62.571660
1185310, -62.350101
1185900, -62.127248
1186490, -61.905815
1187080, -61.683215
1187670, -61.462100
1188260, -61.239870
1188850, -61.019209
1189440, -60.797541
1190030, -60.577475
1190620, -60.356366
1191210, -60.136861
1191800, -59.916353
1192390, -59.697465
1192980, -59.477493
1193570, -59.259025
1194160, -59.039414
1194750, -58.821292
1195340, -58.601910
1195930, -58.383779
1196520, -58.164196
1197110, -57.945735
1197700, -57.725695
1198290, -57.506481
1198880, -57.285308
1199470, -57.064672
1200060, -56.841863
1200650, -56.619243
1201240, -56.393910
1201830, -56.168251
1202420, -55.939465
1203010, -55.709927
1203600, -55.476572
1204190, -55.241630
1204780, -55.002164
1205370, -54.760500
1205960, -54.513350
1206550, -54.262721
1207140, -54.005471
1207730, -53.743712
1208320, -53.473840
1208910, -53.197535
1209500, -52.911322
1210090, -52.616763
1210680, -52.309748
1211270, -51.991434
1211860, -51.657773
1212450, -51.309027
1213040, -50.940287
1213630, -50.551638
1214220, -50.136908
1214810, -49.695037
1215400, -49.218634
1215990, -48.704771
1216580, -48.144012
1217170, -47.530794
1217760, -46.852091
1218350, -46.098071
1218940, -45.250380
1219530, -44.291572
1220120, -43.193996
1220710, -41.928576
1221300, -40.452615
1221890, -38.717711
1222480, -36.658252
1223070, -34.200606
1223660, -31.255358
1224250, -27.737535
1224840, -23.579603
1225430, -18.785667
1226020, -13.484065
1226610, -7.996496
1227200, -2.818647
1227790, 1.494778
1228380, 4.545377
1228970, 6.212088
1229560, 6.631078
1230150, 6.056723
1230740, 4.757379
1231330, 2.949940
1231920, 0.801389
1232510, -1.572580
1233100, -4.084837
1233690, -6.677282
1234280, -9.304214
1234870, -11.937364
1235460, -14.552545
1236050, -17.138270
1236640, -19.682798
1237230, -22.184485
1237820, -24.639975
1238410, -27.054818
1239000, -29.432134
1239590, -31.784184
1240180, -34.120270
1240770, -36.457717
1241360, -38.811114
1241950, -41.200844
1242540, -43.641624
1243130, -46.149790
1243720, -48.729012
1244310, -51.374475
1244900, -54.056374
1245490, -56.725262
1246080, -59.299472
1246670, -61.685921
1247260, -63.788248
1247850, -65.540747
1248440, -66.914748
1249030, -67.930658
1249620, -68.634519
1250210, -69.090694
1250800, -69.357403
1251390, -69.488706
1251980, -69.522111
1252570, -69.489494
1253160, -69.409021
1253750, -69.297489
1254340, -69.162063
1254930, -69.011821
1255520, -68.848647
1256110, -68.678050
1256700, -68.499528
1257290, -68.317005
1257880, -68.128923
1258470, -67.938498
1259060, -67.743699
1259650, -67.547414
1260240, -67.347399
1260830, -67.146401
1261420, -66.942083
1262010, -66.737120
1262600, -66.529122
1263190, -66.320732
1263780, -66.109546
1264370, -65.898196
1264960, -65.684267
1265550, -65.470368
1266140, -65.254083
1266730, -65.038026
1267320, -64.819789
1267910, -64.601965
1268500, -64.382129
1269090, -64.162883
1269680, -63.941816
1270270, -63.721527
1270860, -63.499573
1271450, -63.278540
1272040, -63.056006
1272630, -62.834568
1273220, -62.611775
1273810, -62.390183
1274400, -62.167354
1274990, -61.945862
1275580, -61.723270
1276170, -61.502090
1276760, -61.279856
1277350, -61.059111
1277940, -60.837418
1278530, -60.617263
1279120, -60.396136
1279710, -60.176541
1280300, -59.956007
1280890, -59.737040
1281480, -59.517068
1282070, -59.298535
1282660, -59.078930
1283250, -58.860742
1283840, -58.641390
1284430, -58.423239
1285020, -58.203718
1285610, -57.985258
1286200, -57.765329
1286790, -57.546189
1287380, -57.325183
1287970, -57.104664
1288560, -56.882054
1289150, -56.659623
1289740, -56.434594
1290330, -56.209209
1290920, -55.980795
1291510, -55.751648
1292100, -55.518823
1292690, -55.284403
1293280, -55.045581
1293870, -54.804539
1294460, -54.558202
1295050, -54.308426
1295640, -54.052193
1296230, -53.791472
1296820, -53.522892
1297410, -53.247980
1298000, -52.963389
1298590, -52.670659
1299180, -52.365803
1299770, -52.049834
1300360, -51.718863
1300950, -51.373164
1301540, -51.007962
1302130, -50.623383
1302720, -50.213431
1303310, -49.776933
1303900, -49.306937
1304490, -48.800428
1305080, -48.248499
1305670, -47.645548
1306260, -46.979227
1306850, -46.240183
1307440, -45.410456
1308030, -44.473382
1308620, -43.402513
1309210, -42.169908
1309800, -40.734682
1310390, -39.050501
1310980, -37.054198
1311570, -34.674218
1312160, -31.822779
1312750, -28.413582
1313340, -24.372746
1313930, -19.687972
1314520, -14.459638
1315110, -8.973176
1315700, -3.697900
1316290, 0.806573
1316880, 4.101213
1317470, 6.011954
1318060, 6.637746
1318650, 6.220812
1319240, 5.033682
1319830, 3.303469
1320420, 1.206259
1321010, -1.134623
1321600, -3.626917
1322190, -6.208896
1322780, -8.832038
1323370, -11.466025
1323960, -14.085635
1324550, -16.677510
1325140, -19.229741
1325730, -21.739441
1326320, -24.202945
1326910, -26.624835
1327500, -29.008325
1328090, -31.364017
1328680, -33.701735
1329270, -36.038066
1329860, -38.386971
1330450, -40.769035
1331040, -43.199330
1331630, -45.694907
1332220, -48.261203
1332810, -50.896271
1333400, -53.574851
1333990, -56.251062
1334580, -58.848652
1335170, -61.276382
1335760, -63.435612
1336350, -65.254225
1336940, -66.695781
1337530, -67.773124
1338120, -68.528292
1338710, -69.024414
1339300, -69.320821
1339890, -69.473340
1340480, -69.521680
1341070, -69.499368
1341660, -69.426084
1342250, -69.319499
1342840, -69.187611
1343430, -69.039848
1344020, -68.878549
1344610, -68.709307
1345200, -68.531896
1345790, -68.350204
1346380, -68.162869
1346970, -67.973017
1347560, -67.778781
1348150, -67.582934
1348740, -67.383378
1349330, -67.182735
1349920, -66.978807
1350510, -66.774143
1351100, -66.566489
1351690, -66.358353
1352280, -66.147468
1352870, -65.936332
1353460, -65.722666
1354050, -65.508948
1354640, -65.292891
1355230, -65.076978
1355820, -64.858932
1356410, -64.641219
1357000, -64.421544
1357590, -64.202378
1358180, -63.981438
1358770, -63.761199
1359360, -63.539348
1359950, -63.318336
1360540, -63.095873
1361130, -62.874423
1361720, -62.651678
1362310, -62.430057
1362900, -62.207252
1363490, -61.985705
1364080, -61.763123
1364670, -61.541882
1365260, -61.319644
1365850, -61.098821
1366440, -60.877102
1367030, -60.656862
1367620, -60.435717
1368210, -60.216036
1368800, -59.995476
1369390, -59.776433
1369980, -59.556460
1370570, -59.337865
1371160, -59.118265
1371750, -58.900014
1372340, -58.680690
1372930, -58.462521
1373520, -58.243060
1374110, -58.024602
1374700, -57.804758
1375290, -57.585675
1375880, -57.364820
1376470, -57.144409
1377060, -56.921987
1377650, -56.699738
1378240, -56.475006
1378830, -56.249890
1379420, -56.021843
1380010, -55.793049
1380600, -55.560721
1381190, -55.326799
1381780, -55.088597
1382370, -54.848161
1382960, -54.602617
1383550, -54.353677
1384140, -54.098442
1384730, -53.838743
1385320, -53.571433
1385910, -53.297894
1386500, -53.014898
1387090, -52.723933
1387680, -52.421171
1388270, -52.107488
1388860, -51.779122
1389450, -51.436387
1390040, -51.074633
1390630, -50.693864
1391220, -50.288444
1391810, -49.857086
1392400, -49.393251
1392990, -48.893835
1393580, -48.350437
1394170, -47.757417
1394760, -47.103079
1395350, -46.378179
1395940, -45.565548
1396530, -44.649249
1397120, -43.603971
1397710, -42.402861
1398300, -41.006609
1398890, -39.371042
1399480, -37.435030
1400070, -35.129314
1400660, -32.367895
1401250, -29.064031
1401840, -25.138212
1402430, -20.564145
1403020, -15.416871
1403610, -9.946397
1404200, -4.592549
1404790, 0.086939
1405380, 3.617961
1405970, 5.773507
1406560, 6.611907
1407150, 6.359580
1407740, 5.290981
1408330, 3.642665
1408920, 1.600373
1409510, -0.704885
1410100, -3.175446
1410690, -5.745430
1411280, -8.363779
1411870, -10.998010
1412460, -13.621094
1413050, -16.219051
1413640, -18.778652
1414230, -21.296281
1414820, -23.767785
1415410, -26.196979
1416000, -28.586476
1416590, -30.946822
1417180, -33.286447
1417770, -35.621981
1418360, -37.967328
1418950, -40.342326
1419540, -42.762627
1420130, -45.245951
1420720, -47.799380
1421310, -50.423564
1421900, -53.096669
1422490, -55.778410
1423080, -58.396432
1423670, -60.861636
1424260, -63.074881
1424850, -64.958340
1425440, -66.467443
1426030, -67.607221
1426620, -68.415185
1427210, -68.952817
1427800, -69.280269
1428390, -69.455083
1428980, -69.519154
1429570, -69.507713
1430160, -69.442005
1430750, -69.340632
1431340, -69.212458
1431930, -69.067292
1432520, -68.907943
1433110, -68.740109
1433700, -68.563842
1434290, -68.383005
1434880, -68.196431
1435470, -68.007165
1436060, -67.813495
1436650, -67.618093
1437240, -67.418996
1437830, -67.218713
1438420, -67.015176
1439010, -66.810815
1439600, -66.603502
1440190, -66.395624
1440780, -66.185039
1441370, -65.974120
1441960, -65.760718
1442550, -65.547183
1443140, -65.331355
1443730, -65.115590
1444320, -64.897734
1444910, -64.680137
1445500, -64.460624
1446090, -64.241541
1446680, -64.020728
1447270, -63.800540
1447860, -63.578790
1448450, -63.357802
1449040, -63.135411
1449630, -62.913954
1450220, -62.691256
1450810, -62.469611
1451400, -62.246832
1451990, -62.025236
1452580, -61.802655
1453170, -61.581352
1453760, -61.359108
1454350, -61.138208
1454940, -60.916464
1455530, -60.696143
1456120, -60.474981
1456710, -60.255218
1457300, -60.034633
1457890, -59.815498
1458480, -59.595510
1459070, -59.376848
1459660, -59.157245
1460250, -58.938930
1460840, -58.719632
1461430, -58.501447
1462020, -58.282044
1462610, -58.063591
1463200, -57.843818
1463790, -57.624785
1464380, -57.404073
1464970, -57.183765
1465560, -56.961526
1466150, -56.739459
1466740, -56.515017
1467330, -56.290169
1467920, -56.062483
1468510, -55.834015
1469100, -55.602157
1469690, -55.368714
1470280, -55.131112
1470870, -54.891266
1471460, -54.646497
1472050, -54.398378
1472640, -54.144121
1473230, -53.885427
1473820, -53.619365
1474410, -53.347176
1475000, -53.065746
1475590, -52.776436
1476180, -52.475665
1476770, -52.164176
1477360, -51.838322
1477950, -51.498459
1478540, -51.140052
1479130, -50.762988
1479720, -50.361978
1480310, -49.935623
1480900, -49.477785
1481490, -48.985274
1482080, -48.450178
1482670, -47.866824
1483260, -47.224142
1483850, -46.512940
1484440, -45.716887
1485030, -44.820747
1485620, -43.800313
1486210, -42.629789
1486800, -41.271413
1487390, -39.682561
1487980, -37.804741
1488570, -35.570934
1489160, -32.897148
1489750, -29.696433
1490340, -25.885641
1490930, -21.425752
1491520, -16.368181
1492110, -10.928499
1492700, -5.514288
1493290, -0.674933
1493880, 3.085851
1494470, 5.489607
1495060, 6.549373
1495650, 6.471313
1496240, 5.529492
1496830, 3.969356
1497420, 1.986568
1498010, -0.279755
1498600, -2.726315
1499190, -5.282846
1499780, -7.895338
1500370, -10.528875
1500960, -13.155389
1501550, -15.758907
1502140, -18.325710
1502730, -20.851301
1503320, -23.330715
1503910, -25.767387
1504500, -28.163315
1505090, -30.528155
1505680, -32.870566
1506270, -35.205858
1506860, -37.547916
1507450, -39.916553
1508040, -42.327407
1508630, -44.798722
1509220, -47.339255
1509810, -49.951712
1510400, -52.618708
1510990, -55.303266
1511580, -57.938448
1512170, -60.438593
1512760, -62.703098
1513350, -64.649570
1513940, -66.225936
1514530, -67.429590
1515120, -68.292523
1515710, -68.873912
1516300, -69.234354
1516890, -69.433008
1517480, -69.513952
1518070, -69.514199
1518660, -69.456633
1519250, -69.360858
1519840, -69.236657
1520430, -69.094268
1521020, -68.936988
1521610, -68.770645
1522200, -68.595577
1522790, -68.415636
1523380, -68.229847
1523970, -68.041188
1524560, -67.848097
1525150, -67.653151
1525740, -67.454521
1526330, -67.254606
1526920, -67.051464
1527510, -66.847410
1528100, -66.640441
1528690, -66.432827
1529280, -66.222543
1529870, -66.011848
1530460, -65.798710
1531050, -65.585364
1531640, -65.369765
1532230, -65.154153
1532820, -64.936491
1533410, -64.719014
1534000, -64.499665
1534590, -64.280670
1535180, -64.059987
1535770, -63.839851
1536360, -63.618201
1536950, -63.397242
1537540, -63.174923
1538130, -62.953463
1538720, -62.730814
1539310, -62.509150
1539900, -62.286398
1540490, -62.064757
1541080, -61.842176
1541670, -61.620812
1542260, -61.398560
1542850, -61.177586
1543440, -60.955817
1544030, -60.735419
1544620, -60.514240
1545210, -60.294398
1545800, -60.073789
1546390, -59.854564
1546980, -59.634559
1547570, -59.415831
1548160, -59.196225
1548750, -58.977849
1549340, -58.758576
1549930, -58.540376
1550520, -58.321030
1551110, -58.102584
1551700, -57.882880
1552290, -57.663899
1552880, -57.443327
1553470, -57.223124
1554060, -57.001065
1554650, -56.779178
1555240, -56.555021
1555830, -56.330440
1556420, -56.103109
1557010, -55.874964
1557600, -55.643571
1558190, -55.410605
1558780, -55.173596
1559370, -54.934337
1559960, -54.690335
1560550, -54.443032
1561140, -54.189744
1561730, -53.932048
1562320, -53.667221
1562910, -53.396373
1563500, -53.116495
1564090, -52.828826
1564680, -52.530029
1565270, -52.220715
1565860, -51.897351
1566450, -51.560335
1567040, -51.205243
1567630, -50.831850
1568220, -50.435206
1568810, -50.013807
1569400, -49.561859
1569990, -49.076148
1570580, -48.548985
1571170, -47.974960
1571760, -47.343592
1572350, -46.645732
1572940, -45.865855
1573530, -44.989409
1574120, -43.993254
1574710, -42.852637
1575300, -41.531311
1575890, -39.988205
1576480, -38.167412
1577070, -36.004016
1577660, -33.416241
1578250, -30.317792
1578840, -26.622280
1579430, -22.280309
1580020, -17.321018
1580610, -11.926608
1581200, -6.469991
1581790, -1.485981
1582380, 2.498524
1582970, 5.154210
1583560, 6.445799
1584150, 6.553756
1584740, 5.748851
1585330, 4.284649
1585920, 2.366772
1586510, 0.143135
1587100, -2.276538
1587690, -4.817529
1588280, -7.422659
1588870, -10.054744
1589460, -12.683645
1590050, -15.292463
1590640, -17.866339
1591230, -20.399657
1591820, -22.887339
1592410, -25.331488
1593000, -27.734130
1593590, -30.104124
1594180, -32.449287
1594770, -34.784993
1595360, -37.124446
1595950, -39.487020
1596540, -41.888779
1597130, -44.348383
1597720, -46.875749
1598310, -49.476130
1598900, -52.134860
1599490, -54.820469
1600080, -57.470511
1600670, -60.002003
1601260, -62.316077
1601850, -64.325062
1602440, -65.969666
1603030, -67.239204
1603620, -68.159620
1604210, -68.787263
1604800, -69.182838
1605390, -69.407021
1605980, -69.506087
1606570, -69.518913
1607160, -69.470101
1607750, -69.380347
1608340, -69.260403
1608930, -69.120984
1609520, -68.965901
1610110, -68.801141
1610700, -68.627331
1611290, -68.448331
1611880, -68.263359
1612470, -68.075330
1613060, -67.882835
1613650, -67.688360
1614240, -67.490206
1614830, -67.290670
1615420, -67.087928
1616010, -66.884190
1616600, -66.677570
1617190, -66.470227
1617780, -66.260250
1618370, -66.049784
1618960, -65.836912
1619550, -65.623759
1620140, -65.408393
1620730, -65.192939
1621320, -64.975474
1621910, -64.758123
1622500, -64.538941
1623090, -64.320040
1623680, -64.099490
1624270, -63.879412
1624860, -63.657865
1625450, -63.436940
1626040, -63.214695
1626630, -62.993237
1627220, -62.770640
1627810, -62.548960
1628400, -62.326237
1628990, -62.104556
1629580, -61.881975
1630170, -61.660554
1630760, -61.438296
1631350, -61.217252
1631940, -60.995459
1632530, -60.774987
1633120, -60.553791
1633710, -60.333875
1634300, -60.113241
1634890, -59.893929
1635480, -59.673908
1636070, -59.455116
1636660, -59.235507
1637250, -59.017073
1637840, -58.797811
1638430, -58.579590
1639020, -58.360294
1639610, -58.141852
1640200, -57.922215
1640790, -57.703286
1641380, -57.482853
1641970, -57.262757
1642560, -57.040879
1643150, -56.819129
1643740, -56.595225
1644330, -56.370888
1644920, -56.143896
1645510, -55.916065
1646100, -55.685128
1646690, -55.452635
1647280, -55.216216
1647870, -54.977545
1648460, -54.734309
1649050, -54.487825
1649640, -54.235506
1650230, -53.978812
1650820, -53.715222
1651410, -53.445718
1652000, -53.167394
1652590, -52.881371
1653180, -52.584548
1653770, -52.277413
1654360, -51.956538
1654950, -51.622371
1655540, -51.270591
1656130, -50.900870
1656720, -50.508586
1657310, -50.092139
1657900, -49.645874
1658490, -49.166790
1659080, -48.647359
1659670, -48.082476
1660260, -47.461951
1660850, -46.777001
1661440, -46.012859
1662030, -45.155583
1662620, -44.182614
1663210, -43.070226
1663800, -41.784030
1664390, -40.284623
1664980, -38.518031
1665570, -36.421760
1666160, -33.916350
1666750, -30.916211
1667340, -27.332706
1667930, -23.107593
1668520, -18.250345
1669110, -12.911895
1669700, -7.429797
1670290, -2.319115
1670880, 1.877105
1671470, 4.782223
1672060, 6.309809
1672650, 6.610860
1673240, 5.949719
1673830, 4.586915
1674420, 2.737968
1675010, 0.559936
1675600, -1.830975
1676190, -4.355002
1676780, -6.951854
1677370, -9.581510
1677960, -12.212623
1678550, -14.826346
1679140, -17.406965
1679730, -19.948231
1680320, -22.443812
1680910, -24.895913
1681500, -27.305306
1682090, -29.680667
1682680, -32.029447
1683270, -34.365726
1683860, -36.703106
1684450, -39.060460
1685040, -41.453720
1685630, -43.901980
1686220, -46.416597
1686810, -49.004264
1687400, -51.654582
1687990, -54.339151
1688580, -57.000820
1689170, -59.561302
1689760, -61.921115
1690350, -63.990486
1690940, -65.702895
1691530, -67.038774
1692120, -68.018184
1692710, -68.693932
1693300, -69.126375
1693890, -69.377519
1694480, -69.495793
1695070, -69.521981
1695660, -69.482467
1696250, -69.399109
1696840, -69.283672
1697430, -69.147395
1698020, -68.994624
1698610, -68.831525
1699200, -68.659025
1699790, -68.481004
1700380, -68.296872
1700970, -68.109495
1701560, -67.917607
1702150, -67.723615
1702740, -67.525945
1703330, -67.326796
1703920, -67.124460
1704510, -66.921045
1705100, -66.714778
1705690, -66.507711
1706280, -66.298042
1706870, -66.087812
1707460, -65.875208
1708050, -65.662255
1708640, -65.447123
1709230, -65.231833
1709820, -65.014566
1710410, -64.797345
1711000, -64.578331
1711590, -64.359528
1712180, -64.139111
1712770, -63.919097
1713360, -63.697654
1713950, -63.476767
1714540, -63.254598
1715130, -63.033148
1715720, -62.810594
1716310, -62.588899
1716900, -62.366202
1717490, -62.144482
1718080, -61.921902
1718670, -61.700427
1719260, -61.478164
1719850, -61.257053
1720440, -61.035236
1721030, -60.814679
1721620, -60.593455
1722210, -60.373460
1722800, -60.152797
1723390, -59.933398
1723980, -59.713358
1724570, -59.494505
1725160, -59.274892
1725750, -59.056403
1726340, -58.837136
1726930, -58.618884
1727520, -58.399628
1728110, -58.181188
1728700, -57.961613
1729290, -57.742735
1729880, -57.522437
1730470, -57.302450
1731060, -57.080749
1731650, -56.859138
1732240, -56.635484
1732830, -56.411392
1733420, -56.184736
1734010, -55.957219
1734600, -55.726734
1735190, -55.494712
1735780, -55.258878
1736370, -55.020793
1736960, -54.778280
1737550, -54.532581
1738140, -54.281201
1738730, -54.025485
1739320, -53.763053
1739910, -53.494831
1740500, -53.218002
1741090, -52.933576
1741680, -52.638676
1742270, -52.333673
1742860, -52.015235
1743450, -51.683820
1744040, -51.335255
1744630, -50.969112
1745220, -50.581081
1745810, -50.169473
1746400, -49.728763
1746990, -49.256162
1747580, -48.744291
1748170, -48.188350
1748760, -47.578349
1749350, -46.905957
1749940, -46.157136
1750530, -45.318101
1751120, -44.367335
1751710, -43.282092
1752300, -42.029373
1752890, -40.571745
1753480, -38.857163
1754070, -36.825475
1754660, -34.399509
1755250, -31.494914
1755840, -28.021750
1756430, -23.913572
1757020, -19.163121
1757610, -13.891609
1758200, -8.400936
1758790, -3.181771
1759380, 1.213756
1759970, 4.365294
1760560, 6.134025
1761150, 6.636882
1761740, 6.128035
1762330, 4.873403
1762920, 3.098539
1763510, 0.969804
1764100, -1.389580
1764690, -3.894892
1765280, -6.482051
1765870, -9.108669
1766460, -11.741108
1767050, -14.359333
1767640, -16.946640
1768230, -19.495347
1768820, -21.999326
1769410, -24.458985
1770000, -26.875684
1770590, -29.256625
1771180, -31.609149
1771770, -33.947052
1772360, -36.282804
1772950, -38.635372
1773540, -41.020799
1774130, -43.458286
1774720, -45.960095
1775310, -48.535238
1775900, -51.175371
1776490, -53.857230
1777080, -56.528430
1777670, -59.113677
1778260, -61.516671
1778850, -63.643931
1779440, -65.422832
1780030, -66.825837
1780620, -67.865949
1781210, -68.591932
1781800, -69.063365
1782390, -69.343278
1782980, -69.482151
1783570, -69.522721
1784160, -69.493223
1784750, -69.416757
1785340, -69.306163
1785930, -69.173259
1786520, -69.022952
1787110, -68.861621
1787700, -68.690502
1788290, -68.513513
1788880, -68.330255
1789470, -68.143556
1790060, -67.952292
1790650, -67.758799
1791240, -67.561621
1791830, -67.362870
1792420, -67.160945
1793010, -66.957861
1793600, -66.751949
1794190, -66.545166
1794780, -66.335809
1795370, -66.125818
1795960, -65.913486
1796550, -65.700736
1797140, -65.485842
1797730, -65.270721
1798320, -65.053654
1798910, -64.836564
1799500, -64.617717
1800090, -64.399016
1800680, -64.178735
1801270, -63.958788
1801860, -63.737452
1802450, -63.516608
1803040, -63.294516
1803630, -63.073078
1804220, -62.850569
1804810, -62.628861
1805400, -62.406191
1805990, -62.184436
1806580, -61.961857
1807170, -61.740333
1807760, -61.518064
1808350, -61.296891
1808940, -61.075051
1809530, -60.854409
1810120, -60.633157
1810710, -60.413085
1811300, -60.192392
1811890, -59.972908
1812480, -59.752849
1813070, -59.533937
1813660, -59.314319
1814250, -59.095776
1814840, -58.876502
1815430, -58.658221
1816020, -58.439005
1816610, -58.220566
1817200, -58.001050
1817790, -57.782222
1818380, -57.562056
1818970, -57.342174
1819560, -57.120647
1820150, -56.899173
1820740, -56.675765
1821330, -56.451915
1821920, -56.225589
1822510, -55.998383
1823100, -55.768343
1823690, -55.536789
1824280, -55.301532
1824870, -55.064027
1825460, -54.822190
1826050, -54.577239
1826640, -54.326763
1827230, -54.071999
1827820, -53.810655
1828410, -53.543657
1829000, -53.268270
1829590, -52.985395
1830180, -52.692369
1830770, -52.389449
1831360, -52.073397
1831950, -51.744571
1832540, -51.399070
1833130, -51.036364
1833720, -50.652338
1834310, -50.245334
1834900, -49.809946
1835490, -49.343581
1836080, -48.839002
1836670, -48.291697
1837260, -47.691869
1837850, -47.031620
1838440, -46.297506
1839030, -45.476028
1839620, -44.546659
1840210, -43.487601
1840800, -42.267202
1841390, -40.849405
1841980, -39.184628
1842570, -37.214709
1843160, -34.864887
1843750, -32.052249
1844340, -28.685955
1844930, -24.694080
1845520, -20.054038
1846110, -14.858995
1846700, -9.375793
1847290, -4.066968
1847880, 0.513207
1848470, 3.905555
1849060, 5.918621
1849650, 6.630663
1850240, 6.282011
1850830, 5.142121
1851420, 3.446232
1852010, 1.370266
1852600, -0.955170
1853190, -3.439672
1853780, -6.015846
1854370, -8.638063
1854960, -11.271257
1855550, -13.893487
1856140, -16.486864
1856730, -19.043276
1857320, -21.555074
1857910, -24.022972
1858500, -26.446639
1859090, -28.833671
1859680, -31.190320
1860270, -33.529851
1860860, -35.864842
1861450, -38.213272
1862040, -40.591329
1862630, -43.018460
1863220, -45.507995
1863810, -48.069976
1864400, -50.699796
1864990, -53.377274
1865580, -56.054871
1866170, -58.662593
1866760, -61.105189
1867350, -63.288248
1867940, -65.132818
1868530, -66.603324
1869120, -67.705297
1869710, -68.483086
1870300, -68.995110
1870890, -69.305176
1871480, -69.465729
1872070, -69.521475
1872660, -69.502549
1873250, -69.433360
1873840, -69.327867
1874430, -69.198509
1875020, -69.050781
1875610, -68.891296
1876200, -68.721607
1876790, -68.545684
1877380, -68.363322
1877970, -68.177318
1878560, -67.986688
1879150, -67.793703
1879740, -67.597022
1880330, -67.398673
1880920, -67.197161
1881510, -66.994411
1882100, -66.788856
1882690, -66.582359
1883280, -66.373315
1883870, -66.163568
1884460, -65.951507
1885050, -65.738965
1885640, -65.524308
1886230, -65.309359
1886820, -65.092494
1887410, -64.875539
1888000, -64.656861
1888590, -64.438266
1889180, -64.218121
1889770, -63.998245
1890360, -63.777017
1890950, -63.556219
1891540, -63.334208
1892130, -63.112784
1892720, -62.890322
1893310, -62.668605
1893900, -62.445964
1894490, -62.224178
1895080, -62.001603
1895670, -61.780031
1896260, -61.557758
1896850, -61.336526
1897440, -61.114664
1898030, -60.893941
1898620, -60.672662
1899210, -60.452516
1899800, -60.231794
1900390, -60.012228
1900980, -59.792143
1901570, -59.573169
1902160, -59.353542
1902750, -59.134945
1903340, -58.915664
1903930, -58.697353
1904520, -58.478175
1905110, -58.259740
1905700, -58.040282
1906290, -57.821468
1906880, -57.601405
1907470, -57.381610
1908060, -57.160241
1908650, -56.938895
1909240, -56.715722
1909830, -56.492110
1910420, -56.266106
1911010, -56.039208
1911600, -55.809551
1912190, -55.578416
1912780, -55.343697
1913370, -55.106741
1913960, -54.865554
1914550, -54.621329
1915140, -54.371735
1915730, -54.117902
1916320, -53.857626
1916910, -53.591831
1917500, -53.317859
1918090, -53.036509
1918680, -52.745239
1919270, -52.444300
1919860, -52.130537
1920450, -51.804209
1921040, -51.461677
1921630, -51.102310
1922220, -50.722091
1922810, -50.319499
1923400, -49.889233
1923990, -49.428887
1924580, -48.931356
1925170, -48.392407
1925760, -47.802424
1926350, -47.153932
1926940, -46.433750
1927530, -45.629014
1928120, -44.720127
1928710, -43.686189
1929300, -42.496835
1929890, -41.117351
1930480, -39.500253
1931070, -37.589459
1931660, -35.312687
1932250, -32.588704
1932840, -29.326715
1933430, -25.449595
1934020, -20.921735
1934610, -15.811205
1935200, -10.350230
1935790, -4.970327
1936380, -0.221445
1936970, 3.404501
1937560, 5.663188
1938150, 6.590951
1938740, 6.410348
1939330, 5.392057
1939920, 3.780315
1940510, 1.761008
1941100, -0.527634
1941690, -2.989590
1942280, -5.553163
1942870, -8.170259
1943460, -10.803330
1944050, -13.428950
1944640, -16.028355
1945230, -18.591771
1945820, -21.111768
1946410, -23.587430
1947000, -26.018796
1947590, -28.411694
1948180, -30.772925
1948770, -33.114734
1949360, -35.449093
1949950, -37.794038
1950540, -40.165426
1951130, -42.582754
1951720, -45.060094
1952310, -47.609307
1952900, -50.227716
1953490, -52.899391
1954080, -55.581748
1954670, -58.208124
1955260, -60.687173
1955850, -62.922837
1956440, -64.831645
1957030, -66.369554
1957620, -67.534632
1958210, -68.366073
1958800, -68.920591
1959390, -69.262444
1959980, -69.445977
1960570, -69.517868
1961160, -69.510201
1961750, -69.448766
1962340, -69.348697
1962930, -69.223105
1963520, -69.078102
1964110, -68.920562
1964700, -68.752370
1965290, -68.577560
1965880, -68.396124
1966470, -68.210838
1967060, -68.020856
1967650, -67.828390
1968240, -67.632211
1968830, -67.434272
1969420, -67.233177
1970010, -67.030767
1970600, -66.825570
1971190, -66.619362
1971780, -66.410631
1972370, -66.201133
1972960, -65.989345
1973550, -65.777014
1974140, -65.562597
1974730, -65.347824
1975320, -65.131162
1975910, -64.914347
1976500, -64.695839
1977090, -64.477354
1977680, -64.257347
1978270, -64.037547
1978860, -63.816421
1979450, -63.595670
1980040, -63.373737
1980630, -63.152332
1981220, -62.929917
1981810, -62.708195
1982400, -62.485585
1982990, -62.263773
1983580, -62.041202
1984170, -61.819576
1984760, -61.597292
1985350, -61.375999
1985940, -61.154114
1986530, -60.933313
1987120, -60.712006
1987710, -60.491790
1988300, -60.271041
1988890, -60.051398
1989480, -59.831273
1990070, -59.612229
1990660, -59.392587
1991250, -59.173934
1991840, -58.954643
1992430, -58.736305
1993020, -58.517163
1993610, -58.298734
1994200, -58.079334
1994790, -57.860539
1995380, -57.640578
1995970, -57.420872
1996560, -57.199660
1997150, -56.978443
1997740, -56.755504
1998330, -56.532128
1998920, -56.306445
1999510, -56.079853
2000100, -55.850573
2000690, -55.619854
2001280, -55.385664
2001870, -55.149254
2002460, -54.908706
2003050, -54.665201
2003640, -54.416477
2004230, -54.163566
2004820, -53.904343
2005410, -53.639738
2006000, -53.367164
2006590, -53.087322
2007180, -52.797751
2007770, -52.498744
2008360, -52.187218
2008950, -51.863340
2009540, -51.523721
2010130, -51.167633
2010720, -50.791156
2011310, -50.392902
2011900, -49.967669
2012490, -49.513239
2013080, -49.022634
2013670, -48.491818
2014260, -47.911443
2014850, -47.274440
2015440, -46.567886
2016030, -45.779536
2016620, -44.890696
2017210, -43.881349
2017800, -42.722392
2018390, -41.380438
2018980, -39.809767
2019570, -37.956706
2020160, -35.751431
2020750, -33.114543
2021340, -29.955509
2021930, -26.193262
2022520, -21.780893
2023110, -16.763888
2023700, -11.340172
2024290, -5.907497
2024880, -1.005149
2025470, 2.848698
2026060, 5.357478
2026650, 6.511067
2027240, 6.509484
2027830, 5.622125
2028420, 4.101637
2029010, 2.144078
2029600, -0.104162
2030190, -2.540845
2030780, -5.090296
2031370, -7.700790
2031960, -10.332961
2032550, -12.961536
2033140, -15.566239
2033730, -18.136965
2034320, -20.664775
2034910, -23.148598
2035500, -25.587372
2036090, -27.987042
2036680, -30.352826
2037270, -32.697267
2037860, -35.031829
2038450, -37.373559
2039040, -39.738710
2039630, -42.146700
2040220, -44.612242
2040810, -47.148227
2041400, -49.754901
2041990, -52.419468
2042580, -55.103609
2043170, -57.746364
2043760, -60.258856
2044350, -62.544970
2044940, -64.516449
2045530, -66.121897
2046120, -67.351721
2046710, -68.239109
2047300, -68.838456
2047890, -69.214123
2048480, -69.422236
2049070, -69.511458
2049660, -69.515893
2050250, -69.462798
2050840, -69.368551
2051430, -69.246997
2052020, -69.104899
2052610, -68.949430
2053200, -68.782816
2053790, -68.609177
2054380, -68.428705
2054970, -68.244166
2055560, -68.054851
2056150, -67.862919
2056740, -67.667252
2057330, -67.469732
2057920, -67.269060
2058510, -67.066995
2059100, -66.862159
2059690, -66.656246
2060280, -66.447831
2060870, -66.238585
2061460, -66.027073
2062050, -65.814956
2062640, -65.600778
2063230, -65.386186
2063820, -65.169729
2064410, -64.953057
2065000, -64.734723
2065590, -64.516352
2066180, -64.296486
2066770, -64.076766
2067360, -63.855745
2067950, -63.635046
2068540, -63.413193
2069130, -63.191811
2069720, -62.969445
2070310, -62.747723
2070900, -62.525146
2071490, -62.303312
2072080, -62.080748
2072670, -61.859072
2073260, -61.636779
2073850, -61.415429
2074440, -61.193522
2075030, -60.972646
2075620, -60.751314
2076210, -60.531031
2076800, -60.310255
2077390, -60.090538
2077980, -59.870375
2078570, -59.651265
2079160, -59.431609
2079750, -59.212903
2080340, -58.993601
2080930, -58.775239
2081520, -58.556133
2082110, -58.337711
2082700, -58.118369
2083290, -57.899594
2083880, -57.679736
2084470, -57.460121
2085060, -57.239064
2085650, -57.017978
2086240, -56.795249
2086830, -56.572095
2087420, -56.346717
2088010, -56.120423
2088600, -55.891510
2089190, -55.661202
2089780, -55.427535
2090370, -55.191666
2090960, -54.951754
2091550, -54.708964
2092140, -54.461105
2092730, -54.209112
2093320, -53.950936
2093910, -53.687514
2094500, -53.416329
2095090, -53.137987
2095680, -52.850107
2096270, -52.553019
2096860, -52.243715
2097450, -51.922273
2098040, -51.585545
2098630, -51.232715
2099220, -50.859952
2099810, -50.466003
2100400, -50.045765
2100990, -49.597060
2101580, -49.113205
2102170, -48.590133
2102760, -48.019007
2103350, -47.393067
2103940, -46.699708
2104530, -45.927275
2105120, -45.057939
2105710, -44.072352
2106300, -42.942627
2106890, -41.636915
2107480, -40.111201
2108070, -38.313943
2108660, -36.177681
2109250, -33.625142
2109840, -30.566774
2110430, -26.918760
2111020, -22.623839
2111610, -17.706962
2112200, -12.333351
2112790, -6.865356
2113380, -1.825798
2113970, 2.246926
2114560, 5.006820
2115150, 6.394405
2115740, 6.581884
2116330, 5.834375
2116920, 4.412042
2117510, 2.521086
2118100, 0.316678
2118690, -2.092351
2119280, -4.625642
2119870, -7.228430
2120460, -9.858771
2121050, -12.489539
2121640, -15.099611
2122230, -17.677082
2122820, -20.212867
2123410, -22.704714
2124000, -25.151336
2124590, -27.557564
2125180, -29.928913
2125770, -32.276281
2126360, -34.611310
2126950, -36.950772
2127540, -39.310183
2128130, -41.709230
2128720, -44.163211
2129310, -46.686182
2129900, -49.280406
2130490, -51.936508
2131080, -54.621249
2131670, -57.277234
2132260, -59.820064
2132850, -62.154143
2133440, -64.187484
2134030, -65.861069
2134620, -67.157086
2135210, -68.102587
2135800, -68.749037
2136390, -69.160528
2136980, -69.394824
2137570, -69.502576
2138160, -69.519966
2138750, -69.475806
2139340, -69.387784
2139930, -69.270544
2140520, -69.131536
2141110, -68.978264
2141700, -68.813315
2142290, -68.640908
2142880, -68.461442
2143470, -68.277681
2144060, -68.089054
2144650, -67.897674
2145240, -67.702532
2145830, -67.505443
2146420, -67.305201
2147010, -67.103492
2147600, -66.899023
2148190, -66.693413
2148780, -66.485319
2149370, -66.276333
2149960, -66.065100
2150550, -65.853202
2151140, -65.639269
2151730, -65.424862
2152320, -65.208613
2152910, -64.992092
2153500, -64.773933
2154090, -64.555682
2154680, -64.335960
2155270, -64.116326
2155860, -63.895414
2156450, -63.674770
2157040, -63.453000
2157630, -63.231645
2158220, -63.009331
2158810, -62.787611
2159400, -62.565067
2159990, -62.343213
2160580, -62.120657
2161170, -61.898934
2161760, -61.676633
2162350, -61.455229
2162940, -61.233300
2163530, -61.012353
2164120, -60.790990
2164710, -60.570639
2165300, -60.349834
2165890, -60.130044
2166480, -59.909840
2167070, -59.690666
2167660, -59.470994
2168250, -59.252237
2168840, -59.032925
2169430, -58.814514
2170020, -58.595427
2170610, -58.377000
2171200, -58.157706
2171790, -57.938946
2172380, -57.719186
2172970, -57.499660
2173560, -57.278758
2174150, -57.057804
2174740, -56.835260
2175330, -56.612310
2175920, -56.387224
2176510, -56.161220
2177100, -55.932669
2177690, -55.702768
2178280, -55.469621
2178870, -55.234293
2179460, -54.995016
2180050, -54.752942
2180640, -54.505946
2181230, -54.254872
2181820, -53.997744
2182410, -53.735507
2183000, -53.465709
2183590, -53.188868
2184180, -52.902675
2184770, -52.607507
2185360, -52.300421
2185950, -51.981412
2186540, -51.647569
2187130, -51.297991
2187720, -50.928932
2188310, -50.539277
2188900, -50.124017
2189490, -49.680924
2190080, -49.203713
2190670, -48.688290
2191260, -48.126310
2191850, -47.511033
2192440, -46.830500
2193030, -46.073615
2193620, -45.223135
2194210, -44.260302
2194800, -43.158438
2195390, -41.887094
2195980, -40.404367
2196570, -38.660406
2197160, -36.590340
2197750, -34.119016
2198340, -31.157928
2198930, -27.621171
2199520, -23.443795
2200110, -18.631567
2200700, -13.319121
2201290, -7.832726
2201880, -2.673762
2202470, 1.606150
2203060, 4.614942
2203650, 6.241400
2204240, 6.626225
2204830, 6.026604
2205420, 4.708848
2206010, 2.889276
2206600, 0.732169
2207190, -1.646795
2207780, -4.162459
2208370, -6.756255
2208960, -9.383964
2209550, -12.016591
2210140, -14.631244
2210730, -17.215546
2211320, -19.759123
2211910, -22.259119
2212500, -24.713617
2213090, -27.126947
2213680, -29.503672
2214270, -31.854822
2214860, -34.190898
2215450, -36.528346
2216040, -38.882828
2216630, -41.273581
2217220, -43.716446
2217810, -46.226480
2218400, -48.808066
2218990, -51.454952
2219580, -54.137582
2220170, -56.804453
2220760, -59.374728
2221350, -61.753624
2221940, -63.846502
2222530, -65.587557
2223120, -66.950571
2223710, -67.956023
2224300, -68.651738
2224890, -69.101093
2225480, -69.363255
2226070, -69.490822
2226660, -69.522093
2227250, -69.487516
2227840, -69.406165
2228430, -69.293542
2229020, -69.157828
2229610, -69.006894
2230200, -68.843702
2230790, -68.672594
2231380, -68.494178
2231970, -68.311229
2232560, -68.123311
2233150, -67.932503
2233740, -67.737898
2234330, -67.541252
2234920, -67.341448
2235510, -67.140103
2236100, -66.936006
2236690, -66.730706
2237280, -66.522938
2237870, -66.314218
2238460, -66.103269
2239050, -65.891596
2239640, -65.677909
2240230, -65.463694
2240820, -65.247657
2241410, -65.031289
2242000, -64.813306
2242590, -64.595178
2243180, -64.375601
2243770, -64.156056
2244360, -63.935254
2244950, -63.714670
2245540, -63.492986
2246130, -63.271663
2246720, -63.049403
2247310, -62.827682
2247900, -62.605167
2248490, -62.383295
2249080, -62.160747
2249670, -61.938979
2250260, -61.716671
2250850, -61.495217
2251440, -61.273268
2252030, -61.052253
2252620, -60.830848
2253210, -60.610423
2253800, -60.389585
2254390, -60.169720
2254980, -59.949474
2255570, -59.730236
2256160, -59.510549
2256750, -59.291743
2257340, -59.072421
2257930, -58.853960
2258520, -58.634887
2259110, -58.416455
2259700, -58.197208
2260290, -57.978464
2260880, -57.758800
2261470, -57.539365
2262060, -57.318614
2262650, -57.097793
2263240, -56.875432
2263830, -56.652687
2264420, -56.427890
2265010, -56.202176
2265600, -55.973983
2266190, -55.744488
2266780, -55.511857
2267370, -55.277067
2267960, -55.038419
2268550, -54.796992
2269140, -54.550800
2269730, -54.300600
2270320, -54.044478
2270910, -53.783302
2271500, -53.514788
2272090, -53.239361
2272680, -52.954780
2273270, -52.661462
2273860, -52.356526
2274450, -52.039883
2275040, -51.708747
2275630, -51.362260
2276220, -50.996749
2276810, -50.611232
2277400, -50.200779
2277990, -49.763118
2278580, -49.292346
2279170, -48.784340
2279760, -48.231230
2280350, -47.626297
2280940, -46.958204
2281530, -46.216397
2282120, -45.383971
2282710, -44.443013
2283300, -43.367993
2283890, -42.129665
2284480, -40.687987
2285070, -38.995135
2285660, -36.988709
2286250, -34.595650
2286840, -31.729008
2287430, -28.301580
2288020, -24.241461
2288610, -19.537789
2289200, -14.296897
2289790, -8.808861
2290380, -3.549255
2290970, 0.924223
2291560, 4.178105
2292150, 6.047993
2292740, 6.638319
2293330, 6.194728
2293920, 4.988060
2294510, 3.244866
2295100, 1.138535
2295690, -1.207768
2296280, -3.703825
2296870, -6.287374
2297460, -8.911514
2298050, -11.545067
2298640, -14.164261
2299230, -16.754887
2299820, -19.306094
2300410, -21.814207
2301000, -24.276584
2301590, -26.697029
2302180, -29.079755
2302770, -31.434570
2303360, -33.772298
2303950, -36.108487
2304540, -38.458388
2305130, -40.841430
2305720, -43.273730
2306310, -45.771102
2306900, -48.339875
2307490, -50.976407
2308080, -53.656126
2308670, -56.331039
2309260, -58.925108
2309850, -61.345963
2310440, -63.496037
2311030, -65.303265
2311620, -66.733644
2312210, -67.800232
2312800, -68.546877
2313390, -69.035851
2313980, -69.327407
2314570, -69.475985
2315160, -69.522015
2315750, -69.497645
2316340, -69.423391
2316930, -69.315677
2317520, -69.183452
2318110, -69.034988
2318700, -68.873639
2319290, -68.703891
2319880, -68.526563
2320470, -68.344455
2321060, -68.157266
2321650, -67.967043
2322240, -67.772984
2322830, -67.576789
2323420, -67.377428
2324010, -67.176452
2324600, -66.972730
2325190, -66.767743
2325780, -66.560303
2326370, -66.351851
2326960, -66.141187
2327550, -65.929743
2328140, -65.716304
2328730, -65.502283
2329320, -65.286459
2329910, -65.070250
2330500, -64.852443
2331090, -64.634440
2331680, -64.415009
2332270, -64.195557
2332860, -63.974867
2333450, -63.754348
2334040, -63.532750
2334630, -63.311464
2335220, -63.089260
2335810, -62.867541
2336400, -62.645058
2336990, -62.423171
2337580, -62.200632
2338170, -61.978824
2338760, -61.756511
2339350, -61.535010
2339940, -61.313042
2340530, -61.091962
2341120, -60.870518
2341710, -60.650022
2342300, -60.429151
2342890, -60.209214
2343480, -59.988928
2344070, -59.769628
2344660, -59.549925
2345250, -59.331072
2345840, -59.111740
2346430, -58.893230
2347020, -58.674171
2347610, -58.455736
2348200, -58.236534
2348790, -58.017807
2349380, -57.798220
2349970, -57.578861
2350560, -57.358250
2351150, -57.137553
2351740, -56.915369
2352330, -56.692822
2352920, -56.468308
2353510, -56.242879
2354100, -56.015039
2354690, -55.785922
2355280, -55.553782
2355870, -55.319512
2356460, -55.081475
2357050, -54.840671
2357640, -54.595262
2358230, -54.345916
2358820, -54.090780
2359410, -53.830643
2360000, -53.563388
2360590, -53.289352
2361180, -53.006354
2361770, -52.714841
2362360, -52.412005
2362950, -52.097681
2363540, -51.769152
2364130, -51.425660
2364720, -51.063601
2365310, -50.681932
2365900, -50.276025
2366490, -49.843545
2367080, -49.378950
2367670, -48.878087
2368260, -48.333535
2368850, -47.738596
2369440, -47.082528
2370030, -46.355019
2370620, -45.539816
2371210, -44.619802
2371800, -43.570537
2372390, -42.363927
2372980, -40.961460
2373570, -39.317558
2374160, -37.371791
2374750, -35.053458
2375340, -32.277281
2375930, -28.955510
2376520, -25.010504
2377110, -20.416945
2377700, -15.255489
2378290, -9.780824
2378880, -4.439528
2379470, 0.211474
2380060, 3.702464
2380650, 5.816585
2381240, 6.618183
2381830, 6.337664
2382420, 5.248240
2383010, 3.585949
2383600, 1.533827
2384190, -0.777394
2384780, -3.252014
2385370, -5.823870
2385960, -8.443326
2386550, -11.077317
2387140, -13.700133
2387730, -16.296814
2388320, -18.855466
2388910, -21.371414
2389500, -23.841835
2390090, -26.269447
2390680, -28.658192
2391270, -31.017504
2391860, -33.356944
2392450, -35.692319
2393040, -38.038504
2393630, -40.414380
2394220, -42.836593
2394810, -45.321735
2395400, -47.877579
2395990, -50.503488
2396580, -53.177843
2397170, -55.858440
2397760, -58.473566
2398350, -60.932343
2398940, -63.136989
2399530, -65.009283
2400120, -66.507223
2400710, -67.636048
2401300, -68.435159
2401890, -68.965327
2402480, -69.287635
2403070, -69.458297
2403660, -69.519878
2404250, -69.506275
2404840, -69.439502
2405430, -69.336957
2406020, -69.208394
2406610, -69.062516
2407200, -68.903086
2407790, -68.734748
2408380, -68.558542
2408970, -68.377298
2409560, -68.190851
2410150, -68.001225
2410740, -67.807717
2411330, -67.611980
2411920, -67.413063
2412510, -67.212460
2413100, -67.009114
2413690, -66.804443
2414280, -66.597330
2414870, -66.389150
2415460, -66.178771
2416050, -65.967557
2416640, -65.754368
2417230, -65.540544
2417820, -65.324934
2418410, -65.108886
2419000, -64.891255
2419590, -64.673381
2420180, -64.454097
2420770, -64.234742
2421360, -64.014165
2421950, -63.793711
2422540, -63.572201
2423130, -63.350953
2423720, -63.128806
2424310, -62.907093
2424900, -62.684643
2425490, -62.462746
2426080, -62.240218
2426670, -62.018374
2427260, -61.796051
2427850, -61.574502
2428440, -61.352515
2429030, -61.131373
2429620, -60.909889
2430210, -60.689326
2430800, -60.468423
2431390, -60.248418
2431980, -60.028092
2432570, -59.808718
2433160, -59.588988
2433750, -59.370082
2434340, -59.150735
2434930, -58.932176
2435520, -58.713129
2436110, -58.494692
2436700, -58.275533
2437290, -58.056825
2437880, -57.837295
2438470, -57.618000
2439060, -57.397518
2439650, -57.176938
2440240, -56.954923
2440830, -56.732571
2441420, -56.508334
2442010, -56.283187
2442600, -56.055694
2443190, -55.826917
2443780, -55.595233
2444370, -55.361457
2444960, -55.124007
2445550, -54.883808
2446140, -54.639161
2446730, -54.390651
2447320, -54.136482
2447910, -53.877365
2448500, -53.611345
2449090, -53.338676
2449680, -53.057234
2450270, -52.767391
2450860, -52.466538
2451450, -52.154425
2452040, -51.828400
2452630, -51.487799
2453220, -51.129080
2453810, -50.751138
2454400, -50.349635
2454990, -49.922184
2455580, -49.463586
2456170, -48.969658
2456760, -48.433412
2457350, -47.848176
2457940, -47.203779
2458530, -46.490015
2459120, -45.691416
2459710, -44.791625
2460300, -43.767251
2460890, -42.591318
2461480, -41.226803
2462070, -39.629817
2462660, -37.742425
2463250, -35.496222
2463840, -32.807873
2464430, -29.589448
2465020, -25.759392
2465610, -21.279788
2466200, -16.206580
2466790, -10.760144
2467380, -5.355326
2467970, -0.541837
2468560, 3.180014
2469150, 5.541525
2469740, 6.562744
2470330, 6.454582
2470920, 5.490338
2471510, 3.914986
2472100, 1.921487
2472690, -0.351455
2473280, -2.802526
2473870, -5.361192
2474460, -7.975028
2475050, -10.608420
2475640, -13.234661
2476230, -15.837058
2476820, -18.402856
2477410, -20.926885
2478000, -23.405103
2478590, -25.840275
2479180, -28.235292
2479770, -30.599137
2480360, -32.941355
2480950, -35.276329
2481540, -37.619166
2482130, -39.988626
2482720, -42.401299
2483310, -44.874383
2483900, -47.417429
2484490, -50.031656
2485080, -52.700137
2485670, -55.384177
2486260, -58.016836
2486850, -60.511168
2487440, -62.767392
2488030, -64.703005
2488620, -66.268150
2489210, -67.460574
2489800, -68.314244
2490390, -68.887782
2490980, -69.242719
2491570, -69.436959
2492160, -69.515196
2492750, -69.513150
2493340, -69.454404
2493930, -69.357403
2494520, -69.232754
2495110, -69.089634
2495700, -68.932239
2496290, -68.765391
2496880, -68.590361
2497470, -68.410019
2498060, -68.224341
2498650, -68.035332
2499240, -67.842388
2499830, -67.647118
2500420, -69.877759
2501010, -71.451590
2501600, -72.569284
2502190, -73.364181
2502780, -73.933162
2503370, -74.338768
2503960, -74.629513
2504550, -74.834753
2505140, -74.980094
2505730, -75.078988
2506320, -75.145923
2506910, -75.186535
2507500, -75.209775
2508090, -75.217340
2508680, -75.215352
2509270, -75.203470
2509860, -75.186335
2510450, -75.162525
2511040, -75.135886
2511630, -75.104410
2512220, -75.071502
2512810, -75.034831
2513400, -74.997555
2513990, -74.957158
2514580, -74.916655
2515170, -74.873424
2515760, -74.830398
2516350, -74.784892
2516940, -74.739787
2517530, -74.692364
2518120, -74.645471
2518710, -74.596368
2519300, -74.547883
2519890, -74.497264
2520480, -74.447326
2521070, -74.395309
2521660, -74.344020
2522250, -74.290696
2522840, -74.238136
2523430, -74.183577
2524020, -74.129813
2524610, -74.074080
2525200, -74.019171
2525790, -73.962321
2526380, -73.906319
2526970, -73.848402
2527560, -73.791356
2528150, -73.732420
2528740, -73.674379
2529330, -73.614475
2529920, -73.555489
2530510, -73.494665
2531100, -73.434783
2531690, -73.373091
2532280, -73.312365
2532870, -73.249855
2533460, -73.188337
2534050, -73.125060
2534640, -73.062802
2535230, -72.998813
2535820, -72.935867
2536410, -72.871216
2537000, -72.807633
2537590, -72.742371
2538180, -72.678201
2538770, -72.612381
2539360, -72.547679
2539950, -72.481356
2540540, -72.416177
2541130, -72.349406
2541720, -72.283808
2542310, -72.216646
2542900, -72.150683
2543490, -72.083186
2544080, -72.016916
2544670, -71.949141
2545260, -71.882617
2545850, -71.814613
2546440, -71.747884
2547030, -71.679701
2547620, -71.612817
2548210, -71.544507
2548800, -71.477523
2549390, -71.409139
2549980, -71.342107
2550570, -71.273704
2551160, -71.206678
2551750, -71.138308
2552340, -71.071341
2552930, -71.003057
2553520, -70.936200
2554110, -70.868048
2554700, -70.801341
2555290, -70.733360
2555880, -70.666842
2556470, -70.599073
2557060, -70.532789
2557650, -70.465276
2558240, -70.399270
2558830, -70.332058
2559420, -70.266375
2560010, -70.199510
2560600, -70.134193
2561190, -70.067717
2561780, -70.002810
2562370, -69.936765
2562960, -69.872303
2563550, -69.806715
2564140, -69.742719
2564730, -69.677611
2565320, -69.614110
2565910, -69.549513
2566500, -69.486538
2567090, -69.422485
2567680, -69.360070
2568270, -69.296594
2568860, -69.234771
2569450, -69.171905
2570040, -69.110707
2570630, -69.048483
2571220, -68.987941
2571810, -68.926388
2572400, -68.866522
2572990, -68.805645
2573580, -68.746458
2574170, -68.686268
2574760, -68.627774
2575350, -68.568287
2575940, -68.510505
2576530, -68.451742
2577120, -68.394694
2577710, -68.336676
2578300, -68.280384
2578890, -68.223134
2579480, -68.167619
2580070, -68.111159
2580660, -68.056444
2581250, -68.000795
2581840, -67.946901
2582430, -67.892073
2583020, -67.838990
2583610, -67.784969
2584200, -67.732690
2584790, -67.679476
2585380, -67.628007
2585970, -67.575606
2586560, -67.524955
2587150, -67.473380
2587740, -67.423559
2588330, -67.372823
2588920, -67.323847
2589510, -67.273963
2590100, -67.225847
2590690, -67.176831
2591280, -67.129588
2591870, -67.081454
2592460, -67.035099
2593050, -66.987861
2593640, -66.942404
2594230, -66.896055
2594820, -66.851473
2595410, -66.805991
2596000, -66.762268
2596590, -66.717642
2597180, -66.674774
2597770, -66.631005
2598360, -66.588994
2598950, -66.546086
2599540, -66.504939
2600130, -66.462900
2600720, -66.422626
2601310, -66.381465
2601900, -66.342073
2602490, -66.301801
2603080, -66.263301
2603670, -66.223926
2604260, -66.186328
2604850, -66.147862
2605440, -66.111176
2606030, -66.073627
2606620, -66.037861
2607210, -66.001239
2607800, -65.966403
2608390, -65.930702
2608980, -65.896768
2609570, -65.861955
2610160, -65.828899
2610750, -65.794957
2611340, -65.762767
2611930, -65.729691
2612520, -65.698363
2613110, -65.666152
2613700, -65.635690
2614290, -65.604346
2614880, -65.574753
2615470, -65.544281
2616060, -65.515563
2616650, -65.485971
2617240, -65.458133
2617830, -65.429425
2618420, -65.402475
2619010, -65.374658
2619600, -65.348600
2620190, -65.321679
2620780, -65.296520
2621370, -65.270501
2621960, -65.246244
2622550, -65.221130
2623140, -65.197780
2623730, -65.173576
2624320, -65.151136
2624910, -65.127845
2625500, -65.106317
2626090, -65.083939
2626680, -65.063326
2627270, -65.041864
2627860, -65.022164
2628450, -65.001617
2629040, -64.982832
2629630, -64.963191
2630220, -64.945293
2630810, -64.926525
2631400, -64.909489
2631990, -64.891576
2632580, -64.875385
2633170, -64.858314
2633760, -64.842960
2634350, -64.826722
2634940, -64.812198
2635530, -64.796788
2636120, -64.783089
2636710, -64.768503
2637300, -64.755625
2637890, -64.741857
2638480, -64.729795
2639070, -64.716842
2639660, -64.705590
2640250, -64.693446
2640840, -64.683000
2641430, -64.671659
2642020, -64.662011
2642610, -64.651465
2643200, -64.642608
2643790, -64.632850
2644380, -64.624775
2644970, -64.615796
2645560, -64.608494
2646150, -64.600283
2646740, -64.593742
2647330, -64.586288
2647920, -64.580498
2648510, -64.573788
2649100, -64.568735
2649690, -64.562757
2650280, -64.558427
2650870, -64.553165
2651460, -64.549543
2652050, -64.544983
2652640, -64.542053
2653230, -64.538178
2653820, -64.535923
2654410, -64.532714
2655000, -64.531117
2655590, -64.528557
2656180, -64.527598
2656770, -64.525668
2657360, -64.525327
2657950, -64.524006
2658540, -64.524263
2659130, -64.523530
2659720, -64.524364
2660310, -64.524198
2660900, -64.525586
2661490, -64.525964
2662080, -64.527884
2662670, -64.528783
2663260, -64.531212
2663850, -64.532608
2664440, -64.535521
2665030, -64.537392
2665620, -64.540765
2666210, -64.543084
2666800, -64.546894
2667390, -64.549637
2667980, -64.553857
2668570, -64.557000
2669160, -64.561605
2669750, -64.565122
2670340, -64.570088
2670930, -64.573953
2671520, -64.579254
2672110, -64.583442
2672700, -64.589052
2673290, -64.593537
2673880, -64.599432
2674470, -64.604190
2675060, -64.610343
2675650, -64.615348
2676240, -64.621735
2676830, -64.626963
2677420, -64.633559
2678010, -64.638985
2678600, -64.645766
2679190, -64.651365
2679780, -64.658307
2680370, -64.664056
2680960, -64.671135
2681550, -64.677011
2682140, -64.684205
2682730, -64.690184
2683320, -64.697470
2683910, -64.703532
2684500, -64.710888
2685090, -64.717010
2685680, -64.724416
2686270, -64.730578
2686860, -64.738013
2687450, -64.744195
2688040, -64.751639
2688630, -64.757822
2689220, -64.765257
2689810, -64.771422
2690400, -64.778829
2690990, -64.784960
2691580, -64.792323
2692170, -64.798402
2692760, -64.805705
2693350, -64.811716
2693940, -64.818943
2694530, -64.824872
2695120, -64.832008
2695710, -64.837841
2696300, -64.844873
2696890, -64.850597
2697480, -64.857513
2698070, -64.863115
2698660, -64.869902
2699250, -64.875371
2699840, -64.882020
2700430, -64.887346
2701020, -64.893845
2701610, -64.899018
2702200, -64.905360
2702790, -64.910372
2703380, -64.916547
2703970, -64.921390
2704560, -64.927392
2705150, -64.932059
2705740, -64.937880
2706330, -64.942365
2706920, -64.948001
2707510, -64.952299
2708100, -64.957745
2708690, -64.961850
2709280, -64.967101
2709870, -64.971011
2710460, -64.976064
2711050, -64.979776
2711640, -64.984628
2712230, -64.988139
2712820, -64.992789
2713410, -64.996097
2714000, -65.000543
2714590, -65.003648
2715180, -65.007886
2715770, -65.010782
2716360, -65.014808
2716950, -65.017491
2717540, -65.021302
2718130, -65.023771
2718720, -65.027367
2719310, -65.029622
2719900, -65.033005
2720490, -65.035049
2721080, -65.038221
2721670, -65.040056
2722260, -65.043021
2722850, -65.044651
2723440, -65.047413
2724030, -65.048843
2724620, -65.051405
2725210, -65.052638
2725800, -65.055006
2726390, -65.056049
2726980, -65.058228
2727570, -65.059085
2728160, -65.061080
2728750, -65.061757
2729340, -65.063573
2729930, -65.064076
2730520, -65.065720
2731110, -65.066054
2731700, -65.067532
2732290, -65.067703
2732880, -65.069020
2733470, -65.069036
2734060, -65.070199
2734650, -65.070064
2735240, -65.071079
2735830, -65.070801
2736420, -65.071675
2737010, -65.071259
2737600, -65.071998
2738190, -65.071451
2738780, -65.072061
2739370, -65.071389
2739960, -65.071878
2740550, -65.071088
2741140, -65.071460
2741730, -65.070559
2742320, -65.070822
2742910, -65.069815
2743500, -65.069975
2744090, -65.068869
2744680, -65.068932
2745270, -65.067733
2745860, -65.067705
2746450, -65.066420
2747040, -65.066307
2747630, -65.064941
2748220, -65.064750
2748810, -65.063309
2749400, -65.063046
2749990, -65.061536
2750580, -65.061206
2751170, -65.059632
2751760, -65.059241
2752350, -65.057610
2752940, -65.057163
2753530, -65.055480
2754120, -65.054983
2754710, -65.053253
2755300, -65.052710
2755890, -65.050939
2756480, -65.050356
2757070, -65.048548
2757660, -65.047931
2758250, -65.046091
2758840, -65.045443
2759430, -65.043576
2760020, -65.042902
2760610, -65.041013
2761200, -65.040318
2761790, -65.038410
2762380, -65.037698
2762970, -65.035777
2763560, -65.035052
2764150, -65.033120
2764740, -65.032386
2765330, -65.030448
2765920, -65.029710
2766510, -65.027769
2767100, -65.027029
2767690, -65.025089
2768280, -65.024350
2768870, -65.022415
2769460, -65.021682
2770050, -65.019754
2770640, -65.019028
2771230, -65.017111
2771820, -65.016396
2772410, -65.014492
2773000, -65.013792
2773590, -65.011903
2774180, -65.011219
2774770, -65.009349
2775360, -65.008683
2775950, -65.006834
2776540, -65.006189
2777130, -65.004362
2777720, -65.003740
2778310, -65.001939
2778900, -65.001342
2779490, -64.999567
2780080, -64.998996
2780670, -64.997248
2781260, -64.996704
2781850, -64.994984
2782440, -64.994466
2783030, -64.992774
2783620, -64.992284
2784210, -64.990619
2784800, -64.990157
2785390, -64.988522
2785980, -64.988089
2786570, -64.986485
2787160, -64.986081
2787750, -64.984509
2788340, -64.984136
2788930, -64.982595
2789520, -64.982255
2790110, -64.980747
2790700, -64.980440
2791290, -64.978966
2791880, -64.978691
2792470, -64.977252
2793060, -64.977012
2793650, -64.975607
2794240, -64.975401
2794830, -64.974033
2795420, -64.973861
2796010, -64.972529
2796600, -64.972392
2797190, -64.971096
2797780, -64.970995
2798370, -64.969734
2798960, -64.969669
2799550, -64.968444
2800140, -64.968414
2800730, -64.967226
2801320, -64.967232
2801910, -64.966080
2802500, -64.966120
2803090, -64.965004
2803680, -64.965080
2804270, -64.964000
2804860, -64.964110
2805450, -64.963065
2806040, -64.963209
2806630, -64.962199
2807220, -64.962378
2807810, -64.961402
2808400, -64.961614
2808990, -64.960672
2809580, -64.960916
2810170, -64.960007
2810760, -64.960284
2811350, -64.959408
2811940, -64.959716
2812530, -64.958872
2813120, -64.959210
2813710, -64.958398
2814300, -64.958766
2814890, -64.957984
2815480, -64.958381
2816070, -64.957628
2816660, -64.958054
2817250, -64.957330
2817840, -64.957783
2818430, -64.957086
2819020, -64.957566
2819610, -64.956896
2820200, -64.957402
2820790, -64.956758
2821380, -64.957288
2821970, -64.956669
2822560, -64.957222
2823150, -64.956627
2823740, -64.957203
2824330, -64.956631
2824920, -64.957228
2825510, -64.956678
2826100, -64.957296
2826690, -64.956767
2827280, -64.957404
2827870, -64.956895
2828460, -64.957551
2829050, -64.957060
2829640, -64.957734
2830230, -64.957261
2830820, -64.957951
2831410, -64.957494
2832000, -64.958200
2832590, -64.957759
2833180, -64.958479
2833770, -64.958053
2834360, -64.958786
2834950, -64.958374
2835540, -64.959120
2836130, -64.958720
2836720, -64.959477
2837310, -64.959089
2837900, -64.959856
2838490, -64.959479
2839080, -64.960256
2839670, -64.959888
2840260, -64.960674
2840850, -64.960315
2841440, -64.961108
2842030, -64.960757
2842620, -64.961556
2843210, -64.961213
2843800, -64.962018
2844390, -64.961680
2844980, -64.962490
2845570, -64.962158
2846160, -64.962972
2846750, -64.962645
2847340, -64.963462
2847930, -64.963138
2848520, -64.963958
2849110, -64.963637
2849700, -64.964458
2850290, -64.964139
2850880, -64.964962
2851470, -64.964644
2852060, -64.965467
2852650, -64.965150
2853240, -64.965973
2853830, -64.965656
2854420, -64.966478
2855010, -64.966161
2855600, -64.966981
2856190, -64.966662
2856780, -64.967480
2857370, -64.967160
2857960, -64.967975
2858550, -64.967653
2859140, -64.968465
2859730, -64.968140
2860320, -64.968948
2860910, -64.968620
2861500, -64.969423
2862090, -64.969092
2862680, -64.969891
2863270, -64.969555
2863860, -64.970349
2864450, -64.970009
2865040, -64.970798
2865630, -64.970453
2866220, -64.971236
2866810, -64.970886
2867400, -64.971662
2867990, -64.971307
2868580, -64.972077
2869170, -64.971716
2869760, -64.972480
2870350, -64.972113
2870940, -64.972870
2871530, -64.972497
2872120, -64.973247
2872710, -64.972867
2873300, -64.973610
2873890, -64.973224
2874480, -64.973959
2875070, -64.973566
2875660, -64.974294
2876250, -64.973895
2876840, -64.974615
2877430, -64.974209
2878020, -64.974921
2878610, -64.974508
2879200, -64.975212
2879790, -64.974792
2880380, -64.975489
2880970, -64.975062
2881560, -64.975751
2882150, -64.975316
2882740, -64.975998
2883330, -64.975556
2883920, -64.976230
2884510, -64.975781
2885100, -64.976447
2885690, -64.975992
2886280, -64.976650
2886870, -64.976187
2887460, -64.976838
2888050, -64.976369
2888640, -64.977011
2889230, -64.976536
2889820, -64.977171
2890410, -64.976689
2891000, -64.977316
2891590, -64.976828
2892180, -64.977448
2892770, -64.976953
2893360, -64.977567
2893950, -64.977065
2894540, -64.977672
2895130, -64.977164
2895720, -64.977764
2896310, -64.977250
2896900, -64.977844
2897490, -64.977324
2898080, -64.977911
2898670, -64.977386
2899260, -64.977967
2899850, -64.977436
2900440, -64.978011
2901030, -64.977475
2901620, -64.978044
2902210, -64.977503
2902800, -64.978066
2903390, -64.977521
2903980, -64.978078
2904570, -64.977528
2905160, -64.978080
2905750, -64.977526
2906340, -64.978073
2906930, -64.977514
2907520, -64.978056
2908110, -64.977494
2908700, -64.978031
2909290, -64.977465
2909880, -64.977998
2910470, -64.977428
2911060, -64.977957
2911650, -64.977384
2912240, -64.977909
2912830, -64.977332
2913420, -64.977853
2914010, -64.977274
2914600, -64.977792
2915190, -64.977210
2915780, -64.977724
2916370, -64.977140
2916960, -64.977650
2917550, -64.977064
2918140, -64.977572
2918730, -64.976983
2919320, -64.977488
2919910, -64.976898
2920500, -64.977400
2921090, -64.976808
2921680, -64.977309
2922270, -64.976715
2922860, -64.977213
2923450, -64.976618
2924040, -64.977115
2924630, -64.976519
2925220, -64.977013
2925810, -64.976416
2926400, -64.976909
2926990, -64.976312
2927580, -64.976803
2928170, -64.976205
2928760, -64.976695
2929350, -64.976097
2929940, -64.976586
2930530, -64.975988
2931120, -64.976476
2931710, -64.975877
2932300, -64.976365
2932890, -64.975766
2933480, -64.976253
2934070, -64.975655
2934660, -64.976141
2935250, -64.975543
2935840, -64.976029
2936430, -64.975432
2937020, -64.975918
2937610, -64.975321
2938200, -64.975807
2938790, -64.975211
2939380, -64.975697
2939970, -64.975102
2940560, -64.975588
2941150, -64.974994
2941740, -64.975480
2942330, -64.974887
2942920, -64.975374
2943510, -64.974782
2944100, -64.975269
2944690, -64.974679
2945280, -64.975166
2945870, -64.974577
2946460, -64.975066
2947050, -64.974478
2947640, -64.974967
2948230, -64.974381
2948820, -64.974871
2949410, -64.974286
2950000, -64.974777
2950590, -64.974194
2951180, -64.974685
2951770, -64.974104
2952360, -64.974597
2952950, -64.974017
2953540, -64.974511
2954130, -64.973933
2954720, -64.974428
2955310, -64.973852
2955900, -64.974347
2956490, -64.973773
2957080, -64.974270
2957670, -64.973698
2958260, -64.974196
2958850, -64.973626
2959440, -64.974125
2960030, -64.973556
2960620, -64.974057
2961210, -64.973490
2961800, -64.973992
2962390, -64.973427
2962980, -64.973930
2963570, -64.973367
2964160, -64.973871
2964750, -64.973311
2965340, -64.973816
2965930, -64.973257
2966520, -64.973764
2967110, -64.973207
2967700, -64.973714
2968290, -64.973160
2968880, -64.973668
2969470, -64.973115
2970060, -64.973625
2970650, -64.973074
2971240, -64.973585
2971830, -64.973036
2972420, -64.973548
2973010, -64.973001
2973600, -64.973514
2974190, -64.972969
2974780, -64.973483
2975370, -64.972940
2975960, -64.973455
2976550, -64.972913
2977140, -64.973430
2977730, -64.972890
2978320, -64.973407
2978910, -64.972869
2979500, -64.973387
2980090, -64.972850
2980680, -64.973369
2981270, -64.972834
2981860, -64.973354
2982450, -64.972821
2983040, -64.973342
2983630, -64.972810
2984220, -64.973332
2984810, -64.972801
2985400, -64.973324
2985990, -64.972795
2986580, -64.973318
2987170, -64.972791
2987760, -64.973314
2988350, -64.972788
2988940, -64.973313
2989530, -64.972788
2990120, -64.973313
2990710, -64.972790
2991300, -64.973315
2991890, -64.972793
2992480, -64.973319
2993070, -64.972798
2993660, -64.973324
2994250, -64.972805
2994840, -64.973331
2995430, -64.972813
2996020, -64.973340
2996610, -64.972822
2997200, -64.973350
2997790, -64.972833
2998380, -64.973361
2998970, -64.972845
2999560, -64.973373
3000150, -64.972859
