# ./result/hh_runge_0760.txt
# dt = 760 [usec]
# t [usec], V [mV]
0, -65.000000
760, -64.997753
1520, -64.995600
2280, -64.993525
3040, -64.991514
3800, -64.989562
4560, -64.987661
5320, -64.985809
6080, -64.984004
6840, -64.982244
7600, -64.980528
8360, -64.978856
9120, -64.977228
9880, -64.975643
10640, -64.974102
11400, -64.972605
12160, -64.971152
12920, -64.969743
13680, -64.968379
14440, -64.967058
15200, -64.965783
15960, -64.964551
16720, -64.963364
17480, -64.962222
18240, -64.961124
19000, -64.960070
19760, -64.959060
20520, -64.958094
21280, -64.957172
22040, -64.956293
22800, -64.955458
23560, -64.954665
24320, -64.953914
25080, -64.953205
25840, -64.952538
26600, -64.951911
27360, -64.951326
28120, -64.950780
28880, -64.950273
29640, -64.949805
30400, -64.949376
31160, -64.948984
31920, -64.948629
32680, -64.948310
33440, -64.948027
34200, -64.947779
34960, -64.947564
35720, -64.947383
36480, -64.947235
37240, -64.947119
38000, -64.947033
38760, -64.946978
39520, -64.946953
40280, -64.946956
41040, -64.946987
41800, -64.947045
42560, -64.947129
43320, -64.947239
44080, -64.947373
44840, -64.947531
45600, -64.947711
46360, -64.947914
47120, -64.948138
47880, -64.948382
48640, -64.948646
49400, -64.948929
50160, -64.949229
50920, -64.949547
51680, -64.949880
52440, -64.950229
53200, -64.950593
53960, -64.950970
54720, -64.951361
55480, -64.951763
56240, -64.952177
57000, -64.952602
57760, -64.953037
58520, -64.953481
59280, -64.953933
60040, -64.954394
60800, -64.954861
61560, -64.955334
62320, -64.955814
63080, -64.956298
63840, -64.956786
64600, -64.957279
65360, -64.957774
66120, -64.958272
66880, -64.958772
67640, -64.959273
68400, -64.959775
69160, -64.960276
69920, -64.960778
70680, -64.961279
71440, -64.961778
72200, -64.962276
72960, -64.962771
73720, -64.963263
74480, -64.963752
75240, -64.964238
76000, -64.964719
76760, -64.965196
77520, -64.965668
78280, -64.966135
79040, -64.966596
79800, -64.967052
80560, -64.967501
81320, -64.967944
82080, -64.968380
82840, -64.968809
83600, -64.969231
84360, -64.969645
85120, -64.970052
85880, -64.970451
86640, -64.970841
87400, -64.971223
88160, -64.971597
88920, -64.971962
89680, -64.972319
90440, -64.972666
91200, -64.973005
91960, -64.973334
92720, -64.973654
93480, -64.973965
94240, -64.974267
95000, -64.974559
95760, -64.974842
96520, -64.975116
97280, -64.975380
98040, -64.975634
98800, -64.975879
99560, -64.976115
100320, -64.976341
101080, -64.976558
101840, -64.976766
102600, -64.976964
103360, -64.977153
104120, -64.977333
104880, -64.977504
105640, -64.977665
106400, -64.977818
107160, -64.977962
107920, -64.978098
108680, -64.978224
109440, -64.978343
110200, -64.978452
110960, -64.978554
111720, -64.978647
112480, -64.978733
113240, -64.978811
114000, -64.978881
114760, -64.978943
115520, -64.978998
116280, -64.979046
117040, -64.979086
117800, -64.979120
118560, -64.979147
119320, -64.979167
120080, -64.979181
120840, -64.979189
121600, -64.979191
122360, -64.979186
123120, -64.979176
123880, -64.979161
124640, -64.979140
125400, -64.979114
126160, -64.979083
126920, -64.979047
127680, -64.979006
128440, -64.978961
129200, -64.978911
129960, -64.978857
130720, -64.978800
131480, -64.978738
132240, -64.978673
133000, -64.978605
133760, -64.978533
134520, -64.978458
135280, -64.978381
136040, -64.978300
136800, -64.978217
137560, -64.978131
138320, -64.978044
139080, -64.977954
139840, -64.977862
140600, -64.977768
141360, -64.977673
142120, -64.977576
142880, -64.977477
143640, -64.977378
144400, -64.977277
145160, -64.977176
145920, -64.977073
146680, -64.976970
147440, -64.976867
148200, -64.976763
148960, -64.976659
149720, -64.976554
150480, -64.976449
151240, -64.976345
152000, -64.976241
152760, -64.976136
153520, -64.976033
154280, -64.975929
155040, -64.975827
155800, -64.975725
156560, -64.975623
157320, -64.975523
158080, -64.975423
158840, -64.975324
159600, -64.975227
160360, -64.975130
161120, -64.975035
161880, -64.974941
162640, -64.974848
163400, -64.974757
164160, -64.974667
164920, -64.974579
165680, -64.974492
166440, -64.974407
167200, -64.974324
167960, -64.974242
168720, -64.974162
169480, -64.974083
170240, -64.974007
171000, -64.973932
171760, -64.973859
172520, -64.973788
173280, -64.973719
174040, -64.973651
174800, -64.973586
175560, -64.973523
176320, -64.973461
177080, -64.973402
177840, -64.973344
178600, -64.973289
179360, -64.973235
180120, -64.973183
180880, -64.973134
181640, -64.973086
182400, -64.973040
183160, -64.972997
183920, -64.972955
184680, -64.972915
185440, -64.972877
186200, -64.972841
186960, -64.972807
187720, -64.972774
188480, -64.972744
189240, -64.972715
190000, -64.972689
190760, -64.972664
191520, -64.972640
192280, -64.972619
193040, -64.972599
193800, -64.972581
194560, -64.972564
195320, -64.972549
196080, -64.972536
196840, -64.972524
197600, -64.972514
198360, -64.972505
199120, -64.972498
199880, -64.972492
200640, -64.972488
201400, -64.972485
202160, -64.972483
202920, -64.972482
203680, -64.972483
204440, -64.972485
205200, -64.972488
205960, -64.972493
206720, -64.972498
207480, -64.972505
208240, -64.972512
209000, -64.972521
209760, -64.972530
210520, -64.972540
211280, -64.972552
212040, -64.972564
212800, -64.972577
213560, -64.972590
214320, -64.972605
215080, -64.972620
215840, -64.972635
216600, -64.972652
217360, -64.972669
218120, -64.972686
218880, -64.972704
219640, -64.972723
220400, -64.972742
221160, -64.972761
221920, -64.972781
222680, -64.972801
223440, -64.972822
224200, -64.972842
224960, -64.972864
225720, -64.972885
226480, -64.972906
227240, -64.972928
228000, -64.972950
228760, -64.972972
229520, -64.972994
230280, -64.973016
231040, -64.973038
231800, -64.973060
232560, -64.973082
233320, -64.973105
234080, -64.973127
234840, -64.973149
235600, -64.973171
236360, -64.973193
237120, -64.973214
237880, -64.973236
238640, -64.973257
239400, -64.973278
240160, -64.973299
240920, -64.973320
241680, -64.973341
242440, -64.973361
243200, -64.973381
243960, -64.973401
244720, -64.973420
245480, -64.973440
246240, -64.973458
247000, -64.973477
247760, -64.973495
248520, -64.973513
249280, -64.973531
250040, -64.973548
250800, -64.973564
251560, -64.973581
252320, -64.973597
253080, -64.973613
253840, -64.973628
254600, -64.973643
255360, -64.973657
256120, -64.973671
256880, -64.973685
257640, -64.973698
258400, -64.973711
259160, -64.973723
259920, -64.973735
260680, -64.973747
261440, -64.973758
262200, -64.973769
262960, -64.973779
263720, -64.973789
264480, -64.973799
265240, -64.973808
266000, -64.973816
266760, -64.973825
267520, -64.973833
268280, -64.973840
269040, -64.973847
269800, -64.973854
270560, -64.973860
271320, -64.973866
272080, -64.973872
272840, -64.973877
273600, -64.973882
274360, -64.973886
275120, -64.973890
275880, -64.973894
276640, -64.973897
277400, -64.973900
278160, -64.973903
278920, -64.973905
279680, -64.973908
280440, -64.973909
281200, -64.973911
281960, -64.973912
282720, -64.973913
283480, -64.973914
284240, -64.973914
285000, -64.973914
285760, -64.973914
286520, -64.973913
287280, -64.973913
288040, -64.973912
288800, -64.973911
289560, -64.973909
290320, -64.973908
291080, -64.973906
291840, -64.973904
292600, -64.973902
293360, -64.973899
294120, -64.973897
294880, -64.973894
295640, -64.973891
296400, -64.973888
297160, -64.973885
297920, -64.973882
298680, -64.973879
299440, -64.973875
300200, -64.973871
300960, -64.973868
301720, -64.973864
302480, -64.973860
303240, -64.973856
304000, -64.973852
304760, -64.973848
305520, -64.973843
306280, -64.973839
307040, -64.973835
307800, -64.973830
308560, -64.973826
309320, -64.973822
310080, -64.973817
310840, -64.973813
311600, -64.973808
312360, -64.973803
313120, -64.973799
313880, -64.973794
314640, -64.973790
315400, -64.973785
316160, -64.973781
316920, -64.973776
317680, -64.973772
318440, -64.973767
319200, -64.973763
319960, -64.973758
320720, -64.973754
321480, -64.973750
322240, -64.973745
323000, -64.973741
323760, -64.973737
324520, -64.973733
325280, -64.973729
326040, -64.973725
326800, -64.973721
327560, -64.973717
328320, -64.973713
329080, -64.973709
329840, -64.973706
330600, -64.973702
331360, -64.973698
332120, -64.973695
332880, -64.973692
333640, -64.973688
334400, -64.973685
335160, -64.973682
335920, -64.973679
336680, -64.973676
337440, -64.973673
338200, -64.973670
338960, -64.973667
339720, -64.973665
340480, -64.973662
341240, -64.973660
342000, -64.973657
342760, -64.973655
343520, -64.973653
344280, -64.973651
345040, -64.973649
345800, -64.973647
346560, -64.973645
347320, -64.973643
348080, -64.973641
348840, -64.973640
349600, -64.973638
350360, -64.973637
351120, -64.973635
351880, -64.973634
352640, -64.973633
353400, -64.973632
354160, -64.973631
354920, -64.973630
355680, -64.973629
356440, -64.973628
357200, -64.973627
357960, -64.973626
358720, -64.973626
359480, -64.973625
360240, -64.973625
361000, -64.973624
361760, -64.973624
362520, -64.973624
363280, -64.973624
364040, -64.973623
364800, -64.973623
365560, -64.973623
366320, -64.973623
367080, -64.973623
367840, -64.973623
368600, -64.973624
369360, -64.973624
370120, -64.973624
370880, -64.973624
371640, -64.973625
372400, -64.973625
373160, -64.973626
373920, -64.973626
374680, -64.973627
375440, -64.973627
376200, -64.973628
376960, -64.973628
377720, -64.973629
378480, -64.973630
379240, -64.973631
380000, -64.973631
380760, -64.973632
381520, -64.973633
382280, -64.973634
383040, -64.973635
383800, -64.973635
384560, -64.973636
385320, -64.973637
386080, -64.973638
386840, -64.973639
387600, -64.973640
388360, -64.973641
389120, -64.973642
389880, -64.973643
390640, -64.973644
391400, -64.973645
392160, -64.973646
392920, -64.973647
393680, -64.973648
394440, -64.973649
395200, -64.973650
395960, -64.973651
396720, -64.973652
397480, -64.973653
398240, -64.973654
399000, -64.973655
399760, -64.973656
400520, -64.973657
401280, -64.973657
402040, -64.973658
402800, -64.973659
403560, -64.973660
404320, -64.973661
405080, -64.973662
405840, -64.973663
406600, -64.973664
407360, -64.973665
408120, -64.973666
408880, -64.973667
409640, -64.973667
410400, -64.973668
411160, -64.973669
411920, -64.973670
412680, -64.973671
413440, -64.973671
414200, -64.973672
414960, -64.973673
415720, -64.973674
416480, -64.973674
417240, -64.973675
418000, -64.973676
418760, -64.973676
419520, -64.973677
420280, -64.973677
421040, -64.973678
421800, -64.973679
422560, -64.973679
423320, -64.973680
424080, -64.973680
424840, -64.973681
425600, -64.973681
426360, -64.973682
427120, -64.973682
427880, -64.973683
428640, -64.973683
429400, -64.973683
430160, -64.973684
430920, -64.973684
431680, -64.973684
432440, -64.973685
433200, -64.973685
433960, -64.973685
434720, -64.973686
435480, -64.973686
436240, -64.973686
437000, -64.973686
437760, -64.973686
438520, -64.973687
439280, -64.973687
440040, -64.973687
440800, -64.973687
441560, -64.973687
442320, -64.973687
443080, -64.973687
443840, -64.973688
444600, -64.973688
445360, -64.973688
446120, -64.973688
446880, -64.973688
447640, -64.973688
448400, -64.973688
449160, -64.973688
449920, -64.973688
450680, -64.973688
451440, -64.973688
452200, -64.973688
452960, -64.973688
453720, -64.973688
454480, -64.973687
455240, -64.973687
456000, -64.973687
456760, -64.973687
457520, -64.973687
458280, -64.973687
459040, -64.973687
459800, -64.973687
460560, -64.973687
461320, -64.973686
462080, -64.973686
462840, -64.973686
463600, -64.973686
464360, -64.973686
465120, -64.973686
465880, -64.973686
466640, -64.973685
467400, -64.973685
468160, -64.973685
468920, -64.973685
469680, -64.973685
470440, -64.973684
471200, -64.973684
471960, -64.973684
472720, -64.973684
473480, -64.973684
474240, -64.973684
475000, -64.973683
475760, -64.973683
476520, -64.973683
477280, -64.973683
478040, -64.973683
478800, -64.973682
479560, -64.973682
480320, -64.973682
481080, -64.973682
481840, -64.973682
482600, -64.973681
483360, -64.973681
484120, -64.973681
484880, -64.973681
485640, -64.973681
486400, -64.973680
487160, -64.973680
487920, -64.973680
488680, -64.973680
489440, -64.973680
490200, -64.973680
490960, -64.973679
491720, -64.973679
492480, -64.973679
493240, -64.973679
494000, -64.973679
494760, -64.973679
495520, -64.973679
496280, -64.973678
497040, -64.973678
497800, -64.973678
498560, -64.973678
499320, -64.973678
500080, -64.973678
500840, -61.435246
501600, -58.046626
502360, -54.756790
503120, -51.490479
503880, -48.100182
504640, -44.329776
505400, -39.701086
506160, -33.341619
506920, -23.614050
507680, -7.814179
508440, 15.671584
509200, 37.458836
509960, 43.711921
510720, 42.463456
511480, 40.640123
512240, 38.238470
513000, 35.401957
513760, 32.207405
514520, 28.742303
515280, 25.078845
516040, 21.288897
516800, 17.426216
517560, 13.541794
518320, 9.668424
519080, 5.837609
519840, 2.064933
520600, -1.632710
521360, -5.251992
522120, -8.785397
522880, -12.237062
523640, -15.606185
524400, -18.902821
525160, -22.131791
525920, -25.311517
526680, -28.458244
527440, -31.603566
528200, -34.780917
528960, -38.042381
529720, -41.441918
530480, -45.045898
531240, -48.900207
532000, -53.012978
532760, -57.282304
533520, -61.451594
534280, -65.114214
535040, -67.903643
535800, -69.705284
536560, -70.696235
537320, -71.148582
538080, -71.294375
538840, -71.273190
539600, -71.167863
540360, -71.015027
541120, -70.838947
541880, -70.645798
542640, -70.444616
543400, -70.234072
544160, -70.019489
544920, -69.797688
545680, -69.573051
546440, -69.341923
547200, -69.108450
547960, -68.868863
548720, -68.627238
549480, -68.379774
550240, -68.130543
551000, -67.875758
551760, -67.619490
552520, -67.357949
553280, -67.095224
554040, -66.827554
554800, -66.559024
555560, -66.285867
556320, -66.012190
557080, -65.734263
557840, -65.456158
558600, -65.174130
559360, -64.892297
560120, -64.606919
560880, -64.322061
561640, -64.033988
562400, -63.746815
563160, -63.456740
563920, -63.167817
564680, -62.876305
565440, -62.586246
566200, -62.293795
566960, -62.002981
567720, -61.710048
568480, -61.418867
569240, -61.125567
570000, -60.834144
570760, -60.540662
571520, -60.248934
572280, -59.955049
573040, -59.662903
573800, -59.368331
574560, -59.075085
575320, -58.779206
576080, -58.484244
576840, -58.185959
577600, -57.888025
578360, -57.586196
579120, -57.283745
579880, -56.976327
580640, -56.667445
581400, -56.352212
582160, -56.033736
582920, -55.707495
583680, -55.375983
584440, -55.034047
585200, -54.684465
585960, -54.321248
586720, -53.946268
587480, -53.553563
588240, -53.143631
589000, -52.709382
589760, -52.250166
590520, -51.756851
591280, -51.226700
592040, -50.647505
592800, -50.012340
593560, -49.304211
594320, -48.508277
595080, -47.596679
595840, -46.541084
596600, -45.293385
597360, -43.796065
598120, -41.958772
598880, -39.662665
599640, -36.729560
600400, -32.924083
601160, -27.938351
601920, -21.469088
602680, -13.418657
603440, -4.352292
604200, 4.150869
604960, 10.120098
605720, 12.720180
606480, 12.566402
607240, 10.700452
608000, 7.875756
608760, 4.537257
609520, 0.934662
610280, -2.775728
611040, -6.504485
611800, -10.190915
612560, -13.805667
613320, -17.328164
614080, -20.757057
614840, -24.092022
615600, -27.348837
616360, -30.545041
617120, -33.713908
617880, -36.890065
618640, -40.123445
619400, -43.459819
620160, -46.945917
620920, -50.596158
621680, -54.376084
622440, -58.153099
623200, -61.696635
623960, -64.715410
624720, -67.003099
625480, -68.527155
626240, -69.422337
627000, -69.872737
627760, -70.045199
628520, -70.048907
629280, -69.957369
630040, -69.807233
630800, -69.625168
631560, -69.420162
632320, -69.203242
633080, -68.974701
633840, -68.740748
634600, -68.498999
635360, -68.254163
636120, -68.003027
636880, -67.749825
637640, -67.491057
638400, -67.230791
639160, -66.965458
639920, -66.699080
640680, -66.428040
641440, -66.156340
642200, -65.880383
642960, -65.604162
643720, -65.324056
644480, -65.044062
645240, -64.760595
646000, -64.477615
646760, -64.191503
647520, -63.906257
648280, -63.618265
649040, -63.331456
649800, -63.042206
650560, -62.754502
651320, -62.464642
652080, -62.176530
652840, -61.886528
653600, -61.598529
654360, -61.308768
655120, -61.021112
655880, -60.731898
656640, -60.444828
657400, -60.156100
658160, -59.869537
658920, -59.581301
659680, -59.295004
660440, -59.006792
661200, -58.720434
661960, -58.431797
662720, -58.144419
663480, -57.854390
664240, -57.565163
665000, -57.272494
665760, -56.979822
666520, -56.683109
667280, -56.385323
668040, -56.082094
668800, -55.776723
669560, -55.464480
670320, -55.148121
671080, -54.823047
671840, -54.491746
672600, -54.148856
673360, -53.796730
674120, -53.429562
674880, -53.048629
675640, -52.647849
676400, -52.227191
677160, -51.779015
677920, -51.302131
678680, -50.786557
679440, -50.228509
680200, -49.614502
680960, -48.935719
681720, -48.172878
682480, -47.308313
683240, -46.310041
684000, -45.144053
684760, -43.755282
685520, -42.076076
686280, -40.004095
687040, -37.406451
687800, -34.094665
688560, -29.839712
689320, -24.391341
690080, -17.616291
690840, -9.753475
691600, -1.758312
692360, 4.811851
693120, 8.703069
693880, 9.801580
694640, 8.811409
695400, 6.528584
696160, 3.507499
696920, 0.093541
697680, -3.511103
698440, -7.177382
699200, -10.832166
699960, -14.426528
700720, -17.939894
701480, -21.357928
702240, -24.686265
703000, -27.931674
703760, -31.117722
704520, -34.270845
705280, -37.433372
706040, -40.646538
706800, -43.960656
707560, -47.410224
708320, -51.009001
709080, -54.708242
709840, -58.376556
710600, -61.782628
711360, -64.666937
712120, -66.843644
712880, -68.301805
713640, -69.163303
714400, -69.605407
715160, -69.775319
715920, -69.782923
716680, -69.691222
717440, -69.543453
718200, -69.358731
718960, -69.153807
719720, -68.932483
720480, -68.702810
721240, -68.463674
722000, -68.220343
722760, -67.970131
723520, -67.717395
724280, -67.458907
725040, -67.198714
725800, -66.933425
726560, -66.666981
727320, -66.395913
728080, -66.124121
728840, -65.848141
729600, -65.571853
730360, -65.291764
731120, -65.011761
731880, -64.728379
732640, -64.445459
733400, -64.159510
734160, -63.874412
734920, -63.586669
735680, -63.300097
736440, -63.011200
737200, -62.723847
737960, -62.434447
738720, -62.146795
739480, -61.857378
740240, -61.569957
741000, -61.280900
741760, -60.993965
742520, -60.705606
743280, -60.419401
744040, -60.131681
744800, -59.846159
745560, -59.559103
746320, -59.274022
747080, -58.987196
747840, -58.702272
748600, -58.415244
749360, -58.129553
750120, -57.841423
750880, -57.554183
751640, -57.263737
752400, -56.973429
753160, -56.679346
753920, -56.384376
754680, -56.084302
755440, -55.782334
756200, -55.473918
756960, -55.161739
757720, -54.841362
758480, -54.515272
759240, -54.178299
760000, -53.832753
760760, -53.473177
761520, -53.100846
762280, -52.709930
763040, -52.300730
763800, -51.865933
764560, -51.404914
765320, -50.908166
766080, -50.372881
766840, -49.786329
767600, -49.141388
768360, -48.420408
769120, -47.608244
769880, -46.677066
770640, -45.598129
771400, -44.323790
772160, -42.797539
772920, -40.932850
773680, -38.618774
774440, -35.695201
775200, -31.962404
775960, -27.179807
776720, -21.152278
777480, -13.901521
778240, -5.992518
779000, 1.306931
779760, 6.511674
780520, 8.925026
781280, 8.895348
782040, 7.208713
782800, 4.531748
783560, 1.306234
784320, -2.204651
785080, -5.834928
785840, -9.488811
786600, -13.102974
787360, -16.646391
788120, -20.099192
788880, -23.460473
789640, -26.733813
790400, -29.938564
791160, -33.096598
791920, -36.246858
792680, -39.428512
793440, -42.691520
794200, -46.074671
794960, -49.605184
795720, -53.258427
796480, -56.942243
797240, -60.462055
798000, -63.562726
798760, -66.016404
799520, -67.744283
800280, -68.820327
801040, -69.411028
801800, -69.675541
802560, -69.740588
803320, -69.683195
804080, -69.555834
804840, -69.383485
805600, -69.186166
806360, -68.969750
807120, -68.743302
807880, -68.506471
808640, -68.264788
809400, -68.015903
810160, -67.764194
810920, -67.506628
811680, -67.247180
812440, -66.982607
813200, -66.716756
813960, -66.446281
814720, -66.174975
815480, -65.899493
816240, -65.623608
817000, -65.343942
817760, -65.064264
818520, -64.781227
819280, -64.498567
820040, -64.212904
820800, -63.928000
821560, -63.640491
822320, -63.354070
823080, -63.065353
823840, -62.778090
824600, -62.488833
825360, -62.201251
826120, -61.911941
826880, -61.624580
827640, -61.335640
828400, -61.048755
829160, -60.760497
829920, -60.474364
830680, -60.186790
831440, -59.901363
832200, -59.614519
832960, -59.329634
833720, -59.043090
834480, -58.758424
835240, -58.471801
836000, -58.186525
836760, -57.898920
837520, -57.612290
838280, -57.322623
839040, -57.033130
839800, -56.740053
840560, -56.446223
841320, -56.147507
842080, -55.846983
842840, -55.540373
843600, -55.230208
844360, -54.912148
845120, -54.588771
845880, -54.254983
846640, -53.912964
847400, -53.557663
848160, -53.190214
848920, -52.804906
849680, -52.402360
850440, -51.975385
851200, -51.523802
851960, -51.038285
852720, -50.516511
853480, -49.946301
854240, -49.321591
855000, -48.625285
855760, -47.843995
856520, -46.952317
857280, -45.924389
858040, -44.716682
858800, -43.277934
859560, -41.529827
860320, -39.372463
861080, -36.660890
861840, -33.211172
862600, -28.791561
863360, -23.184312
864120, -16.314806
864880, -8.544988
865640, -0.924500
866400, 5.040216
867160, 8.328261
867920, 8.992182
868680, 7.752716
869440, 5.336757
870200, 2.254968
870960, -1.183439
871720, -4.784922
872480, -8.436656
873240, -12.064540
874000, -15.630352
874760, -19.109539
875520, -22.497385
876280, -25.794426
877040, -29.016920
877800, -32.184064
878560, -35.332337
879320, -38.498683
880080, -41.732273
880840, -45.074276
881600, -48.559319
882360, -52.178872
883120, -55.866183
883880, -59.454526
884640, -62.701851
885400, -65.358693
886160, -67.297006
886920, -68.548931
887680, -69.265252
888440, -69.611090
889200, -69.725828
889960, -69.698150
890720, -69.588465
891480, -69.426869
892240, -69.236219
893000, -69.024198
893760, -68.800724
894520, -68.566111
895280, -68.326093
896040, -68.078615
896800, -67.828047
897560, -67.571538
898320, -67.312986
899080, -67.049279
899840, -66.784166
900600, -66.514427
901360, -66.243743
902120, -65.968881
902880, -65.693514
903640, -65.414372
904400, -65.135108
905160, -64.852486
905920, -64.570144
906680, -64.284808
907440, -64.000124
908200, -63.712859
908960, -63.426587
909720, -63.138027
910480, -62.850815
911240, -62.561645
912000, -62.274065
912760, -61.984774
913520, -61.697377
914280, -61.408441
915040, -61.121478
915800, -60.833165
916560, -60.546945
917320, -60.259343
918080, -59.973824
918840, -59.686999
919600, -59.402107
920360, -59.115624
921120, -58.830960
921880, -58.544487
922640, -58.259365
923400, -57.972005
924160, -57.685708
924920, -57.396533
925680, -57.107550
926440, -56.815090
927200, -56.522026
927960, -56.224287
928720, -55.924807
929480, -55.619599
930240, -55.311026
931000, -54.994819
931760, -54.673676
932520, -54.342553
933280, -54.003483
934040, -53.651818
934800, -53.288544
935560, -52.908038
936320, -52.511242
937080, -52.091046
937840, -51.647285
938600, -51.171270
939360, -50.660608
940120, -50.104119
940880, -49.496048
941640, -48.820346
942400, -48.065043
943160, -47.206360
943920, -46.220043
944680, -45.066044
945440, -43.698252
946200, -42.044396
946960, -40.013800
947720, -37.473154
948480, -34.251394
949240, -30.126502
950000, -24.870019
950760, -18.344179
951520, -10.758457
952280, -2.959415
953040, 3.601252
953800, 7.670599
954560, 9.005739
955320, 8.216811
956080, 6.068163
956840, 3.135120
957600, -0.226727
958360, -3.795813
959120, -7.442026
959880, -11.080664
960640, -14.666434
961400, -18.170034
962160, -21.583319
962920, -24.903803
963680, -28.144880
964440, -31.323907
965200, -34.474221
965960, -37.630717
966720, -40.841470
967480, -44.149046
968240, -47.593337
969000, -51.178615
969760, -54.859176
970520, -58.495008
971280, -61.861572
972040, -64.698795
972800, -66.836980
973560, -68.264444
974320, -69.110477
975080, -69.541947
975840, -69.709493
976600, -69.713461
977360, -69.622565
978120, -69.472345
978880, -69.288716
979640, -69.081292
980400, -68.860918
981160, -68.628609
981920, -68.390324
982680, -68.144307
983440, -67.894934
984200, -67.639529
984960, -67.381918
985720, -67.119120
986480, -66.854786
987240, -66.585822
988000, -66.315799
988760, -66.041593
989520, -65.766773
990280, -65.488182
991040, -65.209362
991800, -64.927179
992560, -64.645181
993320, -64.360193
994080, -64.075749
994840, -63.788719
995600, -63.502594
996360, -63.214193
997120, -62.927036
997880, -62.637956
998640, -62.350377
999400, -62.061102
1000160, -61.773627
1000920, -61.484664
1001680, -61.197599
1002440, -60.909207
1003200, -60.622879
1003960, -60.335227
1004720, -60.049589
1005480, -59.762704
1006240, -59.477744
1007000, -59.191266
1007760, -58.906557
1008520, -58.620187
1009280, -58.335172
1010040, -58.048008
1010800, -57.761914
1011560, -57.473122
1012320, -57.184555
1013080, -56.892626
1013840, -56.600245
1014600, -56.303401
1015360, -56.004881
1016120, -55.700971
1016880, -55.393884
1017640, -55.079418
1018400, -54.760148
1019160, -54.431383
1019920, -54.094988
1020680, -53.746386
1021440, -53.386794
1022200, -53.010633
1022960, -52.619081
1023720, -52.205143
1024480, -51.768539
1025240, -51.301301
1026000, -50.800945
1026760, -50.257218
1027520, -49.664367
1028280, -49.007641
1029040, -48.276287
1029800, -47.447229
1030560, -46.498415
1031320, -45.392777
1032080, -44.087807
1032840, -42.517807
1033600, -40.598885
1034360, -38.208396
1035120, -35.187989
1035880, -31.326361
1036640, -26.392245
1037400, -20.204519
1038160, -12.849812
1038920, -4.982210
1039680, 2.058506
1040440, 6.863692
1041200, 8.890090
1041960, 8.588534
1042720, 6.735578
1043480, 3.969183
1044240, 0.695280
1045000, -2.834010
1045760, -6.469757
1046520, -10.115853
1047280, -13.719448
1048040, -17.246162
1048800, -20.684361
1049560, -24.028479
1050320, -27.289264
1051080, -30.482089
1051840, -33.637238
1052600, -36.787491
1053360, -39.979527
1054120, -43.256552
1054880, -46.662376
1055640, -50.211542
1056400, -53.876425
1057160, -57.542677
1057920, -61.006888
1058680, -64.007483
1059440, -66.340487
1060200, -67.948290
1060960, -68.933018
1061720, -69.458277
1062480, -69.684435
1063240, -69.723697
1064000, -69.653746
1064760, -69.516139
1065520, -69.340235
1066280, -69.137808
1067040, -68.920768
1067800, -68.690900
1068560, -68.454433
1069320, -68.209933
1070080, -67.961792
1070840, -67.707518
1071600, -67.450873
1072360, -67.189002
1073120, -66.925467
1073880, -66.657292
1074640, -66.387947
1075400, -66.114411
1076160, -65.840150
1076920, -65.562123
1077680, -65.283760
1078440, -65.002032
1079200, -64.720392
1079960, -64.435765
1080720, -64.151575
1081480, -63.864794
1082240, -63.578832
1083000, -63.290601
1083760, -63.003510
1084520, -62.714527
1085280, -62.426960
1086040, -62.137707
1086800, -61.850154
1087560, -61.561163
1088320, -61.273999
1089080, -60.985529
1089840, -60.699096
1090600, -60.411391
1091360, -60.125636
1092120, -59.838661
1092880, -59.553611
1093640, -59.267122
1094400, -58.982354
1095160, -58.696072
1095920, -58.411152
1096680, -58.124168
1097440, -57.838217
1098200, -57.549759
1098960, -57.261568
1099720, -56.970133
1100480, -56.678401
1101240, -56.382411
1102000, -56.084812
1102760, -55.781967
1103520, -55.476186
1104280, -55.163312
1105040, -54.845775
1105800, -54.519236
1106560, -54.185389
1107320, -53.839717
1108080, -53.483659
1108840, -53.111677
1109600, -52.724813
1110360, -52.316631
1111120, -51.886705
1111880, -51.427732
1112640, -50.937121
1113400, -50.405483
1114160, -49.827065
1114920, -49.188331
1115680, -48.478724
1116440, -47.676975
1117200, -46.762984
1117960, -45.702402
1118720, -44.456057
1119480, -42.962884
1120240, -41.147049
1121000, -38.895191
1121760, -36.060829
1122520, -32.444528
1123280, -27.817578
1124040, -21.969634
1124800, -14.889562
1125560, -7.051646
1126320, 0.360095
1127080, 5.857445
1127840, 8.607237
1128600, 8.848291
1129360, 7.334826
1130120, 4.762892
1130880, 1.593687
1131640, -1.885340
1132400, -5.504084
1133160, -9.153622
1133920, -12.772683
1134680, -16.321299
1135440, -19.784043
1136200, -23.152156
1136960, -26.434181
1137720, -29.642544
1138480, -32.804861
1139240, -35.951779
1140000, -39.128317
1140760, -42.377925
1141520, -45.746950
1142280, -49.258227
1143040, -52.899798
1143800, -56.581630
1144560, -60.124084
1145320, -63.271367
1146080, -65.793553
1146840, -67.588469
1147600, -68.723457
1148360, -69.353418
1149120, -69.646205
1149880, -69.725910
1150640, -69.680000
1151400, -69.556806
1152160, -69.389664
1152920, -69.192831
1153680, -68.979471
1154440, -68.752248
1155200, -68.517722
1155960, -68.274813
1156720, -68.027953
1157480, -67.774841
1158240, -67.519184
1159000, -67.258258
1159760, -66.995537
1160520, -66.728165
1161280, -66.459510
1162040, -66.186658
1162800, -65.912969
1163560, -65.635517
1164320, -65.357625
1165080, -65.076362
1165840, -64.795078
1166600, -64.510817
1167360, -64.226891
1168120, -63.940371
1168880, -63.654585
1169640, -63.366539
1170400, -63.079531
1171160, -62.790628
1171920, -62.503070
1172680, -62.213843
1173440, -61.926224
1174200, -61.637216
1174960, -61.349967
1175720, -61.061434
1176480, -60.774860
1177240, -60.487085
1178000, -60.201207
1178760, -59.914145
1179520, -59.629012
1180280, -59.342517
1181040, -59.057701
1181800, -58.771437
1182560, -58.486569
1183320, -58.199737
1184080, -57.913916
1184840, -57.625780
1185600, -57.337960
1186360, -57.047012
1187120, -56.755823
1187880, -56.460610
1188640, -56.163874
1189400, -55.862049
1190160, -55.557531
1190920, -55.246207
1191680, -54.930365
1192440, -54.606000
1193200, -54.274643
1193960, -53.931837
1194720, -53.579230
1195480, -53.211325
1196240, -52.829035
1197000, -52.426464
1197760, -52.003044
1198520, -51.552099
1199280, -51.070953
1200040, -50.550699
1200800, -49.986016
1201560, -49.364492
1202320, -48.675741
1203080, -47.900209
1203840, -47.019643
1204600, -46.002178
1205360, -44.811953
1206120, -43.392394
1206880, -41.673475
1207640, -39.551573
1208400, -36.891760
1209160, -33.507572
1209920, -29.176749
1210680, -23.671388
1211440, -16.904455
1212200, -9.184391
1212960, -1.509924
1213720, 4.628872
1214480, 8.135133
1215240, 8.986478
1216000, 7.868996
1216760, 5.528010
1217520, 2.485432
1218280, -0.930249
1219040, -4.524231
1219800, -8.172743
1220560, -11.804900
1221320, -15.374497
1222080, -18.861796
1222840, -22.254705
1223600, -25.559316
1224360, -28.785152
1225120, -31.957107
1225880, -35.103553
1226640, -38.267991
1227400, -41.493063
1228160, -44.826775
1228920, -48.298676
1229680, -51.910507
1230440, -55.595020
1231200, -59.198277
1231960, -62.477400
1232720, -65.184841
1233480, -67.174974
1234240, -68.474704
1235000, -69.223117
1235760, -69.592705
1236520, -69.719436
1237280, -69.701543
1238040, -69.595085
1238800, -69.438050
1239560, -69.247590
1240320, -69.038373
1241080, -68.814070
1241840, -68.581661
1242600, -68.340456
1243360, -68.094960
1244120, -67.843066
1244880, -67.588445
1245640, -67.328501
1246400, -67.066631
1247160, -66.800086
1247920, -66.532150
1248680, -66.260006
1249440, -65.986917
1250200, -65.710066
1250960, -65.432672
1251720, -65.151898
1252480, -64.870995
1253240, -64.587121
1254000, -64.303482
1254760, -64.017242
1255520, -63.731647
1256280, -63.443798
1257040, -63.156890
1257800, -62.868081
1258560, -62.580546
1259320, -62.291358
1260080, -62.003685
1260840, -61.714669
1261600, -61.427345
1262360, -61.138756
1263120, -60.852038
1263880, -60.564191
1264640, -60.278192
1265400, -59.991044
1266160, -59.705832
1266920, -59.419334
1267680, -59.134473
1268440, -58.848206
1269200, -58.563377
1269960, -58.276690
1270720, -57.990995
1271480, -57.703178
1272240, -57.415729
1273000, -57.125269
1273760, -56.834565
1274520, -56.540089
1275280, -56.244193
1276040, -55.943372
1276800, -55.640111
1277560, -55.330332
1278320, -55.016184
1279080, -54.693945
1279840, -54.365044
1280600, -54.025080
1281360, -53.675815
1282120, -53.311904
1282880, -52.934127
1283640, -52.537107
1284400, -52.120138
1285160, -51.676644
1285920, -51.204503
1286680, -50.694922
1287440, -50.143336
1288200, -49.537619
1288960, -48.868432
1289720, -48.117759
1290480, -47.268365
1291240, -46.290202
1292000, -45.150362
1292760, -43.797313
1293520, -42.166982
1294280, -40.163957
1295040, -37.664080
1295800, -34.493356
1296560, -30.438763
1297320, -25.264404
1298080, -18.826249
1298840, -11.293378
1299600, -3.469879
1300360, 3.222275
1301120, 7.479156
1301880, 8.987743
1302640, 8.316216
1303400, 6.240718
1304160, 3.346220
1304920, 0.006962
1305680, -3.554172
1306440, -7.196665
1307200, -10.838912
1307960, -14.427813
1308720, -17.938944
1309480, -21.356697
1310240, -24.684622
1311000, -27.929351
1311760, -31.113062
1312520, -34.262380
1313280, -37.418377
1314040, -40.622477
1314800, -43.923641
1315560, -47.356601
1316320, -50.934530
1317080, -54.610643
1317840, -58.256700
1318600, -61.648134
1319360, -64.529032
1320120, -66.714764
1320880, -68.188542
1321640, -69.066999
1322400, -69.522851
1323160, -69.703009
1323920, -69.717077
1324680, -69.629670
1325440, -69.484075
1326200, -69.300750
1326960, -69.096113
1327720, -68.874984
1328480, -68.644843
1329240, -68.405435
1330000, -68.161361
1330760, -67.910722
1331520, -67.657165
1332280, -67.398224
1333040, -67.137222
1333800, -66.871518
1334560, -66.604315
1335320, -66.332892
1336080, -66.060417
1336840, -65.784169
1337600, -65.507282
1338360, -65.227009
1339120, -64.946501
1339880, -64.663028
1340640, -64.379691
1341400, -64.093746
1342160, -63.808340
1342920, -63.520692
1343680, -63.233894
1344440, -62.945191
1345200, -62.657695
1345960, -62.368560
1346720, -62.080849
1347480, -61.791795
1348240, -61.504383
1349000, -61.215736
1349760, -60.928882
1350520, -60.640971
1351280, -60.354863
1352040, -60.067641
1352800, -59.782291
1353560, -59.495753
1354320, -59.210829
1355080, -58.924552
1355840, -58.639760
1356600, -58.353217
1357360, -58.067654
1358120, -57.780045
1358880, -57.492891
1359640, -57.202869
1360400, -56.912618
1361160, -56.618851
1361920, -56.323775
1362680, -56.023938
1363440, -55.721848
1364200, -55.413543
1364960, -55.101029
1365720, -54.780648
1366480, -54.453993
1367240, -54.116694
1368000, -53.770379
1368760, -53.410131
1369520, -53.036571
1370280, -52.644655
1371040, -52.233714
1371800, -51.797248
1372560, -51.333639
1373320, -50.834196
1374080, -50.295061
1374840, -49.704308
1375600, -49.053664
1376360, -48.326255
1377120, -47.505632
1377880, -46.564068
1378640, -45.471349
1379400, -44.179646
1380160, -42.630587
1380920, -40.736158
1381680, -38.382350
1382440, -35.407462
1383200, -31.609301
1383960, -26.750583
1384720, -20.647754
1385480, -13.355690
1386240, -5.488761
1387000, 1.654318
1387760, 6.632966
1388520, 8.836755
1389280, 8.662598
1390040, 6.890910
1390800, 4.168445
1391560, 0.920281
1392320, -2.599016
1393080, -6.229769
1393840, -9.878558
1394600, -13.484660
1395360, -17.018548
1396120, -20.460955
1396880, -23.812615
1397640, -27.077337
1398400, -30.275035
1399160, -33.430045
1399920, -36.580792
1400680, -39.767358
1401440, -43.038984
1402200, -46.434183
1402960, -49.975604
1403720, -53.634371
1404480, -57.306942
1405240, -60.790759
1406000, -63.830258
1406760, -66.208814
1407520, -67.863950
1408280, -68.883317
1409040, -69.435024
1409800, -69.675416
1410560, -69.725738
1411320, -69.659931
1412080, -69.527249
1412840, -69.351898
1413600, -69.152323
1414360, -68.934642
1415120, -68.706931
1415880, -68.469414
1416640, -68.226820
1417400, -67.977473
1418160, -67.725004
1418920, -67.467083
1419680, -67.206962
1420440, -66.942109
1421200, -66.675650
1421960, -66.404957
1422720, -66.133106
1423480, -65.857469
1424240, -65.581099
1425000, -65.301336
1425760, -65.021236
1426520, -64.738169
1427280, -64.455146
1428040, -64.169506
1428800, -63.884302
1429560, -63.596869
1430320, -63.310194
1431080, -63.021611
1431840, -62.734158
1432600, -62.445081
1433360, -62.157344
1434120, -61.868263
1434880, -61.580776
1435640, -61.292081
1436400, -61.005104
1437160, -60.717134
1437920, -60.430924
1438680, -60.143632
1439440, -59.858144
1440200, -59.571567
1440960, -59.286581
1441720, -59.000295
1442480, -58.715539
1443240, -58.429137
1444000, -58.143701
1444760, -57.856281
1445520, -57.569407
1446280, -57.279805
1447040, -56.989993
1447800, -56.696917
1448560, -56.402638
1449320, -56.103761
1450080, -55.802676
1450840, -55.495712
1451600, -55.184726
1452360, -54.866111
1453120, -54.541613
1453880, -54.206887
1454640, -53.863428
1455400, -53.506731
1456160, -53.137263
1456920, -52.750043
1457680, -52.344758
1458440, -51.914960
1459200, -51.459492
1459960, -50.969752
1460720, -50.442546
1461480, -49.866138
1462240, -49.233265
1463000, -48.527439
1463760, -47.733807
1464520, -46.826764
1465280, -45.778590
1466040, -44.544953
1466800, -43.071886
1467560, -41.279180
1468320, -39.061745
1469080, -36.270232
1469840, -32.714217
1470600, -28.160239
1471360, -22.398578
1472120, -15.392214
1472880, -7.577989
1473640, -0.089732
1474400, 5.572021
1475160, 8.509300
1475920, 8.894603
1476680, 7.475780
1477440, 4.956269
1478200, 1.818026
1478960, -1.647972
1479720, -5.260009
1480480, -8.911195
1481240, -12.532215
1482000, -16.087809
1482760, -19.554939
1483520, -22.930875
1484280, -26.216764
1485040, -29.430587
1485800, -32.593687
1486560, -35.742015
1487320, -38.914087
1488080, -42.158844
1488840, -45.517483
1489600, -49.020413
1490360, -52.654193
1491120, -56.338963
1491880, -59.896703
1492640, -63.079906
1493400, -65.647627
1494160, -67.491864
1494920, -68.664941
1495680, -69.324461
1496440, -69.633837
1497200, -69.726037
1497960, -69.685209
1498720, -69.567411
1499480, -69.401169
1500240, -69.207314
1501000, -68.993465
1501760, -68.768413
1502520, -68.532925
1503280, -68.291900
1504040, -68.043901
1504800, -67.792558
1505560, -67.535685
1506320, -67.276470
1507080, -67.012488
1507840, -66.746790
1508600, -66.476843
1509360, -66.205634
1510120, -65.930624
1510880, -65.654787
1511640, -65.375550
1512400, -65.095874
1513160, -64.813217
1513920, -64.530517
1514680, -64.245195
1515440, -63.960208
1516200, -63.673005
1516960, -63.386471
1517720, -63.098023
1518480, -62.810606
1519240, -62.521589
1520000, -62.233833
1520760, -61.944736
1521520, -61.657188
1522280, -61.368458
1523040, -61.081371
1523800, -60.793300
1524560, -60.506966
1525320, -60.219597
1526080, -59.933972
1526840, -59.647359
1527600, -59.362322
1528360, -59.076036
1529120, -58.791229
1529880, -58.504912
1530640, -58.219573
1531400, -57.932327
1532160, -57.645726
1532920, -57.356542
1533680, -57.067172
1534440, -56.774648
1535200, -56.481073
1535960, -56.183093
1536720, -55.882972
1537480, -55.577314
1538240, -55.267828
1539000, -54.950956
1539760, -54.628586
1540520, -54.296398
1541280, -53.955759
1542040, -53.602563
1542800, -53.237126
1543560, -52.854528
1544320, -52.454806
1545080, -52.031560
1545840, -51.583935
1546600, -51.103602
1547360, -50.587476
1548120, -50.024633
1548880, -49.408582
1549640, -48.723340
1550400, -47.955538
1551160, -47.081569
1551920, -46.075607
1552680, -44.896778
1553440, -43.495798
1554200, -41.798135
1554960, -39.708252
1555720, -37.088121
1556480, -33.760138
1557240, -29.498341
1558000, -24.078177
1558760, -17.389982
1559520, -9.712594
1560280, -1.989730
1561040, 4.294568
1561800, 7.990227
1562560, 8.999352
1563320, 7.989206
1564080, 5.709310
1564840, 2.702767
1565600, -0.696715
1566360, -4.282077
1567120, -7.930986
1567880, -11.564386
1568640, -15.140540
1569400, -18.632183
1570160, -22.032979
1570920, -25.341479
1571680, -28.573242
1572440, -31.746786
1573200, -34.895521
1573960, -38.056158
1574720, -41.276971
1575480, -44.600865
1576240, -48.064305
1577000, -51.667018
1577760, -55.351404
1578520, -58.965372
1579280, -62.276062
1580040, -65.026454
1580800, -67.066724
1581560, -68.407282
1582320, -69.188086
1583080, -69.576556
1583840, -69.717223
1584600, -69.705365
1585360, -69.604785
1586120, -69.449000
1586880, -69.261644
1587640, -69.052082
1588400, -68.829961
1589160, -68.596669
1589920, -68.357324
1590680, -68.110747
1591440, -67.860584
1592200, -67.604798
1592960, -67.346525
1593720, -67.083444
1594480, -66.818529
1595240, -66.549350
1596000, -66.278806
1596760, -66.004446
1597520, -65.729166
1598280, -65.450475
1599040, -65.171246
1599800, -64.889019
1600560, -64.606662
1601320, -64.321678
1602080, -64.036929
1602840, -63.749960
1603600, -63.463578
1604360, -63.175277
1605120, -62.887911
1605880, -62.598967
1606640, -62.311208
1607400, -62.022108
1608160, -61.734498
1608920, -61.445735
1609680, -61.158546
1610440, -60.870379
1611200, -60.583930
1611960, -60.296490
1612720, -60.010737
1613480, -59.724084
1614240, -59.438993
1615000, -59.152706
1615760, -58.867851
1616520, -58.581620
1617280, -58.296381
1618040, -58.009308
1618800, -57.722965
1619560, -57.434187
1620320, -57.145252
1621080, -56.853255
1621840, -56.560367
1622600, -56.263269
1623360, -55.964103
1624120, -55.659743
1624880, -55.351751
1625640, -55.036612
1626400, -54.716250
1627160, -54.386509
1627920, -54.048621
1628680, -53.698692
1629440, -53.337106
1630200, -52.958982
1630960, -52.564685
1631720, -52.147853
1632480, -51.707548
1633240, -51.236165
1634000, -50.730551
1634760, -50.180709
1635520, -49.580173
1636280, -48.914269
1637040, -48.170951
1637800, -47.327486
1638560, -46.360027
1639320, -45.230754
1640080, -43.894675
1640840, -42.283814
1641600, -40.309946
1642360, -37.845919
1643120, -34.726611
1643880, -30.735867
1644640, -25.642403
1645400, -19.285670
1646160, -11.809729
1646920, -3.964621
1647680, 2.848284
1648440, 7.288671
1649200, 8.964528
1649960, 8.412331
1650720, 6.406664
1651480, 3.553607
1652240, 0.233982
1653000, -3.316411
1653760, -6.957877
1654520, -10.600491
1655280, -14.195394
1656040, -17.710700
1656800, -21.136284
1657560, -24.468361
1658320, -27.719391
1659080, -30.905359
1659840, -34.057162
1660600, -37.209807
1661360, -40.410435
1662120, -43.702561
1662880, -47.127274
1663640, -50.695210
1664400, -54.368674
1665160, -58.021198
1665920, -61.439347
1666680, -64.359590
1667440, -66.594755
1668200, -68.111301
1668960, -69.024967
1669720, -69.502213
1670480, -69.697972
1671240, -69.719188
1672000, -69.638246
1672760, -69.494311
1673520, -69.314253
1674280, -69.109437
1675040, -68.890512
1675800, -68.659574
1676560, -68.422004
1677320, -68.176909
1678080, -67.927966
1678840, -67.673295
1679600, -67.415983
1680360, -67.153818
1681120, -66.889702
1681880, -66.621303
1682640, -66.351438
1683400, -66.077738
1684160, -65.803017
1684920, -65.524880
1685680, -65.246108
1686440, -64.964324
1687200, -64.682326
1687960, -64.397692
1688720, -64.113196
1689480, -63.826464
1690240, -63.540242
1691000, -63.252100
1691760, -62.964798
1692520, -62.675941
1693280, -62.388193
1694040, -62.099103
1694800, -61.811413
1695560, -61.522611
1696320, -61.235321
1697080, -60.947065
1697840, -60.660510
1698600, -60.373007
1699360, -60.087136
1700120, -59.800382
1700880, -59.515203
1701640, -59.228895
1702400, -58.943983
1703160, -58.657833
1703920, -58.372693
1704680, -58.085795
1705440, -57.799599
1706200, -57.511150
1706960, -57.222598
1707720, -56.931091
1708480, -56.638862
1709240, -56.342620
1710000, -56.044388
1710760, -55.741185
1711520, -55.434577
1712280, -55.121082
1713040, -54.802504
1713800, -54.475026
1714560, -54.139730
1715320, -53.792766
1716080, -53.434766
1716840, -53.060866
1717600, -52.671482
1718360, -52.260593
1719120, -51.827151
1719880, -51.364216
1720640, -50.868555
1721400, -50.331042
1722160, -49.745230
1722920, -49.097671
1723680, -48.377013
1724440, -47.561782
1725200, -46.630208
1725960, -45.547276
1726720, -44.271456
1727480, -42.740050
1728240, -40.872510
1729000, -38.551793
1729760, -35.624440
1730520, -31.885736
1731280, -27.104075
1732040, -21.082971
1732800, -13.857831
1733560, -5.993268
1734320, 1.243902
1735080, 6.395230
1735840, 8.773384
1736600, 8.731018
1737360, 7.039130
1738120, 4.364416
1738880, 1.139709
1739640, -2.366417
1740400, -5.994643
1741160, -9.642874
1741920, -13.254404
1742680, -16.792276
1743440, -20.242346
1744200, -23.598380
1744960, -26.869738
1745720, -30.069890
1746480, -33.227572
1747240, -36.375858
1748000, -39.559887
1748760, -42.823395
1749520, -46.210860
1750280, -49.741816
1751040, -53.395944
1751800, -57.071192
1752560, -60.576612
1753320, -63.651094
1754080, -66.077347
1754840, -67.776782
1755600, -68.833868
1756360, -69.409441
1757120, -69.667190
1757880, -69.725864
1758640, -69.667173
1759400, -69.536598
1760160, -69.364701
1760920, -69.165122
1761680, -68.949678
1762440, -68.721256
1763200, -68.485558
1763960, -68.242001
1764720, -67.994314
1765480, -67.740779
1766240, -67.484446
1767000, -67.223208
1767760, -66.959901
1768520, -66.692290
1769280, -66.423112
1770040, -66.150081
1770800, -65.875929
1771560, -65.598353
1772320, -65.320050
1773080, -65.038718
1773840, -64.757082
1774600, -64.472803
1775360, -64.188571
1776120, -63.902087
1776880, -63.616039
1777640, -63.328067
1778400, -63.040846
1779160, -62.752070
1779920, -62.464336
1780680, -62.175264
1781440, -61.887507
1782200, -61.598676
1782960, -61.311299
1783720, -61.022967
1784480, -60.736299
1785240, -60.448731
1786000, -60.162746
1786760, -59.875898
1787520, -59.590638
1788280, -59.304314
1789040, -59.019352
1789800, -58.733260
1790560, -58.448202
1791320, -58.161467
1792080, -57.875412
1792840, -57.587282
1793600, -57.299105
1794360, -57.008079
1795120, -56.716475
1795880, -56.421057
1796640, -56.123728
1797400, -55.821562
1798160, -55.516241
1798920, -55.204303
1799680, -54.887435
1800440, -54.562139
1801200, -54.229353
1801960, -53.885265
1802720, -53.530744
1803480, -53.160944
1804240, -52.776172
1805000, -52.370932
1805760, -51.944054
1806520, -51.489227
1807280, -51.003135
1808040, -50.477460
1808800, -49.905796
1809560, -49.275858
1810320, -48.576510
1811080, -47.788021
1811840, -46.890544
1812600, -45.851703
1813360, -44.633252
1814120, -43.177031
1814880, -41.409517
1815640, -39.222777
1816400, -36.475524
1817160, -32.975284
1817920, -28.495086
1818680, -22.816034
1819440, -15.886027
1820200, -8.095793
1820960, -0.540132
1821720, 5.281264
1822480, 8.400917
1823240, 8.933957
1824000, 7.608220
1824760, 5.144896
1825520, 2.035304
1826280, -1.414365
1827040, -5.022033
1827800, -8.671682
1828560, -12.297549
1829320, -15.856979
1830080, -19.331505
1830840, -22.712136
1831600, -26.005123
1832360, -29.221397
1833120, -32.387858
1833880, -35.534702
1834640, -38.705147
1835400, -41.942646
1836160, -45.294012
1836920, -48.786120
1837680, -52.413744
1838440, -56.098042
1839200, -59.672978
1839960, -62.887287
1840720, -65.501662
1841480, -67.391999
1842240, -68.606161
1843000, -69.292851
1843760, -69.621953
1844520, -69.724105
1845280, -69.691293
1846040, -69.576194
1846800, -69.413683
1847560, -69.220050
1848320, -69.008504
1849080, -68.782850
1849840, -68.549179
1850600, -68.307261
1851360, -68.060899
1852120, -67.808546
1852880, -67.553229
1853640, -67.292948
1854400, -67.030478
1855160, -66.763676
1855920, -66.495208
1856680, -66.222867
1857440, -65.949306
1858200, -65.672313
1858960, -65.394499
1859720, -65.113640
1860480, -64.832376
1861240, -64.548469
1862000, -64.264517
1862760, -63.978298
1863520, -63.692442
1864280, -63.404657
1865040, -63.117532
1865800, -62.828838
1866560, -62.541125
1867320, -62.252080
1868080, -61.964268
1868840, -61.675420
1869600, -61.387968
1870360, -61.099570
1871120, -60.812760
1871880, -60.525112
1872640, -60.239008
1873400, -59.952066
1874160, -59.666729
1874920, -59.380396
1875680, -59.095392
1876440, -58.809290
1877200, -58.524276
1877960, -58.237678
1878720, -57.951755
1879480, -57.663939
1880240, -57.376138
1881000, -57.085594
1881760, -56.794480
1882520, -56.499793
1883280, -56.203308
1884040, -55.902140
1884800, -55.598079
1885560, -55.287680
1886320, -54.972509
1887080, -54.649380
1887840, -54.319088
1888600, -53.977860
1889360, -53.626793
1890120, -53.261062
1890880, -52.880866
1891640, -52.481224
1892400, -52.060848
1893160, -51.613766
1893920, -51.136926
1894680, -50.622131
1895440, -50.063783
1896200, -49.450301
1896960, -48.771124
1897720, -48.008118
1898480, -47.143175
1899240, -46.145642
1900000, -44.980516
1900760, -43.594837
1901520, -41.920435
1902280, -39.858881
1903040, -37.279879
1903800, -34.003649
1904560, -29.811462
1905320, -24.471422
1906080, -17.865664
1906840, -10.231040
1907600, -2.469556
1908360, 3.953911
1909120, 7.833215
1909880, 9.003533
1910640, 8.100019
1911400, 5.885461
1912160, 2.913406
1912920, -0.466348
1913680, -4.045225
1914440, -7.691384
1915200, -11.328836
1915960, -14.908482
1916720, -18.407163
1917480, -21.812817
1918240, -25.128552
1919000, -28.363344
1919760, -31.540944
1920520, -34.689119
1921280, -37.849053
1922040, -41.063458
1922800, -44.380567
1923560, -47.833138
1924320, -51.428724
1925080, -55.109885
1925840, -58.736548
1926600, -62.073561
1927360, -64.868275
1928120, -66.955054
1928880, -68.339160
1929640, -69.150098
1930400, -69.560594
1931160, -69.712826
1931920, -69.709908
1932680, -69.612635
1933440, -69.460865
1934200, -69.273959
1934960, -69.066766
1935720, -68.844144
1936480, -68.612666
1937240, -68.372490
1938000, -68.127523
1938760, -67.876400
1939520, -67.622136
1940280, -67.362842
1941040, -67.101235
1941800, -66.835261
1942560, -66.567523
1943320, -66.295891
1944080, -66.022941
1944840, -65.746545
1945600, -65.469239
1946360, -65.188869
1947120, -64.907999
1947880, -64.624479
1948640, -64.340827
1949400, -64.054890
1950160, -63.769226
1950920, -63.481634
1951680, -63.194618
1952440, -62.906019
1953200, -62.618343
1953960, -62.329338
1954720, -62.041486
1955480, -61.752610
1956240, -61.465082
1957000, -61.176623
1957760, -60.889679
1958520, -60.601959
1959280, -60.315747
1960040, -60.028722
1960800, -59.743287
1961560, -59.456932
1962320, -59.171883
1963080, -58.885771
1963840, -58.600803
1964600, -58.314347
1965360, -58.028559
1966120, -57.741012
1966880, -57.453556
1967640, -57.163475
1968400, -56.872839
1969160, -56.578874
1969920, -56.283226
1970680, -55.983051
1971440, -55.680242
1972200, -55.371372
1972960, -55.057889
1973720, -54.736738
1974480, -54.408798
1975240, -54.070316
1976000, -53.722357
1976760, -53.360421
1977520, -52.984576
1978280, -52.590317
1979040, -52.176232
1979800, -51.736422
1980560, -51.268388
1981320, -50.764025
1982080, -50.218491
1982840, -49.620390
1983600, -48.960287
1984360, -48.221517
1985120, -47.386425
1985880, -46.426773
1986640, -45.310380
1987400, -43.988202
1988160, -42.398874
1988920, -40.450766
1989680, -38.024233
1990440, -34.952352
1991200, -31.026418
1991960, -26.009464
1992720, -19.735465
1993480, -12.315805
1994240, -4.458924
1995000, 2.467651
1995760, 7.084217
1996520, 8.930816
1997280, 8.497746
1998040, 6.566598
1998800, 3.753740
1999560, 0.457298
2000320, -3.084347
2001080, -6.721692
2001840, -10.367402
2002600, -13.965300
2003360, -17.487144
2004120, -20.917605
2004880, -24.256584
2005640, -27.511105
2006400, -30.701788
2007160, -33.853952
2007920, -37.006625
2008680, -40.201430
2009440, -43.487397
2010200, -46.901539
2010960, -50.461909
2011720, -54.129962
2012480, -57.791014
2013240, -61.230567
2014000, -64.191190
2014760, -66.472330
2015520, -68.034052
2016280, -68.980472
2017040, -69.481957
2017800, -69.690907
2018560, -69.722019
2019320, -69.645012
2020080, -69.505391
2020840, -69.326015
2021600, -69.123637
2022360, -68.904314
2023120, -68.675186
2023880, -68.436845
2024640, -68.193331
2025400, -67.943474
2026160, -67.690290
2026920, -67.432000
2027680, -67.171271
2028440, -66.906137
2029200, -66.639140
2029960, -66.368227
2030720, -66.095901
2031480, -65.820105
2032240, -65.543314
2033000, -65.263444
2033760, -64.982979
2034520, -64.699859
2035280, -64.416521
2036040, -64.130879
2036800, -63.845415
2037560, -63.558025
2038320, -63.271131
2039080, -62.982640
2039840, -62.695013
2040600, -62.406062
2041360, -62.118184
2042120, -61.829271
2042880, -61.541667
2043640, -61.253149
2044400, -60.966079
2045160, -60.678295
2045920, -60.391983
2046680, -60.104881
2047440, -59.819309
2048200, -59.532906
2048960, -59.247798
2049720, -58.961671
2050480, -58.676744
2051240, -58.390425
2052000, -58.104772
2052760, -57.817411
2053520, -57.530243
2054280, -57.240582
2055040, -56.950395
2055800, -56.657123
2056560, -56.362287
2057320, -56.063079
2058080, -55.761332
2058840, -55.453842
2059600, -55.141929
2060360, -54.822573
2061120, -54.496830
2061880, -54.160953
2062640, -53.815894
2063400, -53.457551
2064160, -53.085856
2064920, -52.696409
2065680, -52.288105
2066440, -51.855081
2067200, -51.395335
2067960, -50.900833
2068720, -50.367431
2069480, -49.783910
2070240, -49.141886
2071000, -48.425285
2071760, -47.617836
2072520, -46.693473
2073280, -45.622605
2074040, -44.359738
2074800, -42.848064
2075560, -41.004211
2076320, -38.718261
2077080, -35.834752
2077840, -32.156639
2078600, -27.448413
2079360, -21.512198
2080120, -14.355530
2080880, -6.503352
2081640, 0.821464
2082400, 6.140088
2083160, 8.698278
2083920, 8.789767
2084680, 7.183860
2085440, 4.556584
2086200, 1.359393
2086960, -2.135247
2087720, -5.757736
2088480, -9.408012
2089240, -13.022020
2090000, -16.566050
2090760, -20.021055
2091520, -23.383818
2092280, -26.659150
2093040, -29.864660
2093800, -33.023214
2094560, -36.171689
2095320, -39.350686
2096080, -42.608693
2096840, -45.985931
2097600, -49.509024
2098360, -53.155954
2099120, -56.836175
2099880, -60.358875
2100640, -63.470094
2101400, -65.941427
2102160, -67.688060
2102920, -68.781089
2103680, -69.383781
2104440, -69.656887
2105200, -69.726782
2105960, -69.672885
2106720, -69.547064
2107480, -69.376165
2108240, -69.179147
2109000, -68.963437
2109760, -68.736844
2110520, -68.500449
2111280, -68.258459
2112040, -68.009913
2112800, -67.757837
2113560, -67.500573
2114320, -67.240740
2115080, -66.976460
2115840, -66.710219
2116600, -66.440037
2117360, -66.168346
2118120, -65.893163
2118880, -65.616900
2119640, -65.337541
2120400, -65.057495
2121160, -64.774776
2121920, -64.491757
2122680, -64.206421
2123440, -63.921170
2124200, -63.633997
2124960, -63.347240
2125720, -63.058871
2126480, -62.771283
2127240, -62.482384
2128000, -62.194487
2128760, -61.905546
2129520, -61.617879
2130280, -61.329315
2131040, -61.042134
2131800, -60.754263
2132560, -60.467843
2133320, -60.180663
2134080, -59.894958
2134840, -59.608513
2135600, -59.323353
2136360, -59.037216
2137120, -58.752287
2137880, -58.466076
2138640, -58.180539
2139400, -57.893354
2140160, -57.606465
2140920, -57.317217
2141680, -57.027473
2142440, -56.734827
2143200, -56.440752
2143960, -56.142468
2144720, -55.841709
2145480, -55.535536
2146240, -55.225137
2147000, -54.907525
2147760, -54.583921
2148520, -54.250586
2149280, -53.908359
2150040, -53.553525
2150800, -53.185883
2151560, -52.801074
2152320, -52.398365
2153080, -51.971924
2153840, -51.520222
2154600, -51.035292
2155360, -50.513485
2156120, -49.943969
2156880, -49.319349
2157640, -48.623902
2158400, -47.842932
2159160, -46.952421
2159920, -45.925239
2160680, -44.719299
2161440, -43.282150
2162200, -41.537029
2162960, -39.383039
2163720, -36.677037
2164480, -33.234395
2165240, -28.825414
2166000, -23.231231
2166760, -16.377529
2167520, -8.620324
2168280, -1.003030
2169040, 4.973298
2169800, 8.280667
2170560, 8.963846
2171320, 7.737697
2172080, 5.330721
2172840, 2.253792
2173600, -1.181261
2174360, -4.781393
2175120, -8.431931
2175880, -12.059772
2176640, -15.625149
2177400, -19.104722
2178160, -22.492330
2178920, -25.789796
2179680, -29.012001
2180440, -32.179405
2181200, -35.327143
2181960, -38.493458
2182720, -41.726166
2183480, -45.067742
2184240, -48.551517
2185000, -52.170359
2185760, -55.856425
2186520, -59.444571
2187280, -62.691796
2188040, -65.350000
2188800, -67.289526
2189560, -68.543367
2190320, -69.260661
2191080, -69.607768
2191840, -69.722796
2192600, -69.695838
2193360, -69.586055
2194120, -69.424926
2194880, -69.234019
2195640, -69.022364
2196400, -68.798573
2197160, -68.564288
2197920, -68.323930
2198680, -68.076766
2199440, -67.825851
2200200, -67.569652
2200960, -67.310750
2201720, -67.047353
2202480, -66.781891
2203240, -66.512464
2204000, -66.241433
2204760, -65.966884
2205520, -65.691174
2206280, -65.412348
2207040, -65.132744
2207800, -64.850441
2208560, -64.567761
2209320, -64.282748
2210080, -63.997731
2210840, -63.710791
2211600, -63.424188
2212360, -63.135956
2213120, -62.848417
2213880, -62.559579
2214640, -62.271674
2215400, -61.982719
2216160, -61.694999
2216920, -61.406399
2217680, -61.119118
2218440, -60.831143
2219200, -60.544606
2219960, -60.257345
2220720, -59.971510
2221480, -59.685025
2222240, -59.399819
2223000, -59.113676
2223760, -58.828700
2224520, -58.542569
2225280, -58.257133
2226040, -57.970114
2226800, -57.683503
2227560, -57.394666
2228320, -57.105367
2229080, -56.813247
2229840, -56.519865
2230600, -56.222461
2231360, -55.922664
2232120, -55.617786
2232880, -55.308889
2233640, -54.993010
2234400, -54.671537
2235160, -54.340733
2235920, -54.001328
2236680, -53.649980
2237440, -53.286365
2238200, -52.906166
2238960, -52.509015
2239720, -52.089109
2240480, -51.644982
2241240, -51.169237
2242000, -50.658186
2242760, -50.101940
2243520, -49.493445
2244280, -48.817944
2245040, -48.062154
2245800, -47.203601
2246560, -46.216717
2247320, -45.062733
2248080, -43.694227
2248840, -42.040182
2249600, -40.008606
2250360, -37.467451
2251120, -34.244323
2251880, -30.118528
2252640, -24.860477
2253400, -18.334214
2254160, -10.748704
2254920, -2.952702
2255680, 3.603623
2256440, 7.667712
2257200, 8.999485
2257960, 8.208047
2258720, 6.058573
2259480, 3.124661
2260240, -0.237065
2261000, -3.806480
2261760, -7.452236
2262520, -11.090994
2263280, -14.676207
2264040, -18.179853
2264800, -21.592558
2265560, -24.913108
2266320, -28.153628
2267080, -31.332839
2267840, -34.482770
2268600, -37.639616
2269360, -40.850178
2270120, -44.158300
2270880, -47.602529
2271640, -51.188323
2272400, -54.868467
2273160, -58.504062
2273920, -61.869068
2274680, -64.704829
2275440, -66.840728
2276200, -68.266797
2276960, -69.111250
2277720, -69.542221
2278480, -69.708947
2279240, -69.712942
2280000, -69.621551
2280760, -69.471547
2281520, -69.287530
2282280, -69.080380
2283040, -68.859653
2283800, -68.627637
2284560, -68.389009
2285320, -68.143293
2286080, -67.893582
2286840, -67.638480
2287600, -67.380534
2288360, -67.118041
2289120, -66.853374
2289880, -66.584717
2290640, -66.314363
2291400, -66.040465
2292160, -65.765317
2292920, -65.487036
2293680, -65.207889
2294440, -64.926018
2295200, -64.643695
2295960, -64.359020
2296720, -64.074253
2297480, -63.787539
2298240, -63.501093
2299000, -63.213009
2299760, -62.925532
2300520, -62.636770
2301280, -62.348874
2302040, -62.059918
2302800, -61.772127
2303560, -61.483484
2304320, -61.196105
2305080, -60.908033
2305840, -60.621391
2306600, -60.334060
2307360, -60.048108
2308120, -59.761545
2308880, -59.476271
2309640, -59.190114
2310400, -58.905091
2311160, -58.619039
2311920, -58.333709
2312680, -58.046863
2313440, -57.760453
2314200, -57.471977
2314960, -57.183091
2315720, -56.891476
2316480, -56.598773
2317240, -56.302236
2318000, -56.003391
2318760, -55.699786
2319520, -55.392369
2320280, -55.078202
2321040, -54.758596
2321800, -54.430120
2322560, -54.093379
2323320, -53.745057
2324080, -53.385105
2324840, -53.009208
2325600, -52.617281
2326360, -52.203585
2327120, -51.766580
2327880, -51.299551
2328640, -50.798755
2329400, -50.255185
2330160, -49.661832
2330920, -49.005186
2331680, -48.273234
2332440, -47.444135
2333200, -46.494554
2333960, -45.388645
2334720, -44.082600
2335480, -42.511922
2336240, -40.591357
2337000, -38.199397
2337760, -35.176301
2338520, -31.311888
2339280, -26.373655
2340040, -20.182219
2340800, -12.824297
2341560, -4.957719
2342320, 2.077500
2343080, 6.873194
2343840, 8.891118
2344600, 8.582974
2345360, 6.726517
2346120, 3.957666
2346880, 0.682951
2347640, -2.847154
2348400, -6.482698
2349160, -10.128999
2349920, -13.732054
2350680, -17.258756
2351440, -20.696317
2352200, -24.040410
2352960, -27.300631
2353720, -30.493580
2354480, -33.648327
2355240, -36.798933
2356000, -39.990853
2356760, -43.268545
2357520, -46.674527
2358280, -50.224476
2359040, -53.889247
2359800, -57.555497
2360560, -61.018195
2361320, -64.016967
2362080, -66.347059
2362840, -67.952728
2363600, -68.935244
2364360, -69.459519
2365120, -69.684552
2365880, -69.723635
2366640, -69.653082
2367400, -69.515611
2368160, -69.339289
2368920, -69.137104
2369680, -68.919707
2370440, -68.690115
2371200, -68.453312
2371960, -68.209100
2372720, -67.960631
2373480, -67.706651
2374240, -67.449681
2375000, -67.188106
2375760, -66.924250
2376520, -66.656373
2377280, -66.386708
2378040, -66.113472
2378800, -65.838893
2379560, -65.561167
2380320, -65.282488
2381080, -65.001061
2381840, -64.719107
2382600, -64.434785
2383360, -64.150282
2384120, -63.863806
2384880, -63.577532
2385640, -63.289607
2386400, -63.002207
2387160, -62.713532
2387920, -62.425657
2388680, -62.136712
2389440, -61.848852
2390200, -61.560169
2390960, -61.272699
2391720, -60.984539
2392480, -60.697799
2393240, -60.410403
2394000, -60.124342
2394760, -59.837677
2395520, -59.552322
2396280, -59.266140
2397040, -58.981067
2397800, -58.695091
2398560, -58.409863
2399320, -58.123185
2400080, -57.836925
2400840, -57.548770
2401600, -57.260268
2402360, -56.969133
2403120, -56.677086
2403880, -56.381392
2404640, -56.083474
2405400, -55.780921
2406160, -55.474816
2406920, -55.162227
2407680, -54.844361
2408440, -54.518097
2409200, -54.183909
2409960, -53.838504
2410720, -53.482091
2411480, -53.110357
2412240, -52.723123
2413000, -52.315167
2413760, -51.884844
2414520, -51.426062
2415280, -50.935010
2416040, -50.403510
2416800, -49.824587
2417560, -49.185910
2418320, -48.475696
2419080, -47.673876
2419840, -46.759098
2420600, -45.698199
2421360, -44.450740
2422120, -42.956811
2422880, -41.139249
2423640, -38.885805
2424400, -36.048592
2425160, -32.429231
2425920, -27.797727
2426680, -21.945330
2427440, -14.860967
2428200, -7.022527
2428960, 0.385028
2429720, 5.872618
2430480, 8.612323
2431240, 8.845024
2432000, 7.326750
2432760, 4.751567
2433520, 1.581061
2434280, -1.899050
2435040, -5.517761
2435800, -9.167576
2436560, -12.786141
2437320, -16.334740
2438080, -19.796840
2438840, -23.164890
2439600, -26.446325
2440360, -29.654763
2441120, -32.816647
2441880, -35.963870
2442640, -39.140274
2443400, -42.390553
2444160, -45.759785
2444920, -49.271924
2445680, -52.913549
2446440, -56.595588
2447200, -60.136766
2447960, -63.282332
2448720, -65.801529
2449480, -67.594040
2450240, -68.726503
2451000, -69.355194
2451760, -69.646672
2452520, -69.726065
2453280, -69.679488
2454040, -69.556376
2454800, -69.388801
2455560, -69.192185
2456320, -68.978469
2457080, -68.751507
2457840, -68.516653
2458600, -68.274020
2459360, -68.026841
2460120, -67.774013
2460880, -67.518041
2461640, -67.257400
2462400, -66.994368
2463160, -66.727284
2463920, -66.458319
2464680, -66.185756
2465440, -65.911759
2466200, -65.634598
2466960, -65.356400
2467720, -65.075429
2468480, -64.793841
2469240, -64.509874
2470000, -64.225645
2470760, -63.939420
2471520, -63.653333
2472280, -63.365582
2473040, -63.078275
2473800, -62.789669
2474560, -62.501812
2475320, -62.212884
2476080, -61.924966
2476840, -61.636257
2477600, -61.348712
2478360, -61.060478
2479120, -60.773608
2479880, -60.486132
2480640, -60.199957
2481400, -59.913195
2482160, -59.627765
2482920, -59.341568
2483680, -59.056455
2484440, -58.770489
2485200, -58.485323
2485960, -58.198787
2486720, -57.912667
2487480, -57.624823
2488240, -57.336701
2489000, -57.046044
2489760, -56.754550
2490520, -56.459624
2491280, -56.162580
2492040, -55.861037
2492800, -55.556205
2493560, -55.245156
2494320, -54.928992
2495080, -54.604894
2495840, -54.273204
2496600, -53.930654
2497360, -53.577702
2498120, -53.210035
2498880, -52.827384
2499640, -52.425029
2500400, -55.279366
2501160, -57.645063
2501920, -59.726416
2502680, -61.612336
2503440, -63.337340
2504200, -64.892512
2504960, -66.273377
2505720, -67.469157
2506480, -68.490851
2507240, -69.346006
2508000, -70.058788
2508760, -70.643068
2509520, -71.123751
2510280, -71.512095
2511040, -71.828825
2511800, -72.080581
2512560, -72.283706
2513320, -72.440932
2514080, -72.565266
2514840, -72.656671
2515600, -72.725856
2516360, -72.770903
2517120, -72.800981
2517880, -72.812919
2518640, -72.814857
2519400, -72.802794
2520160, -72.784180
2520920, -72.754455
2521680, -72.720606
2522440, -72.677696
2523200, -72.632394
2523960, -72.579505
2524720, -72.525480
2525480, -72.464946
2526240, -72.404201
2527000, -72.337749
2527760, -72.271777
2528520, -72.200704
2529280, -72.130639
2530040, -72.055939
2530800, -71.982655
2531560, -71.905101
2532320, -71.829280
2533080, -71.749472
2533840, -71.671652
2534600, -71.590080
2535360, -71.510706
2536120, -71.427776
2536880, -71.347220
2537640, -71.263274
2538400, -71.181851
2539160, -71.097179
2539920, -71.015158
2540680, -70.930012
2541440, -70.847621
2542200, -70.762197
2542960, -70.679617
2543720, -70.594095
2544480, -70.511500
2545240, -70.426047
2546000, -70.343599
2546760, -70.258371
2547520, -70.176219
2548280, -70.091357
2549040, -70.009636
2549800, -69.925271
2550560, -69.844095
2551320, -69.760312
2552080, -69.679757
2552840, -69.596643
2553600, -69.516800
2554360, -69.434445
2555120, -69.355407
2555880, -69.273903
2556640, -69.195757
2557400, -69.115191
2558160, -69.038022
2558920, -68.958473
2559680, -68.882350
2560440, -68.803860
2561200, -68.728803
2561960, -68.651400
2562720, -68.577451
2563480, -68.501182
2564240, -68.428392
2565000, -68.353311
2565760, -68.281736
2566520, -68.207897
2567280, -68.137590
2568040, -68.065046
2568800, -67.996056
2569560, -67.924855
2570320, -67.857205
2571080, -67.787329
2571840, -67.720997
2572600, -67.652445
2573360, -67.587445
2574120, -67.520239
2574880, -67.456599
2575640, -67.390770
2576400, -67.328521
2577160, -67.264102
2577920, -67.203278
2578680, -67.140302
2579440, -67.080935
2580200, -67.019433
2580960, -66.961554
2581720, -66.901536
2582480, -66.845114
2583240, -66.786532
2584000, -66.731532
2584760, -66.674369
2585520, -66.620789
2586280, -66.565053
2587040, -66.512905
2587800, -66.458613
2588560, -66.407918
2589320, -66.355091
2590080, -66.305870
2590840, -66.254529
2591600, -66.206803
2592360, -66.156969
2593120, -66.110758
2593880, -66.062451
2594640, -66.017775
2595400, -65.971013
2596160, -65.927870
2596920, -65.882609
2597680, -65.840933
2598440, -65.797122
2599200, -65.756884
2599960, -65.714508
2600720, -65.675704
2601480, -65.634764
2602240, -65.597400
2603000, -65.557907
2603760, -65.521994
2604520, -65.483959
2605280, -65.449509
2606040, -65.412946
2606800, -65.379970
2607560, -65.344889
2608320, -65.313400
2609080, -65.279811
2609840, -65.249816
2610600, -65.217727
2611360, -65.189233
2612120, -65.158650
2612880, -65.131662
2613640, -65.102587
2614400, -65.077106
2615160, -65.049540
2615920, -65.025567
2616680, -64.999509
2617440, -64.977039
2618200, -64.952462
2618960, -64.931435
2619720, -64.908274
2620480, -64.888643
2621240, -64.866865
2622000, -64.848604
2622760, -64.828191
2623520, -64.811286
2624280, -64.792225
2625040, -64.776664
2625800, -64.758943
2626560, -64.744715
2627320, -64.728323
2628080, -64.715415
2628840, -64.700337
2629600, -64.688735
2630360, -64.674955
2631120, -64.664640
2631880, -64.652139
2632640, -64.643092
2633400, -64.631849
2634160, -64.624046
2634920, -64.614036
2635680, -64.607451
2636440, -64.598646
2637200, -64.593250
2637960, -64.585621
2638720, -64.581382
2639480, -64.574895
2640240, -64.571780
2641000, -64.566399
2641760, -64.564369
2642520, -64.560057
2643280, -64.559074
2644040, -64.555788
2644800, -64.555810
2645560, -64.553509
2646320, -64.554492
2647080, -64.553131
2647840, -64.555029
2648600, -64.554561
2649360, -64.557325
2650120, -64.557702
2650880, -64.561285
2651640, -64.562456
2652400, -64.566807
2653160, -64.568722
2653920, -64.573789
2654680, -64.576396
2655440, -64.582127
2656200, -64.585373
2656960, -64.591715
2657720, -64.595547
2658480, -64.602448
2659240, -64.606813
2660000, -64.614219
2660760, -64.619064
2661520, -64.626922
2662280, -64.632195
2663040, -64.640453
2663800, -64.646102
2664560, -64.654708
2665320, -64.660680
2666080, -64.669584
2666840, -64.675831
2667600, -64.684982
2668360, -64.691454
2669120, -64.700805
2669880, -64.707455
2670640, -64.716959
2671400, -64.723741
2672160, -64.733354
2672920, -64.740224
2673680, -64.749902
2674440, -64.756818
2675200, -64.766520
2675960, -64.773443
2676720, -64.783130
2677480, -64.790021
2678240, -64.799658
2679000, -64.806481
2679760, -64.816032
2680520, -64.822756
2681280, -64.832189
2682040, -64.838782
2682800, -64.848068
2683560, -64.854501
2684320, -64.863614
2685080, -64.869862
2685840, -64.878775
2686600, -64.884814
2687360, -64.893506
2688120, -64.899315
2688880, -64.907767
2689640, -64.913327
2690400, -64.921519
2691160, -64.926814
2691920, -64.934732
2692680, -64.939748
2693440, -64.947379
2694200, -64.952103
2694960, -64.959436
2695720, -64.963859
2696480, -64.970885
2697240, -64.974998
2698000, -64.981710
2698760, -64.985509
2699520, -64.991901
2700280, -64.995380
2701040, -65.001451
2701800, -65.004608
2702560, -65.010349
2703320, -65.013172
2704080, -65.018574
2704840, -65.021057
2705600, -65.026118
2706360, -65.028263
2707120, -65.032986
2707880, -65.034796
2708640, -65.039186
2709400, -65.040668
2710160, -65.044733
2710920, -65.045896
2711680, -65.049645
2712440, -65.050498
2713200, -65.053940
2713960, -65.054494
2714720, -65.057640
2715480, -65.057905
2716240, -65.060767
2717000, -65.060755
2717760, -65.063344
2718520, -65.063067
2719280, -65.065395
2720040, -65.064866
2720800, -65.066947
2721560, -65.066177
2722320, -65.068023
2723080, -65.067027
2723840, -65.068651
2724600, -65.067441
2725360, -65.068856
2726120, -65.067445
2726880, -65.068665
2727640, -65.067066
2728400, -65.068103
2729160, -65.066330
2729920, -65.067198
2730680, -65.065263
2731440, -65.065974
2732200, -65.063890
2732960, -65.064457
2733720, -65.062237
2734480, -65.062673
2735240, -65.060329
2736000, -65.060646
2736760, -65.058190
2737520, -65.058399
2738280, -65.055843
2739040, -65.055957
2739800, -65.053312
2740560, -65.053341
2741320, -65.050619
2742080, -65.050574
2742840, -65.047785
2743600, -65.047677
2744360, -65.044832
2745120, -65.044670
2745880, -65.041778
2746640, -65.041573
2747400, -65.038644
2748160, -65.038404
2748920, -65.035447
2749680, -65.035182
2750440, -65.032204
2751200, -65.031921
2751960, -65.028932
2752720, -65.028640
2753480, -65.025646
2754240, -65.025352
2755000, -65.022361
2755760, -65.022072
2756520, -65.019090
2757280, -65.018812
2758040, -65.015847
2758800, -65.015586
2759560, -65.012642
2760320, -65.012404
2761080, -65.009486
2761840, -65.009276
2762600, -65.006390
2763360, -65.006213
2764120, -65.003363
2764880, -65.003222
2765640, -65.000413
2766400, -65.000312
2767160, -64.997546
2767920, -64.997488
2768680, -64.994765
2769440, -64.994749
2770200, -64.992070
2770960, -64.992096
2771720, -64.989463
2772480, -64.989534
2773240, -64.986949
2774000, -64.987068
2774760, -64.984532
2775520, -64.984700
2776280, -64.982215
2777040, -64.982434
2777800, -64.980003
2778560, -64.980274
2779320, -64.977897
2780080, -64.978222
2780840, -64.975901
2781600, -64.976281
2782360, -64.974016
2783120, -64.974452
2783880, -64.972244
2784640, -64.972735
2785400, -64.970585
2786160, -64.971132
2786920, -64.969039
2787680, -64.969642
2788440, -64.967606
2789200, -64.968265
2789960, -64.966286
2790720, -64.967000
2791480, -64.965077
2792240, -64.965845
2793000, -64.963979
2793760, -64.964800
2794520, -64.962988
2795280, -64.963862
2796040, -64.962104
2796800, -64.963029
2797560, -64.961322
2798320, -64.962298
2799080, -64.960642
2799840, -64.961666
2800600, -64.960059
2801360, -64.961130
2802120, -64.959571
2802880, -64.960687
2803640, -64.959174
2804400, -64.960333
2805160, -64.958864
2805920, -64.960065
2806680, -64.958637
2807440, -64.959878
2808200, -64.958491
2808960, -64.959769
2809720, -64.958420
2810480, -64.959734
2811240, -64.958420
2812000, -64.959768
2812760, -64.958489
2813520, -64.959867
2814280, -64.958620
2815040, -64.960028
2815800, -64.958810
2816560, -64.960245
2817320, -64.959055
2818080, -64.960515
2818840, -64.959350
2819600, -64.960833
2820360, -64.959692
2821120, -64.961196
2821880, -64.960076
2822640, -64.961599
2823400, -64.960498
2824160, -64.962037
2824920, -64.960954
2825680, -64.962508
2826440, -64.961440
2827200, -64.963007
2827960, -64.961952
2828720, -64.963531
2829480, -64.962488
2830240, -64.964075
2831000, -64.963042
2831760, -64.964637
2832520, -64.963611
2833280, -64.965212
2834040, -64.964193
2834800, -64.965798
2835560, -64.964784
2836320, -64.966391
2837080, -64.965380
2837840, -64.966989
2838600, -64.965980
2839360, -64.967588
2840120, -64.966580
2840880, -64.968187
2841640, -64.967177
2842400, -64.968782
2843160, -64.967770
2843920, -64.969370
2844680, -64.968356
2845440, -64.969951
2846200, -64.968933
2846960, -64.970522
2847720, -64.969498
2848480, -64.971080
2849240, -64.970050
2850000, -64.971625
2850760, -64.970588
2851520, -64.972154
2852280, -64.971110
2853040, -64.972667
2853800, -64.971615
2854560, -64.973161
2855320, -64.972101
2856080, -64.973637
2856840, -64.972567
2857600, -64.974092
2858360, -64.973012
2859120, -64.974526
2859880, -64.973437
2860640, -64.974939
2861400, -64.973839
2862160, -64.975330
2862920, -64.974220
2863680, -64.975698
2864440, -64.974577
2865200, -64.976043
2865960, -64.974911
2866720, -64.976365
2867480, -64.975222
2868240, -64.976664
2869000, -64.975510
2869760, -64.976939
2870520, -64.975775
2871280, -64.977192
2872040, -64.976017
2872800, -64.977421
2873560, -64.976236
2874320, -64.977628
2875080, -64.976432
2875840, -64.977813
2876600, -64.976607
2877360, -64.977976
2878120, -64.976760
2878880, -64.978118
2879640, -64.976891
2880400, -64.978239
2881160, -64.977003
2881920, -64.978339
2882680, -64.977094
2883440, -64.978421
2884200, -64.977167
2884960, -64.978483
2885720, -64.977221
2886480, -64.978528
2887240, -64.977258
2888000, -64.978555
2888760, -64.977277
2889520, -64.978566
2890280, -64.977281
2891040, -64.978561
2891800, -64.977270
2892560, -64.978542
2893320, -64.977244
2894080, -64.978508
2894840, -64.977205
2895600, -64.978462
2896360, -64.977153
2897120, -64.978404
2897880, -64.977090
2898640, -64.978334
2899400, -64.977016
2900160, -64.978254
2900920, -64.976932
2901680, -64.978165
2902440, -64.976839
2903200, -64.978067
2903960, -64.976737
2904720, -64.977961
2905480, -64.976629
2906240, -64.977849
2907000, -64.976514
2907760, -64.977730
2908520, -64.976393
2909280, -64.977606
2910040, -64.976267
2910800, -64.977477
2911560, -64.976137
2912320, -64.977345
2913080, -64.976004
2913840, -64.977210
2914600, -64.975868
2915360, -64.977072
2916120, -64.975730
2916880, -64.976932
2917640, -64.975591
2918400, -64.976792
2919160, -64.975451
2919920, -64.976651
2920680, -64.975310
2921440, -64.976510
2922200, -64.975170
2922960, -64.976370
2923720, -64.975031
2924480, -64.976231
2925240, -64.974894
2926000, -64.976094
2926760, -64.974758
2927520, -64.975958
2928280, -64.974625
2929040, -64.975825
2929800, -64.974494
2930560, -64.975696
2931320, -64.974367
2932080, -64.975569
2932840, -64.974242
2933600, -64.975446
2934360, -64.974122
2935120, -64.975326
2935880, -64.974005
2936640, -64.975211
2937400, -64.973893
2938160, -64.975100
2938920, -64.973784
2939680, -64.974994
2940440, -64.973681
2941200, -64.974892
2941960, -64.973582
2942720, -64.974794
2943480, -64.973488
2944240, -64.974702
2945000, -64.973399
2945760, -64.974615
2946520, -64.973315
2947280, -64.974533
2948040, -64.973236
2948800, -64.974455
2949560, -64.973162
2950320, -64.974383
2951080, -64.973093
2951840, -64.974316
2952600, -64.973029
2953360, -64.974254
2954120, -64.972970
2954880, -64.974196
2955640, -64.972915
2956400, -64.974144
2957160, -64.972866
2957920, -64.974096
2958680, -64.972822
2959440, -64.974054
2960200, -64.972782
2960960, -64.974015
2961720, -64.972746
2962480, -64.973981
2963240, -64.972716
2964000, -64.973952
2964760, -64.972689
2965520, -64.973927
2966280, -64.972666
2967040, -64.973906
2967800, -64.972648
2968560, -64.973888
2969320, -64.972633
2970080, -64.973875
2970840, -64.972622
2971600, -64.973864
2972360, -64.972614
2973120, -64.973858
2973880, -64.972610
2974640, -64.973854
2975400, -64.972608
2976160, -64.973854
2976920, -64.972610
2977680, -64.973856
2978440, -64.972614
2979200, -64.973861
2979960, -64.972621
2980720, -64.973868
2981480, -64.972630
2982240, -64.973877
2983000, -64.972641
2983760, -64.973889
2984520, -64.972655
2985280, -64.973903
2986040, -64.972670
2986800, -64.973918
2987560, -64.972686
2988320, -64.973934
2989080, -64.972704
2989840, -64.973953
2990600, -64.972724
2991360, -64.973972
2992120, -64.972744
2992880, -64.973992
2993640, -64.972766
2994400, -64.974013
2995160, -64.972788
2995920, -64.974035
2996680, -64.972811
2997440, -64.974057
2998200, -64.972834
2998960, -64.974080
2999720, -64.972858
3000480, -64.974103
