# ./result/hh_runge_0940.txt
# dt = 940 [usec]
# t [usec], V [mV]
0, -65.000000
940, -64.997238
1880, -64.994612
2820, -64.992095
3760, -64.989669
4700, -64.987323
5640, -64.985051
6580, -64.982849
7520, -64.980715
8460, -64.978648
9400, -64.976648
10340, -64.974715
11280, -64.972849
12220, -64.971049
13160, -64.969318
14100, -64.967654
15040, -64.966058
15980, -64.964530
16920, -64.963070
17860, -64.961678
18800, -64.960354
19740, -64.959097
20680, -64.957907
21620, -64.956784
22560, -64.955727
23500, -64.954736
24440, -64.953809
25380, -64.952946
26320, -64.952147
27260, -64.951409
28200, -64.950733
29140, -64.950117
30080, -64.949560
31020, -64.949061
31960, -64.948619
32900, -64.948231
33840, -64.947898
34780, -64.947618
35720, -64.947389
36660, -64.947210
37600, -64.947079
38540, -64.946995
39480, -64.946957
40420, -64.946963
41360, -64.947011
42300, -64.947099
43240, -64.947228
44180, -64.947393
45120, -64.947595
46060, -64.947832
47000, -64.948101
47940, -64.948402
48880, -64.948732
49820, -64.949091
50760, -64.949476
51700, -64.949886
52640, -64.950320
53580, -64.950776
54520, -64.951252
55460, -64.951748
56400, -64.952261
57340, -64.952790
58280, -64.953334
59220, -64.953891
60160, -64.954460
61100, -64.955040
62040, -64.955629
62980, -64.956226
63920, -64.956830
64860, -64.957440
65800, -64.958054
66740, -64.958671
67680, -64.959290
68620, -64.959911
69560, -64.960531
70500, -64.961151
71440, -64.961769
72380, -64.962384
73320, -64.962995
74260, -64.963601
75200, -64.964202
76140, -64.964797
77080, -64.965386
78020, -64.965966
78960, -64.966538
79900, -64.967102
80840, -64.967655
81780, -64.968199
82720, -64.968732
83660, -64.969255
84600, -64.969765
85540, -64.970264
86480, -64.970751
87420, -64.971224
88360, -64.971685
89300, -64.972133
90240, -64.972567
91180, -64.972988
92120, -64.973394
93060, -64.973787
94000, -64.974165
94940, -64.974529
95880, -64.974879
96820, -64.975214
97760, -64.975535
98700, -64.975841
99640, -64.976133
100580, -64.976411
101520, -64.976674
102460, -64.976923
103400, -64.977158
104340, -64.977378
105280, -64.977585
106220, -64.977779
107160, -64.977958
108100, -64.978125
109040, -64.978278
109980, -64.978418
110920, -64.978546
111860, -64.978661
112800, -64.978764
113740, -64.978855
114680, -64.978935
115620, -64.979003
116560, -64.979060
117500, -64.979107
118440, -64.979143
119380, -64.979168
120320, -64.979184
121260, -64.979191
122200, -64.979188
123140, -64.979177
124080, -64.979157
125020, -64.979128
125960, -64.979092
126900, -64.979049
127840, -64.978998
128780, -64.978941
129720, -64.978877
130660, -64.978807
131600, -64.978731
132540, -64.978649
133480, -64.978563
134420, -64.978471
135360, -64.978375
136300, -64.978275
137240, -64.978171
138180, -64.978063
139120, -64.977952
140060, -64.977838
141000, -64.977722
141940, -64.977603
142880, -64.977481
143820, -64.977358
144760, -64.977233
145700, -64.977107
146640, -64.976980
147580, -64.976852
148520, -64.976723
149460, -64.976594
150400, -64.976465
151340, -64.976335
152280, -64.976206
153220, -64.976078
154160, -64.975950
155100, -64.975823
156040, -64.975697
156980, -64.975572
157920, -64.975448
158860, -64.975326
159800, -64.975205
160740, -64.975087
161680, -64.974970
162620, -64.974855
163560, -64.974742
164500, -64.974632
165440, -64.974523
166380, -64.974417
167320, -64.974314
168260, -64.974213
169200, -64.974115
170140, -64.974020
171080, -64.973927
172020, -64.973838
172960, -64.973751
173900, -64.973667
174840, -64.973586
175780, -64.973507
176720, -64.973432
177660, -64.973360
178600, -64.973291
179540, -64.973225
180480, -64.973162
181420, -64.973102
182360, -64.973045
183300, -64.972991
184240, -64.972940
185180, -64.972891
186120, -64.972846
187060, -64.972804
188000, -64.972764
188940, -64.972728
189880, -64.972694
190820, -64.972663
191760, -64.972634
192700, -64.972608
193640, -64.972585
194580, -64.972564
195520, -64.972546
196460, -64.972530
197400, -64.972517
198340, -64.972506
199280, -64.972497
200220, -64.972490
201160, -64.972486
202100, -64.972483
203040, -64.972482
203980, -64.972484
204920, -64.972487
205860, -64.972492
206800, -64.972498
207740, -64.972506
208680, -64.972516
209620, -64.972527
210560, -64.972540
211500, -64.972554
212440, -64.972569
213380, -64.972586
214320, -64.972604
215260, -64.972622
216200, -64.972642
217140, -64.972663
218080, -64.972684
219020, -64.972707
219960, -64.972730
220900, -64.972753
221840, -64.972778
222780, -64.972803
223720, -64.972828
224660, -64.972854
225600, -64.972880
226540, -64.972907
227480, -64.972934
228420, -64.972961
229360, -64.972988
230300, -64.973015
231240, -64.973043
232180, -64.973070
233120, -64.973097
234060, -64.973125
235000, -64.973152
235940, -64.973179
236880, -64.973206
237820, -64.973233
238760, -64.973259
239700, -64.973285
240640, -64.973311
241580, -64.973337
242520, -64.973362
243460, -64.973387
244400, -64.973411
245340, -64.973435
246280, -64.973458
247220, -64.973481
248160, -64.973503
249100, -64.973525
250040, -64.973547
250980, -64.973567
251920, -64.973588
252860, -64.973607
253800, -64.973626
254740, -64.973644
255680, -64.973662
256620, -64.973679
257560, -64.973696
258500, -64.973712
259440, -64.973727
260380, -64.973742
261320, -64.973756
262260, -64.973769
263200, -64.973782
264140, -64.973794
265080, -64.973805
266020, -64.973816
266960, -64.973826
267900, -64.973836
268840, -64.973845
269780, -64.973853
270720, -64.973861
271660, -64.973868
272600, -64.973875
273540, -64.973881
274480, -64.973886
275420, -64.973891
276360, -64.973896
277300, -64.973900
278240, -64.973903
279180, -64.973906
280120, -64.973909
281060, -64.973911
282000, -64.973912
282940, -64.973913
283880, -64.973914
284820, -64.973914
285760, -64.973914
286700, -64.973913
287640, -64.973912
288580, -64.973911
289520, -64.973909
290460, -64.973908
291400, -64.973905
292340, -64.973903
293280, -64.973900
294220, -64.973897
295160, -64.973893
296100, -64.973890
297040, -64.973886
297980, -64.973882
298920, -64.973878
299860, -64.973873
300800, -64.973869
301740, -64.973864
302680, -64.973859
303620, -64.973854
304560, -64.973849
305500, -64.973844
306440, -64.973839
307380, -64.973833
308320, -64.973828
309260, -64.973822
310200, -64.973817
311140, -64.973811
312080, -64.973806
313020, -64.973800
313960, -64.973794
314900, -64.973789
315840, -64.973783
316780, -64.973777
317720, -64.973772
318660, -64.973766
319600, -64.973761
320540, -64.973755
321480, -64.973750
322420, -64.973745
323360, -64.973740
324300, -64.973734
325240, -64.973729
326180, -64.973724
327120, -64.973719
328060, -64.973715
329000, -64.973710
329940, -64.973705
330880, -64.973701
331820, -64.973697
332760, -64.973692
333700, -64.973688
334640, -64.973684
335580, -64.973680
336520, -64.973677
337460, -64.973673
338400, -64.973670
339340, -64.973666
340280, -64.973663
341220, -64.973660
342160, -64.973657
343100, -64.973654
344040, -64.973651
344980, -64.973649
345920, -64.973646
346860, -64.973644
347800, -64.973642
348740, -64.973640
349680, -64.973638
350620, -64.973636
351560, -64.973635
352500, -64.973633
353440, -64.973632
354380, -64.973630
355320, -64.973629
356260, -64.973628
357200, -64.973627
358140, -64.973626
359080, -64.973626
360020, -64.973625
360960, -64.973624
361900, -64.973624
362840, -64.973624
363780, -64.973623
364720, -64.973623
365660, -64.973623
366600, -64.973623
367540, -64.973623
368480, -64.973624
369420, -64.973624
370360, -64.973624
371300, -64.973625
372240, -64.973625
373180, -64.973626
374120, -64.973626
375060, -64.973627
376000, -64.973628
376940, -64.973628
377880, -64.973629
378820, -64.973630
379760, -64.973631
380700, -64.973632
381640, -64.973633
382580, -64.973634
383520, -64.973635
384460, -64.973636
385400, -64.973637
386340, -64.973638
387280, -64.973639
388220, -64.973641
389160, -64.973642
390100, -64.973643
391040, -64.973644
391980, -64.973645
392920, -64.973647
393860, -64.973648
394800, -64.973649
395740, -64.973650
396680, -64.973651
397620, -64.973653
398560, -64.973654
399500, -64.973655
400440, -64.973656
401380, -64.973658
402320, -64.973659
403260, -64.973660
404200, -64.973661
405140, -64.973662
406080, -64.973663
407020, -64.973664
407960, -64.973665
408900, -64.973666
409840, -64.973668
410780, -64.973669
411720, -64.973670
412660, -64.973671
413600, -64.973671
414540, -64.973672
415480, -64.973673
416420, -64.973674
417360, -64.973675
418300, -64.973676
419240, -64.973677
420180, -64.973677
421120, -64.973678
422060, -64.973679
423000, -64.973679
423940, -64.973680
424880, -64.973681
425820, -64.973681
426760, -64.973682
427700, -64.973682
428640, -64.973683
429580, -64.973683
430520, -64.973684
431460, -64.973684
432400, -64.973685
433340, -64.973685
434280, -64.973685
435220, -64.973686
436160, -64.973686
437100, -64.973686
438040, -64.973687
438980, -64.973687
439920, -64.973687
440860, -64.973687
441800, -64.973687
442740, -64.973687
443680, -64.973688
444620, -64.973688
445560, -64.973688
446500, -64.973688
447440, -64.973688
448380, -64.973688
449320, -64.973688
450260, -64.973688
451200, -64.973688
452140, -64.973688
453080, -64.973688
454020, -64.973688
454960, -64.973687
455900, -64.973687
456840, -64.973687
457780, -64.973687
458720, -64.973687
459660, -64.973687
460600, -64.973687
461540, -64.973686
462480, -64.973686
463420, -64.973686
464360, -64.973686
465300, -64.973686
466240, -64.973685
467180, -64.973685
468120, -64.973685
469060, -64.973685
470000, -64.973685
470940, -64.973684
471880, -64.973684
472820, -64.973684
473760, -64.973684
474700, -64.973683
475640, -64.973683
476580, -64.973683
477520, -64.973683
478460, -64.973682
479400, -64.973682
480340, -64.973682
481280, -64.973682
482220, -64.973682
483160, -64.973681
484100, -64.973681
485040, -64.973681
485980, -64.973681
486920, -64.973680
487860, -64.973680
488800, -64.973680
489740, -64.973680
490680, -64.973680
491620, -64.973679
492560, -64.973679
493500, -64.973679
494440, -64.973679
495380, -64.973679
496320, -64.973678
497260, -64.973678
498200, -64.973678
499140, -64.973678
500080, -64.973678
501020, -60.623352
501960, -56.486762
502900, -52.454135
503840, -48.316504
504780, -43.625549
505720, -37.459640
506660, -27.852420
507600, -10.837047
508540, 17.521695
509480, 42.126858
510420, 43.428548
511360, 40.966887
512300, 38.157089
513240, 34.526904
514180, 30.435858
515120, 25.975847
516060, 21.301272
517000, 16.515941
517940, 11.711525
518880, 6.947016
519820, 2.269363
520760, -2.299241
521700, -6.740956
522640, -11.055587
523580, -15.242141
524520, -19.315439
525460, -23.288784
526400, -27.194557
527340, -31.072677
528280, -34.991861
529220, -39.037625
530160, -43.324826
531100, -47.959860
532040, -52.993816
532980, -58.269693
533920, -63.276133
534860, -67.233025
535800, -69.683304
536740, -70.851462
537680, -71.263299
538620, -71.306509
539560, -71.188604
540500, -70.996070
541440, -70.770824
542380, -70.524679
543320, -70.268302
544260, -70.000690
545200, -69.727201
546140, -69.444587
547080, -69.157251
548020, -68.861557
548960, -68.561731
549900, -68.254062
550840, -67.942774
551780, -67.624183
552720, -67.302506
553660, -66.974087
554600, -66.643205
555540, -66.306189
556480, -65.967329
557420, -65.623032
558360, -65.277543
559300, -64.927266
560240, -64.576515
561180, -64.221618
562120, -63.866874
563060, -63.508653
564000, -63.151136
564940, -62.790701
565880, -62.431496
566820, -62.069747
567760, -61.709661
568700, -61.347313
569640, -60.986720
570580, -60.624116
571520, -60.263192
572460, -59.899976
573400, -59.538327
574340, -59.173878
575280, -58.810376
576220, -58.443425
577160, -58.076303
578100, -57.704695
579040, -57.331480
579980, -56.951787
580920, -56.568741
581860, -56.176610
582800, -55.777975
583740, -55.366892
584680, -54.944825
585620, -54.505507
586560, -54.048778
587500, -53.567100
588440, -53.058349
589380, -52.512555
590320, -51.924209
591260, -51.278877
592200, -50.564952
593140, -49.758302
594080, -48.835566
595020, -47.754254
595960, -46.462421
596900, -44.874282
597840, -42.872052
598780, -40.264815
599720, -36.769689
600660, -31.956602
601600, -25.265272
602540, -16.212911
603480, -5.208609
604420, 5.272651
605360, 11.650790
606300, 12.987930
607240, 11.056693
608180, 7.540402
609120, 3.296440
610060, -1.246224
611000, -5.863684
611940, -10.427624
612880, -14.878148
613820, -19.183382
614760, -23.345187
615700, -27.377205
616640, -31.320149
617580, -35.227910
618520, -39.182351
619460, -43.270982
620400, -47.581579
621340, -52.138514
622280, -56.833113
623220, -61.316010
624160, -65.063249
625100, -67.672020
626040, -69.161884
626980, -69.847753
627920, -70.067111
628860, -70.038317
629800, -69.886550
630740, -69.668601
631680, -69.417794
632620, -69.144543
633560, -68.859808
634500, -68.563334
635440, -68.260959
636380, -67.949963
637320, -67.634978
638260, -67.312663
639200, -66.987345
640140, -66.655569
641080, -66.321558
642020, -65.981818
642960, -65.640611
643900, -65.294393
644840, -64.947409
645780, -64.596178
646720, -64.244876
647660, -63.890003
648600, -63.535778
649540, -63.178603
650480, -62.822681
651420, -62.464412
652360, -62.107858
653300, -61.749445
654240, -61.393140
655180, -61.035193
656120, -60.679679
657060, -60.322614
658000, -59.967855
658940, -59.611620
659880, -59.257399
660820, -58.901198
661760, -58.546686
662700, -58.189430
663640, -57.832968
664580, -57.472886
665520, -57.112188
666460, -56.746487
667400, -56.378478
668340, -56.003125
669280, -55.623412
670220, -55.233338
671160, -54.835065
672100, -54.422606
673040, -53.996814
673980, -53.551252
674920, -53.084902
675860, -52.589522
676800, -52.062070
677740, -51.491409
678680, -50.870269
679620, -50.181904
680560, -49.411907
681500, -48.531623
682440, -47.511157
683380, -46.299066
684320, -44.830803
685260, -43.002318
686200, -40.668336
687140, -37.601207
688080, -33.480293
689020, -27.871237
689960, -20.356743
690900, -10.974013
691840, -1.086435
692780, 6.495957
693720, 9.743917
694660, 9.191725
695600, 6.416399
696540, 2.551939
697480, -1.803730
698420, -6.329123
699360, -10.856209
700300, -15.290028
701240, -19.592528
702180, -23.748993
703120, -27.776154
704060, -31.705509
705000, -35.597892
705940, -39.525808
706880, -43.580496
707820, -47.835043
708760, -52.312562
709700, -56.889051
710640, -61.234972
711580, -64.855477
712520, -67.393942
713460, -68.863963
714400, -69.561338
715340, -69.793549
716280, -69.777690
717220, -69.629874
718160, -69.415667
719100, -69.162092
720040, -68.888305
720980, -68.598286
721920, -68.299898
722860, -67.991594
723800, -67.678502
724740, -67.357668
725680, -67.033512
726620, -66.702754
727560, -66.369601
728500, -66.030668
729440, -65.690159
730380, -65.344631
731320, -64.998252
732260, -64.647643
733200, -64.296897
734140, -63.942597
735080, -63.588907
736020, -63.232306
736960, -62.876914
737900, -62.519253
738840, -62.163295
739780, -61.805544
740720, -61.449943
741660, -61.092812
742600, -60.738135
743540, -60.382092
744480, -60.028440
745420, -59.673517
746360, -59.320771
747300, -58.966274
748240, -58.613734
749180, -58.258772
750120, -57.904833
751060, -57.547769
752000, -57.190472
752940, -56.828622
753880, -56.465115
754820, -56.094961
755760, -55.721057
756700, -55.337918
757640, -54.947601
758580, -54.544743
759520, -54.130126
760460, -53.697488
761400, -53.246715
762340, -52.769776
763280, -52.265000
764220, -51.721669
765160, -51.134727
766100, -50.489299
767040, -49.773523
767980, -48.963869
768920, -48.037158
769860, -46.951292
770800, -45.655839
771740, -44.068135
772680, -42.077899
773620, -39.510771
774560, -36.118571
775500, -31.543207
776440, -25.357315
777380, -17.255169
778320, -7.662525
779260, 1.515111
780200, 7.523233
781140, 9.257053
782080, 7.789349
783020, 4.572390
783960, 0.511476
784900, -3.907626
785840, -8.430008
786780, -12.912779
787720, -17.287426
788660, -21.521119
789600, -25.616116
790540, -29.590588
791480, -33.492640
792420, -37.384110
793360, -41.350967
794300, -45.475227
795240, -49.818234
796180, -54.344566
797120, -58.848943
798060, -62.909250
799000, -66.060231
799940, -68.095702
800880, -69.185541
801820, -69.647198
802760, -69.754420
803700, -69.670888
804640, -69.490558
805580, -69.255576
806520, -68.992591
807460, -68.709427
808400, -68.415736
809340, -68.110993
810280, -67.800732
811220, -67.482340
812160, -67.160283
813100, -66.831427
814040, -66.499956
814980, -66.162573
815920, -65.823404
816860, -65.479121
817800, -65.133799
818740, -64.784128
819680, -64.434166
820620, -64.080551
821560, -63.727382
822500, -63.371241
823440, -63.016144
824380, -62.658757
825320, -62.302948
826260, -61.945276
827200, -61.589718
828140, -61.232619
829080, -60.877858
830020, -60.521846
830960, -60.168198
831900, -59.813286
832840, -59.460687
833780, -59.106462
834720, -58.754250
835660, -58.399926
836600, -58.046754
837540, -57.690831
838480, -57.334995
839420, -56.974896
840360, -56.613743
841300, -56.246466
842240, -55.875782
843180, -55.496836
844120, -55.111429
845060, -54.714414
846000, -54.306957
846940, -53.882727
847880, -53.442487
848820, -52.978130
849760, -52.489176
850700, -51.964940
851640, -51.402134
852580, -50.786191
853520, -50.108059
854460, -49.346902
855400, -48.482267
856340, -47.478074
857280, -46.292578
858220, -44.857216
859160, -43.081144
860100, -40.820516
861040, -37.870880
861980, -33.927359
862920, -28.592504
863860, -21.457424
864800, -12.496327
865740, -2.824373
866680, 4.994159
867620, 8.778536
868560, 8.684204
869500, 6.183355
870440, 2.460769
871380, -1.819814
872320, -6.311653
873260, -10.821704
874200, -15.252654
875140, -19.553082
876080, -23.712537
877020, -27.738168
877960, -31.667479
878900, -35.552666
879840, -39.472599
880780, -43.509988
881720, -47.744697
882660, -52.193175
883600, -56.744504
884540, -61.070862
885480, -64.696808
886420, -67.255541
887360, -68.755879
888300, -69.474824
889240, -69.724414
890180, -69.715739
891120, -69.574605
892060, -69.360855
893000, -69.110036
893940, -68.834496
894880, -68.546010
895820, -68.245211
896760, -67.938102
897700, -67.622443
898640, -67.302754
899580, -66.976052
900520, -66.646499
901460, -66.310883
902400, -65.973255
903340, -65.630399
904280, -65.286293
905220, -64.937697
906160, -64.588635
907100, -64.235798
908040, -63.883190
908980, -63.527540
909920, -63.172752
910860, -62.815546
911800, -62.459816
912740, -62.102148
913680, -61.746463
914620, -61.389251
915560, -61.034258
916500, -60.678086
917440, -60.324249
918380, -59.969139
919320, -59.616466
920260, -59.262268
921200, -58.910043
922140, -58.556021
923080, -58.203266
924020, -57.847871
924960, -57.492956
925900, -57.134095
926840, -56.774392
927780, -56.409217
928720, -56.041037
929660, -55.665424
930600, -55.284093
931540, -54.891818
932480, -54.490427
933420, -54.073442
934360, -53.642051
935300, -53.188518
936240, -52.712297
937180, -52.204073
938120, -51.660629
939060, -51.069203
940000, -50.422418
940940, -49.700603
941880, -48.887126
942820, -47.950917
943760, -46.856858
944700, -45.545870
945640, -43.941462
946580, -41.924011
947520, -39.323468
948460, -35.880650
949400, -31.242093
950340, -24.977074
951280, -16.812178
952220, -7.230536
953160, 1.791884
954100, 7.558931
955040, 9.092061
955980, 7.516972
956920, 4.247617
957860, 0.168222
958800, -4.257230
959740, -8.774015
960680, -13.249937
961620, -17.612375
962560, -21.836834
963500, -25.919394
964440, -29.887261
965380, -33.782996
966320, -37.677213
967260, -41.649169
968200, -45.787053
969140, -50.140756
970080, -54.671936
971020, -59.152987
971960, -63.158535
972900, -66.226422
973840, -68.186099
974780, -69.219388
975720, -69.650946
976660, -69.739416
977600, -69.648960
978540, -69.462179
979480, -69.226400
980420, -68.959959
981360, -68.677470
982300, -68.381073
983240, -68.077407
984180, -67.764676
985120, -67.447514
986060, -67.123101
987000, -66.795572
987940, -66.461832
988880, -66.125857
989820, -65.784507
990760, -65.441713
991700, -65.094290
992640, -64.746197
993580, -64.394217
994520, -64.042257
995460, -63.687160
996400, -63.332749
997340, -62.975794
998280, -62.620204
999220, -62.262595
1000160, -61.906783
1001100, -61.549467
1002040, -61.194258
1002980, -60.837796
1003920, -60.483696
1004860, -60.128349
1005800, -59.775382
1006740, -59.421076
1007680, -59.068758
1008620, -58.714844
1009560, -58.362377
1010500, -58.007418
1011440, -57.653320
1012380, -57.295601
1013320, -56.937181
1014260, -56.573951
1015200, -56.208116
1016140, -55.835205
1017080, -55.457454
1018020, -55.069499
1018960, -54.673444
1019900, -54.263064
1020840, -53.839300
1021780, -53.395501
1022720, -52.930835
1023660, -52.437351
1024600, -51.911624
1025540, -51.342796
1026480, -50.723516
1027420, -50.036985
1028360, -49.269495
1029300, -48.392536
1030240, -47.376187
1031180, -46.170134
1032120, -44.711117
1033060, -42.897241
1034000, -40.587430
1034940, -37.562800
1035880, -33.517044
1036820, -28.039856
1037760, -20.741170
1038700, -11.656108
1039640, -2.042358
1040580, 5.475992
1041520, 8.875952
1042460, 8.512768
1043400, 5.866654
1044340, 2.078026
1045280, -2.232343
1046220, -6.729259
1047160, -11.236283
1048100, -15.654837
1049040, -19.944051
1049980, -24.088078
1050920, -28.104281
1051860, -32.024886
1052800, -35.910750
1053740, -39.835601
1054680, -43.889578
1055620, -48.142555
1056560, -52.609128
1057500, -57.153836
1058440, -61.437679
1059380, -64.973609
1060320, -67.431372
1061260, -68.845165
1062200, -69.511400
1063140, -69.728695
1064080, -69.705738
1065020, -69.554425
1065960, -69.337935
1066900, -69.082740
1067840, -68.807361
1068780, -68.515972
1069720, -68.216106
1070660, -67.906523
1071600, -67.592048
1072540, -67.270049
1073480, -66.944652
1074420, -66.612887
1075360, -66.278658
1076300, -65.938901
1077240, -65.597507
1078180, -65.251345
1079120, -64.904288
1080060, -64.553243
1081000, -64.202012
1081940, -63.847498
1082880, -63.493520
1083820, -63.136884
1084760, -62.781421
1085700, -62.423899
1086640, -62.068015
1087580, -61.710597
1088520, -61.355204
1089460, -60.998500
1090400, -60.644187
1091340, -60.288649
1092280, -59.935387
1093220, -59.580979
1094160, -59.228576
1095100, -58.874606
1096040, -58.522323
1096980, -58.167736
1097920, -57.814038
1098860, -57.457192
1099800, -57.099883
1100740, -56.738162
1101680, -56.374374
1102620, -56.003953
1103560, -55.629571
1104500, -55.245740
1105440, -54.854351
1106380, -54.450020
1107320, -54.033391
1108260, -53.598616
1109200, -53.144796
1110140, -52.664372
1111080, -52.154803
1112020, -51.605849
1112960, -51.011405
1113900, -50.357028
1114840, -49.629493
1115780, -48.804410
1116720, -47.856829
1117660, -46.743317
1118600, -45.410036
1119540, -43.770901
1120480, -41.708420
1121420, -39.039063
1122360, -35.502459
1123300, -30.728218
1124240, -24.292942
1125180, -15.955752
1126120, -6.320161
1127060, 2.503832
1128000, 7.871267
1128940, 9.049294
1129880, 7.260910
1130820, 3.888234
1131760, -0.240493
1132700, -4.681321
1133640, -9.200316
1134580, -13.666089
1135520, -18.017861
1136460, -22.226364
1137400, -26.298599
1138340, -30.256371
1139280, -34.150695
1140220, -38.046731
1141160, -42.032064
1142100, -46.187289
1143040, -50.563196
1143980, -55.100442
1144920, -59.559602
1145860, -63.491960
1146800, -66.457673
1147740, -68.316390
1148680, -69.281023
1149620, -69.669298
1150560, -69.737191
1151500, -69.633342
1152440, -69.442151
1153380, -69.201219
1154320, -68.934493
1155260, -68.648931
1156200, -68.353321
1157140, -68.047162
1158080, -67.735549
1159020, -67.416098
1159960, -67.092940
1160900, -66.763231
1161840, -66.430834
1162780, -66.092757
1163720, -65.752829
1164660, -65.408007
1165600, -65.062074
1166540, -64.712030
1167480, -64.361608
1168420, -64.007761
1169360, -63.654296
1170300, -63.298062
1171240, -62.942792
1172180, -62.585425
1173120, -62.229539
1174060, -61.872007
1175000, -61.516449
1175940, -61.159541
1176880, -60.804877
1177820, -60.449091
1178760, -60.095533
1179700, -59.740898
1180640, -59.388360
1181580, -59.034329
1182520, -58.682172
1183460, -58.327934
1184400, -57.974639
1185340, -57.618662
1186280, -57.262460
1187220, -56.902050
1188160, -56.540161
1189100, -56.172113
1190040, -55.800383
1190980, -55.420163
1191920, -55.033055
1192860, -54.634271
1193800, -54.224333
1194740, -53.797315
1195680, -53.353283
1196620, -52.884541
1197560, -52.389791
1198500, -51.858727
1199440, -51.287031
1200380, -50.660422
1201320, -49.968445
1202260, -49.190119
1203200, -48.303226
1204140, -47.269770
1205080, -46.044793
1206020, -44.556015
1206960, -42.704155
1207900, -40.335634
1208840, -37.231028
1209780, -33.067226
1210720, -27.434043
1211660, -19.952248
1212600, -10.739611
1213540, -1.197990
1214480, 5.982525
1215420, 8.980399
1216360, 8.336168
1217300, 5.544611
1218240, 1.684449
1219180, -2.653109
1220120, -7.158443
1221060, -11.658422
1222000, -16.067610
1222940, -20.341197
1223880, -24.474342
1224820, -28.478651
1225760, -32.395200
1226700, -36.280184
1227640, -40.215138
1228580, -44.283546
1229520, -48.558954
1230460, -53.039367
1231400, -57.579800
1232340, -61.811634
1233280, -65.256186
1234220, -67.605422
1235160, -68.935563
1236100, -69.546028
1237040, -69.734962
1237980, -69.694478
1238920, -69.536596
1239860, -69.313924
1240800, -69.057868
1241740, -68.779174
1242680, -68.488384
1243620, -68.185972
1244560, -67.877416
1245500, -67.560647
1246440, -67.239839
1247380, -66.912271
1248320, -66.581790
1249260, -66.245475
1250200, -65.907082
1251140, -65.563676
1252080, -65.218949
1253020, -64.869958
1253960, -64.520415
1254900, -64.167316
1255840, -63.814379
1256780, -63.458596
1257720, -63.103593
1258660, -62.746394
1259600, -62.390554
1260540, -62.032977
1261480, -61.677297
1262420, -61.320243
1263360, -60.965294
1264300, -60.609320
1265240, -60.255521
1266180, -59.900614
1267120, -59.547927
1268060, -59.193837
1269000, -58.841577
1269940, -58.487553
1270880, -58.134587
1271820, -57.779104
1272760, -57.423775
1273700, -57.064533
1274640, -56.704236
1275580, -56.338346
1276520, -55.969118
1277460, -55.592358
1278400, -55.209378
1279340, -54.815326
1280280, -54.411435
1281220, -53.991623
1282160, -53.556802
1283100, -53.099120
1284040, -52.617825
1284980, -52.103313
1285920, -51.552137
1286860, -50.951015
1287800, -50.291895
1288740, -49.554608
1289680, -48.720719
1290620, -47.757518
1291560, -46.626954
1292500, -45.266516
1293440, -43.594159
1294380, -41.480428
1295320, -38.741723
1296260, -35.101349
1297200, -30.186228
1298140, -23.568351
1299080, -15.059708
1300020, -5.383798
1300960, 3.207011
1301900, 8.160508
1302840, 8.981377
1303780, 6.989100
1304720, 3.513558
1305660, -0.659101
1306600, -5.117253
1307540, -9.633812
1308480, -14.092340
1309420, -18.429134
1310360, -22.626207
1311300, -26.684562
1312240, -30.635227
1313180, -34.524988
1314120, -38.427650
1315060, -42.424684
1316000, -46.601516
1316940, -50.996009
1317880, -55.542470
1318820, -59.970253
1319760, -63.828010
1320700, -66.684763
1321640, -68.445220
1322580, -69.338508
1323520, -69.687759
1324460, -69.732187
1325400, -69.618640
1326340, -69.419745
1327280, -69.177131
1328220, -68.906721
1329160, -68.621507
1330100, -68.323265
1331040, -68.018023
1331980, -67.704107
1332920, -67.385774
1333860, -67.060453
1334800, -66.731971
1335740, -66.397501
1336680, -66.060730
1337620, -65.718810
1338560, -65.375368
1339500, -65.027515
1340440, -64.678927
1341380, -64.326655
1342320, -63.974330
1343260, -63.619079
1344200, -63.264422
1345140, -62.907433
1346080, -62.551695
1347020, -62.194133
1347960, -61.838286
1348900, -61.481088
1349840, -61.125887
1350780, -60.769624
1351720, -60.415554
1352660, -60.060387
1353600, -59.707485
1354540, -59.353319
1355480, -59.000970
1356420, -58.647174
1357360, -58.294556
1358300, -57.939525
1359240, -57.585035
1360180, -57.226935
1361120, -56.867907
1362060, -56.503949
1363000, -56.137055
1363940, -55.763095
1364880, -55.383768
1365820, -54.994086
1366760, -54.595901
1367700, -54.182958
1368640, -53.756008
1369580, -53.308282
1370520, -52.838760
1371460, -52.339248
1372400, -51.806095
1373340, -51.227976
1374280, -50.597211
1375220, -49.896135
1376160, -49.109692
1377100, -48.208800
1378040, -47.160803
1378980, -45.912481
1379920, -44.395188
1380860, -42.499381
1381800, -40.072044
1382740, -36.879305
1383680, -32.594168
1384620, -26.794662
1385560, -19.127920
1386500, -9.794618
1387440, -0.357146
1388380, 6.462832
1389320, 9.051352
1390260, 8.137791
1391200, 5.204228
1392140, 1.279813
1393080, -3.086064
1394020, -7.595004
1394960, -12.090840
1395900, -16.486367
1396840, -20.748342
1397780, -24.866342
1398720, -28.861110
1399660, -32.769735
1400600, -36.657265
1401540, -40.600040
1402480, -44.687633
1403420, -48.983131
1404360, -53.481441
1405300, -58.008978
1406240, -62.188090
1407180, -65.532955
1408120, -67.775880
1409060, -69.020236
1410000, -69.579813
1410940, -69.738105
1411880, -69.684034
1412820, -69.516531
1413760, -69.291167
1414700, -69.030970
1415640, -68.752337
1416580, -68.458814
1417520, -68.157207
1418460, -67.846334
1419400, -67.530617
1420340, -67.207655
1421280, -66.881260
1422220, -66.548722
1423160, -66.213661
1424100, -65.873294
1425040, -65.531216
1425980, -65.184586
1426920, -64.837000
1427860, -64.485625
1428800, -64.133996
1429740, -63.779303
1430680, -63.425053
1431620, -63.068351
1432560, -62.712753
1433500, -62.355267
1434440, -61.999330
1435380, -61.642061
1436320, -61.286679
1437260, -60.930158
1438200, -60.575854
1439140, -60.220470
1440080, -59.867248
1441020, -59.512955
1441960, -59.160505
1442900, -58.806632
1443840, -58.454190
1444780, -58.099522
1445720, -57.745576
1446660, -57.388439
1447600, -57.030584
1448540, -56.668386
1449480, -56.303709
1450420, -55.932349
1451360, -55.556501
1452300, -55.171031
1453240, -54.777613
1454180, -54.370824
1455120, -53.951122
1456060, -53.512738
1457000, -53.054356
1457940, -52.568752
1458880, -52.052488
1459820, -51.495655
1460760, -50.891022
1461700, -50.223581
1462640, -49.479560
1463580, -48.633209
1464520, -47.657240
1465460, -46.505710
1466400, -45.120594
1467340, -43.410585
1468280, -41.247319
1469220, -38.433744
1470160, -34.689697
1471100, -29.626837
1472040, -22.828430
1472980, -14.151200
1473920, -4.460939
1474860, 3.873386
1475800, 8.405751
1476740, 8.887307
1477680, 6.701039
1478620, 3.133189
1479560, -1.082291
1480500, -5.552105
1481440, -10.068791
1482380, -14.515707
1483320, -18.841369
1484260, -23.022658
1485200, -27.069801
1486140, -31.010164
1487080, -34.898645
1488020, -38.804881
1488960, -42.817494
1489900, -47.013490
1490840, -51.430446
1491780, -55.978385
1492720, -60.375704
1493660, -64.150214
1494600, -66.900764
1495540, -68.563122
1496480, -69.392188
1497420, -69.701811
1498360, -69.727575
1499300, -69.601843
1500240, -69.398923
1501180, -69.151555
1502120, -68.880845
1503060, -68.592763
1504000, -68.295201
1504940, -67.987625
1505880, -67.674696
1506820, -67.354222
1507760, -67.030022
1508700, -66.699507
1509640, -66.366244
1510580, -66.027519
1511520, -65.686886
1512460, -65.341562
1513400, -64.995064
1514340, -64.644671
1515280, -64.293822
1516220, -63.939758
1517160, -63.585988
1518100, -63.229649
1519040, -62.874208
1519980, -62.516840
1520920, -62.160868
1521860, -61.803450
1522800, -61.447876
1523740, -61.091124
1524680, -60.736524
1525620, -60.380914
1526560, -60.027400
1527500, -59.672974
1528440, -59.320438
1529380, -58.966519
1530320, -58.614276
1531260, -58.259990
1532200, -57.906460
1533140, -57.550197
1534080, -57.193451
1535020, -56.832561
1535960, -56.469792
1536900, -56.100816
1537840, -55.727887
1538780, -55.346219
1539720, -54.957227
1540660, -54.556266
1541600, -54.143489
1542540, -53.713318
1543480, -53.265119
1544420, -52.791561
1545360, -52.290527
1546300, -51.752043
1547240, -51.170742
1548180, -50.532581
1549120, -49.825645
1550060, -49.027839
1551000, -48.116175
1551940, -47.050378
1552880, -45.781921
1553820, -44.232435
1554760, -42.295521
1555700, -39.805707
1556640, -36.526725
1557580, -32.115457
1558520, -26.151739
1559460, -18.301383
1560400, -8.867149
1561340, 0.444485
1562280, 6.891957
1563220, 9.091113
1564160, 7.924122
1565100, 4.863224
1566040, 0.877203
1566980, -3.510679
1567920, -8.025367
1568860, -12.512567
1569800, -16.898258
1570740, -21.144571
1571680, -25.251051
1572620, -29.234501
1573560, -33.139829
1574500, -37.027341
1575440, -40.981197
1576380, -45.084883
1577320, -49.403512
1578260, -53.912880
1579200, -58.429119
1580140, -62.546610
1581080, -65.793885
1582020, -67.931237
1582960, -69.098147
1583900, -69.607511
1584840, -69.740742
1585780, -69.671151
1586720, -69.497893
1587660, -69.266964
1588600, -69.006012
1589540, -68.724329
1590480, -68.431338
1591420, -68.127365
1592360, -67.817409
1593300, -67.499558
1594240, -67.177663
1595180, -66.849251
1596120, -66.517871
1597060, -66.180874
1598000, -65.841745
1598940, -65.497804
1599880, -65.152480
1600820, -64.803108
1601760, -64.453108
1602700, -64.099758
1603640, -63.746512
1604580, -63.390603
1605520, -63.035403
1606460, -62.678215
1607400, -62.322280
1608340, -61.964792
1609280, -61.609100
1610220, -61.252185
1611160, -60.897277
1612100, -60.541453
1613040, -60.187674
1613980, -59.832951
1614920, -59.480247
1615860, -59.126252
1616800, -58.773957
1617740, -58.419915
1618680, -58.066735
1619620, -57.711144
1620560, -57.355389
1621500, -56.995741
1622440, -56.634821
1623380, -56.268175
1624320, -55.897868
1625260, -55.519760
1626200, -55.134991
1627140, -54.739040
1628080, -54.332548
1629020, -53.909797
1629960, -53.471051
1630900, -53.008821
1631840, -52.522116
1632780, -52.000966
1633720, -51.441697
1634660, -50.830436
1635600, -50.157919
1636540, -49.404081
1637480, -48.548548
1638420, -47.556780
1639360, -46.387634
1640300, -44.974909
1641240, -43.230555
1642180, -41.014906
1643120, -38.130218
1644060, -34.280374
1645000, -29.074934
1645940, -22.097649
1646880, -13.269227
1647820, -3.585456
1648760, 4.473941
1649700, 8.601762
1650640, 8.767953
1651580, 6.409995
1652520, 2.756921
1653460, -1.493368
1654400, -5.975794
1655340, -10.487677
1656280, -14.926594
1657220, -19.237202
1658160, -23.406887
1659100, -27.441798
1660040, -31.376764
1660980, -35.262727
1661920, -39.176591
1662860, -43.201576
1663800, -47.419039
1664740, -51.852110
1665680, -56.403156
1666620, -60.760895
1667560, -64.454388
1668500, -67.097906
1669440, -68.670462
1670380, -69.437165
1671320, -69.713630
1672260, -69.719451
1673200, -69.585653
1674140, -69.376065
1675080, -69.127340
1676020, -68.853323
1676960, -68.565587
1677900, -68.265606
1678840, -67.958861
1679780, -67.643796
1680720, -67.324330
1681660, -66.998123
1682600, -66.668719
1683540, -66.333535
1684480, -65.995997
1685420, -65.653521
1686360, -65.309455
1687300, -64.961185
1688240, -64.612115
1689180, -64.259558
1690120, -63.906890
1691060, -63.551476
1692000, -63.196589
1692940, -62.839573
1693880, -62.483709
1694820, -62.126203
1695760, -61.770345
1696700, -61.413274
1697640, -61.058098
1698580, -60.702041
1699520, -60.348016
1700460, -59.993033
1701400, -59.640200
1702340, -59.286168
1703280, -58.933797
1704220, -58.579985
1705160, -58.227150
1706100, -57.872000
1707040, -57.517083
1707980, -57.158575
1708920, -56.798940
1709860, -56.434244
1710800, -56.066300
1711740, -55.691289
1712680, -55.310392
1713620, -54.918977
1714560, -54.518351
1715500, -54.102626
1716440, -53.672343
1717380, -53.220557
1718320, -52.746070
1719260, -52.240397
1720200, -51.699680
1721140, -51.112078
1722080, -50.469609
1723020, -49.753682
1723960, -48.947579
1724900, -48.021556
1725840, -46.940656
1726780, -45.648031
1727720, -44.068504
1728660, -42.086261
1729600, -39.535617
1730540, -36.164951
1731480, -31.627773
1732420, -25.495535
1733360, -17.469492
1734300, -7.947649
1735240, 1.209659
1736180, 7.278400
1737120, 9.097987
1738060, 7.697044
1739000, 4.515439
1739940, 0.476008
1740880, -3.934331
1741820, -8.449638
1742760, -12.931414
1743700, -17.303019
1744640, -21.537642
1745580, -25.630329
1746520, -29.605712
1747460, -33.505078
1748400, -37.396842
1749340, -41.360116
1750280, -45.483336
1751220, -49.820836
1752160, -54.343668
1753100, -58.840218
1754040, -62.896461
1754980, -66.042388
1755920, -68.079088
1756860, -69.168460
1757800, -69.633255
1758740, -69.739928
1759680, -69.658743
1760620, -69.477085
1761560, -69.243883
1762500, -68.979206
1763440, -68.697602
1764380, -68.402096
1765320, -68.098847
1766260, -67.786742
1767200, -67.469835
1768140, -67.145940
1769080, -66.818584
1770020, -66.485295
1770960, -66.149433
1771900, -65.808475
1772840, -65.465742
1773780, -65.118660
1774720, -64.770571
1775660, -64.418882
1776600, -64.066878
1777540, -63.712018
1778480, -63.357518
1779420, -63.000760
1780360, -62.645047
1781300, -62.287604
1782240, -61.931630
1783180, -61.574456
1784120, -61.219069
1785060, -60.862719
1786000, -60.508434
1786940, -60.153205
1787880, -59.800039
1788820, -59.445867
1789760, -59.093384
1790700, -58.739612
1791640, -58.387024
1792580, -58.032276
1793520, -57.678093
1794460, -57.320664
1795400, -56.962272
1796340, -56.599481
1797280, -56.233852
1798220, -55.861507
1799160, -55.484156
1800100, -55.097016
1801040, -54.701558
1801980, -54.292294
1802920, -53.869516
1803860, -53.427331
1804800, -52.964261
1805740, -52.473155
1806680, -51.949958
1807620, -51.384695
1808560, -50.769418
1809500, -50.088359
1810440, -49.327289
1811380, -48.458985
1812320, -47.453754
1813260, -46.263013
1814200, -44.824449
1815140, -43.039913
1816080, -40.771556
1817020, -37.806951
1817960, -33.846534
1818900, -28.485862
1819840, -21.325784
1820780, -12.346856
1821720, -2.695118
1822660, 5.062041
1823600, 8.771317
1824540, 8.628993
1825480, 6.101203
1826420, 2.368861
1827360, -1.917672
1828300, -6.408280
1829240, -10.918446
1830180, -15.344966
1831120, -19.644093
1832060, -23.798844
1833000, -27.823409
1833940, -31.749261
1834880, -35.635640
1835820, -39.555197
1836760, -43.597167
1837700, -47.834195
1838640, -52.287492
1839580, -56.835302
1840520, -61.152931
1841460, -64.756861
1842400, -67.293761
1843340, -68.773254
1844280, -69.481575
1845220, -69.722726
1846160, -69.712127
1847100, -69.567506
1848040, -69.354382
1848980, -69.101343
1849920, -68.827053
1850860, -68.536661
1851800, -68.237275
1852740, -67.928352
1853680, -67.614159
1854620, -67.292694
1855560, -66.967487
1856500, -66.636183
1857440, -66.302083
1858380, -65.962728
1859320, -65.621409
1860260, -65.275597
1861200, -64.928560
1862140, -64.577814
1863080, -64.226555
1864020, -63.872286
1864960, -63.518233
1865900, -63.161802
1866840, -62.806215
1867780, -62.448859
1868720, -62.092822
1869660, -61.735529
1870600, -61.379959
1871540, -61.023367
1872480, -60.668850
1873420, -60.313418
1874360, -59.959961
1875300, -59.605686
1876240, -59.253127
1877180, -58.899300
1878120, -58.546903
1879060, -58.192525
1880000, -57.838746
1880940, -57.482184
1881880, -57.124900
1882820, -56.763530
1883760, -56.399891
1884700, -56.029986
1885640, -55.655870
1886580, -55.272750
1887520, -54.881882
1888460, -54.478588
1889400, -54.062873
1890340, -53.629469
1891280, -53.177042
1892220, -52.698601
1893160, -52.191213
1894100, -51.645217
1895040, -51.054203
1895980, -50.404339
1896920, -49.682255
1897860, -48.864684
1898800, -47.926775
1899740, -46.826642
1900680, -45.511202
1901620, -43.896885
1902560, -41.869282
1903500, -39.250300
1904440, -35.785158
1905380, -31.111534
1906320, -24.804887
1907260, -16.596016
1908200, -7.002549
1909140, 1.972384
1910080, 7.637415
1911020, 9.080274
1911960, 7.448791
1912900, 4.153815
1913840, 0.060534
1914780, -4.367667
1915720, -8.886274
1916660, -13.358306
1917600, -17.719243
1918540, -21.938472
1919480, -26.019157
1920420, -29.982893
1921360, -33.879008
1922300, -37.772375
1923240, -41.748933
1924180, -45.890145
1925120, -50.250952
1926060, -54.782549
1927000, -59.259414
1927940, -63.244977
1928880, -66.287496
1929820, -68.219649
1930760, -69.236048
1931700, -69.655070
1932640, -69.739259
1933580, -69.644138
1934520, -69.457336
1935460, -69.219064
1936400, -68.953685
1937340, -68.669249
1938280, -68.374195
1939220, -68.068735
1940160, -67.757433
1941100, -67.438529
1942040, -67.115581
1942980, -66.786340
1943920, -66.454088
1944860, -66.116422
1945800, -65.776580
1946740, -65.432116
1947680, -65.086219
1948620, -64.736477
1949560, -64.386040
1950500, -64.032449
1951440, -63.678915
1952380, -63.322890
1953320, -62.967512
1954260, -62.610322
1955200, -62.254299
1956140, -61.896903
1957080, -61.541183
1958020, -61.184396
1958960, -60.829540
1959900, -60.473866
1960840, -60.120123
1961780, -59.765587
1962720, -59.412880
1963660, -59.058982
1964600, -58.706664
1965540, -58.352603
1966480, -57.999215
1967420, -57.643511
1968360, -57.287332
1969300, -56.927268
1970240, -56.565526
1971180, -56.197984
1972120, -55.826517
1973060, -55.446992
1974000, -55.060392
1974940, -54.662497
1975880, -54.253366
1976820, -53.827624
1977760, -53.384898
1978700, -52.918041
1979640, -52.425360
1980580, -51.897114
1981520, -51.328673
1982460, -50.706357
1983400, -50.019543
1984340, -49.248171
1985280, -48.369812
1986220, -47.347935
1987160, -46.138148
1988100, -44.670336
1989040, -42.847813
1989980, -40.521755
1990920, -37.477666
1991860, -33.400378
1992800, -27.884126
1993740, -20.536766
1994680, -11.419299
1995620, -1.821222
1996560, 5.609692
1997500, 8.905950
1998440, 8.467602
1999380, 5.784128
2000320, 1.975421
2001260, -2.340993
2002200, -6.841394
2003140, -11.345449
2004080, -15.762820
2005020, -20.046847
2005960, -24.188993
2006900, -28.201070
2007840, -32.121811
2008780, -36.006338
2009720, -39.934604
2010660, -43.991063
2011600, -48.251173
2012540, -52.720257
2013480, -57.265205
2014420, -61.534663
2015360, -65.048192
2016300, -67.476711
2017240, -68.869705
2018180, -69.520126
2019120, -69.731039
2020060, -69.702332
2021000, -69.550395
2021940, -69.331160
2022880, -69.076852
2023820, -68.799488
2024760, -68.509372
2025700, -68.207723
2026640, -67.899525
2027580, -67.583335
2028520, -67.262764
2029460, -66.935684
2030400, -66.605370
2031340, -66.269481
2032280, -65.931196
2033220, -65.588161
2034160, -65.243489
2035100, -64.894813
2036040, -64.545274
2036980, -64.192441
2037920, -63.839453
2038860, -63.483889
2039800, -63.128793
2040740, -62.771763
2041680, -62.415793
2042620, -62.058355
2043560, -61.702503
2044500, -61.345564
2045440, -60.990430
2046380, -60.634572
2047320, -60.280599
2048260, -59.925797
2049200, -59.572949
2050140, -59.218996
2051080, -58.866583
2052020, -58.512735
2052960, -58.159683
2053900, -57.804410
2054840, -57.449070
2055780, -57.090149
2056720, -56.729910
2057660, -56.364467
2058600, -55.995468
2059540, -55.619373
2060480, -55.236884
2061420, -54.843701
2062360, -54.440601
2063300, -54.022041
2064240, -53.588380
2065180, -53.132461
2066120, -52.652933
2067060, -52.140985
2068000, -51.592577
2068940, -50.995309
2069880, -50.340893
2070820, -49.609793
2071760, -48.783608
2072700, -47.830956
2073640, -46.714240
2074580, -45.372958
2075520, -43.726515
2076460, -41.649922
2077400, -38.964093
2078340, -35.400157
2079280, -30.591373
2080220, -24.108680
2081160, -15.727596
2082100, -6.079411
2083040, 2.686838
2083980, 7.949896
2084920, 9.033981
2085860, 7.193077
2086800, 3.792127
2087740, -0.347189
2088680, -4.793808
2089620, -9.311127
2090560, -13.776266
2091500, -18.123053
2092440, -22.329809
2093380, -26.397431
2094320, -30.354505
2095260, -34.246540
2096200, -38.145337
2097140, -42.132487
2098080, -46.294256
2099020, -50.673732
2099960, -55.214442
2100900, -59.664582
2101840, -63.579148
2102780, -66.515920
2103720, -68.350428
2104660, -69.295470
2105600, -69.674694
2106540, -69.735382
2107480, -69.630106
2108420, -69.435815
2109360, -69.195543
2110300, -68.926765
2111240, -68.642391
2112180, -68.345002
2113120, -68.040178
2114060, -67.726872
2115000, -67.408807
2115940, -67.083992
2116880, -66.755697
2117820, -66.421667
2118760, -66.085024
2119700, -65.743484
2120640, -65.400115
2121580, -65.052589
2122520, -64.704016
2123460, -64.352021
2124400, -63.999662
2125340, -63.644643
2126280, -63.289912
2127220, -62.933103
2128160, -62.577251
2129100, -62.219837
2130040, -61.863833
2130980, -61.506757
2131920, -61.151383
2132860, -60.795212
2133800, -60.440961
2134740, -60.085894
2135680, -59.732798
2136620, -59.378748
2137560, -59.026242
2138500, -58.672569
2139440, -58.319841
2140380, -57.965006
2141320, -57.610503
2142260, -57.252720
2143200, -56.893757
2144140, -56.530242
2145080, -56.163581
2146020, -55.790185
2146960, -55.411285
2147900, -55.022421
2148840, -54.624886
2149780, -54.213085
2150720, -53.787175
2151660, -53.341101
2152600, -52.873245
2153540, -52.376177
2154480, -51.845660
2155420, -51.271217
2156360, -50.644621
2157300, -49.949206
2158240, -49.169869
2159180, -48.278273
2160120, -47.242147
2161060, -46.010054
2162000, -44.515188
2162940, -42.651055
2163880, -40.268603
2164820, -37.140361
2165760, -32.946606
2166700, -27.269549
2167640, -19.740737
2168580, -10.495352
2169520, -0.979853
2170460, 6.110804
2171400, 9.001104
2172340, 8.286967
2173280, 5.456692
2174220, 1.580508
2175160, -2.765718
2176100, -7.270998
2177040, -11.771096
2177980, -16.175639
2178920, -20.447376
2179860, -24.575573
2180800, -28.578514
2181740, -32.491927
2182680, -36.378613
2183620, -40.314446
2184560, -44.388803
2185500, -48.668228
2186440, -53.154296
2187380, -57.690367
2188320, -61.909880
2189260, -65.328113
2190200, -67.650852
2191140, -68.957441
2192080, -69.555570
2193020, -69.735341
2193960, -69.692330
2194900, -69.530839
2195840, -69.308524
2196780, -69.050309
2197720, -68.772700
2198660, -68.480124
2199600, -68.178992
2200540, -67.868759
2201480, -67.553335
2202420, -67.230894
2203360, -66.904702
2204300, -66.572614
2205240, -66.237695
2206180, -65.897717
2207120, -65.555726
2208060, -65.209433
2209000, -64.861877
2209940, -64.510787
2210880, -64.159140
2211820, -63.804676
2212760, -63.450360
2213700, -63.093846
2214640, -62.738131
2215580, -62.380795
2216520, -62.024712
2217460, -61.667551
2218400, -61.312000
2219340, -60.955573
2220280, -60.601101
2221220, -60.245823
2222160, -59.892421
2223100, -59.538250
2224040, -59.185652
2224980, -58.831907
2225920, -58.479359
2226860, -58.124886
2227800, -57.770867
2228740, -57.414002
2229680, -57.056186
2230620, -56.694329
2231560, -56.329819
2232500, -55.958972
2233440, -55.583512
2234380, -55.198820
2235320, -54.805995
2236260, -54.400286
2237200, -53.981565
2238140, -53.544752
2239080, -53.087949
2240020, -52.604468
2240960, -52.090560
2241900, -51.536847
2242840, -50.935870
2243780, -50.273519
2244720, -49.535536
2245660, -48.697338
2246600, -47.731867
2247540, -46.594778
2248480, -45.228967
2249420, -43.545735
2250360, -41.420148
2251300, -38.660858
2252240, -34.994488
2253180, -30.039621
2254120, -23.374836
2255060, -14.819889
2256000, -5.139622
2256940, 3.387268
2257880, 8.228301
2258820, 8.959031
2259760, 6.913218
2260700, 3.413664
2261640, -0.771712
2262580, -5.232042
2263520, -9.749814
2264460, -14.204231
2265400, -18.539199
2266340, -22.731093
2267280, -26.787504
2268220, -30.734259
2269160, -34.624694
2270100, -38.527224
2271040, -42.529366
2271980, -46.710137
2272920, -51.111574
2273860, -55.657393
2274800, -60.078311
2275740, -63.913393
2276680, -66.743354
2277620, -68.476582
2278560, -69.353617
2279500, -69.691121
2280440, -69.731531
2281380, -69.613652
2282320, -69.414703
2283260, -69.169771
2284200, -68.900315
2285140, -68.613294
2286080, -68.316271
2287020, -68.009366
2287960, -67.696752
2288900, -67.376808
2289840, -67.052824
2290780, -66.722760
2291720, -66.389650
2292660, -66.051319
2293600, -65.710779
2294540, -65.365797
2295480, -65.019342
2296420, -64.669235
2297360, -64.318379
2298300, -63.964553
2299240, -63.610733
2300180, -63.254591
2301120, -62.899050
2302060, -62.541842
2303000, -62.185738
2303940, -61.828438
2304880, -61.472708
2305820, -61.116057
2306760, -60.761272
2307700, -60.405757
2308640, -60.052065
2309580, -59.697723
2310520, -59.345025
2311460, -58.991225
2312400, -58.638877
2313340, -58.284783
2314280, -57.931185
2315220, -57.575190
2316160, -57.218484
2317100, -56.857928
2318040, -56.495318
2318980, -56.126838
2319920, -55.754185
2320860, -55.373202
2321800, -54.984735
2322740, -54.584778
2323680, -54.172910
2324620, -53.744071
2325560, -53.297249
2326500, -52.825621
2327440, -52.326733
2328380, -51.791129
2329320, -51.213190
2330260, -50.579424
2331200, -49.877815
2332140, -49.087315
2333080, -48.184581
2334020, -47.130812
2334960, -45.878153
2335900, -44.351255
2336840, -42.445522
2337780, -40.000507
2338720, -36.786049
2339660, -32.466482
2340600, -26.624428
2341540, -18.907775
2342480, -9.546857
2343420, -0.139962
2344360, 6.581103
2345300, 9.065514
2346240, 8.081709
2347180, 5.114249
2348120, 1.171894
2349060, -3.199097
2350000, -7.710813
2350940, -12.203426
2351880, -16.597435
2352820, -20.854252
2353760, -24.969966
2354700, -28.960243
2355640, -32.868616
2356580, -36.754957
2357520, -40.701736
2358460, -44.792623
2359400, -49.095409
2360340, -53.595784
2361280, -58.121513
2362220, -62.283475
2363160, -65.603590
2364100, -67.817362
2365040, -69.041944
2365980, -69.586962
2366920, -69.739493
2367860, -69.680211
2368800, -69.512166
2369740, -69.284287
2370680, -69.024902
2371620, -68.744435
2372560, -68.452072
2373500, -68.148816
2374440, -67.839206
2375380, -67.521904
2376320, -67.200244
2377260, -66.872294
2378200, -66.541082
2379140, -66.204489
2380080, -65.865469
2381020, -65.521879
2381960, -65.176613
2382900, -64.827535
2383840, -64.477543
2384780, -64.124440
2385720, -63.771147
2386660, -63.415440
2387600, -63.060153
2388540, -62.703116
2389480, -62.347058
2390420, -61.989693
2391360, -61.633857
2392300, -61.277053
2393240, -60.921975
2394180, -60.566252
2395120, -60.212308
2396060, -59.857673
2397000, -59.504816
2397940, -59.150942
2398880, -58.798501
2399820, -58.444621
2400760, -58.091361
2401700, -57.735965
2402640, -57.380208
2403580, -57.020865
2404520, -56.660021
2405460, -56.293812
2406400, -55.923745
2407340, -55.546287
2408280, -55.162016
2409220, -54.766916
2410160, -54.361218
2411100, -53.939699
2412040, -53.502232
2412980, -53.041822
2413920, -52.556939
2414860, -52.038374
2415800, -51.481910
2416740, -50.874516
2417680, -50.206748
2418620, -49.459127
2419560, -48.611365
2420500, -47.630219
2421440, -46.475056
2422380, -45.081651
2423320, -43.363650
2424260, -41.185607
2425200, -38.354332
2426140, -34.581413
2427080, -29.481969
2428020, -22.635269
2428960, -13.918708
2429900, -4.226520
2430840, 4.036646
2431780, 8.462966
2432720, 8.858177
2433660, 6.626008
2434600, 3.033777
2435540, -1.190256
2436480, -5.664727
2437420, -10.179327
2438360, -14.625246
2439300, -18.945985
2440240, -23.124865
2441180, -27.167844
2442120, -31.107859
2443060, -34.994701
2444000, -38.903587
2444940, -42.918320
2445880, -47.121086
2446820, -51.541328
2447760, -56.091199
2448700, -60.477455
2449640, -64.231843
2450580, -66.953155
2451520, -68.592680
2452460, -69.404039
2453400, -69.705729
2454340, -69.725120
2455280, -69.598205
2456220, -69.392496
2457160, -69.145758
2458100, -68.873167
2459040, -68.586175
2459980, -68.286972
2460920, -67.980616
2461860, -67.666124
2462800, -67.346917
2463740, -67.021187
2464680, -66.691966
2465620, -66.357197
2466560, -66.019785
2467500, -65.677667
2468440, -65.333674
2469380, -64.985710
2470320, -64.636665
2471260, -64.284367
2472200, -63.931669
2473140, -63.576468
2474080, -63.221509
2475020, -62.864655
2475960, -62.508681
2476900, -62.151306
2477840, -61.795296
2478780, -61.438330
2479720, -61.082989
2480660, -60.727009
2481600, -60.372812
2482540, -60.017914
2483480, -59.664907
2484420, -59.310981
2485360, -58.958466
2486300, -58.604814
2487240, -58.251906
2488180, -57.896954
2489120, -57.542040
2490060, -57.183836
2491000, -56.824270
2491940, -56.460000
2492880, -56.092290
2493820, -55.717820
2494760, -55.337349
2495700, -54.946727
2496640, -54.546849
2497580, -54.132305
2498520, -53.703100
2499460, -53.252968
2500400, -52.780162
2501340, -56.242632
2502280, -59.036757
2503220, -61.457234
2504160, -63.600175
2505100, -65.474478
2506040, -67.067173
2506980, -68.383337
2507920, -69.444333
2508860, -70.286518
2509800, -70.945868
2510740, -71.458552
2511680, -71.852481
2512620, -72.153247
2513560, -72.378473
2514500, -72.544816
2515440, -72.662623
2516380, -72.742766
2517320, -72.791056
2518260, -72.814833
2519200, -72.817161
2520140, -72.803242
2521080, -72.774475
2522020, -72.734760
2522960, -72.684474
2523900, -72.626713
2524840, -72.561217
2525780, -72.490574
2526720, -72.414123
2527660, -72.334126
2528600, -72.249661
2529540, -72.162781
2530480, -72.072392
2531420, -71.980405
2532360, -71.885613
2533300, -71.789823
2534240, -71.691748
2535180, -71.593135
2536120, -71.492647
2537060, -71.391989
2538000, -71.289787
2538940, -71.187712
2539880, -71.084363
2540820, -70.981387
2541760, -70.877361
2542700, -70.773899
2543640, -70.669556
2544580, -70.565942
2545520, -70.461610
2546460, -70.358161
2547400, -70.254139
2548340, -70.151138
2549280, -70.047695
2550220, -69.945398
2551160, -69.842764
2552100, -69.741353
2553040, -69.639683
2553980, -69.539320
2554920, -69.438784
2555860, -69.339641
2556800, -69.240411
2557740, -69.142657
2558680, -69.044895
2559620, -68.948684
2560560, -68.852520
2561500, -68.757932
2562440, -68.663416
2563380, -68.570515
2564320, -68.477733
2565260, -68.386615
2566200, -68.295668
2567140, -68.206437
2568080, -68.117427
2569020, -68.030181
2569960, -67.943203
2570900, -67.858006
2571840, -67.773060
2572780, -67.689885
2573720, -67.606970
2574660, -67.525844
2575600, -67.445006
2576540, -67.365986
2577480, -67.287285
2578420, -67.210434
2579360, -67.133933
2580300, -67.059312
2581240, -66.985070
2582180, -66.912725
2583120, -66.840730
2584060, -66.770581
2585000, -66.700761
2585940, -66.632784
2586880, -66.565141
2587820, -66.499355
2588760, -66.433923
2589700, -66.370365
2590640, -66.307181
2591580, -66.245892
2592520, -66.184998
2593460, -66.126018
2594400, -66.067451
2595340, -66.010816
2596280, -65.954611
2597220, -65.900310
2598160, -65.846375
2599100, -65.794298
2600040, -65.742564
2600980, -65.692680
2601920, -65.643142
2602860, -65.595459
2603800, -65.548131
2604740, -65.502670
2605680, -65.457575
2606620, -65.414359
2607560, -65.371521
2608500, -65.330571
2609440, -65.290010
2610380, -65.251345
2611320, -65.213075
2612260, -65.176708
2613200, -65.140741
2614140, -65.106679
2615080, -65.073019
2616020, -65.041264
2616960, -65.009911
2617900, -64.980459
2618840, -64.951379
2619780, -64.924141
2620720, -64.897223
2621660, -64.872112
2622600, -64.847299
2623540, -64.824276
2624480, -64.801538
2625420, -64.780578
2626360, -64.759892
2627300, -64.740974
2628240, -64.722319
2629180, -64.705418
2630120, -64.688767
2631060, -64.673854
2632000, -64.659173
2632940, -64.646212
2633880, -64.633463
2634820, -64.622411
2635760, -64.611549
2636700, -64.602357
2637640, -64.593328
2638580, -64.585941
2639520, -64.578686
2640460, -64.573041
2641400, -64.567496
2642340, -64.563524
2643280, -64.559616
2644220, -64.557244
2645160, -64.554897
2646100, -64.554044
2647040, -64.553175
2647980, -64.553758
2648920, -64.554280
2649860, -64.556209
2650800, -64.558031
2651740, -64.561214
2652680, -64.564243
2653620, -64.568583
2654560, -64.572722
2655500, -64.578122
2656440, -64.583272
2657380, -64.589633
2658320, -64.595693
2659260, -64.602914
2660200, -64.609784
2661140, -64.617765
2662080, -64.625345
2663020, -64.633986
2663960, -64.642177
2664900, -64.651380
2665840, -64.660084
2666780, -64.669752
2667720, -64.678874
2668660, -64.688913
2669600, -64.698362
2670540, -64.708682
2671480, -64.718368
2672420, -64.728882
2673360, -64.738721
2674300, -64.749347
2675240, -64.759259
2676180, -64.769919
2677120, -64.779828
2678060, -64.790449
2679000, -64.800286
2679940, -64.810801
2680880, -64.820500
2681820, -64.830847
2682760, -64.840349
2683700, -64.850472
2684640, -64.859724
2685580, -64.869571
2686520, -64.878524
2687460, -64.888051
2688400, -64.896664
2689340, -64.905830
2690280, -64.914066
2691220, -64.922838
2692160, -64.930665
2693100, -64.939015
2694040, -64.946407
2694980, -64.954310
2695920, -64.961246
2696860, -64.968685
2697800, -64.975149
2698740, -64.982109
2699680, -64.988090
2700620, -64.994561
2701560, -65.000051
2702500, -65.006029
2703440, -65.011016
2704380, -65.016480
2705320, -65.020948
2706260, -65.025891
2707200, -65.029839
2708140, -65.034265
2709080, -65.037703
2710020, -65.041625
2710960, -65.044565
2711900, -65.047997
2712840, -65.050458
2713780, -65.053419
2714720, -65.055418
2715660, -65.057928
2716600, -65.059487
2717540, -65.061568
2718480, -65.062709
2719420, -65.064383
2720360, -65.065129
2721300, -65.066420
2722240, -65.066796
2723180, -65.067727
2724120, -65.067757
2725060, -65.068354
2726000, -65.068062
2726940, -65.068350
2727880, -65.067762
2728820, -65.067765
2729760, -65.066905
2730700, -65.066648
2731640, -65.065540
2732580, -65.065048
2733520, -65.063717
2734460, -65.063013
2735400, -65.061483
2736340, -65.060591
2737280, -65.058884
2738220, -65.057826
2739160, -65.055965
2740100, -65.054764
2741040, -65.052770
2741980, -65.051446
2742920, -65.049340
2743860, -65.047914
2744800, -65.045716
2745740, -65.044207
2746680, -65.041936
2747620, -65.040362
2748560, -65.038035
2749500, -65.036413
2750440, -65.034047
2751380, -65.032394
2752320, -65.030005
2753260, -65.028336
2754200, -65.025938
2755140, -65.024267
2756080, -65.021873
2757020, -65.020213
2757960, -65.017837
2758900, -65.016199
2759840, -65.013851
2760780, -65.012247
2761720, -65.009938
2762660, -65.008377
2763600, -65.006116
2764540, -65.004607
2765480, -65.002403
2766420, -65.000953
2767360, -64.998813
2768300, -64.997429
2769240, -64.995353
2770180, -64.994034
2771120, -64.992025
2772060, -64.990773
2773000, -64.988834
2773940, -64.987653
2774880, -64.985787
2775820, -64.984682
2776760, -64.982893
2777700, -64.981867
2778640, -64.980158
2779580, -64.979213
2780520, -64.977587
2781460, -64.976726
2782400, -64.975185
2783340, -64.974409
2784280, -64.972954
2785220, -64.972264
2786160, -64.970897
2787100, -64.970293
2788040, -64.969012
2788980, -64.968496
2789920, -64.967301
2790860, -64.966870
2791800, -64.965762
2792740, -64.965415
2793680, -64.964391
2794620, -64.964127
2795560, -64.963185
2796500, -64.963003
2797440, -64.962141
2798380, -64.962037
2799320, -64.961253
2800260, -64.961225
2801200, -64.960516
2802140, -64.960561
2803080, -64.959923
2804020, -64.960038
2804960, -64.959469
2805900, -64.959650
2806840, -64.959145
2807780, -64.959389
2808720, -64.958946
2809660, -64.959249
2810600, -64.958863
2811540, -64.959221
2812480, -64.958888
2813420, -64.959297
2814360, -64.959014
2815300, -64.959470
2816240, -64.959232
2817180, -64.959732
2818120, -64.959535
2819060, -64.960074
2820000, -64.959915
2820940, -64.960488
2821880, -64.960363
2822820, -64.960968
2823760, -64.960872
2824700, -64.961504
2825640, -64.961435
2826580, -64.962090
2827520, -64.962043
2828460, -64.962718
2829400, -64.962689
2830340, -64.963382
2831280, -64.963368
2832220, -64.964073
2833160, -64.964071
2834100, -64.964786
2835040, -64.964793
2835980, -64.965515
2836920, -64.965527
2837860, -64.966253
2838800, -64.966268
2839740, -64.966996
2840680, -64.967011
2841620, -64.967737
2842560, -64.967751
2843500, -64.968473
2844440, -64.968482
2845380, -64.969199
2846320, -64.969201
2847260, -64.969910
2848200, -64.969905
2849140, -64.970604
2850080, -64.970588
2851020, -64.971276
2851960, -64.971249
2852900, -64.971925
2853840, -64.971885
2854780, -64.972547
2855720, -64.972492
2856660, -64.973140
2857600, -64.973070
2858540, -64.973702
2859480, -64.973617
2860420, -64.974232
2861360, -64.974130
2862300, -64.974728
2863240, -64.974610
2864180, -64.975190
2865120, -64.975054
2866060, -64.975617
2867000, -64.975464
2867940, -64.976009
2868880, -64.975838
2869820, -64.976365
2870760, -64.976176
2871700, -64.976685
2872640, -64.976479
2873580, -64.976971
2874520, -64.976748
2875460, -64.977222
2876400, -64.976982
2877340, -64.977439
2878280, -64.977182
2879220, -64.977623
2880160, -64.977350
2881100, -64.977775
2882040, -64.977487
2882980, -64.977896
2883920, -64.977593
2884860, -64.977988
2885800, -64.977671
2886740, -64.978051
2887680, -64.977721
2888620, -64.978088
2889560, -64.977746
2890500, -64.978100
2891440, -64.977746
2892380, -64.978089
2893320, -64.977723
2894260, -64.978055
2895200, -64.977679
2896140, -64.978001
2897080, -64.977616
2898020, -64.977928
2898960, -64.977535
2899900, -64.977839
2900840, -64.977438
2901780, -64.977734
2902720, -64.977326
2903660, -64.977616
2904600, -64.977202
2905540, -64.977485
2906480, -64.977066
2907420, -64.977344
2908360, -64.976920
2909300, -64.977195
2910240, -64.976767
2911180, -64.977037
2912120, -64.976607
2913060, -64.976874
2914000, -64.976441
2914940, -64.976706
2915880, -64.976272
2916820, -64.976535
2917760, -64.976099
2918700, -64.976362
2919640, -64.975926
2920580, -64.976188
2921520, -64.975752
2922460, -64.976014
2923400, -64.975578
2924340, -64.975841
2925280, -64.975407
2926220, -64.975671
2927160, -64.975238
2928100, -64.975503
2929040, -64.975072
2929980, -64.975339
2930920, -64.974911
2931860, -64.975180
2932800, -64.974754
2933740, -64.975026
2934680, -64.974603
2935620, -64.974878
2936560, -64.974458
2937500, -64.974735
2938440, -64.974319
2939380, -64.974600
2940320, -64.974187
2941260, -64.974471
2942200, -64.974062
2943140, -64.974350
2944080, -64.973944
2945020, -64.974236
2945960, -64.973834
2946900, -64.974129
2947840, -64.973732
2948780, -64.974030
2949720, -64.973637
2950660, -64.973939
2951600, -64.973550
2952540, -64.973856
2953480, -64.973471
2954420, -64.973780
2955360, -64.973399
2956300, -64.973712
2957240, -64.973335
2958180, -64.973651
2959120, -64.973278
2960060, -64.973598
2961000, -64.973228
2961940, -64.973551
2962880, -64.973185
2963820, -64.973512
2964760, -64.973149
2965700, -64.973479
2966640, -64.973119
2967580, -64.973452
2968520, -64.973096
2969460, -64.973431
2970400, -64.973078
2971340, -64.973416
2972280, -64.973065
2973220, -64.973406
2974160, -64.973058
2975100, -64.973401
2976040, -64.973056
2976980, -64.973401
2977920, -64.973058
2978860, -64.973405
2979800, -64.973064
2980740, -64.973412
2981680, -64.973074
2982620, -64.973424
2983560, -64.973087
2984500, -64.973438
2985440, -64.973103
2986380, -64.973456
2987320, -64.973122
2988260, -64.973476
2989200, -64.973143
2990140, -64.973498
2991080, -64.973167
2992020, -64.973522
2992960, -64.973192
2993900, -64.973548
2994840, -64.973218
2995780, -64.973575
2996720, -64.973246
2997660, -64.973603
2998600, -64.973274
2999540, -64.973631
3000480, -64.973303
