# hh_cnexp_0970.txt
# dt = 970 [usec]
# t [usec], V [mV]
0, -65.000000
970, -64.977859
1940, -64.961797
2910, -64.952013
3880, -64.947957
4850, -64.948487
5820, -64.952190
6790, -64.957642
7760, -64.963603
8730, -64.969129
9700, -64.973613
10670, -64.976768
11640, -64.978569
12610, -64.979179
13580, -64.978870
14550, -64.977957
15520, -64.976741
16490, -64.975473
17460, -64.974338
18430, -64.973447
19400, -64.972847
20370, -64.972531
21340, -64.972459
22310, -64.972567
23280, -64.972789
24250, -64.973061
25220, -64.973333
26190, -64.973568
27160, -64.973747
28130, -64.973863
29100, -64.973919
30070, -64.973925
31040, -64.973896
32010, -64.973846
32980, -64.973787
33950, -64.973731
34920, -64.973684
35890, -64.973650
36860, -64.973629
37830, -64.973620
38800, -64.973622
39770, -64.973630
40740, -64.973642
41710, -64.973655
42680, -64.973667
43650, -64.973677
44620, -64.973684
45590, -64.973688
46560, -64.973689
47530, -64.973689
48500, -64.973687
49470, -64.973684
50440, -64.973682
51410, -30.134906
52380, 84.372062
53350, -111.243204
54320, -45.603272
55290, -61.648490
56260, -70.327099
57230, -61.500420
58200, -59.252007
59170, -55.284744
60140, -50.006770
61110, -37.468144
62080, 11.177178
63050, -35.768804
64020, -61.683662
64990, -74.754573
65960, -62.522480
66930, -62.602002
67900, -58.054123
68870, -54.579754
69840, -50.344071
70810, -42.624249
71780, -19.083804
72750, 0.246079
73720, -74.653363
74690, -67.232598
75660, -66.564287
76630, -61.663093
77600, -58.406083
78570, -54.869146
79540, -50.727742
80510, -43.424374
81480, -21.567597
82450, 3.804147
83420, -75.239116
84390, -66.962869
85360, -66.823429
86330, -61.682415
87300, -58.489011
88270, -54.934920
89240, -50.780864
90210, -43.438923
91180, -21.304806
92150, 4.212550
93120, -75.728968
94090, -66.697664
95060, -67.010731
96030, -61.664802
97000, -58.528445
97970, -54.965720
98940, -50.806499
99910, -43.449063
100880, -21.196442
101850, 4.410905
102820, -75.949259
103790, -66.578528
104760, -67.095636
105730, -61.656828
106700, -58.546713
107670, -54.980019
108640, -50.818417
109610, -43.453808
110580, -21.145994
111550, 4.503132
112520, -76.051809
113490, -66.523060
114460, -67.135283
115430, -61.653117
116400, -58.555292
117370, -54.986750
118340, -50.824079
119310, -43.456296
120280, -21.123470
121250, 4.547074
122220, -76.099415
123190, -66.497342
124160, -67.153744
125130, -61.651424
126100, -58.559321
127070, -54.989922
128040, -50.826773
129010, -43.457601
129980, -21.113522
130950, 4.568056
131920, -76.121474
132890, -66.485439
133860, -67.162316
134830, -61.650652
135800, -58.561203
136770, -54.991404
137740, -50.828033
138710, -43.458217
139680, -21.108898
140650, 4.577873
141620, -76.131770
142590, -66.479884
143560, -67.166318
144530, -61.650292
145500, -58.562083
146470, -54.992097
147440, -50.828622
148410, -43.458505
149380, -21.106737
150350, 4.582460
151320, -76.136582
152290, -66.477287
153260, -67.168189
154230, -61.650124
155200, -58.562494
156170, -54.992421
157140, -50.828897
158110, -43.458640
159080, -21.105725
160050, 4.584604
161020, -76.138831
161990, -66.476073
162960, -67.169063
163930, -61.650045
164900, -58.562686
165870, -54.992572
166840, -50.829026
167810, -43.458703
168780, -21.105252
169750, 4.585606
170720, -76.139883
171690, -66.475506
172660, -67.169472
173630, -61.650008
174600, -58.562775
175570, -54.992643
176540, -50.829086
177510, -43.458732
178480, -21.105031
179450, 4.586074
180420, -76.140375
181390, -66.475241
182360, -67.169663
183330, -61.649991
184300, -58.562817
185270, -54.992677
186240, -50.829114
187210, -43.458746
188180, -21.104927
189150, 4.586293
190120, -76.140605
191090, -66.475117
192060, -67.169752
193030, -61.649983
194000, -58.562837
194970, -54.992692
195940, -50.829127
196910, -43.458753
197880, -21.104879
198850, 4.586395
199820, -76.140712
200790, -66.475059
201760, -67.169794
202730, -61.649980
203700, -58.562846
204670, -54.992700
205640, -50.829133
206610, -43.458756
207580, -21.104856
208550, 4.586443
209520, -76.140762
210490, -66.475032
211460, -67.169813
212430, -61.649978
213400, -58.562850
214370, -54.992703
215340, -50.829135
216310, -43.458757
217280, -21.104845
218250, 4.586465
219220, -76.140785
220190, -66.475019
221160, -67.169822
222130, -61.649978
223100, -58.562851
224070, -54.992705
225040, -50.829136
226010, -43.458758
226980, -21.104840
227950, 4.586476
228920, -76.140796
229890, -66.475014
230860, -67.169826
231830, -61.649977
232800, -58.562852
233770, -54.992706
234740, -50.829137
235710, -43.458759
236680, -21.104838
237650, 4.586480
238620, -76.140801
239590, -66.475011
240560, -67.169828
241530, -61.649977
242500, -58.562852
243470, -54.992707
244440, -50.829137
245410, -43.458759
246380, -21.104836
247350, 4.586482
248320, -76.140803
249290, -66.475010
250260, -67.169829
251230, -77.662142
252200, -73.965043
253170, -73.249351
254140, -72.191920
255110, -71.075990
256080, -69.971746
257050, -68.928524
258020, -67.978271
258990, -67.138856
259960, -66.416343
260930, -65.811873
261900, -65.326984
262870, -64.957740
263840, -64.704657
264810, -64.555081
265780, -64.500203
266750, -64.523252
267720, -64.601159
268690, -64.708506
269660, -64.821764
270630, -64.922963
271600, -65.001159
272570, -65.052274
273540, -65.075943
274510, -65.078049
275480, -65.065450
276450, -65.044751
277420, -65.021367
278390, -64.999341
279360, -64.981132
280330, -64.967428
281300, -64.958651
282270, -64.954532
283240, -64.954207
284210, -64.956628
285180, -64.960627
286150, -64.965234
287120, -64.969618
288090, -64.973291
289060, -64.975937
290030, -64.977540
291000, -64.978160
291970, -64.978036
292940, -64.977370
293910, -64.976443
294880, -64.975420
295850, -64.974498
296820, -64.973733
297790, -64.973213
298760, -64.972901
299730, -64.972808
300700, -64.972848
