# hh_cnexp_0820.txt
# dt = 820 [usec]
# t [usec], V [mV]
0, -65.000000
820, -64.980539
1640, -64.965595
2460, -64.955297
3280, -64.949463
4100, -64.947525
4920, -64.948676
5740, -64.952006
6560, -64.956623
7380, -64.961735
8200, -64.966703
9020, -64.971069
9840, -64.974553
10660, -64.977037
11480, -64.978535
12300, -64.979154
13120, -64.979061
13940, -64.978451
14760, -64.977520
15580, -64.976445
16400, -64.975369
17220, -64.974401
18040, -64.973609
18860, -64.973027
19680, -64.972658
20500, -64.972484
21320, -64.972472
22140, -64.972581
22960, -64.972770
23780, -64.972998
24600, -64.973234
25420, -64.973451
26240, -64.973633
27060, -64.973772
27880, -64.973864
28700, -64.973913
29520, -64.973925
30340, -64.973909
31160, -64.973873
31980, -64.973827
32800, -64.973777
33620, -64.973730
34440, -64.973690
35260, -64.973658
36080, -64.973637
36900, -64.973624
37720, -64.973620
38540, -64.973623
39360, -64.973630
40180, -64.973640
41000, -64.973651
41820, -64.973662
42640, -64.973671
43460, -64.973679
44280, -64.973684
45100, -64.973687
45920, -64.973689
46740, -64.973689
47560, -64.973688
48380, -64.973686
49200, -64.973684
50020, -64.973681
50840, -34.348725
51660, 74.923133
52480, -65.761665
53300, -75.044446
54120, -66.115896
54940, -66.184302
55760, -62.050274
56580, -59.052203
57400, -55.773555
58220, -51.755714
59040, -44.457605
59860, -20.447067
60680, 23.823449
61500, -72.174781
62320, -70.558521
63140, -67.747706
63960, -64.890586
64780, -61.728178
65600, -58.636955
66420, -55.531327
67240, -51.921917
68060, -46.134285
68880, -30.530274
69700, 12.519036
70520, -47.378622
71340, -72.707558
72160, -66.901424
72980, -65.449869
73800, -61.844753
74620, -58.876335
75440, -55.878937
76260, -52.603519
77080, -47.930366
77900, -37.564579
78720, -5.055215
79540, -13.380120
80360, -59.113464
81180, -76.317736
82000, -63.975155
82820, -64.865480
83640, -60.672867
84460, -57.804784
85280, -54.804157
86100, -51.307507
86920, -45.714166
87740, -31.336229
88560, 6.185568
89380, -42.616428
90200, -67.193916
91020, -69.843141
91840, -64.540410
92660, -62.236798
93480, -59.032434
94300, -56.089162
95120, -52.948303
95940, -48.735362
96760, -40.243014
97580, -14.384965
98400, -0.671540
99220, -64.592881
100040, -73.747690
100860, -65.085456
101680, -64.480117
102500, -60.697606
103320, -57.766319
104140, -54.749829
104960, -51.200853
105780, -45.442245
106600, -30.287822
107420, 7.765615
108240, -46.510720
109060, -71.852347
109880, -67.049947
110700, -65.087015
111520, -61.654607
112340, -58.670185
113160, -55.698462
113980, -52.447803
114800, -47.819269
115620, -37.640531
116440, -6.305343
117260, -13.121172
118080, -59.425760
118900, -76.065914
119720, -63.998498
120540, -64.737447
121360, -60.600496
122180, -57.726876
123000, -54.727857
123820, -51.220623
124640, -45.585419
125460, -31.029413
126280, 6.298116
127100, -43.688455
127920, -68.548607
128740, -68.987505
129560, -64.693096
130380, -62.036068
131200, -58.907793
132020, -55.958465
132840, -52.793650
133660, -48.472600
134480, -39.548856
135300, -12.215023
136120, -3.741843
136940, -63.616374
137760, -74.233312
138580, -64.847328
139400, -64.527579
140220, -60.670072
141040, -57.751590
141860, -54.740947
142680, -51.203738
143500, -45.482402
144320, -30.506871
145140, 7.324178
145960, -45.678684
146780, -70.920780
147600, -67.587508
148420, -64.981179
149240, -61.757539
150060, -58.736703
150880, -55.771215
151700, -52.547593
152520, -48.012383
153340, -38.242975
154160, -8.131328
154980, -10.051838
155800, -60.875616
156620, -75.506250
157440, -64.256493
158260, -64.675119
159080, -60.621647
159900, -57.735335
160720, -54.732706
161540, -51.218466
162360, -45.561584
163180, -30.902674
164000, 6.564468
164820, -44.182454
165640, -69.149630
166460, -68.630423
167280, -64.768805
168100, -61.964479
168920, -58.865043
169740, -55.911991
170560, -52.732694
171380, -48.361086
172200, -39.235072
173020, -11.215170
173840, -5.194414
174660, -63.050007
175480, -74.513949
176300, -64.716318
177120, -64.560054
177940, -60.659314
178760, -57.747737
179580, -54.739695
180400, -51.208150
181220, -45.504922
182040, -30.615136
182860, 7.122991
183680, -45.272586
184500, -70.450283
185320, -67.862830
186140, -64.926999
186960, -61.811544
187780, -58.771358
188600, -55.808775
189420, -52.598088
190240, -48.107867
191060, -38.517786
191880, -8.967303
192700, -8.673507
193520, -61.520495
194340, -75.227759
195160, -64.385142
195980, -64.643507
196800, -60.632029
197620, -57.739268
198440, -54.734678
199260, -51.216467
200080, -45.547157
200900, -30.829348
201720, 6.711804
202540, -44.463627
203360, -69.486195
204180, -68.430789
205000, -64.810286
205820, -61.924531
206640, -58.840458
207460, -55.885476
208280, -52.697742
209100, -48.296575
209920, -39.052318
210740, -10.642982
211560, -6.063277
212380, -62.685166
213200, -74.689177
214020, -64.634495
214840, -64.580009
215660, -60.652434
216480, -57.745059
217300, -54.738443
218120, -51.209864
218940, -45.516010
219760, -30.670736
220580, 7.015025
221400, -45.062361
222220, -70.208069
223040, -68.005322
223860, -64.898692
224680, -61.839724
225500, -58.789297
226320, -55.828227
227140, -52.624181
227960, -48.157062
228780, -38.659174
229600, -9.405493
230420, -7.974637
231240, -61.838497
232060, -75.086000
232880, -64.450732
233700, -64.627311
234520, -60.637313
235340, -57.741256
236160, -54.735670
236980, -51.215433
237800, -45.539780
238620, -30.791884
239440, 6.786587
240260, -44.607086
241080, -69.658881
241900, -68.328845
242720, -64.831470
243540, -61.904327
244360, -58.827987
245180, -55.872019
246000, -52.679957
246820, -48.263629
247640, -38.958764
248460, -10.349732
249280, -6.512235
250100, -62.490641
250920, -83.484145
251740, -72.825561
252560, -75.717667
253380, -74.400236
254200, -73.644182
255020, -72.774405
255840, -71.846696
256660, -70.899610
257480, -69.967974
258300, -69.079847
259120, -68.254965
259940, -67.505249
260760, -66.837380
261580, -66.255137
262400, -65.757835
263220, -65.345682
264040, -65.017575
264860, -64.775404
265680, -64.610688
266500, -64.519549
267320, -64.494376
268140, -64.523174
268960, -64.590997
269780, -64.681617
270600, -64.779868
271420, -64.873164
272240, -64.952755
273060, -65.013686
273880, -65.054201
274700, -65.074787
275520, -65.079183
276340, -65.071633
277160, -65.056441
277980, -65.037309
278800, -65.017351
279620, -64.998760
280440, -64.983033
281260, -64.970488
282080, -64.961574
282900, -64.956179
283720, -64.953976
284540, -64.954308
285360, -64.956535
286180, -64.959892
287000, -64.963800
287820, -64.967674
288640, -64.971185
289460, -64.974023
290280, -64.976129
291100, -64.977432
291920, -64.978060
292740, -64.978074
293560, -64.977682
294380, -64.976977
295200, -64.976160
296020, -64.975290
296840, -64.974518
297660, -64.973843
298480, -64.973358
299300, -64.973010
300120, -64.972849
