# hh_cnexp_0840.txt
# dt = 840 [usec]
# t [usec], V [mV]
0, -65.000000
840, -64.980169
1680, -64.965051
2520, -64.954788
3360, -64.949162
4200, -64.947540
5040, -64.949042
5880, -64.952695
6720, -64.957553
7560, -64.962794
8400, -64.967772
9240, -64.972038
10080, -64.975337
10920, -64.977583
11760, -64.978821
12600, -64.979191
13440, -64.978886
14280, -64.978115
15120, -64.977084
15960, -64.975968
16800, -64.974906
17640, -64.973994
18480, -64.973287
19320, -64.972806
20160, -64.972539
21000, -64.972459
21840, -64.972525
22680, -64.972691
23520, -64.972914
24360, -64.973156
25200, -64.973387
26040, -64.973585
26880, -64.973740
27720, -64.973846
28560, -64.973906
29400, -64.973926
30240, -64.973914
31080, -64.973880
31920, -64.973833
32760, -64.973782
33600, -64.973734
34440, -64.973692
35280, -64.973659
36120, -64.973637
36960, -64.973624
37800, -64.973620
38640, -64.973623
39480, -64.973631
40320, -64.973641
41160, -64.973652
42000, -64.973663
42840, -64.973673
43680, -64.973680
44520, -64.973685
45360, -64.973688
46200, -64.973689
47040, -64.973689
47880, -64.973687
48720, -64.973685
49560, -64.973683
50400, -64.973681
51240, -33.767583
52080, 77.000628
52920, -73.057320
53760, -70.584426
54600, -68.308477
55440, -65.167053
56280, -61.983299
57120, -58.718204
57960, -55.310253
58800, -50.949093
59640, -42.242063
60480, -10.888526
61320, 13.933129
62160, -74.059912
63000, -69.332411
63840, -68.189243
64680, -64.446635
65520, -61.460364
66360, -58.267345
67200, -55.081619
68040, -51.274808
68880, -44.741182
69720, -25.679372
70560, 14.616017
71400, -62.999929
72240, -75.213813
73080, -64.690985
73920, -64.941132
74760, -60.752875
75600, -57.779711
76440, -54.632438
77280, -50.817773
78120, -44.174947
78960, -24.897567
79800, 11.904594
80640, -63.187550
81480, -74.901016
82320, -64.674478
83160, -64.735714
84000, -60.624708
84840, -57.644763
85680, -54.507071
86520, -50.685536
87360, -43.998602
88200, -24.619700
89040, 11.128994
89880, -63.283605
90720, -74.792354
91560, -64.678970
92400, -64.677271
93240, -60.588609
94080, -57.609100
94920, -54.471556
95760, -50.650870
96600, -43.950112
97440, -24.541626
98280, 10.923518
99120, -63.318078
99960, -74.758163
100800, -64.683193
101640, -64.659875
102480, -60.580328
103320, -57.598337
104160, -54.463351
105000, -50.640348
105840, -43.938377
106680, -24.519280
107520, 10.867536
108360, -63.325955
109200, -74.750288
110040, -64.683028
110880, -64.656468
111720, -60.576829
112560, -57.596703
113400, -54.459874
114240, -50.638772
115080, -43.933925
115920, -24.514413
116760, 10.853760
117600, -63.329539
118440, -74.746805
119280, -64.684296
120120, -64.654275
120960, -60.577156
121800, -57.595001
122640, -54.460204
123480, -50.637085
124320, -43.933992
125160, -24.511833
126000, 10.848804
126840, -63.329257
127680, -74.747124
128520, -64.683378
129360, -64.654948
130200, -60.575982
131040, -57.595807
131880, -54.459030
132720, -50.637895
133560, -43.932747
134400, -24.512403
135240, 10.848739
136080, -63.330445
136920, -74.745946
137760, -64.684395
138600, -64.653866
139440, -60.576929
140280, -57.594762
141120, -54.459977
141960, -50.636851
142800, -43.933675
143640, -24.511294
144480, 10.847460
145320, -63.329503
146160, -74.746892
147000, -64.683406
147840, -64.654838
148680, -60.575922
149520, -57.595742
150360, -54.458970
151200, -50.637832
152040, -43.932663
152880, -24.512257
153720, 10.848378
154560, -63.330511
155400, -74.745885
156240, -64.684401
157080, -64.653838
157920, -60.576912
158760, -57.594745
159600, -54.459960
160440, -50.636835
161280, -43.933652
162120, -24.511256
162960, 10.847364
163800, -63.329521
164640, -74.746874
165480, -64.683409
166320, -64.654829
167160, -60.575918
168000, -57.595737
168840, -54.458967
169680, -50.637827
170520, -43.932658
171360, -24.512246
172200, 10.848351
173040, -63.330515
173880, -74.745881
174720, -64.684401
175560, -64.653836
176400, -60.576910
177240, -57.594745
178080, -54.459959
178920, -50.636834
179760, -43.933649
180600, -24.511254
181440, 10.847358
182280, -63.329523
183120, -74.746873
183960, -64.683410
184800, -64.654828
185640, -60.575918
186480, -57.595736
187320, -54.458967
188160, -50.637826
189000, -43.932658
189840, -24.512245
190680, 10.848349
191520, -63.330515
192360, -74.745881
193200, -64.684401
194040, -64.653837
194880, -60.576910
195720, -57.594745
196560, -54.459958
197400, -50.636835
198240, -43.933649
199080, -24.511254
199920, 10.847358
200760, -63.329524
201600, -74.746872
202440, -64.683410
203280, -64.654827
204120, -60.575919
204960, -57.595736
205800, -54.458968
206640, -50.637825
207480, -43.932658
208320, -24.512244
209160, 10.848348
210000, -63.330514
210840, -74.745882
211680, -64.684400
212520, -64.653837
213360, -60.576909
214200, -57.594746
215040, -54.459957
215880, -50.636835
216720, -43.933648
217560, -24.511255
218400, 10.847358
219240, -63.329525
220080, -74.746871
220920, -64.683411
221760, -64.654827
222600, -60.575920
223440, -57.595735
224280, -54.458968
225120, -50.637824
225960, -43.932659
226800, -24.512244
227640, 10.848347
228480, -63.330513
229320, -74.745883
230160, -64.684400
231000, -64.653838
231840, -60.576908
232680, -57.594746
233520, -54.459957
234360, -50.636836
235200, -43.933647
236040, -24.511255
236880, 10.847359
237720, -63.329525
238560, -74.746871
239400, -64.683411
240240, -64.654826
241080, -60.575920
241920, -57.595734
242760, -54.458969
243600, -50.637824
244440, -43.932660
245280, -24.512243
246120, 10.848347
246960, -63.330513
247800, -74.745883
248640, -64.684399
249480, -64.653838
250320, -60.576908
251160, -75.358734
252000, -73.891536
252840, -72.982357
253680, -72.034620
254520, -71.064177
255360, -70.105788
256200, -69.190206
257040, -68.339645
257880, -67.567958
258720, -66.882453
259560, -66.287136
260400, -65.780389
261240, -65.362954
262080, -65.032604
262920, -64.790886
263760, -64.628916
264600, -64.541631
265440, -64.520319
266280, -64.552131
267120, -64.621229
267960, -64.711087
268800, -64.806426
269640, -64.895153
270480, -64.969022
271320, -65.023894
272160, -65.058258
273000, -65.073738
273840, -65.074240
274680, -65.064215
275520, -65.047789
276360, -65.028616
277200, -65.009455
278040, -64.992346
278880, -64.978218
279720, -64.967523
280560, -64.960387
281400, -64.956644
282240, -64.955729
283080, -64.957031
283920, -64.959774
284760, -64.963332
285600, -64.967065
286440, -64.970579
287280, -64.973514
288120, -64.975761
288960, -64.977215
289800, -64.977979
290640, -64.978106
291480, -64.977795
292320, -64.977144
293160, -64.976356
294000, -64.975498
294840, -64.974724
295680, -64.974041
296520, -64.973543
297360, -64.973182
298200, -64.973006
299040, -64.972936
299880, -64.972996
300720, -64.973098
