# ./result/hh_cnexp_0470.txt
# dt = 470 [usec]
# t [usec], V [mV]
0, -65.000000
470, -64.989189
940, -64.979761
1410, -64.971593
1880, -64.964729
2350, -64.959187
2820, -64.954945
3290, -64.951941
3760, -64.950085
4230, -64.949263
4700, -64.949345
5170, -64.950192
5640, -64.951661
6110, -64.953611
6580, -64.955907
7050, -64.958421
7520, -64.961041
7990, -64.963664
8460, -64.966207
8930, -64.968600
9400, -64.970789
9870, -64.972734
10340, -64.974410
10810, -64.975804
11280, -64.976915
11750, -64.977750
12220, -64.978324
12690, -64.978660
13160, -64.978783
13630, -64.978721
14100, -64.978505
14570, -64.978165
15040, -64.977732
15510, -64.977234
15980, -64.976696
16450, -64.976142
16920, -64.975592
17390, -64.975064
17860, -64.974570
18330, -64.974123
18800, -64.973728
19270, -64.973392
19740, -64.973115
20210, -64.972897
20680, -64.972738
21150, -64.972632
21620, -64.972575
22090, -64.972562
22560, -64.972586
23030, -64.972641
23500, -64.972720
23970, -64.972818
24440, -64.972928
24910, -64.973045
25380, -64.973164
25850, -64.973281
26320, -64.973392
26790, -64.973496
27260, -64.973589
27730, -64.973670
28200, -64.973739
28670, -64.973796
29140, -64.973839
29610, -64.973871
30080, -64.973891
30550, -64.973902
31020, -64.973903
31490, -64.973896
31960, -64.973884
32430, -64.973867
32900, -64.973846
33370, -64.973822
33840, -64.973798
34310, -64.973773
34780, -64.973749
35250, -64.973726
35720, -64.973705
36190, -64.973686
36660, -64.973670
37130, -64.973656
37600, -64.973645
38070, -64.973637
38540, -64.973631
39010, -64.973628
39480, -64.973627
39950, -64.973627
40420, -64.973629
40890, -64.973632
41360, -64.973636
41830, -64.973641
42300, -64.973646
42770, -64.973652
43240, -64.973657
43710, -64.973662
44180, -64.973667
44650, -64.973672
45120, -64.973675
45590, -64.973679
46060, -64.973682
46530, -64.973684
47000, -64.973686
47470, -64.973687
47940, -64.973688
48410, -64.973688
48880, -64.973688
49350, -64.973687
49820, -64.973687
50290, -53.633339
50760, -40.131547
51230, 1.084660
51700, 36.462791
52170, 19.875695
52640, -5.542604
53110, -26.372845
53580, -43.071558
54050, -59.235958
54520, -70.462199
54990, -72.275572
55460, -71.813347
55930, -70.816486
56400, -69.596243
56870, -68.230584
57340, -66.760168
57810, -65.222269
58280, -63.653626
58750, -62.084710
59220, -60.533530
59690, -58.994407
60160, -57.439727
60630, -55.792818
61100, -53.917197
61570, -51.515931
62040, -47.839437
62510, -40.697336
62980, -23.540921
63450, 4.540701
63920, 5.133111
64390, -15.799220
64860, -34.882960
65330, -50.703901
65800, -65.248500
66270, -70.963494
66740, -71.352584
67210, -70.537196
67680, -69.351273
68150, -67.985852
68620, -66.510499
69090, -64.971192
69560, -63.408280
70030, -61.852430
70500, -60.321802
70970, -58.811943
71440, -57.294661
71910, -55.704329
72380, -53.917806
72850, -51.686271
73320, -48.405001
73790, -42.394861
74260, -28.625344
74730, -2.235073
75200, 6.278662
75670, -12.412384
76140, -32.129953
76610, -48.144277
77080, -63.117483
77550, -70.479999
78020, -71.304033
78490, -70.593464
78960, -69.441615
79430, -68.091714
79900, -66.624874
80370, -65.090074
80840, -63.528689
81310, -61.972871
81780, -60.442919
82250, -58.935343
82720, -57.427102
83190, -55.854599
83660, -54.108341
84130, -51.959178
84600, -48.879783
85070, -43.418593
85540, -31.203616
86010, -5.968441
86480, 7.101921
86950, -9.749348
87420, -29.930155
87890, -46.217049
88360, -61.419995
88830, -70.092256
89300, -71.314810
89770, -70.700057
90240, -69.582192
90710, -68.250090
91180, -66.793959
91650, -65.264863
92120, -63.704610
92590, -62.147215
93060, -60.613918
93530, -59.105065
94000, -57.599777
94470, -56.039921
94940, -54.325946
95410, -52.241703
95880, -49.315003
96350, -44.266008
96820, -33.232441
97290, -9.244508
97760, 7.507337
98230, -7.289287
98700, -27.839714
99170, -44.448075
99640, -59.783712
100110, -69.652940
100580, -71.315115
101050, -70.803157
101520, -69.720536
101990, -68.406665
102460, -66.961633
102930, -65.438639
103400, -63.879898
103870, -62.321125
104340, -60.784229
104810, -59.273744
105280, -57.769188
105750, -56.220285
106220, -54.529170
106690, -52.500658
107160, -49.704235
107630, -45.003301
108100, -34.976518
108570, -12.399394
109040, 7.409543
109510, -4.981160
109980, -25.789996
110450, -42.758029
110920, -58.170839
111390, -69.127365
111860, -71.292617
112330, -70.895319
112800, -69.850005
113270, -68.554691
113740, -67.120897
114210, -65.604095
114680, -64.047366
115150, -62.487458
115620, -60.947469
116090, -59.435521
116560, -57.931624
117030, -56.392796
117500, -54.722888
117970, -52.746136
118440, -50.070624
118910, -45.687050
119380, -36.556557
119850, -15.525331
120320, 6.818218
120790, -2.723544
121260, -23.670210
121730, -41.044913
122200, -56.510324
122670, -68.470984
123140, -71.242699
123610, -70.981297
124080, -69.978029
124550, -68.702763
125020, -67.280999
125490, -65.770952
125960, -64.216754
126430, -62.655504
126900, -61.112797
127370, -59.598056
127840, -58.094928
128310, -56.563325
128780, -54.913710
129250, -52.986898
129720, -50.427587
130190, -46.323580
130660, -38.002782
131130, -18.596136
131600, 5.701614
132070, -0.538671
132540, -21.460366
133010, -39.285352
133480, -54.800736
133950, -67.659502
134420, -71.160260
134890, -71.060856
135360, -70.105360
135830, -68.851916
136300, -67.443141
136770, -65.940559
137240, -64.389434
137710, -62.827250
138180, -61.282021
138650, -59.763844
139120, -58.261442
139590, -56.735013
140060, -55.105101
140530, -53.221522
141000, -50.755872
141470, -46.899035
141940, -39.286966
142410, -21.461650
142880, 4.141095
143350, 1.477084
143820, -19.224979
144290, -37.520591
144760, -53.104268
145230, -66.707936
145700, -71.045052
146170, -71.132477
146640, -70.229730
147110, -68.999448
147580, -67.604321
148050, -66.109746
148520, -64.561943
148990, -62.999352
149460, -61.451932
149930, -59.930499
150400, -58.428704
150870, -56.907192
151340, -55.296287
151810, -53.450052
152280, -51.071371
152750, -47.440637
153220, -40.454308
153690, -24.155226
154160, 2.156066
154630, 3.310419
155100, -16.933672
155570, -35.715147
156040, -51.399931
156510, -65.599772
156980, -70.890080
157450, -71.195885
157920, -70.352290
158390, -69.146926
158860, -67.766233
159330, -66.280371
159800, -64.736361
160270, -63.173860
160740, -61.623336
161210, -60.099019
161680, -58.596277
162150, -57.079675
162620, -55.484563
163090, -53.673932
163560, -51.378642
164030, -47.944551
164500, -41.525822
164970, -26.687745
165440, -0.245658
165910, 4.906273
166380, -14.577510
166850, -33.849231
167320, -49.678863
167790, -64.336243
168260, -70.687121
168730, -71.249184
169200, -70.472262
169670, -69.293763
170140, -67.928370
170610, -66.451857
171080, -64.912210
171550, -63.350243
172020, -61.796947
172490, -60.269864
172960, -58.764929
173430, -57.253016
173900, -55.670027
174370, -53.893135
174840, -51.677583
175310, -48.431653
175780, -42.520618
176250, -29.063026
176720, -3.013223
177190, 6.199095
177660, -12.158314
178130, -31.906395
178600, -47.937157
179070, -62.925331
179540, -70.424300
180010, -71.290051
180480, -70.589145
180950, -69.439843
181420, -68.090715
181890, -66.624160
182360, -65.089521
182830, -63.528298
183300, -61.972708
183770, -60.443106
184240, -58.936080
184710, -57.428714
185180, -55.857634
185650, -54.113932
186120, -51.969553
186590, -48.901530
187060, -43.471398
187530, -31.347107
188000, -6.215294
188470, 7.105797
188940, -9.606280
189410, -29.807166
189880, -46.110779
190350, -61.322126
190820, -70.066096
191290, -71.313113
191760, -70.704106
192230, -69.588123
192700, -68.256922
193170, -66.801311
193640, -65.272496
194110, -63.712321
194580, -62.154886
195050, -60.621469
195520, -59.112615
195990, -57.607471
196460, -56.048292
196930, -54.335651
197400, -52.254505
197870, -49.334959
198340, -44.305009
198810, -33.326021
199280, -9.408600
199750, 7.510531
200220, -7.171302
200690, -27.736755
201160, -44.362663
201630, -59.702996
202100, -69.628552
202570, -71.314288
203040, -70.807760
203510, -69.726936
203980, -68.413965
204450, -66.969475
204920, -65.446783
205390, -63.888127
205860, -62.329301
206330, -60.792245
206800, -59.281686
207270, -57.777169
207740, -56.228778
208210, -54.538737
208680, -52.512835
209150, -49.722508
209620, -45.037886
210090, -35.056158
210560, -12.550396
211030, 7.393680
211500, -4.870309
211970, -25.689168
212440, -42.675899
212910, -58.091192
213380, -69.099056
213850, -71.290918
214320, -70.899616
214790, -69.856205
215260, -68.561818
215730, -67.128584
216200, -65.612093
216670, -64.055474
217140, -62.495493
217610, -60.955369
218080, -59.443359
218550, -57.939499
219020, -56.401154
219490, -54.732262
219960, -52.757983
220430, -50.088244
220900, -45.718546
221370, -36.629270
221840, -15.675317
222310, 6.776408
222780, -2.616780
223250, -23.566246
223720, -40.961665
224190, -56.429356
224660, -68.435742
225130, -71.239485
225600, -70.985214
226070, -69.984095
226540, -68.709829
227010, -67.288661
227480, -65.778953
227950, -64.224889
228420, -62.663586
228890, -61.120755
229360, -59.605850
229830, -58.102761
230300, -56.571410
230770, -54.922742
231240, -52.998277
231710, -50.444412
232180, -46.353518
232650, -38.069836
233120, -18.742050
233590, 5.636507
234060, -0.434598
234530, -21.350677
235000, -39.198445
235470, -54.716809
235940, -67.615525
236410, -71.155358
236880, -71.064644
237350, -70.111655
237820, -68.859334
238290, -67.451225
238760, -65.949030
239230, -64.398071
239700, -62.835850
240170, -61.290500
240640, -59.772153
241110, -58.269779
241580, -56.743597
242050, -55.114642
242520, -53.232941
242990, -50.771666
243460, -46.926520
243930, -39.348285
244400, -21.601482
244870, 4.050723
245340, 1.573772
245810, -19.111509
246280, -37.430891
246750, -53.018915
247220, -66.657069
247690, -71.038541
248160, -71.135963
248630, -70.235985
249100, -69.006902
249570, -67.612478
250040, -66.118325
250510, -70.933488
250980, -72.675290
251450, -73.190841
251920, -73.181736
252390, -72.925764
252860, -72.542434
253330, -72.088866
253800, -71.596111
254270, -71.082974
254740, -70.562550
255210, -70.044022
255680, -69.534899
256150, -69.040170
256620, -68.564579
257090, -68.110463
257560, -67.680748
258030, -67.276288
258500, -66.898443
258970, -66.548152
259440, -66.224758
259910, -65.929362
260380, -65.662283
260850, -65.422112
261320, -65.209457
261790, -65.024887
262260, -64.868642
262730, -64.738716
263200, -64.634421
263670, -64.555204
264140, -64.500110
264610, -64.467709
265080, -64.456111
265550, -64.463009
266020, -64.485765
266490, -64.521505
266960, -64.567246
267430, -64.620013
267900, -64.676966
268370, -64.735496
268840, -64.793309
269310, -64.848481
269780, -64.899486
270250, -64.945195
270720, -64.984859
271190, -65.018077
271660, -65.044502
272130, -65.064178
272600, -65.077582
273070, -65.085347
273540, -65.088189
274010, -65.086862
274480, -65.082126
274950, -65.074721
275420, -65.065342
275890, -65.054631
276360, -65.043158
276830, -65.031424
277300, -65.019850
277770, -65.008784
278240, -64.998498
278710, -64.989173
279180, -64.980839
279650, -64.973593
280120, -64.967497
280590, -64.962566
281060, -64.958780
281530, -64.956082
282000, -64.954392
282470, -64.953610
282940, -64.953621
283410, -64.954303
283880, -64.955530
284350, -64.957179
284820, -64.959131
285290, -64.961276
285760, -64.963513
286230, -64.965756
286700, -64.967930
287170, -64.969975
287640, -64.971844
288110, -64.973501
288580, -64.974926
289050, -64.976108
289520, -64.977043
289990, -64.977741
290460, -64.978213
290930, -64.978478
291400, -64.978559
291870, -64.978481
292340, -64.978270
292810, -64.977953
293280, -64.977555
293750, -64.977101
294220, -64.976615
294690, -64.976115
295160, -64.975620
295630, -64.975145
296100, -64.974701
296570, -64.974298
297040, -64.973941
297510, -64.973636
297980, -64.973383
298450, -64.973183
298920, -64.973034
299390, -64.972932
299860, -64.972874
300330, -64.972854
