# hh_cnexp_0060.txt
# dt = 60 [usec]
# t [usec], V [mV]
0, -65.000000
60, -64.998252
120, -64.996562
180, -64.994923
240, -64.993327
300, -64.991769
360, -64.990246
420, -64.988756
480, -64.987295
540, -64.985864
600, -64.984460
660, -64.983084
720, -64.981734
780, -64.980411
840, -64.979114
900, -64.977844
960, -64.976600
1020, -64.975383
1080, -64.974191
1140, -64.973027
1200, -64.971889
1260, -64.970777
1320, -64.969693
1380, -64.968635
1440, -64.967604
1500, -64.966600
1560, -64.965623
1620, -64.964672
1680, -64.963749
1740, -64.962853
1800, -64.961983
1860, -64.961140
1920, -64.960325
1980, -64.959535
2040, -64.958773
2100, -64.958037
2160, -64.957327
2220, -64.956644
2280, -64.955987
2339, -64.955355
2399, -64.954750
2459, -64.954170
2519, -64.953615
2579, -64.953086
2639, -64.952582
2699, -64.952102
2759, -64.951647
2819, -64.951216
2879, -64.950809
2939, -64.950426
2999, -64.950067
3059, -64.949730
3119, -64.949417
3179, -64.949125
3239, -64.948856
3299, -64.948610
3359, -64.948384
3419, -64.948180
3479, -64.947997
3539, -64.947834
3599, -64.947692
3659, -64.947569
3719, -64.947466
3779, -64.947382
3839, -64.947317
3899, -64.947270
3959, -64.947241
4019, -64.947230
4079, -64.947236
4139, -64.947259
4199, -64.947298
4259, -64.947354
4319, -64.947425
4379, -64.947511
4439, -64.947613
4499, -64.947728
4559, -64.947858
4619, -64.948002
4679, -64.948159
4739, -64.948328
4799, -64.948511
4859, -64.948705
4919, -64.948911
4979, -64.949128
5039, -64.949357
5099, -64.949596
5159, -64.949845
5219, -64.950103
5279, -64.950372
5340, -64.950649
5400, -64.950934
5460, -64.951228
5520, -64.951530
5580, -64.951839
5640, -64.952156
5700, -64.952479
5760, -64.952809
5820, -64.953144
5880, -64.953486
5940, -64.953832
6000, -64.954184
6060, -64.954540
6120, -64.954901
6180, -64.955265
6240, -64.955634
6300, -64.956005
6360, -64.956380
6420, -64.956757
6480, -64.957137
6540, -64.957519
6600, -64.957903
6660, -64.958288
6720, -64.958675
6780, -64.959062
6840, -64.959450
6900, -64.959839
6960, -64.960227
7020, -64.960616
7080, -64.961004
7140, -64.961392
7200, -64.961779
7260, -64.962165
7320, -64.962550
7380, -64.962933
7440, -64.963314
7500, -64.963693
7560, -64.964071
7620, -64.964446
7680, -64.964818
7740, -64.965188
7800, -64.965555
7860, -64.965919
7920, -64.966279
7980, -64.966636
8040, -64.966990
8100, -64.967340
8160, -64.967686
8220, -64.968029
8280, -64.968367
8340, -64.968701
8400, -64.969030
8460, -64.969355
8520, -64.969676
8580, -64.969991
8640, -64.970303
8700, -64.970609
8760, -64.970910
8820, -64.971206
8880, -64.971497
8940, -64.971783
9000, -64.972064
9059, -64.972339
9119, -64.972609
9179, -64.972873
9239, -64.973132
9299, -64.973386
9359, -64.973633
9419, -64.973876
9479, -64.974112
9539, -64.974343
9599, -64.974569
9659, -64.974788
9719, -64.975002
9779, -64.975210
9839, -64.975413
9899, -64.975609
9959, -64.975800
10019, -64.975985
10079, -64.976165
10139, -64.976339
10199, -64.976507
10259, -64.976669
10319, -64.976826
10379, -64.976978
10439, -64.977123
10499, -64.977263
10559, -64.977398
10619, -64.977527
10679, -64.977650
10739, -64.977769
10799, -64.977882
10859, -64.977989
10919, -64.978092
10979, -64.978189
11039, -64.978281
11099, -64.978367
11159, -64.978449
11219, -64.978526
11279, -64.978598
11339, -64.978665
11399, -64.978728
11459, -64.978785
11519, -64.978838
11579, -64.978887
11639, -64.978931
11699, -64.978970
11759, -64.979005
11819, -64.979036
11879, -64.979063
11939, -64.979085
11999, -64.979104
12059, -64.979119
12119, -64.979129
12179, -64.979136
12239, -64.979139
12299, -64.979139
12359, -64.979135
12419, -64.979127
12479, -64.979116
12539, -64.979102
12599, -64.979085
12659, -64.979064
12719, -64.979041
12779, -64.979014
12839, -64.978984
12899, -64.978952
12959, -64.978917
13019, -64.978880
13079, -64.978839
13139, -64.978797
13199, -64.978752
13259, -64.978705
13319, -64.978655
13379, -64.978603
13439, -64.978550
13499, -64.978494
13559, -64.978436
13619, -64.978377
13679, -64.978316
13739, -64.978253
13799, -64.978189
13859, -64.978123
13919, -64.978056
13979, -64.977987
14039, -64.977917
14099, -64.977846
14159, -64.977774
14219, -64.977701
14279, -64.977627
14339, -64.977552
14399, -64.977476
14459, -64.977399
14519, -64.977321
14579, -64.977243
14639, -64.977165
14699, -64.977086
14759, -64.977006
14819, -64.976926
14879, -64.976846
14939, -64.976765
14999, -64.976684
15059, -64.976603
15119, -64.976522
15179, -64.976441
15239, -64.976360
15299, -64.976279
15359, -64.976198
15419, -64.976118
15479, -64.976037
15539, -64.975957
15599, -64.975877
15659, -64.975797
15719, -64.975718
15779, -64.975639
15839, -64.975561
15899, -64.975483
15959, -64.975406
16019, -64.975330
16079, -64.975254
16139, -64.975178
16199, -64.975104
16259, -64.975030
16319, -64.974957
16379, -64.974885
16439, -64.974813
16499, -64.974743
16559, -64.974673
16619, -64.974604
16679, -64.974536
16739, -64.974469
16799, -64.974403
16859, -64.974338
16919, -64.974274
16979, -64.974211
17039, -64.974150
17099, -64.974089
17159, -64.974029
17219, -64.973970
17279, -64.973913
17339, -64.973856
17399, -64.973801
17459, -64.973747
17519, -64.973694
17579, -64.973642
17639, -64.973592
17699, -64.973542
17759, -64.973494
17819, -64.973447
17879, -64.973401
17939, -64.973356
17999, -64.973313
18059, -64.973270
18119, -64.973229
18179, -64.973189
18239, -64.973151
18299, -64.973113
18359, -64.973077
18419, -64.973042
18479, -64.973008
18539, -64.972975
18599, -64.972943
18659, -64.972913
18719, -64.972883
18779, -64.972855
18839, -64.972828
18899, -64.972803
18959, -64.972778
19019, -64.972754
19079, -64.972732
19139, -64.972710
19199, -64.972690
19259, -64.972671
19319, -64.972653
19379, -64.972636
19439, -64.972620
19499, -64.972605
19559, -64.972591
19619, -64.972578
19679, -64.972566
19739, -64.972555
19799, -64.972544
19859, -64.972535
19919, -64.972527
19980, -64.972520
20040, -64.972513
20100, -64.972508
20160, -64.972503
20220, -64.972500
20280, -64.972497
20340, -64.972494
20400, -64.972493
20460, -64.972493
20520, -64.972493
20580, -64.972494
20640, -64.972495
20700, -64.972498
20760, -64.972501
20820, -64.972505
20880, -64.972509
20940, -64.972514
21000, -64.972520
21060, -64.972526
21120, -64.972533
21180, -64.972541
21240, -64.972549
21300, -64.972557
21360, -64.972566
21420, -64.972576
21480, -64.972586
21540, -64.972596
21600, -64.972607
21660, -64.972619
21720, -64.972631
21780, -64.972643
21840, -64.972656
21900, -64.972669
21960, -64.972682
22020, -64.972696
22080, -64.972709
22140, -64.972724
22200, -64.972738
22260, -64.972753
22320, -64.972768
22380, -64.972784
22440, -64.972799
22500, -64.972815
22560, -64.972831
22620, -64.972847
22680, -64.972863
22740, -64.972880
22800, -64.972896
22860, -64.972913
22920, -64.972930
22980, -64.972947
23040, -64.972964
23100, -64.972981
23160, -64.972998
23220, -64.973015
23280, -64.973032
23340, -64.973049
23400, -64.973067
23460, -64.973084
23520, -64.973101
23580, -64.973118
23640, -64.973135
23700, -64.973153
23760, -64.973170
23820, -64.973187
23880, -64.973203
23940, -64.973220
24000, -64.973237
24060, -64.973254
24120, -64.973270
24180, -64.973287
24240, -64.973303
24300, -64.973319
24360, -64.973335
24420, -64.973351
24480, -64.973367
24540, -64.973382
24600, -64.973398
24660, -64.973413
24720, -64.973428
24780, -64.973443
24840, -64.973457
24900, -64.973472
24960, -64.973486
25020, -64.973500
25080, -64.973514
25140, -64.973528
25200, -64.973541
25260, -64.973554
25320, -64.973567
25380, -64.973580
25440, -64.973593
25500, -64.973605
25560, -64.973617
25620, -64.973629
25680, -64.973640
25740, -64.973652
25800, -64.973663
25860, -64.973674
25920, -64.973684
25980, -64.973694
26040, -64.973705
26100, -64.973714
26160, -64.973724
26220, -64.973733
26280, -64.973742
26340, -64.973751
26400, -64.973760
26460, -64.973768
26520, -64.973776
26580, -64.973784
26640, -64.973792
26700, -64.973799
26760, -64.973806
26820, -64.973813
26880, -64.973819
26940, -64.973826
27000, -64.973832
27060, -64.973838
27120, -64.973843
27180, -64.973849
27240, -64.973854
27300, -64.973859
27360, -64.973863
27420, -64.973868
27480, -64.973872
27540, -64.973876
27600, -64.973880
27660, -64.973883
27720, -64.973886
27780, -64.973890
27840, -64.973892
27900, -64.973895
27960, -64.973898
28020, -64.973900
28080, -64.973902
28140, -64.973904
28200, -64.973906
28260, -64.973907
28320, -64.973908
28380, -64.973909
28440, -64.973910
28500, -64.973911
28560, -64.973912
28620, -64.973912
28680, -64.973912
28740, -64.973913
28800, -64.973912
28860, -64.973912
28920, -64.973912
28980, -64.973911
29040, -64.973911
29100, -64.973910
29160, -64.973909
29220, -64.973908
29280, -64.973907
29340, -64.973905
29400, -64.973904
29460, -64.973902
29520, -64.973901
29580, -64.973899
29640, -64.973897
29700, -64.973895
29760, -64.973893
29820, -64.973891
29880, -64.973888
29940, -64.973886
30000, -64.973884
30060, -64.973881
30120, -64.973878
30180, -64.973876
30240, -64.973873
30300, -64.973870
30360, -64.973867
30420, -64.973864
30480, -64.973861
30540, -64.973858
30600, -64.973855
30660, -64.973852
30720, -64.973849
30780, -64.973845
30840, -64.973842
30900, -64.973839
30960, -64.973835
31020, -64.973832
31080, -64.973829
31140, -64.973825
31200, -64.973822
31260, -64.973818
31320, -64.973815
31380, -64.973811
31440, -64.973808
31500, -64.973804
31560, -64.973801
31620, -64.973797
31680, -64.973794
31740, -64.973790
31800, -64.973786
31860, -64.973783
31920, -64.973779
31980, -64.973776
32040, -64.973772
32100, -64.973769
32160, -64.973765
32220, -64.973762
32280, -64.973759
32340, -64.973755
32400, -64.973752
32460, -64.973748
32520, -64.973745
32580, -64.973742
32640, -64.973739
32700, -64.973735
32760, -64.973732
32820, -64.973729
32880, -64.973726
32940, -64.973723
33000, -64.973720
33060, -64.973717
33120, -64.973714
33180, -64.973711
33240, -64.973708
33300, -64.973705
33360, -64.973702
33420, -64.973699
33480, -64.973697
33540, -64.973694
33600, -64.973691
33660, -64.973689
33720, -64.973686
33780, -64.973684
33840, -64.973681
33900, -64.973679
33960, -64.973677
34020, -64.973674
34080, -64.973672
34140, -64.973670
34200, -64.973668
34260, -64.973666
34320, -64.973664
34380, -64.973662
34440, -64.973660
34500, -64.973658
34560, -64.973656
34620, -64.973654
34680, -64.973653
34740, -64.973651
34800, -64.973649
34860, -64.973648
34920, -64.973646
34980, -64.973645
35040, -64.973644
35100, -64.973642
35160, -64.973641
35220, -64.973640
35280, -64.973638
35340, -64.973637
35400, -64.973636
35460, -64.973635
35520, -64.973634
35580, -64.973633
35640, -64.973632
35700, -64.973632
35760, -64.973631
35820, -64.973630
35880, -64.973629
35940, -64.973629
36000, -64.973628
36060, -64.973627
36120, -64.973627
36180, -64.973626
36240, -64.973626
36300, -64.973626
36360, -64.973625
36420, -64.973625
36480, -64.973625
36540, -64.973624
36600, -64.973624
36660, -64.973624
36720, -64.973624
36780, -64.973624
36840, -64.973624
36900, -64.973624
36960, -64.973624
37020, -64.973624
37080, -64.973624
37140, -64.973624
37200, -64.973624
37260, -64.973624
37320, -64.973624
37380, -64.973625
37440, -64.973625
37500, -64.973625
37560, -64.973626
37620, -64.973626
37680, -64.973626
37740, -64.973627
37800, -64.973627
37860, -64.973627
37920, -64.973628
37980, -64.973628
38040, -64.973629
38100, -64.973629
38160, -64.973630
38220, -64.973630
38280, -64.973631
38340, -64.973632
38400, -64.973632
38460, -64.973633
38520, -64.973633
38580, -64.973634
38640, -64.973635
38700, -64.973635
38760, -64.973636
38820, -64.973637
38880, -64.973637
38940, -64.973638
39000, -64.973639
39060, -64.973640
39120, -64.973640
39180, -64.973641
39240, -64.973642
39300, -64.973643
39360, -64.973643
39420, -64.973644
39480, -64.973645
39540, -64.973646
39600, -64.973646
39660, -64.973647
39720, -64.973648
39780, -64.973649
39840, -64.973649
39900, -64.973650
39960, -64.973651
40020, -64.973652
40080, -64.973652
40140, -64.973653
40200, -64.973654
40260, -64.973655
40320, -64.973656
40380, -64.973656
40440, -64.973657
40500, -64.973658
40560, -64.973659
40620, -64.973659
40680, -64.973660
40740, -64.973661
40800, -64.973661
40860, -64.973662
40920, -64.973663
40980, -64.973664
41040, -64.973664
41100, -64.973665
41160, -64.973666
41220, -64.973666
41280, -64.973667
41340, -64.973668
41400, -64.973668
41460, -64.973669
41520, -64.973669
41580, -64.973670
41640, -64.973671
41700, -64.973671
41760, -64.973672
41820, -64.973672
41880, -64.973673
41940, -64.973674
42000, -64.973674
42060, -64.973675
42120, -64.973675
42180, -64.973676
42240, -64.973676
42300, -64.973677
42360, -64.973677
42420, -64.973678
42480, -64.973678
42540, -64.973679
42600, -64.973679
42660, -64.973679
42720, -64.973680
42780, -64.973680
42840, -64.973681
42900, -64.973681
42960, -64.973681
43020, -64.973682
43080, -64.973682
43140, -64.973682
43200, -64.973683
43260, -64.973683
43320, -64.973683
43380, -64.973684
43440, -64.973684
43500, -64.973684
43560, -64.973684
43620, -64.973685
43680, -64.973685
43740, -64.973685
43800, -64.973685
43860, -64.973686
43920, -64.973686
43980, -64.973686
44040, -64.973686
44100, -64.973686
44160, -64.973686
44220, -64.973687
44280, -64.973687
44340, -64.973687
44400, -64.973687
44460, -64.973687
44520, -64.973687
44580, -64.973687
44640, -64.973687
44700, -64.973687
44760, -64.973688
44820, -64.973688
44880, -64.973688
44940, -64.973688
45000, -64.973688
45060, -64.973688
45120, -64.973688
45180, -64.973688
45240, -64.973688
45300, -64.973688
45360, -64.973688
45420, -64.973688
45480, -64.973688
45540, -64.973688
45600, -64.973688
45660, -64.973688
45720, -64.973688
45780, -64.973688
45840, -64.973687
45900, -64.973687
45960, -64.973687
46020, -64.973687
46080, -64.973687
46140, -64.973687
46200, -64.973687
46260, -64.973687
46320, -64.973687
46380, -64.973687
46440, -64.973687
46500, -64.973687
46560, -64.973686
46620, -64.973686
46680, -64.973686
46740, -64.973686
46800, -64.973686
46860, -64.973686
46920, -64.973686
46980, -64.973686
47040, -64.973685
47100, -64.973685
47160, -64.973685
47220, -64.973685
47280, -64.973685
47340, -64.973685
47400, -64.973685
47460, -64.973684
47520, -64.973684
47580, -64.973684
47640, -64.973684
47700, -64.973684
47760, -64.973684
47820, -64.973684
47880, -64.973683
47940, -64.973683
48000, -64.973683
48060, -64.973683
48120, -64.973683
48180, -64.973683
48240, -64.973683
48300, -64.973682
48360, -64.973682
48420, -64.973682
48480, -64.973682
48540, -64.973682
48600, -64.973682
48660, -64.973682
48720, -64.973681
48780, -64.973681
48840, -64.973681
48900, -64.973681
48960, -64.973681
49020, -64.973681
49080, -64.973680
49140, -64.973680
49200, -64.973680
49260, -64.973680
49320, -64.973680
49380, -64.973680
49440, -64.973680
49500, -64.973680
49560, -64.973679
49620, -64.973679
49680, -64.973679
49740, -64.973679
49800, -64.973679
49860, -64.973679
49920, -64.973679
49980, -64.973679
50040, -62.220566
50100, -59.561738
50160, -56.977405
50220, -54.440845
50280, -51.910218
50340, -49.319376
50400, -46.562932
50460, -43.474597
50520, -39.791458
50580, -35.096264
50640, -28.734003
50700, -19.755439
50760, -7.173604
50820, 8.720070
50880, 24.398658
50940, 35.226816
51000, 40.356017
51060, 41.806337
51120, 41.420720
51180, 40.135801
51240, 38.339806
51300, 36.194598
51360, 33.782226
51420, 31.158033
51480, 28.367525
51540, 25.451038
51600, 22.444598
51660, 19.379895
51720, 16.284168
51780, 13.180248
51840, 10.086773
51900, 7.018524
51960, 3.986839
52020, 1.000049
52080, -1.936047
52140, -4.817811
52200, -7.643361
52260, -10.412240
52320, -13.125140
52380, -15.783706
52440, -18.391009
52500, -20.951223
52560, -23.469443
52620, -25.953481
52680, -28.412220
52740, -30.858307
52800, -33.306421
52860, -35.775094
52920, -38.285565
52980, -40.861492
53040, -43.526937
53100, -46.302820
53160, -49.200646
53220, -52.213002
53280, -55.300850
53340, -58.382055
53400, -61.330002
53460, -63.993190
53520, -66.237705
53580, -67.991299
53640, -69.262546
53700, -70.120458
53760, -70.659021
53820, -70.967890
53880, -71.119031
53940, -71.164630
54000, -71.140404
54060, -71.069976
54120, -70.968688
54180, -70.846415
54240, -70.709506
54300, -70.562049
54360, -70.406694
54420, -70.245168
54480, -70.078612
54540, -69.907789
54600, -69.733215
54660, -69.555248
54720, -69.374145
54780, -69.190098
54840, -69.003253
54900, -68.813733
54960, -68.621635
55020, -68.427046
55080, -68.230051
55140, -68.030731
55200, -67.829168
55260, -67.625433
55320, -67.419603
55380, -67.211757
55440, -67.001979
55500, -66.790356
55560, -66.576963
55620, -66.361880
55680, -66.145197
55740, -65.927007
55800, -65.707400
55860, -65.486454
55920, -65.264256
55980, -65.040903
56040, -64.816493
56100, -64.591103
56160, -64.364809
56220, -64.137701
56280, -63.909877
56340, -63.681417
56400, -63.452378
56460, -63.222835
56520, -62.992871
56580, -62.762577
56640, -62.531975
56700, -62.301112
56760, -62.070050
56820, -61.838862
56880, -61.607561
56940, -61.376152
57000, -61.144660
57060, -60.913130
57120, -60.681572
57180, -60.449930
57240, -60.218183
57300, -59.986333
57360, -59.754393
57420, -59.522231
57480, -59.289758
57540, -59.056924
57600, -58.823703
57660, -58.589926
57720, -58.355416
57780, -58.120045
57840, -57.883721
57900, -57.646246
57960, -57.407324
58020, -57.166720
58080, -56.924248
58140, -56.679651
58200, -56.432473
58260, -56.182331
58320, -55.928903
58380, -55.671787
58440, -55.410304
58500, -55.143861
58560, -54.871925
58620, -54.593746
58680, -54.308324
58740, -54.014741
58800, -53.712123
58860, -53.398933
58920, -53.073670
58980, -52.734874
59040, -52.380356
59100, -52.007737
59160, -51.614615
59220, -51.197330
59280, -50.752125
59340, -50.274254
59400, -49.757993
59460, -49.196416
59520, -48.580979
59580, -47.900872
59640, -47.143060
59700, -46.290600
59760, -45.321905
59820, -44.209513
59880, -42.918130
59940, -41.402143
60000, -39.602228
60060, -37.443025
60120, -34.830622
60180, -31.654061
60240, -27.795991
60300, -23.161539
60360, -17.736690
60420, -11.674975
60480, -5.372465
60540, 0.557072
60600, 5.467108
60660, 8.924294
60720, 10.824913
60780, 11.327562
60840, 10.711417
60900, 9.265308
60960, 7.235368
61020, 4.812870
61080, 2.139712
61140, -0.681434
61200, -3.577572
61260, -6.497532
61320, -9.406173
61380, -12.280063
61440, -15.104307
61500, -17.870296
61560, -20.574450
61620, -23.217207
61680, -25.802034
61740, -28.335843
61800, -30.828848
61860, -33.294117
61920, -35.747969
61980, -38.209008
62040, -40.697314
62100, -43.232790
62160, -45.832074
62220, -48.504311
62280, -51.244470
62340, -54.026397
62400, -56.795875
62460, -59.468153
62520, -61.938719
62580, -64.105858
62640, -65.897457
62700, -67.290721
62760, -68.311099
62820, -69.015433
62880, -69.471113
62940, -69.741041
63000, -69.876902
63060, -69.917881
63120, -69.892300
63180, -69.820054
63240, -69.714900
63300, -69.586275
63360, -69.440641
63420, -69.282428
63480, -69.114688
63540, -68.939537
63600, -68.758455
63660, -68.572488
63720, -68.382387
63780, -68.188704
63840, -67.991851
63900, -67.792146
63960, -67.589831
64020, -67.385107
64080, -67.178146
64140, -66.969097
64200, -66.758097
64260, -66.545260
64320, -66.330699
64380, -66.114524
64440, -65.896849
64500, -65.677773
64560, -65.457392
64620, -65.235804
64680, -65.013115
64740, -64.789431
64800, -64.564834
64860, -64.339412
64920, -64.113262
64980, -63.886488
65040, -63.659174
65100, -63.431390
65160, -63.203219
65220, -62.974750
65280, -62.746076
65340, -62.517237
65400, -62.288289
65460, -62.059303
65520, -61.830361
65580, -61.601486
65640, -61.372698
65700, -61.144037
65760, -60.915556
65820, -60.687279
65880, -60.459174
65940, -60.231234
66000, -60.003476
66060, -59.775935
66120, -59.548508
66180, -59.321131
66240, -59.093770
66300, -58.866416
66360, -58.638969
66420, -58.411280
66480, -58.183248
66540, -57.954803
66600, -57.725858
66660, -57.496157
66720, -57.265503
66780, -57.033747
66840, -56.800774
66900, -56.566238
66960, -56.329816
67020, -56.091240
67080, -55.850293
67140, -55.606554
67200, -55.359518
67260, -55.108750
67320, -54.853872
67380, -54.594270
67440, -54.329181
67500, -54.057921
67560, -53.779859
67620, -53.493912
67680, -53.198937
67740, -52.893855
67800, -52.577352
67860, -52.247612
67920, -51.902868
67980, -51.541086
68040, -51.159457
68100, -50.755159
68160, -50.324521
68220, -49.863208
68280, -49.366243
68340, -48.827164
68400, -48.238515
68460, -47.590827
68520, -46.872384
68580, -46.068933
68640, -45.162302
68700, -44.129317
68760, -42.940793
68820, -41.559644
68880, -39.938418
68940, -38.018031
69000, -35.725483
69060, -32.974867
69120, -29.673466
69180, -25.739298
69240, -21.135259
69300, -15.924798
69360, -10.334535
69420, -4.779152
69480, 0.211177
69540, 4.154993
69600, 6.776990
69660, 8.051267
69720, 8.133578
69780, 7.259501
69840, 5.669235
69900, 3.570618
69960, 1.128830
70020, -1.530954
70080, -4.316892
70140, -7.162922
70200, -10.022621
70260, -12.864215
70320, -15.666991
70380, -18.418250
70440, -21.111304
70500, -23.744173
70560, -26.319474
70620, -28.843352
70680, -31.325308
70740, -33.778488
70800, -36.218721
70860, -38.664234
70920, -41.134478
70980, -43.648040
71040, -46.219849
71100, -48.856662
71160, -51.551131
71220, -54.274404
71280, -56.971468
71340, -59.560874
71400, -61.943815
71460, -64.027620
71520, -65.748943
71580, -67.089821
71640, -68.076049
71700, -68.761044
71760, -69.207548
71820, -69.474431
71880, -69.610344
71940, -69.652574
72000, -69.628377
72060, -69.557128
72120, -69.452379
72180, -69.323538
72240, -69.177121
72300, -69.017646
72360, -68.848258
72420, -68.671158
72480, -68.487904
72540, -68.299610
72600, -68.107084
72660, -67.910925
72720, -67.711579
72780, -67.509386
72840, -67.304618
72900, -67.097499
72960, -66.888218
73020, -66.676935
73080, -66.463787
73140, -66.248906
73200, -66.032418
73260, -65.814443
73320, -65.595085
73380, -65.374446
73440, -65.152633
73500, -64.929756
73560, -64.705919
73620, -64.481205
73680, -64.255712
73740, -64.029539
73800, -63.802793
73860, -63.575545
73920, -63.347873
73980, -63.119864
74040, -62.891614
74100, -62.663194
74160, -62.434654
74220, -62.206059
74280, -61.977483
74340, -61.749004
74400, -61.520629
74460, -61.292390
74520, -61.064332
74580, -60.836516
74640, -60.608932
74700, -60.381561
74760, -60.154410
74820, -59.927503
74880, -59.700836
74940, -59.474322
75000, -59.247912
75060, -59.021583
75120, -58.795336
75180, -58.569019
75240, -58.342508
75300, -58.115717
75360, -57.888592
75420, -57.660989
75480, -57.432680
75540, -57.203493
75600, -56.973296
75660, -56.741959
75720, -56.509117
75780, -56.274477
75840, -56.037799
75900, -55.798888
75960, -55.557267
76020, -55.312471
76080, -55.064105
76140, -54.811820
76200, -54.554960
76260, -54.292815
76320, -54.024750
76380, -53.750182
76440, -53.468011
76500, -53.177170
76560, -52.876649
76620, -52.565164
76680, -52.241003
76740, -51.902504
76800, -51.547744
76860, -51.174068
76920, -50.778814
76980, -50.358576
77040, -49.909259
77100, -49.426315
77160, -48.903646
77220, -48.334489
77280, -47.709937
77340, -47.019385
77400, -46.249910
77460, -45.384599
77520, -44.402537
77580, -43.277374
77640, -41.975742
77700, -40.455520
77760, -38.663123
77820, -36.532774
77880, -33.985943
77940, -30.935137
78000, -27.296230
78060, -23.015179
78120, -18.112692
78180, -12.744852
78240, -7.244264
78300, -2.091186
78360, 2.213433
78420, 5.312236
78480, 7.082851
78540, 7.611372
78600, 7.101400
78660, 5.789193
78720, 3.892559
78780, 1.591307
78840, -0.975204
78900, -3.702710
78960, -6.515618
79020, -9.360073
79080, -12.198700
79140, -15.006405
79200, -17.767197
79260, -20.472416
79320, -23.118534
79380, -25.706205
79440, -28.240543
79500, -30.730006
79560, -33.186587
79620, -35.625271
79680, -38.063760
79740, -40.520950
79800, -43.015864
79860, -45.564554
79920, -48.176017
79980, -50.847135
80040, -53.555584
80100, -56.253529
80160, -58.866715
80220, -61.301048
80280, -63.460753
80340, -65.273708
80400, -66.709986
80460, -67.784348
80520, -68.543797
80580, -69.049216
80640, -69.360671
80700, -69.529304
80760, -69.595124
80820, -69.587773
80880, -69.528505
80940, -69.432279
81000, -69.309515
81060, -69.167450
81120, -69.011109
81180, -68.843994
81240, -68.668554
81300, -68.486522
81360, -68.299137
81420, -68.107293
81480, -67.911651
81540, -67.712700
81600, -67.510815
81660, -67.306289
81720, -67.099364
81780, -66.890240
81840, -66.679086
81900, -66.466047
81960, -66.251260
82020, -66.034852
82080, -65.816950
82140, -65.597657
82200, -65.377079
82260, -65.155324
82320, -64.932501
82380, -64.708717
82440, -64.484056
82500, -64.258615
82560, -64.032495
82620, -63.805802
82680, -63.578609
82740, -63.350994
82800, -63.123045
82860, -62.894857
82920, -62.666503
82980, -62.438033
83040, -62.209511
83100, -61.981013
83160, -61.752618
83220, -61.524333
83280, -61.296190
83340, -61.068234
83400, -60.840528
83460, -60.613062
83520, -60.385819
83580, -60.158805
83640, -59.932045
83700, -59.705537
83760, -59.479195
83820, -59.252971
83880, -59.026841
83940, -58.800807
84000, -58.574722
84060, -58.348461
84120, -58.121940
84180, -57.895104
84240, -57.667817
84300, -57.439852
84360, -57.211036
84420, -56.981238
84480, -56.750339
84540, -56.517973
84600, -56.283849
84660, -56.047728
84720, -55.809416
84780, -55.568455
84840, -55.324382
84900, -55.076802
84960, -54.825371
85020, -54.569459
85080, -54.308361
85140, -54.041445
85200, -53.768132
85260, -53.487372
85320, -53.198101
85380, -52.899319
85440, -52.589812
85500, -52.267878
85560, -51.931873
85620, -51.579979
85680, -51.209565
85740, -50.818008
85800, -50.402067
85860, -49.957701
85920, -49.480588
85980, -48.964725
86040, -48.403672
86100, -47.788683
86160, -47.109632
86220, -46.353859
86280, -45.505168
86340, -44.543506
86400, -43.443574
86460, -42.173290
86520, -40.692148
86580, -38.948900
86640, -36.880247
86700, -34.410002
86760, -31.452384
86820, -27.922407
86880, -23.759149
86940, -18.968797
87000, -13.680751
87060, -8.196737
87120, -2.975200
87180, 1.478917
87240, 4.777739
87300, 6.759642
87360, 7.480047
87420, 7.127644
87480, 5.935989
87540, 4.126834
87600, 1.886086
87660, -0.640633
87720, -3.343918
87780, -6.143738
87840, -8.982910
87900, -11.821596
87960, -14.633099
88020, -17.400218
88080, -20.112893
88140, -22.766555
88200, -25.361658
88260, -27.902550
88320, -30.396979
88380, -32.856737
88440, -35.296227
88500, -37.732830
88560, -40.185427
88620, -42.672963
88680, -45.212051
88740, -47.813043
88800, -50.474811
88860, -53.177832
88920, -55.878666
88980, -58.506569
89040, -60.969056
89100, -63.170138
89160, -65.032853
89220, -66.520906
89280, -67.643059
89340, -68.442868
89400, -68.980192
89460, -69.315716
89520, -69.501956
89580, -69.580426
89640, -69.582086
89700, -69.529225
89760, -69.437567
89820, -69.318087
89880, -69.178407
89940, -69.023821
90000, -68.858019
90060, -68.683581
90120, -68.502329
90180, -68.315563
90240, -68.124224
90300, -67.929001
90360, -67.730407
90420, -67.528830
90480, -67.324576
90540, -67.117891
90600, -66.908985
90660, -66.698029
90720, -66.485173
90780, -66.270552
90840, -66.054297
90900, -65.836535
90960, -65.617373
91020, -65.396915
91080, -65.175269
91140, -64.952547
91200, -64.728854
91260, -64.504277
91320, -64.278911
91380, -64.052856
91440, -63.826220
91500, -63.599078
91560, -63.371507
91620, -63.143595
91680, -62.915436
91740, -62.687108
91800, -62.458659
91860, -62.230154
91920, -62.001666
91980, -61.773281
92040, -61.545005
92100, -61.316867
92160, -61.088914
92220, -60.861204
92280, -60.633741
92340, -60.406503
92400, -60.179494
92460, -59.952738
92520, -59.726246
92580, -59.499928
92640, -59.273731
92700, -59.047633
92760, -58.821632
92820, -58.595598
92880, -58.369403
92940, -58.142957
93000, -57.916205
93060, -57.689030
93120, -57.461200
93180, -57.232536
93240, -57.002907
93300, -56.772211
93360, -56.540084
93420, -56.306227
93480, -56.070401
93540, -55.832406
93600, -55.591819
93660, -55.348172
93720, -55.101063
93780, -54.850145
93840, -54.594832
93900, -54.334412
93960, -54.068247
94020, -53.795756
94080, -53.515949
94140, -53.227755
94200, -52.930171
94260, -52.622057
94320, -52.301709
94380, -51.967483
94440, -51.617663
94500, -51.249623
94560, -50.860750
94620, -50.447952
94680, -50.007208
94740, -49.534364
94800, -49.023485
94860, -48.468309
94920, -47.860267
94980, -47.189589
95040, -46.443760
95100, -45.607105
95160, -44.660180
95220, -43.578411
95280, -42.330598
95340, -40.877277
95400, -39.168834
95460, -37.143358
95520, -34.726284
95580, -31.832791
95640, -28.376954
95700, -24.293738
95760, -19.578314
95820, -14.342605
95880, -8.865625
95940, -3.590052
96000, 0.976457
96060, 4.425462
96120, 6.565739
96180, 7.429942
96240, 7.195417
96300, 6.093626
96360, 4.349322
96420, 2.153084
96480, -0.344713
96540, -3.030661
96600, -5.821449
96660, -8.657630
96720, -11.497595
96780, -14.313073
96840, -17.085730
96900, -19.804646
96960, -22.465030
97020, -25.066732
97080, -27.613245
97140, -30.112526
97200, -32.575361
97260, -35.016304
97320, -37.451999
97380, -39.901543
97440, -42.383890
97500, -44.916044
97560, -47.509441
97620, -50.164288
97680, -52.863959
97740, -55.567833
97800, -58.207859
97860, -60.694095
97920, -62.929309
97980, -64.833641
98040, -66.365209
98100, -67.527961
98160, -68.362246
98220, -68.926890
98280, -69.283023
98340, -69.484329
98400, -69.573609
98460, -69.582957
98520, -69.535556
98580, -69.447796
98640, -69.331121
98700, -69.193489
98760, -69.040422
98820, -68.875770
98880, -68.702222
98940, -68.521676
99000, -68.335484
99060, -68.144622
99120, -67.949806
99180, -67.751566
99240, -67.550302
99300, -67.346329
99360, -67.139899
99420, -66.931225
99480, -66.720485
99540, -66.507827
99600, -66.293390
99660, -66.077306
99720, -65.859700
99780, -65.640683
99840, -65.420359
99900, -65.198836
99960, -64.976224
100020, -64.752633
100080, -64.528148
100140, -64.302863
100200, -64.076878
100260, -63.850300
100320, -63.623210
100380, -63.395682
100440, -63.167803
100500, -62.939668
100560, -62.711359
100620, -62.482924
100680, -62.254425
100740, -62.025935
100800, -61.797538
100860, -61.569250
100920, -61.341097
100980, -61.113124
101040, -60.885389
101100, -60.657905
101160, -60.430648
101220, -60.203619
101280, -59.976841
101340, -59.750337
101400, -59.524013
101460, -59.297816
101520, -59.071717
101580, -58.845715
101640, -58.619698
101700, -58.393532
101760, -58.167125
101820, -57.940418
101880, -57.713315
101940, -57.485579
102000, -57.257027
102060, -57.027521
102120, -56.796959
102180, -56.565006
102240, -56.331357
102300, -56.095764
102360, -55.858024
102420, -55.617753
102480, -55.374471
102540, -55.127771
102600, -54.877299
102660, -54.622518
102720, -54.362706
102780, -54.097218
102840, -53.825466
102900, -53.546526
102960, -53.259317
103020, -52.962828
103080, -52.656000
103140, -52.337118
103200, -52.004537
103260, -51.656630
103320, -51.290786
103380, -50.904398
103440, -50.494520
103500, -50.057144
103560, -49.588137
103620, -49.081788
103680, -48.531872
103740, -47.930107
103800, -47.267043
103860, -46.530277
103920, -45.704607
103980, -44.771134
104040, -43.705944
104100, -42.478622
104160, -41.050649
104220, -39.373763
104280, -37.387364
104340, -35.018343
104400, -32.182721
104460, -28.794022
104520, -24.783204
104580, -20.136199
104640, -14.948699
104700, -9.479607
104760, -4.157147
104820, 0.511459
104880, 4.098618
104940, 6.386991
105000, 7.386877
105060, 7.264173
105120, 6.247904
105180, 4.565408
105240, 2.411688
105300, -0.058498
105360, -2.727799
105420, -5.510100
105480, -8.343497
105540, -11.184541
105600, -14.003612
105660, -16.781359
105720, -19.506539
105780, -22.173618
105840, -24.781619
105900, -27.334023
105960, -29.838081
106020, -32.304332
106080, -34.746872
106140, -37.182361
106200, -39.629383
106260, -42.107172
106320, -44.633085
106380, -47.219254
106440, -49.867685
106500, -52.563899
106560, -55.269811
106620, -57.920885
106680, -60.429079
106740, -62.696480
106800, -64.640112
106860, -66.213399
106920, -67.415535
106980, -68.283527
107040, -68.875024
107100, -69.251477
107160, -69.467664
107220, -69.567626
107280, -69.584570
107340, -69.542563
107400, -69.458648
107460, -69.344742
107520, -69.209129
107580, -69.057561
107640, -68.894043
107700, -68.721375
107760, -68.541529
107820, -68.355906
107880, -68.165520
107940, -67.971110
108000, -67.773225
108060, -67.572276
108120, -67.368586
108180, -67.162414
108240, -66.953976
108300, -66.743454
108360, -66.530998
108420, -66.316749
108480, -66.100837
108540, -65.883391
108600, -65.664523
108660, -65.444336
108720, -65.222938
108780, -65.000439
108840, -64.776952
108900, -64.552561
108960, -64.327358
109020, -64.101445
109080, -63.874926
109140, -63.647888
109200, -63.420404
109260, -63.192559
109320, -62.964447
109380, -62.736158
109440, -62.507735
109500, -62.279240
109560, -62.050746
109620, -61.822335
109680, -61.594033
109740, -61.365862
109800, -61.137867
109860, -60.910103
109920, -60.682595
109980, -60.455315
110040, -60.228262
110100, -60.001456
110160, -59.774934
110220, -59.548599
110280, -59.322394
110340, -59.096288
110400, -58.870278
110460, -58.644270
110520, -58.418127
110580, -58.191751
110640, -57.965079
110700, -57.738041
110760, -57.510390
110820, -57.281940
110880, -57.052548
110940, -56.822110
111000, -56.590320
111060, -56.356865
111120, -56.121493
111180, -55.883996
111240, -55.644026
111300, -55.401094
111360, -55.154786
111420, -54.904744
111480, -54.650477
111540, -54.391252
111600, -54.126419
111660, -53.855384
111720, -53.577285
111780, -53.291032
111840, -52.995608
111900, -52.690030
111960, -52.372575
112020, -52.041595
112080, -51.695466
112140, -51.331693
112200, -50.947669
112260, -50.540585
112320, -50.106443
112380, -49.641131
112440, -49.139146
112500, -48.594303
112560, -47.998595
112620, -47.342878
112680, -46.614859
112740, -45.799787
112800, -44.879296
112860, -43.830098
112920, -42.622545
112980, -41.219026
113040, -39.572332
113100, -37.623422
113160, -35.300586
113220, -32.520823
113280, -29.197262
113340, -25.257309
113400, -20.678475
113460, -15.541583
113520, -10.086029
113580, -4.722750
113640, 0.041787
113700, 3.763678
113760, 6.198713
113820, 7.334797
113880, 7.325322
113940, 6.396188
114000, 4.776979
114060, 2.667010
114120, 0.225414
114180, -2.426655
114240, -5.199922
114300, -8.030036
114360, -10.871734
114420, -13.694251
114480, -16.477420
114540, -19.208943
114600, -21.882511
114660, -24.496838
114720, -27.055163
114780, -29.563882
114840, -32.033731
114900, -34.477926
114960, -36.913288
115020, -39.358051
115080, -41.831517
115140, -44.351398
115200, -46.930574
115260, -49.572647
115320, -52.264823
115380, -54.972348
115440, -57.633842
115500, -60.162465
115560, -62.461080
115620, -64.443504
115680, -66.058474
115740, -67.300342
115800, -68.202589
115860, -68.821522
115920, -69.218810
115980, -69.450288
116040, -69.561238
116100, -69.585998
116160, -69.549537
116220, -69.469574
116280, -69.358509
116340, -69.224965
116400, -69.074931
116460, -68.912574
116520, -68.740805
116580, -68.561671
116640, -68.376630
116700, -68.186728
116760, -67.992731
116820, -67.795207
116880, -67.594579
116940, -67.391177
117000, -67.185268
117060, -66.977070
117120, -66.766770
117180, -66.554521
117240, -66.340463
117300, -66.124729
117360, -65.907446
117420, -65.688729
117480, -65.468682
117540, -65.247412
117600, -65.025029
117660, -64.801646
117720, -64.577348
117780, -64.352230
117840, -64.126389
117900, -63.899932
117960, -63.672948
118020, -63.445509
118080, -63.217700
118140, -62.989613
118200, -62.761344
118260, -62.532935
118320, -62.304446
118380, -62.075949
118440, -61.847525
118500, -61.619209
118560, -61.391021
118620, -61.163004
118680, -60.935211
118740, -60.707678
118800, -60.480374
118860, -60.253297
118920, -60.026463
118980, -59.799908
119040, -59.573551
119100, -59.347329
119160, -59.121211
119220, -58.895189
119280, -58.669188
119340, -58.443064
119400, -58.216718
119460, -57.990082
119520, -57.763107
119580, -57.535542
119640, -57.307194
119700, -57.077916
119760, -56.847601
119820, -56.615975
119880, -56.382716
119940, -56.147565
120000, -55.910311
120060, -55.670642
120120, -55.428061
120180, -55.182147
120240, -54.932535
120300, -54.678783
120360, -54.420147
120420, -54.155970
120480, -53.885654
120540, -53.608398
120600, -53.323103
120660, -53.028747
120720, -52.724350
120780, -52.408270
120840, -52.078850
120900, -51.734462
120960, -51.372730
121020, -50.991042
121080, -50.586726
121140, -50.155789
121200, -49.694140
121260, -49.196487
121320, -48.656677
121380, -48.066980
121440, -47.418325
121500, -46.698792
121560, -45.894063
121620, -44.986276
121680, -43.952759
121740, -42.764607
121800, -41.385106
121860, -39.768095
121920, -37.856069
121980, -35.578719
122040, -32.854065
122100, -29.594916
122160, -25.725983
122220, -21.216731
122280, -16.133423
122340, -10.695781
122400, -5.298322
122460, -0.443321
122520, 3.410072
122580, 5.992050
122640, 7.266911
122700, 7.374081
122760, 6.535418
122820, 4.982342
122880, 2.918384
122940, 0.507100
123000, -2.126508
123060, -4.889814
123120, -7.716076
123180, -10.558317
123240, -13.384253
123300, -16.172559
123360, -18.910074
123420, -21.590014
123480, -24.210915
123540, -26.775100
123600, -29.288966
123660, -31.762501
123720, -34.208916
123780, -36.644348
123840, -39.087195
123900, -41.556527
123960, -44.070465
124020, -46.642759
124080, -49.277977
124140, -51.965804
124200, -54.674460
124260, -57.344633
124320, -59.892512
124380, -62.221192
124440, -64.241927
124500, -65.898680
124560, -67.180699
124620, -68.117939
124680, -68.765108
124740, -69.183945
124800, -69.431289
124860, -69.553660
124920, -69.586549
124980, -69.555857
125040, -69.480002
125100, -69.371886
125160, -69.240487
125220, -69.092039
125280, -68.930879
125340, -68.760033
125400, -68.581631
125460, -68.397182
125520, -68.207774
125580, -68.014197
125640, -67.817037
125700, -67.616733
125760, -67.413622
125820, -67.207976
125880, -67.000021
125940, -66.789945
126000, -66.577903
126060, -66.364037
126120, -66.148480
126180, -65.931361
126240, -65.712798
126300, -65.492892
126360, -65.271751
126420, -65.049484
126480, -64.826205
126540, -64.602003
126600, -64.376969
126660, -64.151202
126720, -63.924808
126780, -63.697879
126840, -63.470487
126900, -63.242714
126960, -63.014653
127020, -62.786402
127080, -62.558005
127140, -62.329521
127200, -62.101021
127260, -61.872585
127320, -61.644256
127380, -61.416052
127440, -61.188014
127500, -60.960193
127560, -60.732637
127620, -60.505312
127680, -60.278211
127740, -60.051350
127800, -59.824764
127860, -59.598386
127920, -59.372149
127980, -59.146019
128040, -58.919985
128100, -58.693992
128160, -58.467889
128220, -58.241573
128280, -58.014972
128340, -57.788046
128400, -57.560554
128460, -57.332299
128520, -57.103129
128580, -56.872932
128640, -56.641465
128700, -56.408398
128760, -56.173465
128820, -55.936452
128880, -55.697082
128940, -55.454849
129000, -55.209325
129060, -54.960140
129120, -54.706899
129180, -54.448848
129240, -54.185321
129300, -53.915718
129360, -53.639298
129420, -53.354952
129480, -53.061653
129540, -52.758419
129600, -52.443692
129660, -52.115810
129720, -51.773143
129780, -51.413426
129840, -51.034046
129900, -50.632362
129960, -50.204509
130020, -49.746410
130080, -49.252971
130140, -48.718072
130200, -48.134249
130260, -47.492497
130320, -46.781267
130380, -45.986658
130440, -45.091305
130500, -44.072836
130560, -42.903186
130620, -41.546752
130680, -39.958365
130740, -38.081992
130800, -35.848613
130860, -33.177347
130920, -29.981022
130980, -26.181460
131040, -21.741310
131100, -16.713488
131160, -11.298847
131220, -5.873763
131280, -0.934787
131340, 3.045889
131400, 5.773087
131460, 7.186596
131520, 7.411535
131580, 6.664886
131640, 5.179461
131700, 3.162714
131760, 0.782711
131820, -1.831537
131880, -4.584264
131940, -7.406275
132000, -10.248579
132060, -13.077427
132120, -15.870404
132180, -18.613777
132240, -21.300316
132300, -23.927653
132360, -26.497653
132420, -29.016651
132480, -31.493773
132540, -33.942411
132600, -36.378075
132660, -38.819147
132720, -41.284692
132780, -43.792985
132840, -46.358429
132900, -48.986889
132960, -51.670375
133020, -54.378902
133080, -57.056783
133140, -59.622943
133200, -61.980144
133260, -64.038160
133320, -65.736237
133380, -67.058337
133440, -68.030865
133500, -68.706711
133560, -69.147537
133620, -69.411119
133680, -69.545201
133740, -69.586430
133800, -69.561656
133860, -69.490011
133920, -69.384915
133980, -69.255709
134040, -69.108880
134100, -68.948938
134160, -68.779031
134220, -68.601369
134280, -68.417520
134340, -68.228609
134400, -68.035454
134460, -67.838661
134520, -67.638681
134580, -67.435861
134640, -67.230480
134700, -67.022766
134760, -66.812913
134820, -66.601077
134880, -66.387403
134940, -66.172025
135000, -65.955070
135060, -65.736659
135120, -65.516895
135180, -65.295883
135240, -65.073735
135300, -64.850560
135360, -64.626454
135420, -64.401506
135480, -64.175814
135540, -63.949482
135600, -63.722610
135660, -63.495265
135720, -63.267530
135780, -63.039496
135840, -62.811261
135900, -62.582876
135960, -62.354398
136020, -62.125895
136080, -61.897448
136140, -61.669107
136200, -61.440888
136260, -61.212830
136320, -60.984983
136380, -60.757406
136440, -60.530059
136500, -60.302936
136560, -60.076050
136620, -59.849433
136680, -59.623035
136740, -59.396784
136800, -59.170643
136860, -58.944598
136920, -58.718612
136980, -58.492531
137040, -58.266244
137100, -58.039679
137160, -57.812791
137220, -57.585365
137280, -57.357196
137340, -57.128129
137400, -56.898047
137460, -56.666735
137520, -56.433857
137580, -56.199140
137640, -55.962363
137700, -55.723289
137760, -55.481400
137820, -55.236261
137880, -54.987498
137940, -54.734762
138000, -54.477288
138060, -54.214404
138120, -53.945504
138180, -53.669909
138240, -53.386501
138300, -53.094245
138360, -52.792159
138420, -52.478769
138480, -52.152405
138540, -51.811436
138600, -51.453708
138660, -51.076605
138720, -50.677492
138780, -50.252660
138840, -49.798045
138900, -49.308745
138960, -48.778674
139020, -48.200624
139080, -47.565661
139140, -46.862595
139200, -46.077937
139260, -45.194543
139320, -44.190601
139380, -43.038758
139440, -41.704519
139500, -40.143795
139560, -38.301710
139620, -36.110659
139680, -33.490943
139740, -30.355639
139800, -26.624564
139860, -22.253657
139920, -17.282930
139980, -11.894896
140040, -6.447478
140100, -1.430752
140160, 2.672324
140220, 5.542536
140280, 7.095204
140340, 7.439725
140400, 6.787234
140460, 5.371444
140520, 3.403545
140580, 1.056063
140640, -1.537873
140700, -4.279374
140760, -7.096553
140820, -9.938439
140880, -12.769908
140940, -15.567684
141000, -18.317128
141060, -21.010134
141120, -23.643670
141180, -26.219830
141240, -28.743968
141300, -31.225295
141360, -33.676336
141420, -36.112735
141480, -38.552261
141540, -41.014233
141600, -43.517084
141660, -46.075777
141720, -48.697626
141780, -51.375923
141840, -54.083780
141900, -56.768827
141960, -59.351660
142020, -61.736316
142080, -63.830393
142140, -65.569167
142200, -66.931587
142260, -67.940030
142320, -68.645320
142380, -69.108886
142440, -69.389337
142500, -69.535613
142560, -69.585540
142620, -69.566939
142680, -69.499686
142740, -69.397736
142800, -69.270811
142860, -69.125663
142920, -68.966983
142980, -68.798046
143040, -68.621147
143100, -68.437914
143160, -68.249513
143220, -68.056790
143280, -67.860372
143340, -67.660722
143400, -67.458198
143460, -67.253086
143520, -67.045617
143580, -66.835989
143640, -66.624364
143700, -66.410884
143760, -66.195686
143820, -65.978897
143880, -65.760642
143940, -65.541021
144000, -65.320141
144060, -65.098112
144120, -64.875044
144180, -64.651035
144240, -64.426175
144300, -64.200559
144360, -63.974292
144420, -63.747477
144480, -63.520181
144540, -63.292485
144600, -63.064479
144660, -62.836261
144720, -62.607888
144780, -62.379416
144840, -62.150911
144900, -61.922453
144960, -61.694100
145020, -61.465867
145080, -61.237789
145140, -61.009916
145200, -60.782312
145260, -60.554941
145320, -60.327792
145380, -60.100879
145440, -59.874230
145500, -59.647810
145560, -59.421544
145620, -59.195391
145680, -58.969334
145740, -58.743355
145800, -58.517293
145860, -58.291035
145920, -58.064504
145980, -57.837653
146040, -57.610292
146100, -57.382209
146160, -57.153243
146220, -56.923273
146280, -56.692115
146340, -56.459422
146400, -56.224918
146460, -55.988376
146520, -55.749593
146580, -55.508044
146640, -55.263287
146700, -55.014942
146760, -54.762678
146820, -54.505754
146880, -54.243490
146940, -53.975274
147000, -53.700487
147060, -53.417999
147120, -53.126770
147180, -52.825814
147240, -52.513742
147300, -52.188876
147360, -51.849584
147420, -51.493818
147480, -51.118964
147540, -50.722390
147600, -50.300543
147660, -49.849368
147720, -49.364155
147780, -48.838849
147840, -48.266498
147900, -47.638235
147960, -46.943225
148020, -46.168386
148080, -45.296750
148140, -44.307108
148200, -43.172807
148260, -41.860175
148320, -40.326490
148380, -38.517936
148440, -36.368387
148500, -33.799332
148560, -30.724094
148620, -27.060676
148680, -22.758758
148740, -17.846846
148800, -12.489295
148860, -7.025981
148920, -1.936995
148980, 2.285181
149040, 5.297581
149100, 6.990556
149160, 7.456788
149220, 6.900783
149280, 5.556732
149340, 3.639412
149400, 1.325804
149460, -1.246951
149520, -3.976460
149580, -6.788203
149640, -9.629441
149700, -12.463553
149760, -15.265986
149820, -18.021174
149880, -20.720288
149940, -23.360408
150000, -25.942682
150060, -28.471943
150120, -30.957400
150180, -33.410867
150240, -35.847997
150300, -38.286292
150360, -40.744901
150420, -43.242518
150480, -45.794647
150540, -48.409609
150600, -51.082563
150660, -53.789543
150720, -56.480456
150780, -59.078714
150840, -61.489886
150900, -63.619383
150960, -65.398541
151020, -66.801437
151080, -67.846204
151140, -68.581494
151200, -69.068363
151260, -69.366164
151320, -69.525012
151380, -69.583913
151440, -69.571684
151500, -69.508959
151560, -69.410252
151620, -69.285675
151680, -69.142253
151740, -68.984867
151800, -68.816921
151860, -68.640801
151920, -68.458195
151980, -68.270311
152040, -68.078026
152100, -67.881985
152160, -67.682668
152220, -67.480443
152280, -67.275601
152340, -67.068380
152400, -66.858979
152460, -66.647563
152520, -66.434279
152580, -66.219262
152640, -66.002641
152700, -65.784542
152760, -65.565065
152820, -65.344318
152880, -65.122408
152940, -64.899448
153000, -64.675538
153060, -64.450766
153120, -64.225228
153180, -63.999027
153240, -63.772270
153300, -63.545024
153360, -63.317367
153420, -63.089391
153480, -62.861191
153540, -62.632832
153600, -62.404366
153660, -62.175861
153720, -61.947393
153780, -61.719030
153840, -61.490783
153900, -61.262686
153960, -61.034788
154020, -60.807150
154080, -60.579751
154140, -60.352575
154200, -60.125632
154260, -59.898950
154320, -59.672509
154380, -59.446229
154440, -59.220064
154500, -58.993996
154560, -58.768025
154620, -58.541983
154680, -58.315754
154740, -58.089258
154800, -57.862445
154860, -57.635148
154920, -57.407150
154980, -57.178285
155040, -56.948428
155100, -56.717423
155160, -56.484916
155220, -56.250623
155280, -56.014314
155340, -55.775799
155400, -55.534572
155460, -55.290181
155520, -55.042242
155580, -54.790417
155640, -54.534017
155700, -54.272352
155760, -54.004800
155820, -53.730792
155880, -53.449198
155940, -53.158972
156000, -52.859124
156060, -52.548346
156120, -52.224953
156180, -51.887310
156240, -51.533477
156300, -51.160837
156360, -50.766764
156420, -50.347855
156480, -49.900067
156540, -49.418877
156600, -48.898262
156660, -48.331521
156720, -47.709851
156780, -47.022770
156840, -46.257510
156900, -45.397375
156960, -44.421743
157020, -43.304646
157080, -42.013220
157140, -40.506050
157200, -38.730422
157260, -36.621674
157320, -34.102514
157380, -31.086665
157440, -27.490519
157500, -23.258960
157560, -18.408680
157620, -13.086812
157680, -7.613211
157740, -2.458469
157800, 1.878409
157860, 5.032481
157920, 6.868145
157980, 7.459623
158040, 7.003871
158100, 5.734905
158160, 3.870885
158220, 1.593249
158280, -0.956761
158340, -3.673170
158400, -6.478946
158460, -9.319099
158520, -12.155388
158580, -14.962070
158640, -17.722741
158700, -20.428352
158760, -23.075070
158820, -25.663320
158880, -28.198162
158940, -30.687832
159000, -33.144289
159060, -35.582335
159120, -38.019654
159180, -40.475040
159240, -42.967523
159300, -45.513193
159360, -48.121183
159420, -50.788747
159480, -53.493897
159540, -56.189610
159600, -58.802476
159660, -61.238785
159720, -63.403068
159780, -65.222591
159840, -66.666449
159900, -67.748321
159960, -68.514472
160020, -69.025437
160080, -69.341243
160140, -69.513161
160200, -69.581402
160260, -69.575805
160320, -69.517792
160380, -69.422453
160440, -69.300312
160500, -69.158678
160560, -69.002628
160620, -68.835704
160680, -68.660384
160740, -68.478420
160800, -68.291065
160860, -68.099225
160920, -67.903568
160980, -67.704590
161040, -67.502667
161100, -67.298099
161160, -67.091127
161220, -66.881955
161280, -66.670752
161340, -66.457666
161400, -66.242831
161460, -66.026379
161520, -65.808435
161580, -65.589104
161640, -65.368489
161700, -65.146701
161760, -64.923850
161820, -64.700041
161880, -64.475358
161940, -64.249899
162000, -64.023766
162060, -63.797065
162120, -63.569867
162180, -63.342250
162240, -63.114304
162300, -62.886123
162360, -62.657779
162420, -62.429322
162480, -62.200818
162540, -61.972342
162600, -61.743970
162660, -61.515712
162720, -61.287598
162780, -61.059676
162840, -60.832008
162900, -60.604581
162960, -60.377379
163020, -60.150409
163080, -59.923696
163140, -59.697235
163200, -59.470940
163260, -59.244765
163320, -59.018688
163380, -58.792709
163440, -58.566678
163500, -58.340471
163560, -58.114005
163620, -57.887227
163680, -57.659993
163740, -57.432080
163800, -57.203316
163860, -56.973572
163920, -56.742720
163980, -56.510400
164040, -56.276320
164100, -56.040245
164160, -55.801983
164220, -55.561065
164280, -55.317031
164340, -55.069491
164400, -54.818101
164460, -54.562222
164520, -54.301151
164580, -54.034262
164640, -53.760978
164700, -53.480236
164760, -53.190979
164820, -52.892209
164880, -52.582698
164940, -52.260753
165000, -51.924735
165060, -51.572810
165120, -51.202356
165180, -50.810754
165240, -50.394749
165300, -49.950308
165360, -49.473095
165420, -48.957115
165480, -48.395915
165540, -47.780760
165600, -47.101511
165660, -46.345522
165720, -45.496586
165780, -44.534642
165840, -43.434392
165900, -42.163761
165960, -40.682264
166020, -38.938665
166080, -36.869722
166140, -34.399349
166200, -31.441928
166260, -27.912724
166320, -23.751183
166380, -18.963871
166440, -13.680454
166500, -8.202524
166560, -2.987831
166620, 1.459812
166680, 4.753467
166740, 6.731907
166800, 7.450414
166860, 7.097268
166920, 5.905598
166980, 4.096813
167040, 1.856650
167100, -0.669405
167160, -3.371982
167220, -6.171092
167280, -9.009568
167340, -11.847555
167400, -14.658359
167460, -17.424799
167520, -20.136834
167580, -22.789909
167640, -25.384432
167700, -27.924811
167760, -30.418770
167820, -32.878167
167880, -35.317384
167940, -37.753852
168000, -40.206421
168060, -42.694033
168120, -45.233252
168180, -47.834338
168240, -50.496075
168300, -53.198738
168360, -55.898674
168420, -58.525051
168480, -60.985272
168540, -63.183503
168600, -65.043034
168660, -66.527961
168720, -67.647363
168780, -68.444945
168840, -68.980579
168900, -69.314875
168960, -69.500246
169020, -69.578110
169080, -69.579346
169140, -69.526187
169200, -69.434315
169260, -69.314677
169320, -69.174876
169380, -69.020195
169440, -68.854314
169500, -68.679809
169560, -68.498497
169620, -68.311678
169680, -68.120289
169740, -67.925020
169800, -67.726382
169860, -67.524764
169920, -67.320470
169980, -67.113749
170040, -66.904807
170100, -66.693818
170160, -66.480929
170220, -66.266279
170280, -66.049996
170340, -65.832209
170400, -65.613022
170460, -65.392542
170520, -65.170876
170580, -64.948135
170640, -64.724426
170700, -64.499835
170760, -64.274456
170820, -64.048391
170880, -63.821746
170940, -63.594598
171000, -63.367022
171060, -63.139107
171120, -62.910946
171180, -62.682619
171240, -62.454172
171300, -62.225669
171360, -61.997186
171420, -61.768807
171480, -61.540538
171540, -61.312408
171600, -61.084464
171660, -60.856765
171720, -60.629312
171780, -60.402085
171840, -60.175088
171900, -59.948345
171960, -59.721863
172020, -59.495556
172080, -59.269370
172140, -59.043283
172200, -58.817294
172260, -58.591270
172320, -58.365082
172380, -58.138645
172440, -57.911900
172500, -57.684729
172560, -57.456899
172620, -57.228234
172680, -56.998603
172740, -56.767903
172800, -56.535767
172860, -56.301899
172920, -56.066057
172980, -55.828045
173040, -55.587434
173100, -55.343755
173160, -55.096611
173220, -54.845652
173280, -54.590289
173340, -54.329808
173400, -54.063576
173460, -53.791011
173520, -53.511113
173580, -53.222815
173640, -52.925114
173700, -52.616860
173760, -52.296350
173820, -51.961943
173880, -51.611907
173940, -51.243618
174000, -50.854464
174060, -50.441334
174120, -50.000208
174180, -49.526928
174240, -49.015535
174300, -48.459764
174360, -47.851009
174420, -47.179467
174480, -46.432611
174540, -45.594714
174600, -44.646270
174660, -43.562636
174720, -42.312526
174780, -40.856379
174840, -39.144426
174900, -37.114642
174960, -34.692324
175020, -31.792596
175080, -28.329689
175140, -24.239027
175200, -19.516884
175260, -14.277104
175320, -8.800759
175380, -3.532154
175440, 1.021609
175500, 4.454416
175560, 6.578006
175620, 7.427322
175680, 7.180775
175740, 6.069948
175800, 4.319224
175860, 2.118655
175920, -0.381877
175980, -3.069396
176040, -5.860925
176100, -8.697219
176160, -11.536883
176220, -14.351798
176280, -17.123743
176340, -19.841884
176400, -22.501412
176460, -25.102299
176520, -27.648122
176580, -30.146800
176640, -32.609236
176700, -35.049961
176760, -37.485703
176820, -39.935533
176880, -42.418392
176940, -44.951252
177000, -47.545459
177060, -50.200999
177120, -52.900915
177180, -55.604357
177240, -58.242832
177300, -60.726138
177360, -62.957210
177420, -64.856587
177480, -66.382971
177540, -67.540888
177600, -68.371072
177660, -68.932474
177720, -69.286169
177780, -69.485699
177840, -69.573708
177900, -69.582154
177960, -69.534114
178020, -69.445896
178080, -69.328893
178140, -69.191018
178200, -69.037771
178260, -68.872980
178320, -68.699323
178380, -68.518689
178440, -68.332425
178500, -68.141501
178560, -67.946631
178620, -67.748343
178680, -67.547036
178740, -67.343024
178800, -67.136558
178860, -66.927851
178920, -66.717080
178980, -66.504393
179040, -66.289930
179100, -66.073821
179160, -65.856192
179220, -65.637154
179280, -65.416810
179340, -65.195269
179400, -64.972641
179460, -64.749036
179520, -64.524537
179580, -64.299240
179640, -64.073245
179700, -63.846659
179760, -63.619562
179820, -63.392028
179880, -63.164145
179940, -62.936007
180000, -62.707697
180060, -62.479261
180120, -62.250761
180180, -62.022273
180240, -61.793879
180300, -61.565594
180360, -61.337445
180420, -61.109476
180480, -60.881747
180540, -60.654268
180600, -60.427015
180660, -60.199992
180720, -59.973219
180780, -59.746720
180840, -59.520400
180900, -59.294205
180960, -59.068110
181020, -58.842111
181080, -58.616095
181140, -58.389928
181200, -58.163520
181260, -57.936810
181320, -57.709701
181380, -57.481956
181440, -57.253393
181500, -57.023874
181560, -56.793298
181620, -56.561326
181680, -56.327653
181740, -56.092032
181800, -55.854263
181860, -55.613954
181920, -55.370627
181980, -55.123876
182040, -54.873349
182100, -54.618502
182160, -54.358613
182220, -54.093039
182280, -53.821194
182340, -53.542143
182400, -53.254807
182460, -52.958178
182520, -52.651183
182580, -52.332111
182640, -51.999317
182700, -51.651173
182760, -51.285053
182820, -50.898349
182880, -50.488097
182940, -50.050288
183000, -49.580788
183060, -49.073854
183120, -48.523260
183180, -47.920685
183240, -47.256638
183300, -46.518702
183360, -45.691613
183420, -44.756406
183480, -43.689078
183540, -42.459116
183600, -41.027881
183660, -39.346975
183720, -37.355592
183780, -34.980445
183840, -32.137446
183900, -28.740172
183960, -24.720165
184020, -20.064542
184080, -14.870787
184140, -9.400776
184200, -4.084454
184260, 0.570987
184320, 4.140158
184380, 6.409183
184440, 7.391320
184500, 7.253983
184560, 6.226526
184620, 4.535952
184680, 2.376681
184740, -0.097103
184800, -2.768565
184860, -5.551955
184920, -8.385698
184980, -11.226582
185040, -14.045167
185100, -16.822231
185160, -19.546548
185220, -22.212724
185280, -24.819881
185340, -27.371473
185400, -29.874881
185460, -32.340625
185520, -34.782925
185580, -37.218417
185640, -39.665751
185700, -42.144120
185760, -44.670831
185820, -47.257925
185880, -49.907170
185940, -52.603885
186000, -55.309533
186060, -57.959133
186120, -60.464510
186180, -62.727659
186240, -64.666049
186300, -66.233744
186360, -67.430584
186420, -68.294032
186480, -68.881904
186540, -69.255612
186600, -69.469789
186660, -69.568308
186720, -69.584226
186780, -69.541491
186840, -69.457058
186900, -69.342778
186960, -69.206892
187020, -69.055121
187080, -68.891450
187140, -68.718663
187200, -68.538721
187260, -68.353021
187320, -68.162570
187380, -67.968104
187440, -67.770170
187500, -67.569177
187560, -67.365448
187620, -67.159240
187680, -66.950769
187740, -66.740216
187800, -66.527733
187860, -66.313457
187920, -66.097522
187980, -65.880053
188040, -65.661164
188100, -65.440958
188160, -65.219542
188220, -64.997027
188280, -64.773526
188340, -64.549121
188400, -64.323907
188460, -64.097984
188520, -63.871457
188580, -63.644412
188640, -63.416922
188700, -63.189072
188760, -62.960957
188820, -62.732665
188880, -62.504240
188940, -62.275745
189000, -62.047252
189060, -61.818843
189120, -61.590543
189180, -61.362375
189240, -61.134383
189300, -60.906624
189360, -60.679119
189420, -60.451843
189480, -60.224794
189540, -59.997992
189600, -59.771474
189660, -59.545142
189720, -59.318939
189780, -59.092836
189840, -58.866827
189900, -58.640819
189960, -58.414673
190020, -58.188294
190080, -57.961618
190140, -57.734572
190200, -57.506910
190260, -57.278447
190320, -57.049040
190380, -56.818585
190440, -56.586774
190500, -56.353293
190560, -56.117891
190620, -55.880362
190680, -55.640351
190740, -55.397372
190800, -55.151012
190860, -54.900911
190920, -54.646575
190980, -54.387271
191040, -54.122349
191100, -53.851217
191160, -53.573004
191220, -53.286621
191280, -52.991053
191340, -52.685304
191400, -52.367655
191460, -52.036458
191520, -51.690086
191580, -51.326032
191640, -50.941686
191700, -50.534222
191760, -50.099639
191820, -49.633824
191880, -49.131246
191940, -48.585712
192000, -47.989179
192060, -47.332462
192120, -46.603253
192180, -45.786739
192240, -44.864481
192300, -43.813108
192360, -42.602866
192420, -41.196021
192480, -39.545221
192540, -37.591211
192600, -35.262093
192660, -32.474728
192720, -29.142298
192780, -25.192596
192840, -20.604262
192900, -15.460308
192960, -10.002728
193020, -4.644563
193080, 0.107059
193140, 3.810507
193200, 6.225331
193260, 7.342535
193320, 7.317305
193380, 6.376014
193440, 4.747958
193500, 2.631858
193560, 0.186246
193620, -2.468247
193680, -5.242800
193740, -8.073398
193800, -10.915029
193860, -13.737048
193920, -16.519472
193980, -19.250134
194040, -21.922821
194100, -24.536226
194160, -27.093725
194220, -29.601805
194280, -32.071165
194340, -34.515135
194400, -36.950516
194460, -39.395549
194520, -41.869589
194580, -44.390294
194640, -46.970424
194700, -49.613445
194760, -52.306213
194820, -55.013540
194880, -57.673720
194940, -60.199591
195000, -62.493927
195060, -64.470996
195120, -66.080182
195180, -67.316513
195240, -68.213972
195300, -68.829061
195360, -69.223425
195420, -69.452755
195480, -69.562161
195540, -69.585821
195600, -69.548581
195660, -69.468063
195720, -69.356599
195780, -69.222765
195840, -69.072516
195900, -68.909996
195960, -68.738101
196020, -68.558868
196080, -68.373745
196140, -68.183775
196200, -67.989721
196260, -67.792146
196320, -67.591473
196380, -67.388031
196440, -67.182085
196500, -66.973854
196560, -66.763523
196620, -66.551245
196680, -66.337160
196740, -66.121401
196800, -65.904096
196860, -65.685358
196920, -65.465292
196980, -65.244004
197040, -65.021604
197100, -64.798206
197160, -64.573896
197220, -64.348765
197280, -64.122915
197340, -63.896449
197400, -63.669457
197460, -63.442012
197520, -63.214198
197580, -62.986107
197640, -62.757835
197700, -62.529425
197760, -62.300935
197820, -62.072438
197880, -61.844016
197940, -61.615702
198000, -61.387517
198060, -61.159502
198120, -60.931713
198180, -60.704184
198240, -60.476884
198300, -60.249809
198360, -60.022980
198420, -59.796429
198480, -59.570076
198540, -59.343856
198600, -59.117740
198660, -58.891719
198720, -58.665718
198780, -58.439592
198840, -58.213241
198900, -57.986601
198960, -57.759617
199020, -57.532040
199080, -57.303678
199140, -57.074385
199200, -56.844053
199260, -56.612404
199320, -56.379118
199380, -56.143937
199440, -55.906649
199500, -55.666939
199560, -55.424310
199620, -55.178342
199680, -54.928670
199740, -54.674847
199800, -54.416131
199860, -54.151863
199920, -53.881448
199980, -53.604076
200040, -53.318648
200100, -53.024144
200160, -52.719586
200220, -52.403317
200280, -52.073682
200340, -51.729055
200400, -51.367042
200460, -50.985032
200520, -50.580334
200580, -50.148955
200640, -49.686802
200700, -49.188551
200760, -48.648048
200820, -48.057522
200880, -47.407893
200940, -46.687191
201000, -45.881037
201060, -44.971499
201120, -43.935821
201180, -42.744995
201240, -41.362184
201300, -39.741081
201360, -37.823968
201420, -35.540344
201480, -32.808082
201540, -29.540034
201600, -25.661271
201660, -21.142358
201720, -16.051325
201780, -10.610605
201840, -5.217481
201900, -0.374659
201960, 3.460593
202020, 6.022060
202080, 7.277425
202140, 7.368126
202200, 6.516644
202260, 4.954170
202320, 2.883654
202380, 0.468033
202440, -2.168231
202500, -4.932987
202560, -7.759800
202620, -10.601990
202680, -13.427478
202740, -16.215096
202800, -18.951799
202860, -21.630801
202920, -24.250781
202980, -26.814161
203040, -29.327301
203100, -31.800328
203160, -34.246428
203220, -36.681850
203280, -39.124963
203340, -41.594866
203400, -44.109625
203460, -46.682868
203520, -49.319034
203580, -52.007464
203640, -54.716090
203700, -57.385129
203760, -59.930378
203820, -62.254983
203880, -64.270416
203940, -65.921331
204000, -67.197717
204060, -68.130019
204120, -68.773188
204180, -69.188966
204240, -69.434053
204300, -69.554799
204360, -69.586530
204420, -69.555017
204480, -69.478577
204540, -69.370041
204600, -69.238338
204660, -69.089665
204720, -68.928334
204780, -68.757358
204840, -68.578852
204900, -68.394320
204960, -68.204842
205020, -68.011205
205080, -67.813995
205140, -67.613645
205200, -67.410493
205260, -67.204811
205320, -66.996821
205380, -66.786713
205440, -66.574642
205500, -66.360749
205560, -66.145168
205620, -65.928026
205680, -65.709441
205740, -65.489516
205800, -65.268357
205860, -65.046074
205920, -64.822780
205980, -64.598564
206040, -64.373518
206100, -64.147741
206160, -63.921338
206220, -63.694401
206280, -63.467003
206340, -63.239225
206400, -63.011160
206460, -62.782906
206520, -62.554508
206580, -62.326024
206640, -62.097524
206700, -61.869090
206760, -61.640762
206820, -61.412561
206880, -61.184525
206940, -60.956708
207000, -60.729156
207060, -60.501833
207120, -60.274735
207180, -60.047879
207240, -59.821296
207300, -59.594921
207360, -59.368687
207420, -59.142558
207480, -58.916526
207540, -58.690531
207600, -58.464426
207660, -58.238105
207720, -58.011499
207780, -57.784567
207840, -57.557066
207900, -57.328799
207960, -57.099614
208020, -56.869401
208080, -56.637912
208140, -56.404818
208200, -56.169856
208260, -55.932809
208320, -55.693398
208380, -55.451116
208440, -55.205538
208500, -54.956293
208560, -54.702981
208620, -54.444848
208680, -54.181231
208740, -53.911528
208800, -53.634992
208860, -53.350514
208920, -53.057067
208980, -52.753671
209040, -52.438756
209100, -52.110660
209160, -51.767754
209220, -51.407756
209280, -51.028055
209340, -50.626008
209400, -50.197728
209460, -49.739138
209520, -49.245114
209580, -48.709535
209640, -48.124896
209700, -47.482186
209760, -46.769804
209820, -45.973790
209880, -45.076712
209940, -44.056159
210000, -42.883966
210060, -41.524352
210120, -39.932012
210180, -38.050711
210240, -35.811267
210300, -33.132629
210360, -29.927587
210420, -26.118402
210480, -21.668493
210540, -16.632830
210600, -11.214847
210660, -5.793242
210720, -0.865716
210780, 3.097342
210840, 5.804292
210900, 7.198379
210960, 7.406768
211020, 6.647158
211080, 5.152186
211140, 3.128767
211200, 0.744341
211260, -1.872658
211320, -4.626886
211380, -7.449518
211440, -10.291840
211500, -13.120305
211560, -15.912649
211620, -18.655168
211680, -21.340784
211740, -23.967233
211800, -26.536353
211860, -29.054620
211920, -31.531244
211980, -33.979579
212040, -36.415152
212100, -38.856448
212160, -41.322501
212220, -43.831568
212280, -46.397972
212340, -49.027374
212400, -51.711501
212460, -54.420073
212520, -57.096911
212580, -59.660564
212640, -62.013835
212700, -64.066737
212760, -65.759082
212820, -67.075588
212880, -68.043170
212940, -68.714984
213000, -69.152712
213060, -69.414003
213120, -69.546432
213180, -69.586483
213240, -69.560873
213300, -69.488634
213360, -69.383112
213420, -69.253597
213480, -69.106540
213540, -68.946426
213600, -68.776387
213660, -68.598621
213720, -68.414688
213780, -68.225707
213840, -68.032493
213900, -67.835649
213960, -67.635623
214020, -67.432763
214080, -67.227345
214140, -67.019597
214200, -66.809712
214260, -66.597848
214320, -66.384147
214380, -66.168744
214440, -65.951766
214500, -65.733334
214560, -65.513550
214620, -65.292520
214680, -65.070355
214740, -64.847166
214800, -64.623046
214860, -64.398086
214920, -64.172384
214980, -63.946043
215040, -63.719163
215100, -63.491811
215160, -63.264071
215220, -63.036033
215280, -62.807796
215340, -62.579409
215400, -62.350930
215460, -62.122427
215520, -61.893982
215580, -61.665642
215640, -61.437426
215700, -61.209370
215760, -60.981527
215820, -60.753953
215880, -60.526609
215940, -60.299489
216000, -60.072607
216060, -59.845994
216120, -59.619599
216180, -59.393350
216240, -59.167210
216300, -58.941167
216360, -58.715180
216420, -58.489096
216480, -58.262805
216540, -58.036235
216600, -57.809342
216660, -57.581907
216720, -57.353726
216780, -57.124645
216840, -56.894547
216900, -56.663214
216960, -56.430309
217020, -56.195562
217080, -55.958753
217140, -55.719638
217200, -55.477701
217260, -55.232509
217320, -54.983688
217380, -54.730881
217440, -54.473327
217500, -54.210354
217560, -53.941356
217620, -53.665647
217680, -53.382109
217740, -53.089709
217800, -52.787463
217860, -52.473888
217920, -52.147313
217980, -51.806109
218040, -51.448105
218100, -51.070686
218160, -50.671216
218220, -50.245966
218280, -49.790868
218340, -49.300994
218400, -48.770254
218460, -48.191403
218520, -47.555499
218580, -46.851301
218640, -46.065264
218700, -45.180218
218760, -44.174267
218820, -43.019960
218880, -41.682687
218940, -40.118167
219000, -38.271376
219060, -36.074504
219120, -33.447688
219180, -30.303977
219240, -26.563450
219300, -22.182974
219360, -17.204145
219420, -11.812045
219480, -6.367441
219540, -1.361235
219600, 2.724993
219660, 5.575345
219720, 7.108569
219780, 7.436316
219840, 6.770580
219900, 5.344974
219960, 3.370177
220020, 1.018091
220080, -1.578708
220140, -4.321813
220200, -7.139702
220260, -9.981677
220320, -12.812754
220380, -15.609851
220440, -18.358467
220500, -21.050596
220560, -23.683293
220620, -26.258615
220680, -28.782052
220740, -31.262797
220800, -33.713505
220860, -36.149801
220920, -38.589537
220980, -41.051998
221040, -43.555595
221100, -46.115214
221160, -48.737970
221220, -51.416982
221280, -54.124933
221340, -56.808994
221400, -59.389565
221460, -61.770442
221520, -63.859524
221580, -65.592646
221640, -66.949435
221700, -67.952850
221760, -68.654004
221820, -69.114366
221880, -69.392435
221940, -69.536989
222000, -69.585685
222060, -69.566212
222120, -69.498338
222180, -69.395944
222240, -69.268697
222300, -69.123311
222360, -68.964453
222420, -68.795380
222480, -68.618373
222540, -68.435054
222600, -68.246581
222660, -68.053797
222720, -67.857326
222780, -67.657629
222840, -67.455064
222900, -67.249914
222960, -67.042411
223020, -66.832751
223080, -66.621096
223140, -66.407589
223200, -66.192365
223260, -65.975554
223320, -65.757276
223380, -65.537635
223440, -65.316737
223500, -65.094690
223560, -64.871608
223620, -64.647585
223680, -64.422712
223740, -64.197086
223800, -63.970810
223860, -63.743986
223920, -63.516683
223980, -63.288982
224040, -63.060972
224100, -62.832751
224160, -62.604377
224220, -62.375904
224280, -62.147399
224340, -61.918942
224400, -61.690591
224460, -61.462361
224520, -61.234285
224580, -61.006416
224640, -60.778816
224700, -60.551449
224760, -60.324304
224820, -60.097395
224880, -59.870751
224940, -59.644334
225000, -59.418070
225060, -59.191919
225120, -58.965864
225180, -58.739884
225240, -58.513819
225300, -58.287556
225360, -58.061021
225420, -57.834165
225480, -57.606794
225540, -57.378699
225600, -57.149718
225660, -56.919733
225720, -56.688553
225780, -56.455834
225840, -56.221300
225900, -55.984725
225960, -55.745901
226020, -55.504305
226080, -55.259494
226140, -55.011091
226200, -54.758763
226260, -54.501764
226320, -54.239416
226380, -53.971105
226440, -53.696206
226500, -53.413590
226560, -53.122218
226620, -52.821104
226680, -52.508848
226740, -52.183773
226800, -51.844246
226860, -51.488207
226920, -51.113039
226980, -50.716110
227040, -50.293846
227100, -49.842190
227160, -49.356407
227220, -48.830435
227280, -48.257289
227340, -47.628090
227400, -46.931956
227460, -46.155745
227520, -45.282468
227580, -44.290829
227640, -43.154079
227700, -41.838428
227760, -40.300967
227820, -38.487727
227880, -36.332375
227940, -33.756232
228000, -30.672582
228060, -26.999675
228120, -22.687846
228180, -17.767483
228240, -12.405450
228300, -6.944080
228360, -1.864927
228420, 2.340663
228480, 5.333067
228540, 7.006194
228600, 7.455147
228660, 6.885396
228720, 5.531097
228780, 3.606535
228840, 1.288063
228900, -1.287747
228960, -4.018997
229020, -6.831526
229080, -9.672865
229140, -12.506628
229200, -15.308432
229260, -18.062834
229320, -20.761108
229380, -23.400312
229440, -25.981736
229500, -28.510196
229560, -30.995045
229620, -33.448082
229680, -35.885078
229740, -38.323510
229800, -40.782577
229860, -43.280923
229920, -45.833967
229980, -48.449914
230040, -51.123630
230100, -53.830747
230160, -56.520916
230220, -59.117073
230280, -61.524580
230340, -63.649152
230400, -65.422667
230460, -66.819882
230520, -67.859534
230580, -68.590587
230640, -69.074157
230700, -69.369500
230760, -69.526564
230820, -69.584192
230880, -69.571059
230940, -69.507692
231000, -69.408525
231060, -69.283615
231120, -69.139948
231180, -68.982379
231240, -68.814294
231300, -68.638064
231360, -68.455369
231420, -68.267413
231480, -68.075066
231540, -67.878972
231600, -67.679608
231660, -67.477342
231720, -67.272462
231780, -67.065205
231840, -66.855773
231900, -66.644328
231960, -66.431017
232020, -66.215974
232080, -65.999330
232140, -65.781208
232200, -65.561712
232260, -65.340946
232320, -65.119020
232380, -64.896045
232440, -64.672121
232500, -64.447336
232560, -64.221787
232620, -63.995576
232680, -63.768811
232740, -63.541558
232800, -63.313896
232860, -63.085916
232920, -62.857713
232980, -62.629352
233040, -62.400885
233100, -62.172380
233160, -61.943913
233220, -61.715551
233280, -61.487306
233340, -61.259212
233400, -61.031317
233460, -60.803684
233520, -60.576289
233580, -60.349116
233640, -60.122178
233700, -59.895501
233760, -59.669062
233820, -59.442784
233880, -59.216620
233940, -58.990554
234000, -58.764582
234060, -58.538537
234120, -58.312304
234180, -58.085803
234240, -57.858985
234300, -57.631679
234360, -57.403669
234420, -57.174790
234480, -56.944917
234540, -56.713891
234600, -56.481358
234660, -56.247036
234720, -56.010694
234780, -55.772144
234840, -55.530874
234900, -55.286433
234960, -55.038438
235020, -54.786553
235080, -54.530081
235140, -54.268333
235200, -54.000689
235260, -53.726579
235320, -53.444867
235380, -53.154506
235440, -52.854508
235500, -52.543553
235560, -52.219958
235620, -51.882088
235680, -51.527989
235740, -51.155043
235800, -50.760626
235860, -50.341311
235920, -49.893055
235980, -49.411311
236040, -48.890048
236100, -48.322532
236160, -47.699953
236220, -47.011777
236280, -46.245222
236340, -45.383523
236400, -44.405977
236460, -43.286527
236520, -41.992197
236580, -40.481423
236640, -38.701307
236700, -36.586989
236760, -34.061011
236820, -31.037007
236880, -27.431538
236940, -23.190257
237000, -18.331293
237060, -13.004241
237120, -7.531508
237180, -2.385540
237240, 1.935618
237300, 5.070129
237360, 6.885894
237420, 7.459806
237480, 6.989939
237540, 5.710375
237600, 3.838813
237660, 1.556072
237720, -0.997178
237780, -3.715436
237840, -6.522080
237900, -9.362421
237960, -12.198437
238020, -15.004552
238080, -17.764416
238140, -20.469114
238200, -23.114924
238260, -25.702360
238320, -28.236440
238380, -30.725535
238440, -33.181583
238500, -35.619503
238560, -38.056955
238620, -40.512783
238680, -43.005971
238740, -45.552552
238800, -48.161514
238860, -50.829827
238920, -53.535281
238980, -56.230357
239040, -58.841214
239100, -61.274086
239160, -63.433545
239220, -65.247433
239280, -66.685545
239340, -67.762193
239400, -68.523986
239460, -69.031542
239520, -69.344797
239580, -69.514862
239640, -69.581778
239700, -69.575240
239760, -69.516559
239820, -69.420743
239880, -69.298257
239940, -69.156369
240000, -69.000131
240060, -68.833063
240120, -68.657629
240180, -68.475575
240240, -68.288145
240300, -68.096242
240360, -67.900531
240420, -67.701505
240480, -67.499540
240540, -67.294933
240600, -67.087925
240660, -66.878721
240720, -66.667489
240780, -66.454374
240840, -66.239514
240900, -66.023038
240960, -65.805072
241020, -65.585720
241080, -65.365087
241140, -65.143282
241200, -64.920416
241260, -64.696591
241320, -64.471896
241380, -64.246426
241440, -64.020283
241500, -63.793574
241560, -63.566369
241620, -63.338747
241680, -63.110796
241740, -62.882613
241800, -62.654267
241860, -62.425809
241920, -62.197304
241980, -61.968829
242040, -61.740459
242100, -61.512202
242160, -61.284090
242220, -61.056172
242280, -60.828508
242340, -60.601085
242400, -60.373887
242460, -60.146920
242520, -59.920212
242580, -59.693753
242640, -59.467461
242700, -59.241287
242760, -59.015211
242820, -58.789235
242880, -58.563202
242940, -58.336992
243000, -58.110523
243060, -57.883740
243120, -57.656498
243180, -57.428573
243240, -57.199794
243300, -56.970035
243360, -56.739161
243420, -56.506815
243480, -56.272705
243540, -56.036598
243600, -55.798300
243660, -55.557338
243720, -55.313255
243780, -55.065659
243840, -54.814208
243900, -54.558256
243960, -54.297102
244020, -54.030120
244080, -53.756734
244140, -53.475873
244200, -53.186480
244260, -52.887559
244320, -52.577871
244380, -52.255723
244440, -51.919477
244500, -51.567285
244560, -51.196524
244620, -50.804577
244680, -50.388164
244740, -49.943255
244800, -49.465485
244860, -48.948856
244920, -48.386880
244980, -47.770813
245040, -47.090467
245100, -46.333179
245160, -45.482675
245220, -44.518815
245280, -43.416206
245340, -42.142662
245400, -40.657569
245460, -38.909483
245520, -36.834961
245580, -34.357747
245640, -31.392125
245700, -27.853512
245760, -23.682107
245820, -18.885880
245880, -13.596930
245940, -8.119411
246000, -2.912689
246060, 1.519649
246120, 4.793765
246180, 6.752079
246240, 7.452588
246300, 7.084852
246360, 5.882160
246420, 4.065479
246480, 1.819957
246540, -0.709544
246600, -3.414129
246660, -6.214225
246720, -9.052974
246780, -11.890751
246840, -14.700961
246900, -17.466599
246960, -20.177748
247020, -22.829947
247080, -25.423574
247140, -27.963177
247200, -30.456461
247260, -32.915423
247320, -35.354423
247380, -37.790992
247440, -40.243946
247500, -42.732234
247560, -45.272351
247620, -47.874399
247680, -50.537001
247740, -53.240044
247800, -55.939421
247860, -58.564059
247920, -61.021022
247980, -63.214585
248040, -65.068536
248100, -66.547690
248160, -67.661791
248220, -68.454917
248280, -68.987043
248340, -69.318707
248400, -69.502160
248460, -69.578651
248520, -69.578912
248580, -69.525060
248640, -69.432694
248700, -69.312699
248760, -69.172637
248820, -69.017761
248880, -68.851732
248940, -68.677111
249000, -68.495707
249060, -68.308812
249120, -68.117360
249180, -67.922036
249240, -67.723350
249300, -67.521689
249360, -67.317357
249420, -67.110600
249480, -66.901627
249540, -66.690608
249600, -66.477691
249660, -66.263015
249720, -66.046709
249780, -65.828899
249840, -65.609693
249900, -65.389194
249960, -65.167510
250020, -64.944754
250080, -67.013114
250140, -68.635798
250200, -69.912566
250260, -70.919423
250320, -71.714706
250380, -72.343451
250440, -72.840621
250500, -73.233474
250560, -73.543326
250620, -73.786897
250680, -73.977338
250740, -74.125017
250800, -74.238134
250860, -74.323193
250920, -74.385373
250980, -74.428808
251040, -74.456812
251100, -74.472048
251160, -74.476667
251220, -74.472410
251280, -74.460692
251340, -74.442669
251400, -74.419285
251460, -74.391317
251520, -74.359407
251580, -74.324084
251640, -74.285789
251700, -74.244890
251760, -74.201695
251820, -74.156464
251880, -74.109414
251940, -74.060732
252000, -74.010576
252060, -73.959082
252120, -73.906364
252180, -73.852524
252240, -73.797649
252300, -73.741816
252360, -73.685091
252420, -73.627536
252480, -73.569203
252540, -73.510141
252600, -73.450392
252660, -73.389996
252720, -73.328990
252780, -73.267406
252840, -73.205275
252900, -73.142627
252960, -73.079487
253020, -73.015883
253080, -72.951837
253140, -72.887372
253200, -72.822509
253260, -72.757268
253320, -72.691669
253380, -72.625732
253440, -72.559477
253500, -72.492923
253560, -72.426089
253620, -72.358992
253680, -72.291651
253740, -72.224084
253800, -72.156307
253860, -72.088340
253920, -72.020197
253980, -71.951896
254040, -71.883452
254100, -71.814878
254160, -71.746188
254220, -71.677397
254280, -71.608521
254340, -71.539575
254400, -71.470574
254460, -71.401533
254520, -71.332467
254580, -71.263391
254640, -71.194320
254700, -71.125269
254760, -71.056251
254820, -70.987281
254880, -70.918373
254940, -70.849535
255000, -70.780777
255060, -70.712111
255120, -70.643548
255180, -70.575101
255240, -70.506782
255300, -70.438603
255360, -70.370576
255420, -70.302714
255480, -70.235029
255540, -70.167532
255600, -70.100235
255660, -70.033149
255720, -69.966287
255780, -69.899655
255840, -69.833257
255900, -69.767101
255960, -69.701194
256020, -69.635543
256080, -69.570158
256140, -69.505046
256200, -69.440218
256260, -69.375682
256320, -69.311447
256380, -69.247523
256440, -69.183917
256500, -69.120639
256560, -69.057697
256620, -68.995099
256680, -68.932853
256740, -68.870957
256800, -68.809412
256860, -68.748221
256920, -68.687386
256980, -68.626914
257040, -68.566809
257100, -68.507076
257160, -68.447723
257220, -68.388755
257280, -68.330178
257340, -68.271999
257400, -68.214222
257460, -68.156855
257520, -68.099903
257580, -68.043371
257640, -67.987266
257700, -67.931590
257760, -67.876336
257820, -67.821502
257880, -67.767085
257940, -67.713087
258000, -67.659509
258060, -67.606354
258120, -67.553624
258180, -67.501323
258240, -67.449455
258300, -67.398024
258360, -67.347033
258420, -67.296487
258480, -67.246389
258540, -67.196744
258600, -67.147555
258660, -67.098827
258720, -67.050562
258780, -67.002765
258840, -66.955439
258900, -66.908574
258960, -66.862162
259020, -66.816198
259080, -66.770680
259140, -66.725607
259200, -66.680979
259260, -66.636797
259320, -66.593062
259380, -66.549776
259440, -66.506942
259500, -66.464561
259560, -66.422638
259620, -66.381174
259680, -66.340172
259740, -66.299635
259800, -66.259566
259860, -66.219967
259920, -66.180841
259980, -66.142191
260040, -66.104019
260100, -66.066328
260160, -66.029119
260220, -65.992396
260280, -65.956157
260340, -65.920390
260400, -65.885086
260460, -65.850240
260520, -65.815847
260580, -65.781906
260640, -65.748415
260700, -65.715374
260760, -65.682784
260820, -65.650645
260880, -65.618959
260940, -65.587727
261000, -65.556952
261060, -65.526633
261120, -65.496774
261180, -65.467376
261240, -65.438441
261300, -65.409969
261360, -65.381964
261420, -65.354427
261480, -65.327359
261540, -65.300761
261600, -65.274634
261660, -65.248981
261720, -65.223802
261780, -65.199098
261840, -65.174869
261900, -65.151118
261960, -65.127844
262020, -65.105048
262080, -65.082730
262140, -65.060891
262200, -65.039530
262260, -65.018649
262320, -64.998246
262380, -64.978320
262440, -64.958861
262500, -64.939859
262560, -64.921308
262620, -64.903204
262680, -64.885542
262740, -64.868320
262800, -64.851536
262860, -64.835187
262920, -64.819273
262980, -64.803793
263040, -64.788745
263100, -64.774128
263160, -64.759942
263220, -64.746184
263280, -64.732855
263340, -64.719952
263400, -64.707475
263460, -64.695422
263520, -64.683792
263580, -64.672582
263640, -64.661792
263700, -64.651419
263760, -64.641461
263820, -64.631916
263880, -64.622781
263940, -64.614055
264000, -64.605734
264060, -64.597815
264120, -64.590296
264180, -64.583174
264240, -64.576445
264300, -64.570106
264360, -64.564153
264420, -64.558583
264480, -64.553392
264540, -64.548575
264600, -64.544130
264660, -64.540051
264720, -64.536334
264780, -64.532974
264840, -64.529968
264900, -64.527309
264960, -64.524994
265020, -64.523017
265080, -64.521373
265140, -64.520057
265200, -64.519063
265260, -64.518386
265320, -64.518021
265380, -64.517960
265440, -64.518200
265500, -64.518733
265560, -64.519554
265620, -64.520657
265680, -64.522036
265740, -64.523683
265800, -64.525594
265859, -64.527762
265919, -64.530179
265979, -64.532840
266039, -64.535739
266099, -64.538867
266159, -64.542220
266219, -64.545790
266279, -64.549570
266339, -64.553554
266399, -64.557735
266459, -64.562106
266519, -64.566660
266579, -64.571391
266639, -64.576292
266699, -64.581356
266759, -64.586575
266819, -64.591944
266879, -64.597456
266939, -64.603104
266999, -64.608880
267059, -64.614779
267119, -64.620794
267179, -64.626919
267239, -64.633146
267299, -64.639469
267359, -64.645882
267419, -64.652379
267479, -64.658953
267539, -64.665597
267599, -64.672307
267659, -64.679075
267719, -64.685896
267779, -64.692763
267839, -64.699672
267899, -64.706615
267959, -64.713588
268019, -64.720586
268079, -64.727601
268139, -64.734630
268199, -64.741667
268259, -64.748707
268319, -64.755745
268379, -64.762775
268439, -64.769794
268499, -64.776796
268559, -64.783777
268619, -64.790732
268679, -64.797658
268739, -64.804549
268799, -64.811402
268859, -64.818213
268919, -64.824978
268979, -64.831693
269039, -64.838355
269099, -64.844960
269159, -64.851505
269219, -64.857987
269279, -64.864402
269339, -64.870748
269399, -64.877021
269459, -64.883219
269519, -64.889340
269579, -64.895380
269639, -64.901338
269699, -64.907211
269759, -64.912997
269819, -64.918694
269879, -64.924300
269939, -64.929814
269999, -64.935233
270059, -64.940556
270119, -64.945782
270179, -64.950909
270239, -64.955936
270299, -64.960862
270359, -64.965686
270419, -64.970407
270479, -64.975024
270539, -64.979536
270599, -64.983942
270659, -64.988243
270719, -64.992438
270779, -64.996526
270839, -65.000506
270899, -65.004379
270959, -65.008143
271019, -65.011795
271079, -65.015335
271139, -65.018761
271199, -65.022075
271259, -65.025275
271319, -65.028363
271379, -65.031338
271439, -65.034201
271499, -65.036954
271559, -65.039596
271619, -65.042128
271679, -65.044553
271739, -65.046870
271799, -65.049081
271859, -65.051187
271919, -65.053189
271979, -65.055089
272039, -65.056889
272099, -65.058588
272159, -65.060189
272219, -65.061694
272279, -65.063103
272339, -65.064418
272399, -65.065641
272459, -65.066773
272519, -65.067816
272579, -65.068772
272639, -65.069642
272699, -65.070427
272759, -65.071129
272819, -65.071751
272879, -65.072293
272939, -65.072758
272999, -65.073147
273059, -65.073461
273119, -65.073703
273179, -65.073874
273239, -65.073976
273299, -65.074010
273359, -65.073978
273419, -65.073883
273479, -65.073725
273539, -65.073507
273599, -65.073229
273659, -65.072895
273719, -65.072505
273779, -65.072061
273839, -65.071565
273899, -65.071018
273959, -65.070423
274019, -65.069780
274079, -65.069091
274139, -65.068359
274199, -65.067584
274259, -65.066769
274319, -65.065914
274379, -65.065022
274439, -65.064093
274499, -65.063130
274559, -65.062134
274619, -65.061107
274679, -65.060049
274739, -65.058963
274799, -65.057849
274859, -65.056710
274919, -65.055546
274979, -65.054360
275039, -65.053151
275099, -65.051923
275159, -65.050675
275219, -65.049410
275279, -65.048128
275339, -65.046832
275399, -65.045521
275459, -65.044198
275519, -65.042863
275579, -65.041518
275639, -65.040163
275699, -65.038801
275759, -65.037431
275819, -65.036056
275879, -65.034675
275939, -65.033291
275999, -65.031904
276059, -65.030515
276119, -65.029125
276179, -65.027735
276239, -65.026346
276299, -65.024959
276359, -65.023574
276419, -65.022193
276479, -65.020816
276539, -65.019444
276599, -65.018078
276659, -65.016719
276719, -65.015367
276779, -65.014023
276839, -65.012688
276899, -65.011362
276959, -65.010046
277019, -65.008740
277079, -65.007446
277139, -65.006164
277199, -65.004893
277259, -65.003636
277319, -65.002392
277379, -65.001161
277439, -64.999945
277499, -64.998744
277559, -64.997557
277619, -64.996384
277679, -64.995225
277739, -64.994081
277799, -64.992951
277859, -64.991836
277919, -64.990737
277979, -64.989652
278039, -64.988583
278099, -64.987530
278159, -64.986492
278219, -64.985472
278279, -64.984467
278339, -64.983480
278399, -64.982509
278459, -64.981556
278519, -64.980620
278579, -64.979702
278639, -64.978802
278699, -64.977920
278759, -64.977056
278819, -64.976210
278879, -64.975383
278939, -64.974574
278999, -64.973784
279059, -64.973012
279119, -64.972259
279179, -64.971525
279239, -64.970810
279299, -64.970114
279359, -64.969436
279419, -64.968778
279479, -64.968138
279539, -64.967517
279599, -64.966915
279659, -64.966332
279719, -64.965768
279779, -64.965222
279839, -64.964695
279899, -64.964186
279959, -64.963696
280019, -64.963224
280079, -64.962770
280139, -64.962335
280199, -64.961917
280259, -64.961517
280319, -64.961135
280379, -64.960770
280439, -64.960423
280499, -64.960093
280559, -64.959779
280619, -64.959483
280679, -64.959203
280739, -64.958940
280799, -64.958693
280859, -64.958461
280919, -64.958246
280979, -64.958046
281039, -64.957862
281099, -64.957692
281159, -64.957538
281219, -64.957398
281279, -64.957272
281339, -64.957161
281399, -64.957064
281459, -64.956980
281519, -64.956910
281579, -64.956852
281639, -64.956808
281699, -64.956776
281759, -64.956757
281819, -64.956749
281879, -64.956754
281939, -64.956770
281999, -64.956797
282059, -64.956835
282119, -64.956884
282179, -64.956943
282239, -64.957013
282299, -64.957092
282359, -64.957181
282419, -64.957279
282479, -64.957386
282539, -64.957502
282599, -64.957627
282659, -64.957759
282719, -64.957900
282779, -64.958048
282839, -64.958204
282899, -64.958367
282959, -64.958536
283019, -64.958713
283079, -64.958895
283139, -64.959084
283199, -64.959278
283259, -64.959478
283319, -64.959683
283379, -64.959894
283439, -64.960109
283499, -64.960328
283559, -64.960552
283619, -64.960779
283679, -64.961011
283739, -64.961246
283799, -64.961485
283859, -64.961726
283919, -64.961970
283979, -64.962217
284039, -64.962467
284099, -64.962718
284159, -64.962971
284219, -64.963227
284279, -64.963483
284339, -64.963741
284399, -64.964001
284459, -64.964261
284519, -64.964522
284579, -64.964783
284639, -64.965045
284699, -64.965307
284759, -64.965569
284819, -64.965831
284879, -64.966092
284939, -64.966353
284999, -64.966613
285059, -64.966873
285119, -64.967131
285179, -64.967389
285239, -64.967645
285299, -64.967900
285359, -64.968153
285419, -64.968404
285479, -64.968654
285539, -64.968902
285599, -64.969147
285659, -64.969391
285719, -64.969632
285779, -64.969871
285839, -64.970108
285899, -64.970341
285959, -64.970572
286019, -64.970801
286079, -64.971026
286139, -64.971249
286199, -64.971468
286259, -64.971685
286319, -64.971898
286379, -64.972108
286439, -64.972314
286499, -64.972518
286559, -64.972718
286619, -64.972914
286679, -64.973107
286739, -64.973296
286799, -64.973481
286859, -64.973663
286919, -64.973841
286979, -64.974016
287039, -64.974186
287099, -64.974353
287159, -64.974516
287219, -64.974675
287279, -64.974831
287339, -64.974982
287399, -64.975129
287459, -64.975273
287519, -64.975413
287579, -64.975548
287639, -64.975680
287699, -64.975808
287759, -64.975932
287819, -64.976052
287879, -64.976168
287939, -64.976280
287999, -64.976389
288059, -64.976493
288119, -64.976594
288179, -64.976691
288239, -64.976784
288299, -64.976873
288359, -64.976958
288419, -64.977040
288479, -64.977118
288539, -64.977192
288599, -64.977263
288659, -64.977330
288719, -64.977394
288779, -64.977454
288839, -64.977510
288899, -64.977563
288959, -64.977613
289019, -64.977659
289079, -64.977702
289139, -64.977741
289199, -64.977778
289259, -64.977811
289319, -64.977841
289379, -64.977868
289439, -64.977892
289499, -64.977913
289559, -64.977931
289619, -64.977946
289679, -64.977958
289739, -64.977968
289799, -64.977975
289859, -64.977979
289919, -64.977980
289979, -64.977979
290039, -64.977976
290099, -64.977970
290159, -64.977961
290219, -64.977951
290279, -64.977938
290339, -64.977923
290399, -64.977905
290459, -64.977886
290519, -64.977864
290579, -64.977841
290639, -64.977816
290699, -64.977788
290759, -64.977759
290819, -64.977729
290879, -64.977696
290939, -64.977662
290999, -64.977626
291059, -64.977589
291119, -64.977550
291179, -64.977510
291239, -64.977469
291299, -64.977426
291359, -64.977382
291419, -64.977337
291479, -64.977291
291539, -64.977243
291599, -64.977195
291659, -64.977146
291719, -64.977095
291779, -64.977044
291839, -64.976992
291899, -64.976940
291959, -64.976886
292019, -64.976832
292079, -64.976777
292139, -64.976722
292199, -64.976666
292259, -64.976610
292319, -64.976553
292379, -64.976496
292439, -64.976439
292499, -64.976381
292559, -64.976323
292619, -64.976265
292679, -64.976206
292739, -64.976148
292799, -64.976089
292859, -64.976031
292919, -64.975972
292979, -64.975913
293039, -64.975855
293099, -64.975796
293159, -64.975738
293219, -64.975680
293279, -64.975621
293339, -64.975564
293399, -64.975506
293459, -64.975449
293519, -64.975392
293579, -64.975335
293639, -64.975279
293699, -64.975223
293759, -64.975168
293819, -64.975113
293879, -64.975058
293939, -64.975004
293999, -64.974951
294059, -64.974898
294119, -64.974845
294179, -64.974794
294239, -64.974742
294299, -64.974692
294359, -64.974642
294419, -64.974593
294479, -64.974544
294539, -64.974496
294599, -64.974449
294659, -64.974402
294719, -64.974356
294779, -64.974311
294839, -64.974267
294899, -64.974224
294959, -64.974181
295019, -64.974139
295079, -64.974097
295139, -64.974057
295199, -64.974017
295259, -64.973979
295319, -64.973941
295379, -64.973903
295439, -64.973867
295499, -64.973832
295559, -64.973797
295619, -64.973763
295679, -64.973730
295739, -64.973698
295799, -64.973667
295859, -64.973636
295919, -64.973606
295979, -64.973578
296039, -64.973550
296099, -64.973522
296159, -64.973496
296219, -64.973471
296279, -64.973446
296339, -64.973422
296399, -64.973399
296459, -64.973377
296519, -64.973356
296579, -64.973335
296639, -64.973315
296699, -64.973296
296759, -64.973278
296819, -64.973261
296879, -64.973244
296939, -64.973228
296999, -64.973213
297059, -64.973199
297119, -64.973185
297179, -64.973172
297239, -64.973160
297299, -64.973149
297359, -64.973138
297419, -64.973128
297479, -64.973119
297539, -64.973110
297599, -64.973102
297659, -64.973095
297719, -64.973088
297779, -64.973082
297839, -64.973076
297899, -64.973072
297959, -64.973067
298019, -64.973064
298079, -64.973061
298139, -64.973058
298199, -64.973056
298259, -64.973055
298319, -64.973054
298379, -64.973054
298439, -64.973054
298499, -64.973054
298559, -64.973055
298619, -64.973057
298679, -64.973059
298739, -64.973062
298799, -64.973064
298859, -64.973068
298919, -64.973072
298979, -64.973076
299039, -64.973080
299099, -64.973085
299159, -64.973090
299219, -64.973096
299279, -64.973102
299339, -64.973108
299399, -64.973115
299459, -64.973122
299519, -64.973129
299579, -64.973136
299639, -64.973144
299699, -64.973152
299759, -64.973160
299819, -64.973168
299879, -64.973177
299939, -64.973186
299999, -64.973195
300059, -64.973204
