# ./result/hh_cnexp_0540.txt
# dt = 540 [usec]
# t [usec], V [mV]
0, -65.000000
540, -64.988010
1080, -64.977695
1620, -64.968986
2160, -64.961946
2700, -64.956576
3240, -64.952811
3780, -64.950533
4320, -64.949582
4860, -64.949772
5400, -64.950903
5940, -64.952769
6480, -64.955167
7020, -64.957910
7560, -64.960826
8100, -64.963766
8640, -64.966606
9180, -64.969246
9720, -64.971612
10260, -64.973654
10800, -64.975345
11340, -64.976675
11880, -64.977651
12420, -64.978296
12960, -64.978638
13500, -64.978717
14040, -64.978574
14580, -64.978253
15120, -64.977799
15660, -64.977252
16200, -64.976651
16740, -64.976030
17280, -64.975418
17820, -64.974838
18360, -64.974308
18900, -64.973843
19440, -64.973449
19980, -64.973131
20520, -64.972889
21060, -64.972720
21600, -64.972618
22140, -64.972577
22680, -64.972586
23220, -64.972638
23760, -64.972723
24300, -64.972832
24840, -64.972957
25380, -64.973089
25920, -64.973222
26460, -64.973351
27000, -64.973470
27540, -64.973577
28080, -64.973670
28620, -64.973747
29160, -64.973807
29700, -64.973852
30240, -64.973881
30780, -64.973897
31320, -64.973901
31860, -64.973895
32400, -64.973881
32940, -64.973861
33480, -64.973836
34020, -64.973810
34560, -64.973782
35100, -64.973754
35640, -64.973728
36180, -64.973705
36720, -64.973684
37260, -64.973666
37800, -64.973652
38340, -64.973641
38880, -64.973633
39420, -64.973629
39960, -64.973627
40500, -64.973628
41040, -64.973630
41580, -64.973634
42120, -64.973639
42660, -64.973645
43200, -64.973651
43740, -64.973657
44280, -64.973663
44820, -64.973668
45360, -64.973673
45900, -64.973677
46440, -64.973681
46980, -64.973683
47520, -64.973686
48060, -64.973687
48600, -64.973688
49140, -64.973688
49680, -64.973688
50220, -64.973687
50760, -52.397596
51300, -35.484997
51840, 16.649894
52380, 32.647352
52920, 5.672652
53460, -20.631573
54000, -40.259065
54540, -57.809184
55080, -70.457257
55620, -72.239640
56160, -71.573276
56700, -70.341687
57240, -68.856218
57780, -67.204812
58320, -65.447439
58860, -63.641874
59400, -61.837154
59940, -60.059213
60480, -58.296609
61020, -56.483483
61560, -54.478523
62100, -51.971883
62640, -48.185389
63180, -40.684776
63720, -22.019616
64260, 5.683075
64800, -1.346232
65340, -25.149978
65880, -44.038995
66420, -60.731729
66960, -70.299754
67500, -71.319779
68040, -70.455008
68580, -69.079284
69120, -67.474147
69660, -65.740369
70200, -63.947587
70740, -62.152536
71280, -60.389470
71820, -58.659150
72360, -56.920421
72900, -55.075713
73440, -52.916566
73980, -49.970932
74520, -44.946793
75060, -33.744418
75600, -8.750478
76140, 5.417761
76680, -14.292538
77220, -35.692985
77760, -52.834079
78300, -67.284775
78840, -71.120862
79380, -70.841016
79920, -69.643945
80460, -68.122660
81000, -66.433837
81540, -64.658370
82080, -62.859722
82620, -61.083853
83160, -59.347482
83700, -57.626085
84240, -55.848079
84780, -53.865462
85320, -51.354739
85860, -47.498140
86400, -39.834787
86940, -21.347793
87480, 3.911201
88020, -4.196684
88560, -27.260031
89100, -45.626642
89640, -62.000696
90180, -70.406444
90720, -71.136767
91260, -70.198484
91800, -68.785308
92340, -67.155418
92880, -65.408057
93420, -63.612492
93960, -61.823127
94500, -60.070719
95040, -58.350853
95580, -56.611110
96120, -54.741227
96660, -52.512852
97200, -49.386690
97740, -43.854618
98280, -31.171909
98820, -4.994166
99360, 3.720855
99900, -17.765966
100440, -38.325819
100980, -55.252170
101520, -68.456727
102060, -71.189601
102600, -70.685732
103140, -69.421300
103680, -67.867650
104220, -66.160871
104760, -64.378238
105300, -62.580763
105840, -60.810464
106380, -59.079237
106920, -57.358373
107460, -55.562613
108000, -53.525195
108540, -50.878935
109080, -46.677208
109620, -37.975702
110160, -17.164472
110700, 5.314181
111240, -7.753245
111780, -30.408833
112320, -48.199073
112860, -64.135331
113400, -70.741393
113940, -71.041215
114480, -69.997722
115020, -68.542151
115560, -66.888992
116100, -65.130091
116640, -63.332669
117180, -61.547766
117720, -59.800939
118260, -58.081970
118800, -56.334251
119340, -54.429328
119880, -52.109259
120420, -48.759731
120960, -42.582735
121500, -28.026194
122040, -1.165087
122580, 1.379333
123120, -21.270623
123660, -40.980427
124200, -57.747156
124740, -69.381002
125280, -71.215629
125820, -70.523984
126360, -69.199447
126900, -67.616138
127440, -65.893210
127980, -64.104839
128520, -62.309820
129060, -60.545599
129600, -58.817885
130140, -57.091867
130680, -55.276645
131220, -53.181197
131760, -50.391566
132300, -45.788828
132840, -35.887559
133380, -12.860277
133920, 5.675902
134460, -11.284107
135000, -33.309914
135540, -50.686990
136080, -65.946623
136620, -70.968451
137160, -70.930953
137700, -69.799666
138240, -68.306758
138780, -66.633147
139320, -64.864504
139860, -63.066273
140400, -61.286840
140940, -59.545799
141480, -57.825852
142020, -56.063492
142560, -54.121815
143100, -51.707479
143640, -48.101540
144180, -41.187814
144720, -24.609482
145260, 1.875474
145800, -1.466128
146340, -24.548077
146880, -43.491674
147420, -60.083317
147960, -70.012872
148500, -71.188219
149040, -70.352309
149580, -68.977435
150120, -67.368034
150660, -65.631162
151200, -63.838304
151740, -62.046204
152280, -60.289142
152820, -58.565388
153360, -56.831989
153900, -54.989673
154440, -52.832666
154980, -49.879976
155520, -44.833180
156060, -33.587543
156600, -8.710724
157140, 5.046444
157680, -14.675191
158220, -35.964600
158760, -53.065961
159300, -67.393011
159840, -71.112593
160380, -70.809784
160920, -69.604888
161460, -68.079093
162000, -66.387524
162540, -64.610921
163080, -62.812563
163620, -61.037852
164160, -59.303278
164700, -57.582680
165240, -55.802994
165780, -53.813792
166320, -51.286045
166860, -47.387492
167400, -39.599329
167940, -20.820204
168480, 4.123635
169020, -4.683813
169560, -27.702420
170100, -45.979612
170640, -62.306546
171180, -70.457586
171720, -71.123158
172260, -70.169372
172800, -68.749990
173340, -67.116657
173880, -65.367565
174420, -63.571644
174960, -61.782886
175500, -60.031312
176040, -58.312275
176580, -56.571536
177120, -54.696874
177660, -52.455944
178200, -49.299176
178740, -43.681869
179280, -30.743363
179820, -4.410766
180360, 3.430280
180900, -18.273750
181440, -38.710329
181980, -55.612107
182520, -68.607659
183060, -71.196956
183600, -70.663507
184140, -69.389921
184680, -67.831846
185220, -66.122645
185760, -64.339129
186300, -62.541906
186840, -60.772414
187380, -59.041673
187920, -57.320797
188460, -55.522350
189000, -53.476799
189540, -50.810501
190080, -46.552747
190620, -37.683817
191160, -16.529341
191700, 5.442194
192240, -8.269383
192780, -30.845848
193320, -48.566086
193860, -64.419669
194400, -70.780485
194940, -71.026430
195480, -69.969295
196020, -68.508062
196560, -66.851808
197100, -65.091394
197640, -63.293843
198180, -61.509640
198720, -59.763597
199260, -58.044472
199800, -56.295517
200340, -54.385459
200880, -52.052033
201420, -48.670040
201960, -42.393927
202500, -27.559416
203040, -0.686427
203580, 1.007036
204120, -21.741874
204660, -41.339179
205200, -58.083208
205740, -69.485270
206280, -71.214875
206820, -70.500732
207360, -69.168636
207900, -67.581493
208440, -65.856497
208980, -64.067406
209520, -62.272851
210060, -60.509539
210600, -58.782321
211140, -57.055255
211680, -55.237273
212220, -53.133691
212760, -50.323975
213300, -45.665170
213840, -35.590302
214380, -12.287156
214920, 5.648134
215460, -11.746207
216000, -33.677848
216540, -51.011401
217080, -66.163890
217620, -70.992770
218160, -70.915622
218700, -69.773654
219240, -68.276095
219780, -66.599947
220320, -64.830144
220860, -63.031830
221400, -61.253198
221940, -59.512952
222480, -57.792861
223020, -56.028156
223560, -54.081512
224100, -51.654578
224640, -48.013017
225180, -40.999824
225720, -24.161508
226260, 2.191946
226800, -1.857803
227340, -24.952083
227880, -43.804255
228420, -60.370197
228960, -70.076837
229500, -71.181447
230040, -70.329567
230580, -68.948823
231120, -67.336289
231660, -65.597786
232200, -63.804470
232740, -62.012746
233280, -60.256679
233820, -58.533472
234360, -56.799127
234900, -54.952797
235440, -52.785428
235980, -49.807580
236520, -44.690268
237060, -33.232591
237600, -8.118239
238140, 4.891356
238680, -15.155938
239220, -36.334816
239760, -53.405626
240300, -67.572943
240840, -71.127660
241380, -70.791419
241920, -69.576878
242460, -68.046647
243000, -66.352664
243540, -64.575040
244080, -62.776744
244620, -61.002667
245160, -59.269043
245700, -57.548334
246240, -55.766093
246780, -53.769439
247320, -51.223503
247860, -47.280251
248400, -39.358778
248940, -20.263499
249480, 4.361771
250020, -5.154509
250560, -29.841113
251100, -48.931015
251640, -66.904373
252180, -74.382229
252720, -75.563632
253260, -75.589961
253800, -75.337610
254340, -74.975435
254880, -74.543174
255420, -74.054595
255960, -73.518904
256500, -72.945330
257040, -72.344123
257580, -71.725858
258120, -71.101227
258660, -70.480189
259200, -69.871229
259740, -69.281979
260280, -68.717880
260820, -68.183361
261360, -67.681620
261900, -67.214244
262440, -66.782864
262980, -66.387902
263520, -66.029371
264060, -65.708893
264600, -65.424155
265140, -65.175889
265680, -64.965011
266220, -64.791326
266760, -64.652161
267300, -64.546999
267840, -64.474774
268380, -64.433594
268920, -64.420732
269460, -64.432707
270000, -64.465435
270540, -64.514442
271080, -64.575105
271620, -64.642908
272160, -64.713664
272700, -64.783708
273240, -64.850014
273780, -64.910260
274320, -64.962830
274860, -65.006766
275400, -65.041588
275940, -65.066980
276480, -65.083629
277020, -65.092517
277560, -65.094772
278100, -65.091582
278640, -65.084130
279180, -65.073545
279720, -65.060864
280260, -65.047010
280800, -65.032778
281340, -65.018824
281880, -65.005673
282420, -64.993717
282960, -64.983126
283500, -64.974000
284040, -64.966450
284580, -64.960508
285120, -64.956143
285660, -64.953260
286200, -64.951725
286740, -64.951369
287280, -64.952006
287820, -64.953439
288360, -64.955472
288900, -64.957919
289440, -64.960608
289980, -64.963386
290520, -64.966123
291060, -64.968713
291600, -64.971074
292140, -64.973147
292680, -64.974897
293220, -64.976305
293760, -64.977374
294300, -64.978116
294840, -64.978556
295380, -64.978729
295920, -64.978672
296460, -64.978426
297000, -64.978034
297540, -64.977537
298080, -64.976972
298620, -64.976374
299160, -64.975772
299700, -64.975192
300240, -64.974653
