# hh_cnexp_0090.txt
# dt = 90 [usec]
# t [usec], V [mV]
0, -65.000000
90, -64.997428
180, -64.994975
269, -64.992618
359, -64.990341
449, -64.988136
539, -64.985996
630, -64.983917
720, -64.981898
810, -64.979938
900, -64.978036
990, -64.976192
1080, -64.974407
1170, -64.972681
1260, -64.971013
1349, -64.969404
1439, -64.967855
1529, -64.966366
1619, -64.964936
1709, -64.963566
1799, -64.962255
1889, -64.961004
1979, -64.959813
2069, -64.958680
2159, -64.957606
2249, -64.956590
2339, -64.955632
2429, -64.954732
2519, -64.953888
2609, -64.953100
2699, -64.952367
2789, -64.951689
2879, -64.951064
2969, -64.950492
3059, -64.949973
3149, -64.949503
3239, -64.949084
3329, -64.948714
3419, -64.948391
3509, -64.948115
3599, -64.947885
3689, -64.947699
3779, -64.947556
3869, -64.947454
3959, -64.947394
4049, -64.947373
4139, -64.947390
4229, -64.947444
4319, -64.947533
4409, -64.947657
4499, -64.947814
4589, -64.948002
4679, -64.948221
4769, -64.948469
4859, -64.948744
4949, -64.949046
5039, -64.949373
5129, -64.949724
5219, -64.950097
5309, -64.950492
5399, -64.950906
5489, -64.951339
5579, -64.951790
5669, -64.952256
5759, -64.952738
5849, -64.953234
5939, -64.953742
6029, -64.954262
6119, -64.954792
6209, -64.955332
6299, -64.955879
6389, -64.956434
6479, -64.956995
6569, -64.957561
6659, -64.958131
6749, -64.958704
6839, -64.959280
6929, -64.959857
7019, -64.960434
7109, -64.961011
7199, -64.961587
7289, -64.962160
7379, -64.962731
7469, -64.963299
7559, -64.963862
7649, -64.964421
7739, -64.964974
7829, -64.965521
7919, -64.966061
8009, -64.966594
8099, -64.967119
8189, -64.967636
8279, -64.968144
8369, -64.968643
8459, -64.969133
8549, -64.969612
8639, -64.970082
8729, -64.970540
8819, -64.970988
8909, -64.971424
8999, -64.971849
9089, -64.972263
9179, -64.972664
9269, -64.973053
9359, -64.973430
9449, -64.973795
9539, -64.974147
9629, -64.974487
9719, -64.974814
9809, -64.975129
9899, -64.975430
9989, -64.975719
10079, -64.975996
10169, -64.976259
10259, -64.976510
10349, -64.976749
10439, -64.976975
10529, -64.977189
10619, -64.977390
10709, -64.977579
10799, -64.977756
10889, -64.977922
10979, -64.978075
11069, -64.978217
11159, -64.978348
11249, -64.978468
11339, -64.978576
11429, -64.978674
11519, -64.978762
11609, -64.978839
11699, -64.978906
11789, -64.978963
11879, -64.979010
11969, -64.979049
12059, -64.979078
12149, -64.979098
12239, -64.979110
12329, -64.979114
12419, -64.979110
12509, -64.979098
12599, -64.979078
12689, -64.979052
12779, -64.979018
12869, -64.978978
12959, -64.978931
13049, -64.978879
13139, -64.978821
13229, -64.978757
13319, -64.978688
13409, -64.978614
13499, -64.978535
13589, -64.978452
13679, -64.978365
13769, -64.978274
13859, -64.978180
13949, -64.978082
14039, -64.977981
14129, -64.977877
14219, -64.977770
14309, -64.977661
14399, -64.977550
14489, -64.977437
14579, -64.977323
14669, -64.977207
14759, -64.977090
14849, -64.976971
14939, -64.976852
15029, -64.976732
15119, -64.976612
15209, -64.976492
15299, -64.976371
15389, -64.976251
15479, -64.976131
15569, -64.976011
15659, -64.975892
15749, -64.975774
15839, -64.975656
15929, -64.975540
16019, -64.975425
16109, -64.975311
16199, -64.975198
16289, -64.975088
16379, -64.974978
16469, -64.974871
16560, -64.974765
16650, -64.974661
16740, -64.974559
16830, -64.974459
16920, -64.974362
17010, -64.974267
17100, -64.974174
17190, -64.974083
17280, -64.973995
17370, -64.973909
17460, -64.973825
17550, -64.973745
17640, -64.973666
17730, -64.973591
17820, -64.973518
17910, -64.973447
18000, -64.973379
18090, -64.973314
18180, -64.973252
18270, -64.973192
18360, -64.973135
18450, -64.973080
18540, -64.973028
18630, -64.972979
18720, -64.972932
18810, -64.972888
18900, -64.972847
18990, -64.972808
19080, -64.972771
19170, -64.972738
19260, -64.972706
19350, -64.972677
19440, -64.972650
19530, -64.972626
19620, -64.972604
19710, -64.972584
19800, -64.972566
19890, -64.972550
19980, -64.972537
20070, -64.972526
20160, -64.972516
20250, -64.972509
20340, -64.972503
20430, -64.972500
20520, -64.972498
20610, -64.972497
20700, -64.972499
20790, -64.972502
20880, -64.972507
20970, -64.972513
21060, -64.972520
21150, -64.972529
21240, -64.972540
21330, -64.972551
21420, -64.972564
21510, -64.972578
21600, -64.972593
21690, -64.972609
21780, -64.972626
21870, -64.972643
21960, -64.972662
22050, -64.972682
22140, -64.972702
22230, -64.972723
22320, -64.972745
22410, -64.972767
22500, -64.972790
22590, -64.972813
22680, -64.972837
22770, -64.972861
22860, -64.972885
22950, -64.972910
23040, -64.972935
23130, -64.972960
23220, -64.972985
23310, -64.973011
23400, -64.973036
23490, -64.973062
23580, -64.973088
23670, -64.973113
23760, -64.973139
23850, -64.973164
23940, -64.973189
24030, -64.973215
24120, -64.973239
24210, -64.973264
24300, -64.973289
24390, -64.973313
24480, -64.973337
24570, -64.973360
24660, -64.973383
24750, -64.973406
24840, -64.973429
24930, -64.973451
25020, -64.973472
25110, -64.973493
25200, -64.973514
25290, -64.973534
25380, -64.973554
25470, -64.973573
25560, -64.973592
25650, -64.973610
25740, -64.973628
25830, -64.973645
25920, -64.973662
26010, -64.973678
26100, -64.973693
26190, -64.973708
26280, -64.973723
26370, -64.973737
26460, -64.973750
26550, -64.973763
26640, -64.973775
26730, -64.973786
26820, -64.973797
26910, -64.973808
27000, -64.973818
27090, -64.973827
27180, -64.973836
27270, -64.973844
27360, -64.973852
27450, -64.973859
27540, -64.973866
27630, -64.973872
27720, -64.973878
27810, -64.973883
27900, -64.973888
27990, -64.973893
28080, -64.973896
28170, -64.973900
28260, -64.973903
28350, -64.973905
28440, -64.973907
28530, -64.973909
28620, -64.973910
28710, -64.973911
28800, -64.973912
28890, -64.973912
28980, -64.973912
29070, -64.973911
29160, -64.973910
29250, -64.973909
29340, -64.973908
29430, -64.973906
29520, -64.973904
29610, -64.973902
29700, -64.973899
29790, -64.973896
29880, -64.973893
29970, -64.973890
30060, -64.973887
30150, -64.973883
30240, -64.973879
30330, -64.973875
30420, -64.973871
30510, -64.973867
30600, -64.973862
30690, -64.973858
30780, -64.973853
30870, -64.973848
30960, -64.973843
31050, -64.973838
31140, -64.973833
31230, -64.973828
31320, -64.973823
31410, -64.973818
31500, -64.973813
31590, -64.973808
31680, -64.973802
31770, -64.973797
31860, -64.973792
31950, -64.973786
32040, -64.973781
32130, -64.973776
32220, -64.973771
32310, -64.973766
32400, -64.973760
32490, -64.973755
32580, -64.973750
32670, -64.973745
32760, -64.973740
32850, -64.973736
32940, -64.973731
33030, -64.973726
33120, -64.973722
33210, -64.973717
33300, -64.973713
33390, -64.973708
33480, -64.973704
33570, -64.973700
33660, -64.973696
33750, -64.973692
33840, -64.973688
33930, -64.973684
34020, -64.973681
34110, -64.973677
34200, -64.973674
34290, -64.973671
34380, -64.973667
34470, -64.973664
34560, -64.973661
34650, -64.973659
34740, -64.973656
34830, -64.973653
34920, -64.973651
35010, -64.973648
35100, -64.973646
35190, -64.973644
35280, -64.973642
35370, -64.973640
35460, -64.973638
35550, -64.973637
35640, -64.973635
35730, -64.973634
35820, -64.973632
35910, -64.973631
36000, -64.973630
36090, -64.973629
36180, -64.973628
36270, -64.973627
36360, -64.973627
36450, -64.973626
36540, -64.973625
36630, -64.973625
36720, -64.973625
36810, -64.973624
36900, -64.973624
36990, -64.973624
37080, -64.973624
37170, -64.973624
37260, -64.973624
37350, -64.973624
37440, -64.973624
37530, -64.973625
37620, -64.973625
37710, -64.973626
37800, -64.973626
37890, -64.973627
37980, -64.973627
38070, -64.973628
38160, -64.973629
38250, -64.973629
38340, -64.973630
38430, -64.973631
38520, -64.973632
38610, -64.973633
38700, -64.973634
38790, -64.973634
38880, -64.973635
38970, -64.973636
39060, -64.973638
39150, -64.973639
39240, -64.973640
39330, -64.973641
39420, -64.973642
39510, -64.973643
39600, -64.973644
39690, -64.973645
39780, -64.973646
39870, -64.973647
39960, -64.973649
40050, -64.973650
40140, -64.973651
40230, -64.973652
40320, -64.973653
40410, -64.973654
40500, -64.973655
40590, -64.973657
40680, -64.973658
40770, -64.973659
40860, -64.973660
40950, -64.973661
41040, -64.973662
41130, -64.973663
41220, -64.973664
41310, -64.973665
41400, -64.973666
41490, -64.973667
41580, -64.973668
41670, -64.973669
41760, -64.973670
41850, -64.973671
41940, -64.973672
42030, -64.973673
42120, -64.973673
42210, -64.973674
42300, -64.973675
42390, -64.973676
42480, -64.973677
42570, -64.973677
42660, -64.973678
42750, -64.973679
42840, -64.973679
42930, -64.973680
43020, -64.973680
43110, -64.973681
43200, -64.973682
43290, -64.973682
43380, -64.973683
43470, -64.973683
43560, -64.973684
43650, -64.973684
43740, -64.973684
43830, -64.973685
43920, -64.973685
44010, -64.973685
44100, -64.973686
44190, -64.973686
44280, -64.973686
44370, -64.973686
44460, -64.973687
44550, -64.973687
44640, -64.973687
44730, -64.973687
44820, -64.973687
44910, -64.973687
45000, -64.973688
45090, -64.973688
45180, -64.973688
45270, -64.973688
45360, -64.973688
45450, -64.973688
45540, -64.973688
45630, -64.973688
45720, -64.973688
45810, -64.973688
45900, -64.973688
45990, -64.973688
46080, -64.973687
46170, -64.973687
46260, -64.973687
46350, -64.973687
46440, -64.973687
46530, -64.973687
46620, -64.973687
46710, -64.973687
46800, -64.973686
46890, -64.973686
46980, -64.973686
47070, -64.973686
47160, -64.973686
47250, -64.973686
47340, -64.973685
47430, -64.973685
47520, -64.973685
47610, -64.973685
47700, -64.973684
47790, -64.973684
47880, -64.973684
47970, -64.973684
48060, -64.973684
48150, -64.973683
48240, -64.973683
48330, -64.973683
48420, -64.973683
48510, -64.973682
48600, -64.973682
48690, -64.973682
48780, -64.973682
48870, -64.973682
48960, -64.973681
49050, -64.973681
49140, -64.973681
49230, -64.973681
49320, -64.973681
49410, -64.973680
49500, -64.973680
49590, -64.973680
49680, -64.973680
49770, -64.973679
49860, -64.973679
49950, -64.973679
50040, -64.973679
50130, -60.923548
50220, -57.061924
50310, -53.308676
50400, -49.511796
50490, -45.370499
50580, -40.298832
50670, -33.166977
50760, -21.905508
50850, -3.891834
50940, 18.789792
51030, 34.985993
51120, 40.837288
51210, 41.133047
51300, 39.172084
51390, 36.135507
51480, 32.439872
51570, 28.296936
51660, 23.859765
51750, 19.252437
51840, 14.574439
51930, 9.901823
52020, 5.289409
52110, 0.773828
52200, -3.622696
52290, -7.889173
52380, -12.022589
52470, -16.026407
52560, -19.909545
52650, -23.686672
52740, -27.380033
52830, -31.021433
52920, -34.654969
53010, -38.340593
53100, -42.147842
53190, -46.146255
53280, -50.377369
53370, -54.800370
53460, -59.221669
53550, -63.267485
53640, -66.516682
53730, -68.757387
53820, -70.089895
53910, -70.775476
54000, -71.061068
54090, -71.116221
54180, -71.041583
54270, -70.893202
54360, -70.701543
54450, -70.483111
54540, -70.246921
54630, -69.997977
54720, -69.739118
54810, -69.471998
54900, -69.197637
54990, -68.916707
55080, -68.629682
55170, -68.336920
55260, -68.038740
55350, -67.735437
55440, -67.427274
55530, -67.114527
55620, -66.797488
55710, -66.476432
55800, -66.151643
55890, -65.823433
55980, -65.492097
56070, -65.157923
56160, -64.821236
56250, -64.482328
56340, -64.141472
56430, -63.798987
56520, -63.455128
56610, -63.110128
56700, -62.764277
56790, -62.417747
56880, -62.070705
56970, -61.723386
57060, -61.375828
57150, -61.028103
57240, -60.680371
57330, -60.332474
57420, -59.984364
57510, -59.636079
57600, -59.287225
57690, -58.937604
57780, -58.587033
57870, -58.234884
57960, -57.880761
58050, -57.524148
58140, -57.164119
58230, -56.800014
58320, -56.430771
58410, -56.055066
58500, -55.671859
58590, -55.279115
58680, -54.874936
58770, -54.457159
58860, -54.022583
58950, -53.568326
59040, -53.089479
59130, -52.581279
59220, -52.036610
59310, -51.447778
59400, -50.803248
59490, -50.089360
59580, -49.287756
59670, -48.372908
59760, -47.310535
59850, -46.053121
59940, -44.533925
60030, -42.655622
60120, -40.279311
60210, -37.206487
60300, -33.166024
60390, -27.831865
60480, -20.941024
60570, -12.608550
60660, -3.768060
60750, 3.866050
60840, 8.792859
60930, 10.639050
61020, 9.950147
61110, 7.528173
61200, 4.056134
61290, 0.017185
61380, -4.275279
61470, -8.628834
61560, -12.931327
61650, -17.122437
61740, -21.176022
61830, -25.088660
61920, -28.874464
62010, -32.563912
62100, -36.202397
62190, -39.846530
62280, -43.558258
62370, -47.388921
62460, -51.351507
62550, -55.378907
62640, -59.284603
62730, -62.776579
62820, -65.571220
62910, -67.546506
63000, -68.782409
63090, -69.465020
63180, -69.779506
63270, -69.863981
63360, -69.808220
63450, -69.666906
63540, -69.472456
63630, -69.243957
63720, -68.992698
63810, -68.725445
63900, -68.446314
63990, -68.157892
64080, -67.861863
64170, -67.559364
64260, -67.251207
64350, -66.938024
64440, -66.620332
64530, -66.298555
64620, -65.973099
64710, -65.644353
64800, -65.312648
64890, -64.978337
64980, -64.641785
65070, -64.303279
65160, -63.963147
65250, -63.621734
65340, -63.279275
65430, -62.936067
65520, -62.592402
65610, -62.248447
65700, -61.904438
65790, -61.560586
65880, -61.216956
65970, -60.873702
66060, -60.530915
66150, -60.188526
66240, -59.846586
66330, -59.505023
66420, -59.163608
66510, -58.822262
66600, -58.480703
66690, -58.138508
66780, -57.795435
66870, -57.450928
66960, -57.104319
67050, -56.755154
67140, -56.402479
67230, -56.045300
67320, -55.682874
67410, -55.313580
67500, -54.935975
67590, -54.548625
67680, -54.149015
67770, -53.734987
67860, -53.303382
67950, -52.850567
68040, -52.372359
68130, -51.862957
68220, -51.315887
68310, -50.722132
68400, -50.070660
68490, -49.347458
68580, -48.532833
68670, -47.601283
68760, -46.518250
68850, -45.235962
68940, -43.687994
69030, -41.780384
69120, -39.381267
69210, -36.308550
69300, -32.326721
69390, -27.177100
69480, -20.697411
69570, -13.086195
69660, -5.202555
69750, 1.532382
69840, 5.896887
69930, 7.539443
70020, 6.863583
70110, 4.541808
70200, 1.190008
70290, -2.732905
70380, -6.918609
70470, -11.173193
70560, -15.382621
70650, -19.485642
70740, -23.455946
70830, -27.292149
70920, -31.012572
71010, -34.652425
71100, -38.262407
71190, -41.900737
71280, -45.623526
71370, -49.463361
71460, -53.396042
71550, -57.300364
71640, -60.942117
71730, -64.034615
71820, -66.375172
71910, -67.947054
72000, -68.886632
72090, -69.376878
72180, -69.574414
72270, -69.589183
72360, -69.491221
72450, -69.323191
72540, -69.110650
72630, -68.868886
72720, -68.607111
72810, -68.330963
72900, -68.043968
72990, -67.748401
73080, -67.445766
73170, -67.137122
73260, -66.823260
73350, -66.504791
73440, -66.182218
73530, -65.856000
73620, -65.526545
73710, -65.194218
73800, -64.859399
73890, -64.522437
73980, -64.183648
74070, -63.843378
74160, -63.501937
74250, -63.159591
74340, -62.816651
74430, -62.473359
74520, -62.129915
74610, -61.786577
74700, -61.443483
74790, -61.100739
74880, -60.758528
74970, -60.416846
75060, -60.075678
75150, -59.735112
75240, -59.394956
75330, -59.055051
75420, -58.715366
75510, -58.375476
75600, -58.035045
75690, -57.693893
75780, -57.351300
75870, -57.006702
75960, -56.659731
76050, -56.309242
76140, -55.954377
76230, -55.594356
76320, -55.227544
76410, -54.852650
76500, -54.468050
76590, -54.071438
76680, -53.660832
76770, -53.232896
76860, -52.784262
76950, -52.310649
77040, -51.806610
77130, -51.265696
77220, -50.679372
77310, -50.036851
77400, -49.324830
77490, -48.524298
77580, -47.610861
77670, -46.551647
77760, -45.301386
77850, -43.797310
77940, -41.951452
78030, -39.640561
78120, -36.694277
78210, -32.891814
78300, -27.985150
78390, -21.799715
78480, -14.467337
78570, -6.719368
78660, 0.126800
78750, 4.809055
78840, 6.833134
78930, 6.490013
79020, 4.411784
79110, 1.219696
79200, -2.607323
79290, -6.740671
79380, -10.970526
79470, -15.171220
79560, -19.274250
79650, -23.248517
79740, -27.089277
79830, -30.812390
79920, -34.452057
80010, -38.056894
80100, -41.684243
80190, -45.390507
80280, -49.210060
80370, -53.123743
80460, -57.018764
80550, -60.670262
80640, -63.793771
80730, -66.180230
80820, -67.799755
80910, -68.778615
81000, -69.297189
81090, -69.513634
81180, -69.540492
81270, -69.450074
81360, -69.286670
81450, -69.076911
81540, -68.836769
81630, -68.575885
81720, -68.300168
81810, -68.013319
81900, -67.717720
81990, -67.414944
82080, -67.106096
82170, -66.792002
82260, -66.473288
82350, -66.150474
82440, -65.824031
82530, -65.494368
82620, -65.161859
82710, -64.826889
82800, -64.489804
82890, -64.150924
82980, -63.810602
83070, -63.469137
83160, -63.126801
83250, -62.783912
83340, -62.440696
83430, -62.097361
83520, -61.754170
83610, -61.411242
83700, -61.068693
83790, -60.726714
83880, -60.385272
83970, -60.044368
84060, -59.704099
84150, -59.364238
84240, -59.024646
84330, -58.685303
84420, -58.345742
84510, -58.005650
84600, -57.664866
84690, -57.322615
84780, -56.978365
84870, -56.631715
84960, -56.281531
85050, -55.926986
85140, -55.567236
85230, -55.200688
85320, -54.826083
85410, -54.441721
85500, -54.045346
85590, -53.635012
85680, -53.207299
85770, -52.758900
85860, -52.285453
85950, -51.781587
86040, -51.240775
86130, -50.654573
86220, -50.012123
86310, -49.300239
86400, -48.499859
86490, -47.586580
86580, -46.527577
86670, -45.277683
86760, -43.774335
86850, -41.929773
86940, -39.621272
87030, -36.679438
87120, -32.885038
87210, -27.992366
87300, -21.829287
87390, -14.527829
87480, -6.813665
87570, 0.007378
87660, 4.680754
87750, 6.709362
87840, 6.377137
87930, 4.310671
88020, 1.128688
88110, -2.690373
88200, -6.817628
88290, -11.042710
88380, -15.239591
88470, -19.339437
88560, -23.310895
88650, -27.149176
88740, -30.870216
88830, -34.508064
88920, -38.111645
89010, -41.738263
89100, -45.444005
89190, -49.262638
89280, -53.173909
89370, -57.063736
89460, -60.706508
89550, -63.818767
89640, -66.193697
89730, -67.803694
89820, -68.775921
89910, -69.290347
90000, -69.504334
90090, -69.529744
90180, -69.438445
90270, -69.274468
90360, -69.064300
90450, -68.823838
90540, -68.562682
90630, -68.286722
90720, -67.999649
90810, -67.703840
90900, -67.400867
90990, -67.091834
91080, -66.777567
91170, -66.458692
91260, -66.135731
91350, -65.809155
91440, -65.479373
91530, -65.146759
91620, -64.811701
91710, -64.474541
91800, -64.135602
91890, -63.795237
91980, -63.453741
92070, -63.111390
92160, -62.768501
92250, -62.425294
92340, -62.081981
92430, -61.738828
92520, -61.395941
92610, -61.053444
92700, -60.711529
92790, -60.370149
92880, -60.029313
92970, -59.689122
93060, -59.349330
93150, -59.009807
93240, -58.670539
93330, -58.331036
93420, -57.990997
93510, -57.650248
93600, -57.308014
93690, -56.963771
93780, -56.617089
93870, -56.266851
93960, -55.912239
94050, -55.552370
94140, -55.185669
94230, -54.810888
94320, -54.426279
94410, -54.029602
94500, -53.618927
94590, -53.190767
94680, -52.741835
94770, -52.267694
94860, -51.762996
94950, -51.221116
95040, -50.633629
95130, -49.989544
95220, -49.275616
95310, -48.472672
95400, -47.556085
95490, -46.492757
95580, -45.237174
95670, -43.726324
95760, -41.871567
95850, -39.549190
95940, -36.588748
96030, -32.770104
96120, -27.848297
96210, -21.656316
96300, -14.338104
96390, -6.635450
96480, 0.138254
96570, 4.742925
96660, 6.704739
96750, 6.320970
96840, 4.220335
96930, 1.018324
97020, -2.810783
97110, -6.941637
97200, -11.166332
97290, -15.360809
97380, -19.457093
97470, -23.424567
97560, -27.259092
97650, -30.977193
97740, -34.612938
97830, -38.216046
97920, -41.843942
98010, -45.552274
98100, -49.373747
98190, -53.285830
98280, -57.171292
98370, -60.801851
98460, -63.894839
98550, -66.247347
98640, -67.836929
98730, -68.793747
98820, -69.297796
98910, -69.505208
99000, -69.526552
99090, -69.432738
99180, -69.267176
99270, -69.055977
99360, -68.814815
99450, -68.553161
99540, -68.276827
99630, -67.989458
99720, -67.693405
99810, -67.390224
99900, -67.081011
99990, -66.766584
100080, -66.447566
100170, -66.124478
100260, -65.797789
100350, -65.467906
100440, -65.135204
100530, -64.800071
100620, -64.462846
100710, -64.123854
100800, -63.783449
100890, -63.441922
100980, -63.099549
101070, -62.756651
101160, -62.413441
101250, -62.070133
101340, -61.726994
101430, -61.384125
101520, -61.041650
101610, -60.699766
101700, -60.358413
101790, -60.017606
101880, -59.677448
101970, -59.337681
102060, -58.998178
102150, -58.658929
102240, -58.319430
102330, -57.979386
102420, -57.638605
102510, -57.296320
102600, -56.952016
102690, -56.605238
102780, -56.254877
102870, -55.900124
102960, -55.540062
103050, -55.173130
103140, -54.798086
103230, -54.413136
103320, -54.016058
103410, -53.604926
103500, -53.176193
103590, -52.726584
103680, -52.251589
103770, -51.745871
103860, -51.202708
103950, -50.613675
104040, -49.967641
104130, -49.251199
104220, -48.445138
104310, -47.524556
104400, -46.456018
104490, -45.193569
104580, -43.673623
104670, -41.806451
104760, -39.467058
104850, -36.483570
104940, -32.634486
105030, -27.675325
105120, -21.444767
105210, -14.101017
105300, -6.406163
105390, 0.315426
105480, 4.839830
105570, 6.721488
105660, 6.274658
105750, 4.131457
105840, 0.903943
105930, -2.938572
106020, -7.074721
106110, -11.299881
106200, -15.492094
106290, -19.584620
106380, -23.547792
106470, -27.378257
106560, -31.093224
106650, -34.727226
106740, -38.330122
106830, -41.959726
106920, -45.671274
107010, -49.496336
107100, -53.409848
107190, -57.291027
107280, -60.908539
107370, -63.980531
107460, -66.308427
107550, -67.875517
107640, -68.815308
107730, -69.307848
107820, -69.507943
107910, -69.524750
108000, -69.428124
108090, -69.260793
108180, -69.048450
108270, -68.806519
108360, -68.544324
108450, -68.267591
108540, -67.979913
108630, -67.683611
108720, -67.380221
108810, -67.070828
108900, -66.756244
108990, -66.437087
109080, -66.113874
109170, -65.787077
109260, -65.457096
109350, -65.124309
109440, -64.789104
109530, -64.451816
109620, -64.112773
109710, -63.772329
109800, -63.430770
109890, -63.088375
109980, -62.745466
110070, -62.402250
110160, -62.058944
110250, -61.715817
110340, -61.372960
110430, -61.030503
110520, -60.688642
110610, -60.347311
110700, -60.006525
110790, -59.666393
110880, -59.326641
110970, -58.987150
111060, -58.647895
111150, -58.308380
111240, -57.968313
111330, -57.627486
111420, -57.285138
111510, -56.940762
111600, -56.593874
111690, -56.243379
111780, -55.888472
111870, -55.528205
111960, -55.161025
112050, -54.785701
112140, -54.400395
112230, -54.002895
112320, -53.591284
112410, -53.161952
112500, -52.711638
112590, -52.235758
112680, -51.728983
112770, -51.184491
112860, -50.593858
112950, -49.945809
113040, -49.226772
113130, -48.417489
113220, -47.492780
113310, -46.418855
113400, -45.149307
113490, -43.619949
113580, -41.739920
113670, -39.382891
113760, -36.375500
113850, -32.494812
113940, -27.496816
114030, -21.226075
114120, -13.855599
114210, -6.169815
114300, 0.497856
114390, 4.939898
114480, 6.739595
114570, 6.228402
114660, 4.041799
114750, 0.788294
114840, -3.067898
114930, -7.209537
115020, -11.435253
115110, -15.625091
115200, -19.713699
115290, -23.672422
115380, -27.498712
115470, -31.210480
115560, -34.842832
115650, -38.445585
115740, -42.077008
115830, -45.791852
115920, -49.620619
116010, -53.535641
116100, -57.412477
116190, -61.016685
116280, -64.067206
116370, -66.369921
116460, -67.914301
116550, -68.836999
116640, -69.318018
116730, -69.510795
116820, -69.523066
116910, -69.423628
117000, -69.254526
117090, -69.041037
117180, -68.798337
117270, -68.535602
117360, -68.258471
117450, -67.970485
117540, -67.673934
117630, -67.370336
117720, -67.060764
117810, -66.746025
117900, -66.426730
117990, -66.103395
118080, -65.776489
118170, -65.446412
118260, -65.113541
118350, -64.778264
118440, -64.440915
118530, -64.101821
118620, -63.761338
118710, -63.419748
118800, -63.077332
118890, -62.734411
118980, -62.391190
119070, -62.047886
119160, -61.704769
119250, -61.361924
119340, -61.019483
119430, -60.677646
119520, -60.336334
119610, -59.995569
119700, -59.655456
119790, -59.315715
119880, -58.976233
119970, -58.636970
120060, -58.297436
120150, -57.957345
120240, -57.616470
120330, -57.274059
120420, -56.929607
120510, -56.582609
120600, -56.231977
120690, -55.876914
120780, -55.516439
120870, -55.149011
120960, -54.773404
121050, -54.387738
121140, -53.989813
121230, -53.577676
121320, -53.147713
121410, -52.696666
121500, -52.219876
121590, -51.712020
121680, -51.166175
121770, -50.573915
121860, -49.923817
121950, -49.202143
122040, -48.389589
122130, -47.460686
122220, -46.381289
122310, -45.104528
122400, -43.565608
122490, -41.672518
122580, -39.297577
122670, -36.265916
122760, -32.353167
122850, -27.315829
122940, -21.004509
123030, -13.607339
123120, -5.932307
123210, 0.679523
123300, 5.038140
123390, 6.755460
123480, 6.179992
123570, 3.950232
123660, 0.670941
123750, -3.198692
123840, -7.345708
123930, -11.571799
124020, -15.759088
124110, -19.843638
124200, -23.797800
124290, -27.619839
124380, -31.328368
124470, -34.959071
124560, -38.561716
124650, -42.195031
124740, -45.913239
124830, -49.745779
124920, -53.662323
125010, -57.534709
125100, -61.125361
125190, -64.153659
125280, -66.430903
125370, -67.952595
125460, -68.858319
125550, -69.327935
125640, -69.513480
125730, -69.521268
125820, -69.419052
125910, -69.248200
126000, -69.033577
126090, -68.790115
126180, -68.526843
126270, -68.249316
126360, -67.961024
126450, -67.664225
126540, -67.360419
126630, -67.050669
126720, -66.735775
126810, -66.416342
126900, -66.092885
126990, -65.765871
127080, -65.435698
127170, -65.102744
127260, -64.767396
127350, -64.429985
127440, -64.090840
127530, -63.750318
127620, -63.408697
127710, -63.066260
127800, -62.723329
127890, -62.380102
127980, -62.036799
128070, -61.693694
128160, -61.350861
128250, -61.008437
128340, -60.666623
128430, -60.325331
128520, -59.984587
128610, -59.644484
128700, -59.304749
128790, -58.965273
128880, -58.625999
128970, -58.286446
129060, -57.946332
129150, -57.605409
129240, -57.262934
129330, -56.918407
129420, -56.571299
129510, -56.220530
129600, -55.865311
129690, -55.504627
129780, -55.136949
129870, -54.761059
129960, -54.375031
130050, -53.976679
130140, -53.564000
130230, -53.133390
130320, -52.681600
130410, -52.203888
130500, -51.694940
130590, -51.147728
130680, -50.553824
130770, -49.901658
130860, -49.177321
130950, -48.361464
131040, -47.428326
131130, -46.343404
131220, -45.059360
131310, -43.510786
131400, -41.604512
131490, -39.211495
131580, -36.155363
131670, -32.210327
131760, -27.133453
131850, -20.781527
131940, -13.360039
132030, -5.697313
132120, 0.856812
132210, 5.132017
132300, 6.767828
132390, 6.129310
132480, 3.857470
132570, 0.553141
132660, -3.329390
132750, -7.481425
132840, -11.707669
132930, -15.892280
133020, -19.972699
133110, -23.922269
133200, -27.740049
133290, -31.445351
133380, -35.074433
133470, -38.677256
133560, -42.312567
133650, -46.034200
133740, -49.870397
133830, -53.788391
133920, -57.656229
134010, -61.233206
134100, -64.239232
134190, -66.491094
134280, -67.990285
134370, -68.879235
134460, -69.337604
134550, -69.516022
134640, -69.519395
134730, -69.414440
134820, -69.241862
134910, -69.026120
135000, -68.781904
135090, -68.518102
135180, -68.240182
135270, -67.951586
135360, -67.654541
135450, -67.350529
135540, -67.040602
135630, -66.725553
135720, -66.405983
135810, -66.082405
135900, -65.755284
135990, -65.425016
136080, -65.091978
136170, -64.756559
136260, -64.419088
136350, -64.079893
136440, -63.739333
136530, -63.397682
136620, -63.055223
136710, -62.712282
136800, -62.369050
136890, -62.025750
136980, -61.682655
137070, -61.339836
137160, -60.997429
137250, -60.655637
137340, -60.314364
137430, -59.973640
137520, -59.633547
137610, -59.293819
137700, -58.954348
137790, -58.615065
137880, -58.275494
137970, -57.935357
138060, -57.594387
138150, -57.251848
138240, -56.907248
138330, -56.560030
138420, -56.209125
138510, -55.853751
138600, -55.492860
138690, -55.124934
138780, -54.748761
138870, -54.362374
138960, -53.963597
139050, -53.550377
139140, -53.119124
139230, -52.666593
139320, -52.187964
139410, -51.677928
139500, -51.129354
139590, -50.533814
139680, -49.879586
139770, -49.152597
139860, -48.333448
139950, -47.396091
140040, -46.305664
140130, -45.014364
140220, -43.456174
140310, -41.536770
140400, -39.125757
140490, -36.045286
140580, -32.068183
140670, -26.952132
140760, -20.560512
140850, -13.115682
140940, -5.466112
141030, 1.030011
141120, 5.222205
141210, 6.777545
141300, 6.077082
141390, 3.764051
141480, 0.435307
141570, -3.459725
141660, -7.616541
141750, -11.842803
141840, -16.024669
141930, -20.101015
142020, -24.046402
142110, -27.860171
142200, -31.562218
142290, -35.189603
142380, -38.792684
142470, -42.429993
142560, -46.155054
142650, -49.994569
142740, -53.913834
142830, -57.776963
142920, -61.340110
143010, -64.323800
143100, -66.550372
143190, -68.027261
143279, -68.899624
143369, -69.346912
143459, -69.518322
143549, -69.517353
143639, -69.409706
143729, -69.235430
143819, -69.018585
143909, -68.773626
143999, -68.509299
144089, -68.230990
144179, -67.942093
144269, -67.644803
144359, -67.340585
144449, -67.030482
144539, -66.715279
144629, -66.395572
144719, -66.071872
144809, -65.744645
144899, -65.414281
144989, -65.081160
145079, -64.745671
145169, -64.408139
145259, -64.068895
145349, -63.728297
145439, -63.386615
145529, -63.044136
145619, -62.701185
145709, -62.357948
145799, -62.014650
145889, -61.671568
145979, -61.328761
146069, -60.986372
146159, -60.644594
146249, -60.303336
146339, -59.962629
146429, -59.622546
146519, -59.282825
146609, -58.943360
146699, -58.604069
146789, -58.264480
146879, -57.924321
146969, -57.583305
147059, -57.240704
147149, -56.896031
147239, -56.548704
147329, -56.197664
147419, -55.842135
147509, -55.481037
147599, -55.112862
147689, -54.736407
147779, -54.349659
147869, -53.950455
147959, -53.536693
148049, -53.104795
148139, -52.651520
148229, -52.171969
148319, -51.660840
148409, -51.110899
148499, -50.513714
148589, -49.857416
148679, -49.127761
148769, -48.305304
148859, -47.363706
148949, -46.267746
149039, -44.969152
149129, -43.401093
149219, -41.468319
149309, -39.039044
149399, -35.933919
149489, -31.924391
149579, -26.769044
149669, -20.338551
149759, -12.870902
149849, -5.236131
149939, 1.201309
150029, 5.310119
150119, 6.785661
150209, 6.024151
150299, 3.670692
150389, 0.318075
150479, -3.589108
150569, -7.750497
150659, -11.976666
150749, -16.155735
150839, -20.228354
150929, -24.169688
151019, -27.979756
151109, -31.678537
151199, -35.304150
151289, -38.907431
151379, -42.546705
151469, -46.275188
151559, -50.118035
151649, -54.037805
151739, -57.895653
151829, -61.444843
151919, -64.406379
152009, -66.608063
152099, -68.063125
152189, -68.919309
152279, -69.355815
152369, -69.520413
152459, -69.515227
152549, -69.404963
152639, -69.229035
152729, -69.011116
152819, -68.765432
152909, -68.500592
152999, -68.221904
153089, -67.932711
153179, -67.635181
153269, -67.330761
153359, -67.020484
153449, -66.705130
153539, -66.385288
153629, -66.061469
153719, -65.734136
153809, -65.403679
153899, -65.070477
153989, -64.734918
154079, -64.397326
154169, -64.058033
154259, -63.717398
154349, -63.375686
154439, -63.033187
154529, -62.690227
154619, -62.346985
154709, -62.003691
154799, -61.660620
154889, -61.317826
154979, -60.975454
155069, -60.633690
155159, -60.292445
155249, -59.951757
155339, -59.611683
155429, -59.271967
155519, -58.932509
155609, -58.593208
155699, -58.253601
155789, -57.913420
155879, -57.572358
155969, -57.229694
156059, -56.884948
156149, -56.537512
156239, -56.186337
156329, -55.830653
156419, -55.469348
156509, -55.100925
156599, -54.724188
156689, -54.337081
156779, -53.937453
156869, -53.523151
156959, -53.090609
157049, -52.636594
157139, -52.156125
157229, -51.643909
157319, -51.092606
157409, -50.493784
157499, -49.835426
157589, -49.103117
157679, -48.277366
157769, -47.331547
157859, -46.230078
157949, -44.924224
158039, -43.346240
158129, -41.400071
158219, -38.952533
158309, -35.822652
158399, -31.780633
158489, -26.586211
158579, -20.117002
158669, -12.626763
158759, -5.008092
158849, 1.370331
158939, 5.396235
159029, 6.792865
159119, 5.971181
159209, 3.577929
159299, 0.201894
159389, -3.717156
159479, -7.882960
159569, -12.108961
159659, -16.285513
159749, -20.354407
159839, -24.291634
159929, -28.097953
160019, -31.793912
160109, -35.417843
160199, -39.021326
160289, -42.662580
160379, -46.394490
160469, -50.240682
160559, -54.160926
160649, -58.012826
160739, -61.547786
160829, -64.487264
160919, -66.664394
161009, -68.098040
161099, -68.938409
161189, -69.364397
161279, -69.522355
161369, -69.513059
161459, -69.400243
161549, -69.222703
161639, -69.003736
161729, -68.757343
161819, -68.492002
161909, -68.212941
161999, -67.923458
162089, -67.625692
162179, -67.321074
162269, -67.010626
162359, -66.695123
162449, -66.375149
162539, -66.051212
162629, -65.723776
162719, -65.393227
162809, -65.059945
162899, -64.724318
162989, -64.386668
163079, -64.047327
163169, -63.706655
163259, -63.364915
163349, -63.022396
163439, -62.679426
163529, -62.336180
163619, -61.992888
163709, -61.649825
163799, -61.307041
163889, -60.964685
163979, -60.622933
164069, -60.281702
164159, -59.941031
164249, -59.600966
164339, -59.261256
164429, -58.921804
164519, -58.582495
164609, -58.242870
164699, -57.902667
164789, -57.561558
164879, -57.218832
164969, -56.874013
165059, -56.526469
165149, -56.175159
165239, -55.819321
165329, -55.457810
165419, -55.089141
165509, -54.712123
165599, -54.324659
165689, -53.924609
165779, -53.509771
165869, -53.076590
165959, -52.621839
166049, -52.140459
166139, -51.627162
166229, -51.074507
166319, -50.474059
166409, -49.813652
166499, -49.078706
166589, -48.249683
166679, -47.299668
166769, -46.192725
166859, -44.879656
166949, -43.291809
167039, -41.332330
167129, -38.866653
167219, -35.712083
167309, -31.637727
167399, -26.404486
167489, -19.896957
167579, -12.385616
167669, -4.783867
167759, 1.534303
167849, 5.478146
167939, 6.797531
168029, 5.917299
168119, 3.485477
168209, 0.086871
168299, -3.843519
168389, -8.013440
168479, -12.239158
168569, -16.413193
168659, -20.478348
168749, -24.411469
168839, -28.214059
168929, -31.907321
169019, -35.529626
169109, -39.133346
169199, -42.776712
169289, -46.512068
169379, -50.361593
169469, -54.282297
169559, -58.128245
169649, -61.648357
169739, -64.565885
169829, -66.718923
169919, -68.131708
170009, -68.956737
170099, -69.372544
170189, -69.524083
170279, -69.510814
170369, -69.395532
170459, -69.216432
170549, -68.996449
170639, -68.749368
170729, -68.483539
170819, -68.204115
170909, -67.914349
170999, -67.616353
171089, -67.311541
171179, -67.000927
171269, -66.685278
171359, -66.365175
171449, -66.041123
171539, -65.713586
171629, -65.382946
171719, -65.049585
171809, -64.713893
171899, -64.376185
171989, -64.036797
172079, -63.696090
172169, -63.354321
172259, -63.011783
172349, -62.668805
172439, -62.325555
172529, -61.982266
172619, -61.639206
172709, -61.296431
172799, -60.954089
172889, -60.612350
172979, -60.271133
173069, -59.930479
173159, -59.590423
173249, -59.250720
173339, -58.911274
173429, -58.571956
173519, -58.232314
173609, -57.892088
173699, -57.550934
173789, -57.208146
173879, -56.863255
173969, -56.515604
174059, -56.164162
174149, -55.808171
174239, -55.446457
174329, -55.077544
174419, -54.700250
174509, -54.312433
174599, -53.911965
174689, -53.496597
174779, -53.062786
174869, -52.607308
174959, -52.125028
175049, -51.610663
175139, -51.056671
175229, -50.454616
175319, -49.792186
175409, -49.054634
175499, -48.222378
175589, -47.268217
175679, -46.155864
175769, -44.835665
175859, -43.238071
175949, -41.265444
176039, -38.781854
176129, -35.602919
176219, -31.496683
176309, -26.225256
176399, -19.680205
176489, -12.149672
176579, -4.565698
176669, 1.692580
176759, 5.555845
176849, 6.799879
176939, 5.862776
177029, 3.393615
177119, -0.026757
177209, -3.968045
177299, -8.141821
177389, -12.367371
177479, -16.538823
177569, -20.600162
177659, -24.529130
177749, -28.327973
177839, -32.018538
177929, -35.639311
178019, -39.243292
178109, -42.888777
178199, -46.627558
178289, -50.480389
178379, -54.401533
178469, -58.241543
178559, -61.746910
178649, -64.642741
178739, -66.772088
178829, -68.164451
178919, -68.974508
179009, -69.380398
179099, -69.525688
179189, -69.508550
179279, -69.390865
179369, -69.210245
179459, -68.989271
179549, -68.741518
179639, -68.475212
179729, -68.195433
179819, -67.905391
179909, -67.607169
179999, -67.302168
180089, -66.991390
180179, -66.675597
180269, -66.355366
180359, -66.031202
180449, -65.703566
180539, -65.372838
180629, -65.039401
180719, -64.703643
180809, -64.365880
180899, -64.026447
180989, -63.685705
181079, -63.343909
181169, -63.001353
181259, -62.658366
181349, -62.315113
181439, -61.971828
181529, -61.628772
181619, -61.286006
181709, -60.943679
181799, -60.601952
181889, -60.260749
181979, -59.920112
182069, -59.580066
182159, -59.240369
182249, -58.900930
182339, -58.561604
182429, -58.221945
182519, -57.881699
182609, -57.540500
182699, -57.197653
182789, -56.852691
182879, -56.504936
182969, -56.153364
183059, -55.797225
183149, -55.435311
183239, -55.066160
183329, -54.688595
183419, -54.300432
183509, -53.899557
183599, -53.483669
183689, -53.049239
183779, -52.593050
183869, -52.109887
183959, -51.594476
184049, -51.039174
184139, -50.435544
184229, -49.771131
184319, -49.031023
184409, -48.195596
184499, -47.237371
184589, -46.119713
184679, -44.792525
184769, -43.185375
184859, -41.199864
184949, -38.698730
185039, -35.495946
185129, -31.358551
185219, -26.049888
185309, -19.468442
185399, -11.919746
185489, -4.354636
185579, 1.844314
185669, 5.628817
185759, 6.799705
185849, 5.807645
185939, 3.302534
186029, -0.138709
186119, -4.090474
186209, -8.267954
186299, -12.493142
186389, -16.661880
186479, -20.719338
186569, -24.644140
186659, -28.439249
186749, -32.127143
186839, -35.746791
186929, -39.351131
187019, -42.998728
187109, -46.740881
187199, -50.596952
187289, -54.518483
187379, -58.352546
187469, -61.843276
187559, -64.717680
187649, -66.823765
187739, -68.196168
187829, -68.991642
187919, -69.387889
188009, -69.527106
188099, -69.506211
188189, -69.386191
188279, -69.204091
188369, -68.982153
188459, -68.733744
188549, -68.466973
188639, -68.186846
188729, -67.896533
188819, -67.598090
188909, -67.292902
188999, -66.981963
189089, -66.666029
189179, -66.345673
189269, -66.021398
189359, -65.693664
189449, -65.362850
189539, -65.029338
189629, -64.693517
189719, -64.355699
189809, -64.016221
189899, -63.675446
189989, -63.333624
190079, -62.991050
190169, -62.648052
190259, -62.304793
190349, -61.961510
190439, -61.618460
190529, -61.275702
190619, -60.933392
190709, -60.591678
190799, -60.250489
190889, -59.909871
190979, -59.569836
191069, -59.230147
191159, -58.890715
191249, -58.551382
191339, -58.211708
191429, -57.871442
191519, -57.530201
191609, -57.187296
191699, -56.842267
191789, -56.494408
191879, -56.142710
191969, -55.786425
192059, -55.424317
192149, -55.054932
192239, -54.677101
192329, -54.288600
192419, -53.887323
192509, -53.470925
192599, -53.035888
192689, -52.578998
192779, -52.094968
192869, -51.578529
192959, -51.021939
193049, -50.416760
193139, -49.750396
193229, -49.007774
193319, -48.169229
193409, -47.207004
193499, -46.084129
193589, -44.750066
193679, -43.133518
193769, -41.135339
193859, -38.616968
193949, -35.390770
194039, -31.222825
194129, -25.877747
194219, -19.261858
194309, -11.696334
194399, -4.151671
194489, 1.988691
194579, 5.696683
194669, 6.797069
194759, 5.752298
194849, 3.212843
194939, -0.248245
195029, -4.209891
195119, -8.390823
195209, -12.615522
195299, -16.781516
195389, -20.835130
195479, -24.755833
195569, -28.547289
195659, -32.232581
195749, -35.851158
195839, -39.455881
195929, -43.105587
196019, -46.850901
196109, -50.710073
196199, -54.631926
196289, -58.460109
196379, -61.936482
196469, -64.789979
196559, -66.873485
196649, -68.226599
196739, -69.008023
196829, -69.394992
196919, -69.528374
197009, -69.503868
197099, -69.381602
197189, -69.198081
197279, -68.975213
197369, -68.726172
197459, -68.458951
197549, -68.178490
197639, -67.887914
197729, -67.589256
197819, -67.283888
197909, -66.972794
197999, -66.656722
198089, -66.336245
198179, -66.011862
198269, -65.684034
198359, -65.353137
198449, -65.019551
198539, -64.683669
198629, -64.345799
198719, -64.006278
198809, -63.665471
198899, -63.323623
198989, -62.981033
199079, -62.638022
199169, -62.294758
199259, -61.951478
199349, -61.608432
199439, -61.265684
199529, -60.923389
199619, -60.581689
199709, -60.240515
199799, -59.899915
199889, -59.559891
199979, -59.220209
200069, -58.880786
200159, -58.541447
200249, -58.201758
200339, -57.861473
200429, -57.520191
200519, -57.177230
200609, -56.832134
200699, -56.484177
200789, -56.132355
200879, -55.775930
200969, -55.413632
201059, -55.044020
201149, -54.665931
201239, -54.277100
201329, -53.875434
201419, -53.458540
201509, -53.022912
201599, -52.565342
201689, -52.080469
201779, -51.563029
201869, -51.005186
201959, -50.398501
202049, -49.730240
202139, -48.985173
202229, -48.143496
202319, -47.177305
202409, -46.049282
202499, -44.708455
202589, -43.082670
202679, -41.072050
202769, -38.536762
202859, -35.287599
202949, -31.089728
203039, -25.709051
203129, -19.060037
203219, -11.478657
203309, -3.954669
203399, 2.127705
203489, 5.760483
203579, 6.792414
203669, 5.696792
203759, 3.124355
203849, -0.355699
203939, -4.326714
204029, -8.510834
204119, -12.734941
204209, -16.898185
204299, -20.948002
204389, -24.864681
204479, -28.652561
204569, -32.335322
204659, -35.952879
204749, -39.558016
204839, -43.209833
204929, -46.958296
205019, -50.820535
205109, -54.742694
205199, -58.565053
205289, -62.027273
205379, -64.860129
205469, -66.921578
205559, -68.255958
205649, -69.023783
205739, -69.401785
205829, -69.529532
205919, -69.501539
206009, -69.377106
206099, -69.192210
206189, -68.968443
206279, -68.718791
206369, -68.451135
206459, -68.170348
206549, -67.879518
206639, -67.580652
206729, -67.275108
206819, -66.963863
206909, -66.647658
206999, -66.327063
207089, -66.002576
207179, -65.674657
207269, -65.343678
207359, -65.010022
207449, -64.674081
207539, -64.336159
207629, -63.996597
207719, -63.655758
207809, -63.313886
207899, -62.971279
207989, -62.628257
208079, -62.284988
208169, -61.941711
208259, -61.598670
208349, -61.255932
208439, -60.913652
208529, -60.571966
208619, -60.230807
208709, -59.890225
208799, -59.550212
208889, -59.210538
208979, -58.871123
209069, -58.531778
209159, -58.192075
209249, -57.851773
209339, -57.510451
209429, -57.167435
209519, -56.822276
209609, -56.474223
209699, -56.122282
209789, -55.765720
209879, -55.403238
209969, -55.033405
210059, -54.655066
210149, -54.265915
210239, -53.863870
210329, -53.446495
210419, -53.010292
210509, -52.552062
210599, -52.066368
210689, -51.547957
210779, -50.988896
210869, -50.380682
210959, -49.710527
211049, -48.963041
211139, -48.118221
211229, -47.148082
211319, -46.014958
211409, -44.667439
211499, -43.032525
211589, -41.009619
211679, -38.457633
211769, -35.185819
211859, -30.958463
211949, -25.542980
212039, -18.861640
212129, -11.266369
212219, -3.763637
212309, 2.260747
212399, 5.820051
212489, 6.785772
212579, 5.641243
212669, 3.037221
212759, -0.460906
212849, -4.440772
212939, -8.627816
213029, -12.851230
213119, -17.011721
213209, -21.057836
213299, -24.970814
213389, -28.755220
213479, -32.435477
213569, -36.052014
213659, -39.657696
213749, -43.311620
213839, -47.063190
213929, -50.928135
214019, -54.850448
214109, -58.666996
214199, -62.115286
214289, -64.927693
214379, -66.967678
214469, -68.283974
214559, -69.038729
214649, -69.408133
214739, -69.530482
214829, -69.499151
214919, -69.372641
215009, -69.186426
215099, -68.961797
215189, -68.711558
215279, -68.443482
215369, -68.162381
215459, -67.871304
215549, -67.572237
215639, -67.266523
215729, -66.955131
215819, -66.638797
215909, -66.318087
215999, -65.993499
216089, -65.665489
216179, -65.334431
216269, -65.000707
216359, -64.664707
216449, -64.326736
216539, -63.987135
216629, -63.646262
216719, -63.304365
216809, -62.961742
216899, -62.618709
216989, -62.275435
217079, -61.932163
217169, -61.589128
217259, -61.246399
217349, -60.904136
217439, -60.562463
217529, -60.221319
217619, -59.880755
217709, -59.540753
217799, -59.201087
217889, -58.861680
217979, -58.522330
218069, -58.182614
218159, -57.842294
218249, -57.500933
218339, -57.157864
218429, -56.812642
218519, -56.464495
218609, -56.112437
218699, -55.755740
218789, -55.393078
218879, -55.023029
218969, -54.644444
219059, -54.254979
219149, -53.852564
219239, -53.434715
219329, -52.997950
219419, -52.539063
219509, -52.052560
219599, -51.533191
219689, -50.972933
219779, -50.363182
219869, -49.691140
219959, -48.941253
220049, -48.093322
220139, -47.119279
220229, -45.981112
220319, -44.626852
220409, -42.982809
220499, -40.947555
220589, -38.378622
220679, -35.083958
220769, -30.826935
220859, -25.376899
220949, -18.663329
221039, -11.054821
221129, -3.573632
221219, 2.392846
221309, 5.879130
221399, 6.779232
221489, 5.586313
221579, 2.951074
221669, -0.564951
221759, -4.553529
221849, -8.743417
221939, -12.966102
222029, -17.123838
222119, -21.166626
222209, -25.076167
222299, -28.857446
222389, -32.535190
222479, -36.150619
222569, -39.756906
222659, -43.412918
222749, -47.167572
222839, -51.035020
222929, -54.957143
223019, -58.767736
223109, -62.202075
223199, -64.994155
223289, -67.012910
223379, -68.311374
223469, -69.053290
223559, -69.414264
223649, -69.531326
223739, -69.496724
223829, -69.368179
223919, -69.180673
224009, -68.955197
224099, -68.704380
224189, -68.435892
224279, -68.154481
224369, -67.863162
224459, -67.563896
224549, -67.258014
224639, -66.946477
224729, -66.630015
224819, -66.309191
224909, -65.984503
224999, -65.656404
225089, -65.325267
225179, -64.991475
225269, -64.655417
225359, -64.317396
225449, -63.977755
225539, -63.636849
225629, -63.294927
225719, -62.952290
225809, -62.609246
225899, -62.265969
225989, -61.922700
226079, -61.579671
226169, -61.236953
226259, -60.894705
226349, -60.553046
226439, -60.211917
226529, -59.871371
226619, -59.531380
226709, -59.191721
226799, -58.852322
226889, -58.512965
226979, -58.173235
227069, -57.832897
227159, -57.491497
227249, -57.148374
227339, -56.803089
227429, -56.454848
227519, -56.102671
227609, -55.745840
227699, -55.382997
227789, -55.012731
227879, -54.633900
227969, -54.244121
228059, -53.841333
228149, -53.423012
228239, -52.985683
228329, -52.526087
228419, -52.038736
228509, -51.518379
228599, -50.956897
228689, -50.345583
228779, -49.671626
228869, -48.919307
228959, -48.068225
229049, -47.090228
229139, -45.946955
229229, -44.585761
229319, -42.932380
229409, -40.884331
229499, -38.297901
229589, -34.979725
229679, -30.692250
229769, -25.206756
229859, -18.460165
229949, -10.838240
230039, -3.380646
230129, 2.526197
230219, 5.938146
230309, 6.771796
230399, 5.530025
230489, 2.863342
230579, -0.670708
230669, -4.667991
230759, -8.860657
230849, -13.082530
230939, -17.237662
231029, -21.277043
231119, -25.183017
231209, -28.961190
231299, -32.636364
231389, -36.250647
231479, -39.857552
231569, -43.515703
231659, -47.273528
231749, -51.143558
231839, -55.064997
231929, -58.868858
232019, -62.288848
232109, -65.060387
232199, -67.057702
232289, -68.338332
232379, -69.067510
232469, -69.420152
232559, -69.531996
232649, -69.494170
232739, -69.363618
232829, -69.174836
232919, -68.948524
233009, -68.697136
233099, -68.428238
233189, -68.146521
233279, -67.854960
233369, -67.555495
233459, -67.249445
233549, -66.937763
233639, -66.621173
233729, -66.300236
233819, -65.975447
233909, -65.647259
233999, -65.316043
234089, -64.982182
234179, -64.646065
234269, -64.307994
234359, -63.968313
234449, -63.627375
234539, -63.285429
234629, -62.942776
234719, -62.599722
234809, -62.256441
234899, -61.913176
234989, -61.570153
235079, -61.227445
235169, -60.885214
235259, -60.543568
235349, -60.202453
235439, -59.861926
235529, -59.521944
235619, -59.182293
235709, -58.842900
235799, -58.503537
235889, -58.163792
235979, -57.823435
236069, -57.481994
236159, -57.138816
236249, -56.793466
236339, -56.445127
236429, -56.092830
236519, -55.735860
236609, -55.372834
236699, -55.002346
236789, -54.623264
236879, -54.233165
236969, -53.830000
237059, -53.411198
237149, -52.973297
237239, -52.512979
237329, -52.024766
237419, -51.503405
237509, -50.940678
237599, -50.327777
237689, -49.651874
237779, -48.897082
237869, -48.042798
237959, -47.060781
238049, -45.912318
238139, -44.544074
238229, -42.881202
238319, -40.820146
238409, -38.215934
238499, -34.873882
238589, -30.555603
238679, -25.034202
238769, -18.254241
238859, -10.619002
238949, -3.186204
239039, 2.659829
239129, 5.996590
239219, 6.763323
239309, 5.472498
239399, 2.774311
239489, -0.777753
239579, -4.783695
239669, -8.979081
239759, -13.200074
239849, -17.352634
239939, -21.388548
240029, -25.290884
240119, -29.065895
240209, -32.738777
240299, -36.351982
240389, -39.959547
240479, -43.619895
240569, -47.380973
240659, -51.253655
240749, -55.174400
240839, -58.971051
240929, -62.376307
241019, -65.126978
241109, -67.102624
241199, -68.365313
241289, -69.081710
241379, -69.426004
241469, -69.532624
241559, -69.491569
241649, -69.359006
241739, -69.168946
241829, -68.941795
241919, -68.689833
242009, -68.420524
242099, -68.138498
242189, -67.846694
242279, -67.547030
242369, -67.240811
242459, -66.928983
242549, -66.612264
242639, -66.291213
242729, -65.966323
242819, -65.638044
242909, -65.306749
242999, -64.972821
243089, -64.636643
243179, -64.298523
243269, -63.958802
243359, -63.617831
243449, -63.275860
243539, -62.933192
243629, -62.590128
243719, -62.246844
243809, -61.903583
243899, -61.560566
243989, -61.217868
244079, -60.875653
244169, -60.534021
244259, -60.192921
244349, -59.852411
244439, -59.512440
244529, -59.172796
244619, -58.833410
244709, -58.494040
244799, -58.154279
244889, -57.813902
244979, -57.472420
245069, -57.129185
245159, -56.783769
245249, -56.435332
245339, -56.082913
245429, -55.725804
245519, -55.362590
245609, -54.991879
245699, -54.612515
245789, -54.222072
245879, -53.818511
245969, -53.399211
246059, -52.960722
246149, -52.499667
246239, -52.010573
246329, -51.488189
246419, -50.924193
246509, -50.309672
246599, -49.631785
246689, -48.874472
246779, -48.016923
246869, -47.030809
246959, -45.877054
247049, -44.501622
247139, -42.829073
247229, -40.754758
247319, -38.132424
247409, -34.766060
247499, -30.416446
247589, -24.858601
247679, -18.046109
247769, -10.398293
247859, -2.991313
247949, 2.792820
248039, 6.053703
248129, 6.753141
248219, 5.413247
248309, 2.683668
248399, -0.886270
248489, -4.900739
248579, -9.098727
248669, -13.318965
248759, -17.468853
248849, -21.501154
248939, -25.399721
249029, -29.171476
249119, -32.842190
249209, -36.454337
249299, -40.062584
249389, -43.725207
249479, -47.489595
249569, -51.364965
249659, -55.284975
249749, -59.074238
249839, -62.464003
249929, -65.193446
250019, -67.147294
250109, -70.834264
250199, -73.004363
250289, -74.262830
250379, -74.984438
250469, -75.394207
250559, -75.622665
250649, -75.744586
250739, -75.802894
250829, -75.822462
250919, -75.817886
251009, -75.797845
251099, -75.767572
251189, -75.730262
251279, -75.687893
251369, -75.641705
251459, -75.592483
251549, -75.540731
251639, -75.486775
251729, -75.430829
251819, -75.373036
251909, -75.313490
251999, -75.252259
252089, -75.189387
252179, -75.124910
252269, -75.058854
252359, -74.991241
252449, -74.922090
252539, -74.851417
252629, -74.779240
252719, -74.705579
252809, -74.630451
252899, -74.553878
252989, -74.475881
253079, -74.396485
253169, -74.315714
253259, -74.233596
253349, -74.150158
253439, -74.065431
253529, -73.979447
253619, -73.892238
253709, -73.803838
253799, -73.714281
253889, -73.623606
253979, -73.531852
254069, -73.439061
254159, -73.345275
254249, -73.250538
254339, -73.154894
254429, -73.058389
254519, -72.961070
254609, -72.862982
254699, -72.764167
254789, -72.664671
254879, -72.564544
254969, -72.463833
255059, -72.362590
255149, -72.260864
255239, -72.158706
255329, -72.056167
255419, -71.953297
255509, -71.850142
255599, -71.746742
255689, -71.643145
255779, -71.539397
255869, -71.435547
255959, -71.331642
256049, -71.227731
256139, -71.123862
256229, -71.020081
256319, -70.916435
256409, -70.812957
256499, -70.709680
256589, -70.606643
256679, -70.503885
256769, -70.401447
256859, -70.299370
256949, -70.197693
257039, -70.096457
257129, -69.995699
257219, -69.895456
257309, -69.795742
257399, -69.696578
257489, -69.597992
257579, -69.500013
257669, -69.402669
257759, -69.305993
257849, -69.210014
257939, -69.114761
258029, -69.020263
258119, -68.926549
258209, -68.833620
258299, -68.741480
258389, -68.650142
258479, -68.559623
258569, -68.469940
258659, -68.381114
258749, -68.293167
258839, -68.206118
258929, -68.119988
259019, -68.034796
259109, -67.950561
259199, -67.867280
259289, -67.784938
259379, -67.703533
259469, -67.623071
259559, -67.543560
259649, -67.465012
259739, -67.387441
259829, -67.310859
259919, -67.235280
260009, -67.160718
260099, -67.087186
260189, -67.014697
260279, -66.943264
260369, -66.872862
260459, -66.803469
260549, -66.735076
260639, -66.667682
260729, -66.601289
260819, -66.535904
260909, -66.471535
260999, -66.408191
261089, -66.345881
261179, -66.284615
261269, -66.224403
261359, -66.165254
261449, -66.107178
261539, -66.050182
261629, -65.994276
261719, -65.939463
261809, -65.885703
261899, -65.832974
261989, -65.781263
262079, -65.730567
262169, -65.680885
262259, -65.632222
262349, -65.584581
262439, -65.537968
262529, -65.492390
262619, -65.447853
262709, -65.404363
262799, -65.361926
262889, -65.320549
262979, -65.280236
263069, -65.240992
263159, -65.202821
263249, -65.165729
263339, -65.129717
263429, -65.094789
263519, -65.060946
263609, -65.028190
263699, -64.996523
263789, -64.965939
263879, -64.936403
263969, -64.907892
264059, -64.880392
264149, -64.853892
264239, -64.828388
264329, -64.803875
264419, -64.780349
264509, -64.757808
264599, -64.736249
264689, -64.715669
264779, -64.696064
264869, -64.677431
264959, -64.659765
265049, -64.643061
265139, -64.627313
265229, -64.612514
265319, -64.598656
265409, -64.585733
265499, -64.573734
265589, -64.562650
265679, -64.552470
265769, -64.543183
265859, -64.534777
265949, -64.527239
266039, -64.520556
266129, -64.514713
266219, -64.509695
266309, -64.505487
266399, -64.502071
266489, -64.499431
266579, -64.497549
266669, -64.496407
266759, -64.495986
266849, -64.496266
266939, -64.497228
267029, -64.498850
267119, -64.501112
267209, -64.503992
267299, -64.507469
267389, -64.511521
267479, -64.516124
267569, -64.521256
267659, -64.526895
267749, -64.533016
267839, -64.539598
267929, -64.546616
268019, -64.554046
268109, -64.561866
268199, -64.570051
268289, -64.578579
268379, -64.587426
268469, -64.596568
268559, -64.605983
268649, -64.615648
268739, -64.625540
268829, -64.635636
268919, -64.645916
269009, -64.656356
269099, -64.666937
269189, -64.677636
269279, -64.688434
269369, -64.699310
269459, -64.710245
269549, -64.721220
269639, -64.732216
269729, -64.743217
269819, -64.754203
269909, -64.765159
269999, -64.776069
270089, -64.786916
270179, -64.797686
270269, -64.808365
270359, -64.818939
270449, -64.829395
270539, -64.839720
270629, -64.849904
270719, -64.859934
270809, -64.869800
270899, -64.879493
270989, -64.889003
271079, -64.898321
271169, -64.907441
271259, -64.916354
271349, -64.925055
271439, -64.933535
271529, -64.941791
271619, -64.949818
271709, -64.957610
271799, -64.965164
271889, -64.972477
271979, -64.979545
272069, -64.986368
272159, -64.992942
272249, -64.999266
272339, -65.005340
272429, -65.011157
272519, -65.016711
272609, -65.022001
272699, -65.027027
272789, -65.031789
272879, -65.036290
272969, -65.040530
273059, -65.044515
273149, -65.048246
273239, -65.051729
273329, -65.054966
273419, -65.057963
273509, -65.060725
273599, -65.063255
273689, -65.065559
273779, -65.067643
273869, -65.069511
273959, -65.071169
274049, -65.072622
274139, -65.073877
274229, -65.074939
274319, -65.075814
274409, -65.076507
274499, -65.077025
274589, -65.077373
274679, -65.077558
274769, -65.077585
274859, -65.077461
274949, -65.077191
275039, -65.076781
275129, -65.076238
275219, -65.075566
275309, -65.074773
275399, -65.073864
275489, -65.072844
275579, -65.071719
275669, -65.070495
275759, -65.069177
275849, -65.067772
275939, -65.066283
276029, -65.064717
276119, -65.063079
276209, -65.061374
276299, -65.059607
276389, -65.057782
276479, -65.055905
276569, -65.053981
276659, -65.052013
276749, -65.050007
276839, -65.047967
276929, -65.045896
277019, -65.043800
277109, -65.041682
277199, -65.039546
277289, -65.037395
277379, -65.035235
277469, -65.033067
277559, -65.030895
277649, -65.028724
277739, -65.026555
277829, -65.024392
277919, -65.022238
278009, -65.020095
278099, -65.017967
278189, -65.015855
278279, -65.013763
278369, -65.011693
278459, -65.009646
278549, -65.007625
278639, -65.005632
278729, -65.003669
278819, -65.001737
278909, -64.999838
278999, -64.997974
279089, -64.996143
279179, -64.994346
279269, -64.992583
279359, -64.990855
279449, -64.989162
279539, -64.987506
279629, -64.985888
279719, -64.984308
279809, -64.982767
279899, -64.981266
279989, -64.979806
280079, -64.978387
280169, -64.977011
280259, -64.975677
280349, -64.974386
280439, -64.973139
280529, -64.971935
280619, -64.970775
280709, -64.969659
280799, -64.968588
280889, -64.967561
280979, -64.966577
281069, -64.965639
281159, -64.964744
281249, -64.963893
281339, -64.963085
281429, -64.962321
281519, -64.961599
281609, -64.960920
281699, -64.960283
281789, -64.959688
281879, -64.959133
281969, -64.958619
282059, -64.958144
282149, -64.957709
282239, -64.957312
282329, -64.956953
282419, -64.956631
282509, -64.956344
282599, -64.956094
282689, -64.955877
282779, -64.955695
282869, -64.955545
282959, -64.955427
283049, -64.955341
283139, -64.955284
283229, -64.955257
283319, -64.955258
283409, -64.955286
283499, -64.955340
283589, -64.955420
283679, -64.955524
283769, -64.955652
283859, -64.955802
283949, -64.955974
284039, -64.956166
284129, -64.956378
284219, -64.956608
284309, -64.956856
284399, -64.957121
284489, -64.957401
284579, -64.957697
284669, -64.958006
284759, -64.958328
284849, -64.958662
284939, -64.959007
285029, -64.959363
285119, -64.959728
285209, -64.960102
285299, -64.960483
285389, -64.960871
285479, -64.961266
285569, -64.961666
285659, -64.962070
285749, -64.962479
285839, -64.962890
285929, -64.963304
286019, -64.963720
286109, -64.964137
286199, -64.964554
286289, -64.964971
286379, -64.965387
286469, -64.965802
286559, -64.966215
286649, -64.966626
286739, -64.967033
286829, -64.967437
286919, -64.967838
287009, -64.968233
287099, -64.968624
287189, -64.969010
287279, -64.969390
287369, -64.969765
287459, -64.970133
287549, -64.970494
287639, -64.970848
287729, -64.971195
287819, -64.971535
287909, -64.971867
287999, -64.972191
288089, -64.972507
288179, -64.972814
288269, -64.973113
288359, -64.973403
288449, -64.973685
288539, -64.973957
288629, -64.974221
288719, -64.974475
288809, -64.974720
288899, -64.974957
288989, -64.975183
289079, -64.975401
289169, -64.975609
289259, -64.975808
289349, -64.975998
289439, -64.976179
289529, -64.976350
289619, -64.976512
289709, -64.976666
289799, -64.976810
289889, -64.976945
289979, -64.977072
290069, -64.977190
290159, -64.977299
290249, -64.977400
290339, -64.977493
290429, -64.977577
290519, -64.977654
290609, -64.977722
290699, -64.977783
290789, -64.977836
290879, -64.977882
290969, -64.977921
291059, -64.977953
291149, -64.977978
291239, -64.977997
291329, -64.978008
291419, -64.978014
291509, -64.978014
291599, -64.978008
291689, -64.977996
291779, -64.977978
291869, -64.977956
291959, -64.977928
292049, -64.977896
292139, -64.977859
292229, -64.977818
292319, -64.977772
292409, -64.977722
292499, -64.977669
292589, -64.977612
292679, -64.977551
292769, -64.977487
292859, -64.977420
292949, -64.977351
293039, -64.977279
293129, -64.977204
293219, -64.977127
293309, -64.977048
293399, -64.976967
293489, -64.976884
293579, -64.976800
293669, -64.976715
293759, -64.976628
293849, -64.976540
293939, -64.976451
294029, -64.976362
294119, -64.976271
294209, -64.976181
294299, -64.976090
294389, -64.975999
294479, -64.975908
294569, -64.975817
294659, -64.975726
294749, -64.975636
294839, -64.975546
294929, -64.975457
295019, -64.975368
295109, -64.975280
295199, -64.975193
295289, -64.975107
295379, -64.975022
295469, -64.974938
295559, -64.974855
295649, -64.974774
295739, -64.974694
295829, -64.974615
295919, -64.974538
296009, -64.974462
296099, -64.974388
296189, -64.974316
296279, -64.974245
296369, -64.974177
296459, -64.974110
296549, -64.974044
296639, -64.973981
296729, -64.973919
296819, -64.973860
296909, -64.973802
296999, -64.973746
297089, -64.973692
297179, -64.973640
297269, -64.973590
297359, -64.973542
297449, -64.973497
297539, -64.973452
297629, -64.973410
297719, -64.973370
297809, -64.973332
297899, -64.973296
297989, -64.973262
298079, -64.973229
298169, -64.973199
298259, -64.973170
298349, -64.973143
298439, -64.973118
298529, -64.973095
298619, -64.973074
298709, -64.973054
298799, -64.973036
298889, -64.973019
298979, -64.973005
299069, -64.972992
299159, -64.972980
299249, -64.972970
299339, -64.972962
299429, -64.972954
299519, -64.972949
299609, -64.972944
299699, -64.972941
299789, -64.972940
299879, -64.972939
299969, -64.972940
300059, -64.972942
