# hh_cnexp_0980.txt
# dt = 980 [usec]
# t [usec], V [mV]
0, -65.000000
980, -64.982138
1960, -64.968246
2940, -64.958672
3920, -64.953282
4900, -64.951536
5880, -64.952642
6860, -64.955714
7840, -64.959890
8820, -64.964420
9800, -64.968717
10780, -64.972379
11760, -64.975182
12740, -64.977056
13720, -64.978049
14700, -64.978295
15680, -64.977970
16660, -64.977265
17640, -64.976359
18619, -64.975405
19599, -64.974520
20579, -64.973781
21559, -64.973229
22539, -64.972873
23519, -64.972699
24499, -64.972676
25479, -64.972767
26459, -64.972930
27439, -64.973129
28419, -64.973333
29399, -64.973518
30379, -64.973669
31359, -64.973780
32339, -64.973849
33319, -64.973880
34299, -64.973881
35279, -64.973859
36259, -64.973823
37239, -64.973781
38219, -64.973739
39199, -64.973701
40179, -64.973671
41159, -64.973650
42139, -64.973637
43120, -64.973632
44100, -64.973633
45080, -64.973639
46060, -64.973647
47040, -64.973657
48020, -64.973666
49000, -64.973673
49980, -64.973680
50960, -36.880884
51940, 24.902551
52920, 6.638508
53900, -36.420387
54880, -59.473592
55860, -70.296802
56840, -68.932283
57820, -65.635269
58800, -61.779842
59780, -57.943620
60760, -54.221373
61740, -49.932563
62720, -43.072091
63700, -28.102422
64680, -10.130545
65660, -29.854001
66640, -52.009793
67620, -67.067325
68600, -67.573267
69580, -64.493975
70560, -60.722272
71540, -57.036567
72520, -53.487046
73499, -49.407388
74479, -43.096549
75459, -30.405607
76439, -14.834979
77419, -29.377437
78399, -50.606935
79379, -66.091568
80359, -67.266513
81339, -64.300450
82319, -60.565973
83299, -56.913321
84279, -53.399160
85259, -49.375950
86239, -43.219848
87219, -31.039589
88199, -15.769797
89179, -28.975693
90159, -50.060647
91139, -65.776290
92119, -67.234512
93099, -64.319155
94079, -60.595823
95059, -56.946183
96039, -53.440724
97019, -49.444593
97999, -43.372528
98979, -31.412963
99959, -16.033638
100939, -28.505390
101919, -49.656215
102899, -65.580400
103879, -67.256912
104859, -64.380697
105839, -60.663341
106819, -57.010654
107799, -53.508422
108779, -49.533960
109759, -43.534130
110739, -31.749258
111719, -16.191707
112699, -28.014691
113679, -49.272661
114659, -65.403387
115639, -67.289594
116619, -64.450753
117599, -60.738569
118579, -57.081760
119559, -53.579030
120539, -49.624936
121519, -43.694509
122499, -32.078738
123479, -16.350271
124459, -27.523109
125439, -48.892795
126419, -65.222044
127399, -67.321622
128379, -64.520594
129359, -60.813772
130339, -57.152881
131319, -53.649564
132299, -49.715595
133279, -43.854319
134259, -32.411381
135239, -16.531215
136219, -27.017039
137199, -48.502113
138179, -65.024115
139159, -67.353623
140139, -64.593120
141119, -60.892235
142099, -57.227170
143079, -53.723171
144059, -49.809998
145039, -44.020745
146019, -32.759699
146999, -16.741018
147979, -26.494025
148959, -48.095025
149939, -64.812579
150919, -67.384491
151899, -64.666802
152879, -60.972415
153859, -57.303231
154839, -53.798574
155819, -49.906729
156799, -44.191794
157779, -33.105629
158760, -16.953572
159740, -25.962575
160720, -47.687371
161700, -64.590227
162680, -67.415546
163660, -64.742443
164640, -61.054954
165620, -57.380685
166600, -53.875474
167580, -50.005135
168560, -44.364659
169540, -33.458832
170520, -17.192188
171500, -25.411064
172480, -47.257672
173460, -64.347164
174440, -67.446091
175420, -64.820911
176400, -61.141055
177380, -57.461239
178360, -53.955635
179340, -50.107821
180320, -44.532543
181300, -33.798604
182280, -17.432883
183260, -24.881368
184240, -46.844272
185220, -64.106858
186200, -67.474842
187180, -64.896562
188160, -61.224319
189140, -57.539275
190120, -54.033255
191100, -50.204131
192080, -44.689422
193060, -34.119408
194040, -17.679577
195020, -24.382409
196000, -46.449520
196980, -63.864682
197960, -67.499293
198940, -64.967669
199920, -61.303229
200900, -57.613438
201880, -54.106961
202860, -50.291732
203840, -44.830948
204820, -34.410088
205800, -17.916614
206780, -23.923924
207760, -46.085380
208740, -63.641418
209720, -67.522112
210700, -65.033620
211680, -61.376359
212660, -57.682307
213640, -54.175348
214620, -50.372909
215600, -44.962209
216580, -34.682570
217560, -18.155966
218540, -23.503458
219520, -45.739227
220500, -63.415505
221480, -67.540017
222460, -65.094289
223440, -61.444283
224420, -57.746587
225400, -54.239271
226380, -50.448927
227360, -45.085668
228340, -34.931012
229320, -18.377939
230300, -23.119521
231280, -45.420948
232260, -63.205146
233240, -67.556502
234220, -65.150482
235200, -61.507275
236180, -57.806250
237160, -54.298545
238140, -50.519359
239120, -45.200187
240100, -35.159380
241080, -18.586648
242060, -22.758217
243040, -45.121582
244020, -63.007211
245000, -67.572259
245980, -65.203566
246960, -61.566791
247940, -57.862651
248920, -54.354521
249900, -50.585807
250880, -57.290271
251860, -66.849288
252840, -71.002613
253820, -71.741295
254800, -71.343081
255780, -70.540317
256760, -69.607827
257740, -68.671020
258720, -67.793029
259700, -67.005429
260680, -66.323012
261660, -65.748038
262640, -65.283222
263620, -64.926603
264600, -64.676427
265580, -64.522398
266560, -64.456308
267540, -64.464123
268520, -64.527183
269500, -64.624639
270480, -64.736352
271460, -64.845438
272440, -64.939815
273420, -65.012583
274400, -65.061145
275380, -65.085926
276360, -65.091297
277340, -65.082497
278320, -65.064731
279300, -65.042598
280280, -65.019788
281260, -64.998967
282240, -64.981776
283220, -64.968600
284200, -64.959734
285180, -64.954945
286160, -64.953628
287140, -64.954972
288120, -64.958098
289100, -64.962171
290080, -64.966480
291060, -64.970485
292040, -64.973823
293020, -64.976306
294000, -64.977888
294980, -64.978638
295960, -64.978693
296940, -64.978232
297920, -64.977439
298900, -64.976487
299880, -64.975518
300860, -64.974638
