# hh_cnexp_0080.txt
# dt = 80 [usec]
# t [usec], V [mV]
0, -65.000000
80, -64.997699
160, -64.995495
240, -64.993372
320, -64.991315
399, -64.989318
479, -64.987375
559, -64.985483
640, -64.983639
720, -64.981843
800, -64.980094
880, -64.978390
960, -64.976734
1040, -64.975123
1120, -64.973559
1200, -64.972042
1280, -64.970571
1360, -64.969148
1440, -64.967771
1520, -64.966442
1600, -64.965161
1680, -64.963927
1760, -64.962740
1840, -64.961601
1920, -64.960508
2000, -64.959463
2080, -64.958465
2160, -64.957513
2240, -64.956607
2320, -64.955748
2400, -64.954933
2480, -64.954164
2560, -64.953440
2640, -64.952760
2720, -64.952123
2800, -64.951530
2880, -64.950979
2960, -64.950470
3040, -64.950002
3120, -64.949575
3200, -64.949187
3280, -64.948839
3360, -64.948528
3440, -64.948256
3520, -64.948020
3600, -64.947820
3680, -64.947655
3760, -64.947525
3840, -64.947428
3920, -64.947363
4000, -64.947330
4080, -64.947328
4160, -64.947356
4240, -64.947412
4320, -64.947497
4400, -64.947609
4480, -64.947747
4560, -64.947910
4640, -64.948097
4720, -64.948308
4800, -64.948542
4880, -64.948797
4960, -64.949072
5040, -64.949367
5120, -64.949681
5200, -64.950013
5280, -64.950362
5360, -64.950727
5440, -64.951107
5520, -64.951501
5600, -64.951909
5680, -64.952329
5760, -64.952761
5840, -64.953204
5920, -64.953657
6000, -64.954119
6080, -64.954590
6160, -64.955068
6240, -64.955553
6320, -64.956045
6400, -64.956541
6480, -64.957042
6560, -64.957547
6640, -64.958056
6720, -64.958567
6800, -64.959080
6880, -64.959594
6960, -64.960109
7040, -64.960623
7120, -64.961138
7200, -64.961651
7280, -64.962162
7360, -64.962672
7440, -64.963178
7520, -64.963682
7600, -64.964181
7680, -64.964677
7760, -64.965167
7840, -64.965653
7920, -64.966134
8000, -64.966608
8080, -64.967077
8160, -64.967539
8240, -64.967994
8319, -64.968442
8399, -64.968882
8479, -64.969315
8559, -64.969739
8639, -64.970156
8719, -64.970563
8799, -64.970963
8879, -64.971353
8959, -64.971734
9039, -64.972106
9119, -64.972468
9199, -64.972821
9279, -64.973165
9359, -64.973499
9439, -64.973822
9519, -64.974136
9599, -64.974440
9679, -64.974734
9759, -64.975018
9839, -64.975292
9919, -64.975555
9999, -64.975809
10079, -64.976053
10159, -64.976286
10239, -64.976510
10319, -64.976723
10399, -64.976927
10479, -64.977121
10559, -64.977304
10639, -64.977479
10719, -64.977643
10799, -64.977799
10879, -64.977944
10959, -64.978081
11039, -64.978208
11119, -64.978327
11199, -64.978436
11279, -64.978537
11359, -64.978629
11439, -64.978712
11519, -64.978788
11599, -64.978855
11679, -64.978914
11759, -64.978965
11839, -64.979009
11919, -64.979046
11999, -64.979075
12079, -64.979097
12159, -64.979112
12239, -64.979120
12319, -64.979122
12399, -64.979118
12479, -64.979108
12559, -64.979091
12639, -64.979069
12719, -64.979041
12799, -64.979008
12879, -64.978970
12959, -64.978927
13039, -64.978879
13119, -64.978827
13199, -64.978770
13279, -64.978709
13359, -64.978644
13439, -64.978576
13519, -64.978503
13599, -64.978428
13679, -64.978349
13759, -64.978267
13839, -64.978183
13919, -64.978095
13999, -64.978005
14079, -64.977913
14159, -64.977819
14239, -64.977723
14319, -64.977625
14399, -64.977526
14479, -64.977425
14559, -64.977322
14639, -64.977219
14719, -64.977114
14799, -64.977009
14879, -64.976903
14959, -64.976796
15039, -64.976689
15119, -64.976582
15199, -64.976475
15279, -64.976367
15359, -64.976260
15439, -64.976153
15519, -64.976046
15599, -64.975940
15679, -64.975834
15759, -64.975729
15839, -64.975625
15919, -64.975521
15999, -64.975419
16079, -64.975317
16159, -64.975217
16239, -64.975117
16319, -64.975019
16399, -64.974923
16479, -64.974828
16559, -64.974734
16639, -64.974642
16719, -64.974551
16799, -64.974463
16879, -64.974375
16959, -64.974290
17039, -64.974206
17119, -64.974125
17199, -64.974045
17279, -64.973967
17359, -64.973891
17439, -64.973817
17519, -64.973745
17599, -64.973675
17679, -64.973608
17759, -64.973542
17839, -64.973478
17919, -64.973416
17999, -64.973357
18079, -64.973299
18159, -64.973244
18239, -64.973191
18319, -64.973140
18399, -64.973091
18479, -64.973044
18559, -64.972999
18639, -64.972956
18719, -64.972916
18799, -64.972877
18879, -64.972841
18959, -64.972806
19039, -64.972773
19119, -64.972743
19199, -64.972714
19279, -64.972687
19359, -64.972663
19439, -64.972640
19519, -64.972619
19599, -64.972599
19679, -64.972582
19759, -64.972566
19839, -64.972552
19919, -64.972539
19999, -64.972529
20079, -64.972519
20159, -64.972512
20239, -64.972506
20319, -64.972501
20399, -64.972498
20479, -64.972496
20559, -64.972496
20639, -64.972497
20719, -64.972499
20799, -64.972503
20879, -64.972507
20959, -64.972513
21039, -64.972520
21119, -64.972528
21199, -64.972537
21279, -64.972548
21359, -64.972559
21439, -64.972571
21519, -64.972584
21599, -64.972597
21679, -64.972612
21759, -64.972627
21839, -64.972643
21919, -64.972660
21999, -64.972677
22079, -64.972695
22159, -64.972714
22239, -64.972733
22319, -64.972752
22399, -64.972772
22479, -64.972793
22559, -64.972814
22639, -64.972835
22719, -64.972856
22799, -64.972878
22879, -64.972900
22959, -64.972922
23039, -64.972944
23119, -64.972967
23199, -64.972990
23279, -64.973012
23359, -64.973035
23439, -64.973058
23519, -64.973081
23599, -64.973104
23679, -64.973126
23759, -64.973149
23839, -64.973172
23919, -64.973194
23999, -64.973217
24079, -64.973239
24159, -64.973261
24239, -64.973283
24319, -64.973304
24399, -64.973326
24479, -64.973347
24559, -64.973368
24639, -64.973388
24719, -64.973409
24799, -64.973428
24879, -64.973448
24959, -64.973467
25039, -64.973486
25119, -64.973505
25199, -64.973523
25279, -64.973541
25359, -64.973559
25439, -64.973576
25519, -64.973592
25599, -64.973609
25679, -64.973624
25759, -64.973640
25839, -64.973655
25919, -64.973669
25999, -64.973683
26079, -64.973697
26159, -64.973710
26239, -64.973723
26319, -64.973736
26399, -64.973747
26479, -64.973759
26559, -64.973770
26639, -64.973780
26719, -64.973791
26799, -64.973800
26879, -64.973810
26959, -64.973818
27039, -64.973827
27119, -64.973835
27199, -64.973842
27279, -64.973849
27359, -64.973856
27439, -64.973862
27519, -64.973868
27599, -64.973874
27679, -64.973879
27759, -64.973883
27839, -64.973888
27919, -64.973892
27999, -64.973895
28079, -64.973898
28159, -64.973901
28239, -64.973904
28319, -64.973906
28399, -64.973908
28479, -64.973909
28559, -64.973910
28639, -64.973911
28719, -64.973912
28799, -64.973912
28879, -64.973912
28959, -64.973912
29039, -64.973911
29119, -64.973910
29199, -64.973909
29279, -64.973908
29359, -64.973907
29439, -64.973905
29519, -64.973903
29599, -64.973901
29679, -64.973898
29759, -64.973896
29839, -64.973893
29919, -64.973890
29999, -64.973887
30079, -64.973884
30159, -64.973881
30239, -64.973877
30319, -64.973873
30399, -64.973870
30479, -64.973866
30559, -64.973862
30639, -64.973858
30719, -64.973854
30799, -64.973849
30879, -64.973845
30959, -64.973841
31039, -64.973836
31119, -64.973832
31199, -64.973827
31279, -64.973823
31359, -64.973818
31439, -64.973813
31519, -64.973809
31599, -64.973804
31679, -64.973799
31759, -64.973795
31839, -64.973790
31919, -64.973785
31999, -64.973781
32079, -64.973776
32159, -64.973771
32239, -64.973767
32319, -64.973762
32399, -64.973758
32479, -64.973753
32559, -64.973749
32639, -64.973744
32719, -64.973740
32799, -64.973736
32879, -64.973731
32959, -64.973727
33039, -64.973723
33119, -64.973719
33199, -64.973715
33279, -64.973711
33359, -64.973707
33439, -64.973703
33519, -64.973700
33599, -64.973696
33679, -64.973693
33759, -64.973689
33839, -64.973686
33919, -64.973682
33999, -64.973679
34079, -64.973676
34159, -64.973673
34239, -64.973670
34319, -64.973667
34399, -64.973665
34479, -64.973662
34559, -64.973660
34639, -64.973657
34719, -64.973655
34799, -64.973652
34879, -64.973650
34959, -64.973648
35039, -64.973646
35119, -64.973644
35199, -64.973643
35279, -64.973641
35359, -64.973639
35439, -64.973638
35519, -64.973636
35599, -64.973635
35679, -64.973634
35759, -64.973632
35839, -64.973631
35919, -64.973630
35999, -64.973629
36079, -64.973628
36159, -64.973628
36239, -64.973627
36319, -64.973626
36399, -64.973626
36479, -64.973625
36559, -64.973625
36639, -64.973625
36719, -64.973624
36799, -64.973624
36879, -64.973624
36959, -64.973624
37039, -64.973624
37119, -64.973624
37199, -64.973624
37279, -64.973624
37359, -64.973624
37439, -64.973625
37519, -64.973625
37599, -64.973625
37679, -64.973626
37759, -64.973626
37839, -64.973627
37919, -64.973627
37999, -64.973628
38079, -64.973628
38159, -64.973629
38239, -64.973630
38319, -64.973630
38399, -64.973631
38479, -64.973632
38559, -64.973633
38639, -64.973634
38719, -64.973634
38799, -64.973635
38879, -64.973636
38959, -64.973637
39039, -64.973638
39119, -64.973639
39199, -64.973640
39279, -64.973641
39359, -64.973642
39439, -64.973643
39519, -64.973644
39599, -64.973645
39679, -64.973646
39759, -64.973647
39839, -64.973648
39919, -64.973649
39999, -64.973650
40079, -64.973651
40159, -64.973652
40239, -64.973653
40319, -64.973654
40399, -64.973655
40479, -64.973656
40559, -64.973657
40639, -64.973658
40719, -64.973659
40799, -64.973660
40879, -64.973661
40959, -64.973662
41039, -64.973663
41119, -64.973664
41199, -64.973665
41279, -64.973666
41359, -64.973666
41439, -64.973667
41519, -64.973668
41599, -64.973669
41679, -64.973670
41759, -64.973671
41839, -64.973671
41919, -64.973672
41999, -64.973673
42079, -64.973674
42159, -64.973674
42239, -64.973675
42319, -64.973676
42399, -64.973676
42479, -64.973677
42559, -64.973678
42639, -64.973678
42719, -64.973679
42799, -64.973679
42879, -64.973680
42959, -64.973681
43039, -64.973681
43119, -64.973682
43199, -64.973682
43279, -64.973682
43359, -64.973683
43439, -64.973683
43519, -64.973684
43599, -64.973684
43679, -64.973684
43759, -64.973685
43839, -64.973685
43919, -64.973685
43999, -64.973686
44079, -64.973686
44159, -64.973686
44239, -64.973686
44319, -64.973687
44399, -64.973687
44479, -64.973687
44559, -64.973687
44639, -64.973687
44719, -64.973687
44799, -64.973687
44879, -64.973688
44959, -64.973688
45039, -64.973688
45119, -64.973688
45199, -64.973688
45279, -64.973688
45359, -64.973688
45439, -64.973688
45519, -64.973688
45599, -64.973688
45679, -64.973688
45759, -64.973688
45839, -64.973688
45919, -64.973688
45999, -64.973687
46079, -64.973687
46159, -64.973687
46239, -64.973687
46319, -64.973687
46399, -64.973687
46479, -64.973687
46559, -64.973687
46639, -64.973687
46719, -64.973686
46799, -64.973686
46879, -64.973686
46959, -64.973686
47039, -64.973686
47119, -64.973686
47199, -64.973685
47279, -64.973685
47359, -64.973685
47439, -64.973685
47519, -64.973685
47599, -64.973685
47679, -64.973684
47759, -64.973684
47839, -64.973684
47919, -64.973684
47999, -64.973684
48079, -64.973683
48159, -64.973683
48239, -64.973683
48319, -64.973683
48399, -64.973683
48479, -64.973682
48559, -64.973682
48639, -64.973682
48719, -64.973682
48799, -64.973682
48879, -64.973681
48959, -64.973681
49039, -64.973681
49119, -64.973681
49199, -64.973681
49279, -64.973680
49359, -64.973680
49439, -64.973680
49519, -64.973680
49599, -64.973680
49679, -64.973680
49759, -64.973679
49839, -64.973679
49919, -64.973679
49999, -64.973679
50079, -61.350317
50159, -57.881968
50239, -54.516517
50319, -51.164450
50399, -47.661291
50479, -43.705465
50559, -38.750100
50639, -31.807405
50719, -21.194374
50799, -4.912030
50879, 15.750163
50959, 32.382179
51039, 39.951153
51119, 41.544363
51199, 40.505113
51279, 38.278964
51359, 35.376278
51439, 32.010975
51519, 28.313666
51599, 24.387227
51679, 20.318122
51759, 16.177988
51839, 12.023949
51919, 7.899530
51999, 3.836154
52079, -0.144914
52159, -4.030607
52239, -7.814241
52319, -11.494357
52399, -15.073228
52479, -18.555950
52559, -21.952179
52639, -25.274547
52719, -28.542820
52799, -31.783292
52879, -35.030749
52959, -38.329269
53039, -41.730783
53119, -45.286678
53199, -49.033221
53279, -52.962954
53359, -56.980886
53439, -60.869751
53519, -64.315518
53599, -67.036040
53679, -68.930993
53759, -70.101441
53839, -70.743418
53919, -71.042342
53999, -71.132249
54079, -71.098018
54159, -70.990074
54239, -70.837518
54319, -70.656989
54399, -70.458025
54479, -70.246140
54559, -70.024566
54639, -69.795238
54719, -69.559338
54799, -69.317621
54879, -69.070595
54959, -68.818627
55039, -68.561990
55119, -68.300916
55199, -68.035613
55279, -67.766284
55359, -67.493109
55439, -67.216277
55519, -66.935988
55599, -66.652444
55679, -66.365832
55759, -66.076358
55839, -65.784247
55919, -65.489696
55999, -65.192907
56079, -64.894110
56159, -64.593520
56239, -64.291318
56319, -63.987717
56399, -63.682950
56479, -63.377147
56559, -63.070490
56639, -62.763186
56719, -62.455342
56799, -62.147072
56879, -61.838537
56959, -61.529813
57039, -61.220919
57119, -60.911939
57199, -60.602923
57279, -60.293757
57359, -59.984420
57439, -59.674939
57519, -59.365025
57599, -59.054518
57679, -58.743347
57759, -58.431108
57839, -58.117445
57919, -57.802128
57999, -57.484632
58079, -57.164338
58159, -56.840792
58239, -56.513272
58319, -56.180802
58399, -55.842601
58479, -55.497573
58559, -55.144237
58639, -54.781327
58719, -54.406962
58799, -54.018918
58879, -53.615155
58959, -53.192152
59039, -52.746503
59119, -52.273688
59199, -51.768226
59279, -51.223366
59359, -50.630527
59439, -49.978598
59519, -49.254085
59599, -48.437913
59679, -47.505470
59759, -46.423885
59839, -45.148351
59919, -43.617385
59999, -41.744685
60079, -39.410900
60159, -36.452349
60239, -32.655919
60319, -27.776436
60399, -21.617403
60479, -14.228483
60559, -6.188546
60639, 1.313196
60719, 6.975579
60799, 10.123128
60879, 10.877000
60959, 9.780980
61039, 7.425474
61119, 4.285880
61199, 0.700717
61279, -3.103131
61359, -6.979326
61439, -10.837155
61519, -14.623506
61599, -18.310161
61679, -21.885850
61759, -25.351940
61839, -28.721161
61919, -32.015537
61999, -35.266396
62079, -38.514183
62159, -41.803412
62239, -45.176453
62319, -48.660901
62399, -52.248645
62479, -55.869343
62559, -59.370504
62639, -62.532554
62719, -65.143344
62799, -67.092610
62879, -68.408843
62959, -69.214017
63039, -69.652174
63119, -69.844806
63199, -69.879144
63279, -69.812721
63359, -69.681917
63439, -69.509313
63519, -69.308856
63599, -69.089196
63679, -68.855741
63759, -68.611923
63839, -68.359957
63919, -68.101320
63999, -67.837027
64079, -67.567795
64159, -67.294162
64239, -67.016556
64319, -66.735344
64399, -66.450821
64479, -66.163268
64559, -65.872962
64639, -65.580154
64719, -65.285076
64799, -64.987976
64879, -64.689109
64959, -64.388672
65039, -64.086889
65119, -63.784007
65199, -63.480211
65279, -63.175686
65359, -62.870649
65439, -62.565277
65519, -62.259691
65599, -61.954058
65679, -61.648546
65759, -61.343182
65839, -61.038059
65919, -60.733314
65999, -60.428888
66079, -60.124771
66159, -59.821013
66239, -59.517520
66319, -59.214135
66399, -58.910794
66479, -58.607380
66559, -58.303545
66639, -57.999070
66719, -57.693834
66799, -57.387237
66879, -57.078856
66959, -56.768395
67039, -56.455146
67119, -56.138390
67199, -55.817576
67279, -55.491787
67359, -55.159894
67439, -54.820966
67519, -54.473643
67599, -54.116206
67679, -53.747146
67759, -53.364136
67839, -52.964576
67919, -52.545869
67999, -52.103827
68079, -51.634401
68159, -51.131751
68239, -50.589418
68319, -49.998521
68399, -49.348943
68479, -48.626089
68559, -47.812007
68639, -46.883302
68719, -45.808591
68799, -44.545307
68879, -43.035655
68959, -41.201751
69039, -38.936687
69119, -36.099156
69199, -32.511590
69279, -27.980451
69359, -22.364249
69439, -15.726358
69519, -8.536004
69599, -1.733507
69679, 3.598407
69759, 6.784191
69839, 7.784836
69919, 6.987311
69999, 4.899025
70079, 1.970918
70159, -1.454711
70239, -5.138752
70319, -8.922354
70399, -12.705073
70479, -16.427069
70559, -20.055860
70639, -23.577936
70719, -26.995365
70799, -30.321044
70879, -33.580146
70959, -36.806413
71039, -40.040528
71119, -43.325447
71199, -46.697088
71279, -50.168962
71359, -53.710084
71439, -57.220782
71519, -60.526840
71600, -63.415620
71680, -65.718844
71760, -67.384696
71840, -68.479874
71920, -69.132397
72000, -69.472778
72080, -69.604968
72160, -69.602029
72240, -69.511992
72320, -69.365420
72400, -69.181500
72480, -68.972260
72560, -68.745272
72640, -68.505351
72720, -68.255613
72800, -67.998117
72880, -67.734259
72960, -67.465004
73040, -67.191061
73120, -66.912977
73200, -66.631190
73280, -66.346054
73360, -66.057894
73440, -65.767014
73520, -65.473674
73600, -65.178130
73680, -64.880644
73760, -64.581463
73840, -64.280800
73920, -63.978895
74000, -63.675996
74080, -63.372268
74160, -63.067916
74240, -62.763167
74320, -62.458159
74400, -62.153037
74480, -61.847983
74560, -61.543112
74640, -61.238482
74720, -60.934207
74800, -60.630386
74880, -60.326957
74960, -60.023937
75040, -59.721402
75120, -59.419165
75200, -59.117116
75280, -58.815225
75360, -58.513271
75440, -58.210967
75520, -57.908139
75600, -57.604546
75680, -57.299665
75760, -56.993129
75840, -56.684675
75920, -56.373468
76000, -56.058878
76080, -55.740421
76160, -55.417038
76240, -55.087715
76320, -54.751613
76400, -54.407236
76480, -54.053013
76560, -53.687552
76640, -53.308429
76720, -52.913227
76800, -52.499313
76880, -52.062744
76960, -51.599711
77040, -51.104477
77120, -50.570943
77200, -49.990546
77280, -49.353673
77360, -48.646472
77440, -47.851995
77520, -46.948284
77600, -45.905991
77680, -44.685404
77760, -43.232714
77840, -41.475476
77920, -39.315322
78000, -36.621794
78080, -33.229947
78160, -28.954644
78240, -23.645677
78320, -17.316311
78400, -10.330995
78480, -3.512442
78560, 2.084711
78640, 5.687488
78720, 7.120080
78800, 6.683687
78880, 4.860590
78960, 2.111009
79040, -1.202987
79120, -4.822637
79200, -8.573514
79280, -12.343731
79360, -16.065059
79440, -19.699292
79520, -23.229987
79600, -26.655718
79680, -29.988101
79760, -33.249384
79840, -36.472771
79920, -39.698136
80000, -42.967979
80080, -46.319230
80160, -49.768321
80240, -53.290638
80320, -56.796119
80400, -60.120374
80480, -63.054736
80560, -65.423267
80640, -67.158794
80720, -68.315346
80800, -69.015151
80880, -69.389059
80960, -69.543879
81040, -69.555824
81120, -69.475451
81200, -69.335114
81280, -69.155202
81360, -68.948523
81440, -68.723157
81520, -68.484245
81600, -68.235116
81680, -67.977966
81760, -67.714281
81840, -67.445086
81920, -67.171132
82000, -66.892993
82080, -66.611123
82160, -66.325891
82240, -66.037632
82320, -65.746657
82400, -65.453228
82480, -65.157606
82560, -64.860057
82640, -64.560825
82720, -64.260128
82800, -63.958208
82880, -63.655308
82960, -63.351599
83040, -63.047287
83120, -62.742602
83200, -62.437672
83280, -62.132648
83360, -61.827714
83440, -61.522976
83520, -61.218497
83600, -60.914395
83680, -60.610755
83760, -60.307524
83840, -60.004725
83920, -59.702434
84000, -59.400450
84080, -59.098669
84160, -58.797070
84240, -58.495410
84320, -58.193415
84400, -57.890919
84480, -57.587658
84560, -57.283124
84640, -56.976961
84720, -56.668881
84800, -56.358067
84880, -56.043901
84960, -55.725912
85040, -55.403014
85120, -55.074210
85200, -54.738680
85280, -54.394904
85360, -54.041337
85440, -53.676611
85520, -53.298285
85600, -52.903975
85680, -52.491046
85760, -52.055601
85840, -51.593879
85920, -51.100165
86000, -50.568430
86080, -49.990179
86160, -49.355903
86240, -48.651891
86320, -47.861401
86400, -46.962760
86480, -45.927026
86560, -44.715050
86640, -43.273805
86720, -41.531918
86800, -39.392695
86880, -36.727774
86960, -33.374698
87040, -29.150195
87120, -23.902786
87200, -17.635876
87280, -10.694810
87360, -3.877948
87440, 1.769050
87520, 5.455256
87600, 6.977547
87680, 6.618005
87760, 4.852241
87840, 2.141712
87920, -1.147610
88000, -4.752844
88080, -8.496296
88160, -12.263515
88240, -15.984479
88320, -19.619789
88400, -23.152325
88480, -26.579837
88560, -29.913696
88640, -33.175803
88720, -36.398756
88800, -39.622395
88880, -42.889176
88960, -46.236172
89040, -49.680590
89120, -53.198935
89200, -56.703501
89280, -60.031601
89360, -62.975925
89440, -65.358720
89520, -67.109611
89600, -68.279778
89680, -68.990113
89760, -69.371501
89840, -69.531379
89920, -69.546654
90000, -69.468447
90080, -69.329512
90160, -69.150506
90240, -68.944412
90320, -68.719422
90400, -68.480750
90480, -68.231772
90560, -67.974715
90640, -67.711084
90720, -67.441917
90800, -67.167974
90880, -66.889836
90960, -66.607961
91040, -66.322720
91120, -66.034450
91200, -65.743465
91280, -65.450025
91360, -65.154393
91440, -64.856837
91520, -64.557599
91600, -64.256900
91680, -63.954981
91760, -63.652084
91840, -63.348380
91920, -63.044078
92000, -62.739406
92080, -62.434492
92160, -62.129487
92240, -61.824577
92320, -61.519864
92400, -61.215414
92480, -60.911345
92560, -60.607740
92640, -60.304547
92720, -60.001790
92800, -59.699546
92880, -59.397610
92960, -59.095882
93040, -58.794340
93120, -58.492738
93200, -58.190804
93280, -57.888376
93360, -57.585183
93440, -57.280721
93520, -56.974637
93600, -56.666638
93680, -56.355910
93760, -56.041838
93840, -55.723953
93920, -55.401163
94000, -55.072479
94080, -54.737081
94160, -54.393448
94240, -54.040037
94320, -53.675488
94400, -53.297357
94480, -52.903270
94560, -52.490590
94640, -52.055434
94720, -51.594046
94800, -51.100724
94880, -50.569453
94960, -49.991759
95040, -49.358165
95120, -48.654989
95200, -47.865543
95280, -46.968233
95360, -45.934216
95440, -44.724487
95520, -43.286212
95600, -41.548279
95680, -39.414408
95760, -36.756739
95840, -33.413389
95920, -29.201467
96000, -23.969096
96080, -17.716952
96160, -10.785549
96240, -3.967347
96320, 1.693839
96400, 5.402192
96480, 6.947765
96560, 6.607863
96640, 4.856622
96720, 2.155885
96800, -1.127342
96880, -4.729100
96960, -8.470863
97040, -12.237516
97120, -15.958577
97200, -19.594405
97280, -23.127597
97360, -26.555713
97440, -29.890081
97520, -33.152512
97600, -36.375425
97680, -39.598658
97760, -42.864662
97840, -46.210563
97920, -49.653814
98000, -53.171255
98080, -56.675881
98160, -60.005478
98240, -62.953088
98320, -65.340321
98400, -67.095926
98480, -68.270219
98560, -68.983711
98640, -69.367319
98720, -69.528687
98800, -69.544939
98880, -69.467367
98960, -69.328845
99040, -69.150108
99120, -68.944191
99200, -68.719320
99280, -68.480728
99360, -68.231805
99440, -67.974785
99520, -67.711182
99600, -67.442035
99680, -67.168107
99760, -66.889980
99840, -66.608113
99920, -66.322879
100000, -66.034615
100080, -65.743634
100160, -65.450199
100240, -65.154571
100320, -64.857018
100400, -64.557784
100480, -64.257088
100560, -63.955171
100640, -63.652277
100720, -63.348577
100800, -63.044278
100880, -62.739609
100960, -62.434699
101040, -62.129698
101120, -61.824792
101200, -61.520083
101280, -61.215638
101360, -60.911574
101440, -60.607975
101520, -60.304789
101600, -60.002039
101680, -59.699803
101760, -59.397875
101840, -59.096157
101920, -58.794625
102000, -58.493035
102080, -58.191115
102160, -57.888700
102240, -57.585525
102320, -57.281081
102400, -56.975017
102480, -56.667041
102560, -56.356339
102640, -56.042296
102720, -55.724442
102800, -55.401688
102880, -55.073044
102960, -54.737691
103040, -54.394110
103120, -54.040759
103200, -53.676276
103280, -53.298223
103360, -52.904224
103440, -52.491650
103520, -52.056616
103600, -51.595371
103680, -51.102219
103760, -50.571150
103840, -49.993702
103920, -49.360412
104000, -48.657610
104080, -47.868631
104160, -46.971917
104240, -45.938668
104320, -44.729938
104400, -43.292973
104480, -41.556764
104560, -39.425198
104640, -36.770607
104720, -33.431310
104800, -29.224506
104880, -23.998040
104960, -17.751311
105040, -10.822760
105120, -4.002535
105200, 1.665949
105280, 5.384555
105360, 6.940397
105440, 6.608894
105520, 4.863707
105600, 2.166948
105680, -1.113892
105760, -4.714368
105840, -8.455599
105920, -12.222183
106000, -15.943445
106080, -19.579652
106160, -23.113268
106240, -26.541766
106320, -29.876462
106400, -33.139126
106480, -36.362080
106560, -39.585170
106640, -42.850848
106720, -46.196275
106800, -49.639045
106880, -53.156185
106960, -56.661063
107040, -59.991699
107120, -62.941253
107200, -65.331024
107280, -67.089257
107360, -68.265806
107440, -68.980996
107520, -69.365784
107600, -69.527935
107680, -69.544697
107760, -69.467456
107840, -69.329149
107920, -69.150555
108000, -68.944734
108080, -68.719930
108160, -68.481386
108240, -68.232498
108320, -67.975506
108400, -67.711924
108480, -67.442795
108560, -67.168882
108640, -66.890768
108720, -66.608913
108800, -66.323689
108880, -66.035434
108960, -65.744461
109040, -65.451033
109120, -65.155411
109200, -64.857864
109280, -64.558635
109360, -64.257943
109440, -63.956030
109520, -63.653139
109600, -63.349442
109680, -63.045144
109760, -62.740477
109840, -62.435568
109920, -62.130568
110000, -61.825661
110080, -61.520953
110160, -61.216508
110240, -60.912444
110320, -60.608845
110400, -60.305659
110480, -60.002909
110560, -59.700673
110640, -59.398746
110720, -59.097029
110800, -58.795498
110880, -58.493912
110960, -58.191995
111040, -57.889585
111120, -57.586415
111200, -57.281980
111280, -56.975925
111360, -56.667961
111440, -56.357272
111520, -56.043245
111600, -55.725408
111680, -55.402676
111760, -55.074057
111840, -54.738731
111920, -54.395185
112000, -54.041873
112080, -53.677435
112160, -53.299435
112240, -52.905499
112320, -52.493002
112400, -52.058059
112480, -51.596918
112560, -51.103893
112640, -50.572972
112720, -49.995707
112800, -49.362649
112880, -48.660127
112960, -47.871502
113040, -46.975237
113120, -45.942568
113200, -44.734590
113280, -43.298607
113360, -41.563679
113440, -39.433815
113520, -36.781476
113600, -33.445110
113680, -29.241949
113760, -24.019585
113840, -17.776572
113920, -10.849598
114000, -4.027221
114080, 1.647143
114160, 5.373714
114240, 6.937350
114320, 6.612116
114400, 4.871380
114480, 2.177498
114560, -1.101657
114640, -4.701264
114720, -8.442182
114800, -12.208794
114880, -15.930277
114960, -19.566837
115040, -23.100835
115120, -26.529673
115200, -29.864665
115280, -33.127546
115360, -36.350559
115440, -39.573555
115520, -42.838993
115600, -46.184064
115680, -49.626485
115760, -53.143440
115840, -56.648612
115920, -59.980209
116000, -62.931452
116080, -65.323413
116160, -67.083894
116240, -68.262357
116320, -68.978979
116400, -69.364756
116480, -69.527560
116560, -69.544746
116640, -69.467779
116720, -69.329651
116800, -69.151176
116880, -68.945438
116960, -68.720691
117040, -68.482189
117120, -68.233334
117200, -67.976367
117280, -67.712806
117360, -67.443695
117440, -67.169797
117520, -66.891697
117600, -66.609854
117680, -66.324641
117760, -66.036395
117840, -65.745431
117920, -65.452010
118000, -65.156395
118080, -64.858854
118160, -64.559630
118240, -64.258943
118320, -63.957034
118400, -63.654146
118480, -63.350452
118560, -63.046156
118640, -62.741489
118720, -62.436581
118800, -62.131581
118880, -61.826674
118960, -61.521965
119040, -61.217520
119120, -60.913454
119200, -60.609854
119280, -60.306667
119360, -60.003916
119440, -59.701678
119520, -59.399751
119600, -59.098033
119680, -58.796502
119760, -58.494916
119840, -58.193001
119920, -57.890594
120000, -57.587428
120080, -57.282999
120160, -56.976950
120240, -56.668995
120320, -56.358319
120400, -56.044305
120480, -55.726483
120560, -55.403770
120640, -55.075172
120720, -54.739872
120800, -54.396356
120880, -54.043080
120960, -53.678683
121040, -53.300734
121120, -52.906856
121200, -52.494431
121280, -52.059573
121360, -51.598529
121440, -51.105623
121520, -50.574844
121600, -49.997753
121680, -49.364912
121760, -48.662657
121840, -47.874366
121920, -46.978528
122000, -45.946409
122080, -44.739143
122160, -43.304088
122240, -41.570370
122320, -39.442109
122400, -36.791885
122480, -33.458264
122560, -29.258497
122640, -24.039929
122720, -17.800315
122800, -10.874673
122880, -4.050096
122960, 1.629958
123040, 5.364125
123120, 6.935139
123200, 6.615811
123280, 4.879246
123360, 2.188048
123440, -1.089546
123520, -4.688360
123600, -8.429007
123680, -12.195665
123760, -15.917376
123840, -19.554288
123920, -23.088663
124000, -26.517837
124080, -29.853121
124160, -33.116218
124240, -36.339293
124320, -39.562207
124400, -42.827420
124480, -46.172156
124560, -49.614250
124640, -53.131043
124720, -56.636518
124800, -59.969069
124880, -62.921970
124960, -65.316073
125040, -67.078745
125120, -68.259071
125200, -68.977084
125280, -69.363820
125360, -69.527258
125440, -69.544854
125520, -69.468152
125600, -69.330198
125680, -69.151839
125760, -68.946180
125840, -68.721489
125920, -68.483029
126000, -68.234206
126080, -67.977264
126160, -67.713724
126240, -67.444631
126320, -67.170749
126400, -66.892662
126480, -66.610831
126560, -66.325629
126640, -66.037393
126720, -65.746438
126800, -65.453026
126880, -65.157418
126960, -64.859883
127040, -64.560665
127120, -64.259982
127200, -63.958077
127280, -63.655192
127360, -63.351500
127440, -63.047206
127520, -62.742540
127600, -62.437633
127680, -62.132632
127760, -61.827725
127840, -61.523016
127920, -61.218569
128000, -60.914502
128080, -60.610901
128160, -60.307712
128240, -60.004959
128320, -59.702720
128400, -59.400791
128480, -59.099073
128560, -58.797541
128640, -58.495956
128720, -58.194042
128800, -57.891637
128880, -57.588475
128960, -57.284051
129040, -56.978009
129120, -56.670063
129200, -56.359398
129280, -56.045397
129360, -55.727590
129440, -55.404895
129520, -55.076319
129600, -54.741043
129680, -54.397558
129760, -54.044318
129840, -53.679961
129920, -53.302062
130000, -52.908243
130080, -52.495889
130160, -52.061116
130240, -51.600170
130320, -51.107383
130400, -50.576744
130480, -49.999826
130560, -49.367201
130640, -48.665211
130720, -47.877253
130800, -46.981839
130880, -45.950267
130960, -44.743712
131040, -43.309580
131120, -41.577067
131200, -39.450401
131280, -36.802281
131360, -33.471387
131440, -29.274992
131520, -24.060188
131600, -17.823934
131680, -10.899590
131760, -4.072793
131840, 1.612951
131920, 5.354696
132000, 6.933063
132080, 6.619614
132160, 4.887201
132240, 2.198671
132320, -1.077375
132400, -4.675403
132480, -8.415784
132560, -12.182493
132640, -15.904434
132720, -19.541700
132800, -23.076454
132880, -26.505965
132960, -29.841542
133040, -33.104857
133120, -36.327997
133200, -39.550829
133280, -42.815819
133360, -46.160222
133440, -49.601994
133520, -53.118626
133600, -56.624410
133680, -59.957919
133760, -62.912483
133840, -65.308731
133920, -67.073599
134000, -68.255791
134080, -68.975198
134160, -69.362895
134240, -69.526967
134320, -69.544974
134400, -69.468538
134480, -69.330757
134560, -69.152514
134640, -68.946935
134720, -68.722300
134800, -68.483882
134880, -68.235091
134960, -67.978175
135040, -67.714656
135120, -67.445581
135200, -67.171714
135280, -66.893642
135360, -66.611823
135440, -66.326633
135520, -66.038407
135600, -65.747461
135680, -65.454056
135760, -65.158456
135840, -64.860927
135920, -64.561714
136000, -64.261036
136080, -63.959135
136160, -63.656253
136240, -63.352564
136320, -63.048272
136400, -62.743607
136480, -62.438700
136560, -62.133699
136640, -61.828791
136720, -61.524081
136800, -61.219633
136880, -60.915565
136960, -60.611962
137040, -60.308772
137120, -60.006018
137200, -59.703777
137280, -59.401847
137360, -59.100128
137440, -58.798595
137520, -58.497011
137600, -58.195098
137680, -57.892694
137760, -57.589537
137840, -57.285118
137920, -56.979082
138000, -56.671146
138080, -56.360492
138160, -56.046504
138240, -55.728711
138320, -55.406035
138400, -55.077481
138480, -54.742230
138560, -54.398775
138640, -54.045571
138720, -53.681255
138800, -53.303406
138880, -52.909645
138960, -52.497364
139040, -52.062676
139120, -51.601828
139200, -51.109161
139280, -50.578663
139360, -50.001920
139440, -49.369505
139520, -48.667774
139600, -47.880145
139680, -46.985153
139760, -45.954125
139840, -44.748276
139920, -43.315065
140000, -41.583751
140080, -39.458675
140160, -36.812650
140240, -33.484474
140320, -29.291435
140400, -24.080378
140480, -17.847466
140560, -10.924409
140640, -4.095395
140720, 1.596023
140800, 5.345324
140880, 6.931022
140960, 6.623435
141040, 4.895160
141120, 2.209289
141200, -1.065213
141280, -4.662459
141360, -8.402576
141440, -12.169336
141520, -15.891508
141600, -19.529127
141680, -23.064259
141760, -26.494107
141840, -29.829978
141920, -33.093510
142000, -36.316715
142080, -39.539467
142160, -42.804236
142240, -46.148308
142320, -49.589759
142400, -53.106234
142480, -56.612326
142560, -59.946790
142640, -62.903014
142720, -65.301403
142800, -67.068464
142880, -68.252519
142960, -68.973318
143040, -69.361974
143120, -69.526680
143200, -69.545097
143280, -69.468926
143360, -69.331320
143440, -69.153192
143520, -68.947692
143600, -68.723114
143680, -68.484738
143760, -68.235978
143840, -67.979088
143920, -67.715590
144000, -67.446533
144080, -67.172682
144160, -66.894624
144240, -66.612818
144320, -66.327638
144400, -66.039422
144480, -65.748485
144560, -65.455089
144640, -65.159495
144720, -64.861973
144800, -64.562766
144880, -64.262093
144960, -63.960195
145040, -63.657317
145120, -63.353630
145200, -63.049340
145280, -62.744676
145360, -62.439769
145440, -62.134769
145520, -61.829860
145600, -61.525149
145680, -61.220700
145760, -60.916630
145840, -60.613026
145920, -60.309835
146000, -60.007079
146080, -59.704836
146160, -59.402905
146240, -59.101185
146320, -58.799651
146400, -58.498067
146480, -58.196156
146560, -57.893754
146640, -57.590601
146720, -57.286187
146800, -56.980158
146880, -56.672231
146960, -56.361588
147040, -56.047613
147120, -55.729835
147200, -55.407177
147280, -55.078645
147360, -54.743418
147440, -54.399994
147520, -54.046826
147600, -53.682551
147680, -53.304752
147760, -52.911050
147840, -52.498841
147920, -52.064238
148000, -51.603489
148080, -51.110942
148160, -50.580585
148240, -50.004016
148320, -49.371810
148400, -48.670339
148480, -47.883038
148560, -46.988468
148640, -45.957985
148720, -44.752842
148800, -43.320551
148880, -41.590437
148960, -39.466950
149040, -36.823020
149120, -33.497560
149200, -29.307878
149280, -24.100569
149360, -17.871002
149440, -10.949237
149520, -4.118011
149600, 1.579076
149680, 5.335933
149760, 6.928965
149840, 6.627244
149920, 4.903111
150000, 2.219903
150080, -1.053053
150160, -4.649516
150240, -8.389367
150320, -12.156178
150400, -15.878580
150480, -19.516552
150560, -23.052063
150640, -26.482247
150720, -29.818412
150800, -33.082162
150880, -36.305433
150960, -39.528105
151040, -42.792653
151120, -46.136395
151200, -49.577526
151280, -53.093843
151360, -56.600244
151440, -59.935662
151520, -62.893544
151600, -65.294073
151680, -67.063325
151760, -68.249245
151840, -68.971437
151920, -69.361053
152000, -69.526393
152080, -69.545220
152160, -69.469315
152240, -69.331882
152320, -69.153871
152400, -68.948450
152480, -68.723929
152560, -68.485594
152640, -68.236866
152720, -67.980002
152800, -67.716525
152880, -67.447486
152960, -67.173651
153040, -66.895606
153120, -66.613813
153200, -66.328644
153280, -66.040439
153360, -65.749511
153440, -65.456122
153520, -65.160536
153600, -64.863020
153680, -64.563818
153760, -64.263150
153840, -63.961256
153920, -63.658382
154000, -63.354697
154080, -63.050408
154160, -62.745745
154240, -62.440839
154320, -62.135839
154400, -61.830929
154480, -61.526218
154560, -61.221768
154640, -60.917696
154720, -60.614091
154800, -60.310898
154880, -60.008141
154960, -59.705896
155040, -59.403964
155120, -59.102242
155200, -58.800708
155280, -58.499125
155360, -58.197215
155440, -57.894815
155520, -57.591666
155600, -57.287257
155680, -56.981234
155760, -56.673316
155840, -56.362685
155920, -56.048723
156000, -55.730959
156080, -55.408320
156160, -55.079810
156240, -54.744607
156320, -54.401214
156400, -54.048083
156480, -53.683849
156560, -53.306099
156640, -52.912456
156720, -52.500319
156800, -52.065802
156880, -51.605151
156960, -51.112724
157040, -50.582509
157120, -50.006114
157200, -49.374117
157280, -48.672905
157360, -47.885934
157440, -46.991786
157520, -45.961847
157600, -44.757411
157680, -43.326041
157760, -41.597127
157840, -39.475230
157920, -36.833398
158000, -33.510656
158080, -29.324334
158160, -24.120777
158240, -17.894562
158320, -10.974096
158400, -4.140666
158480, 1.562089
158560, 5.326506
158640, 6.926882
158720, 6.631037
158800, 4.911054
158880, 2.230514
158960, -1.040892
159040, -4.636569
159120, -8.376153
159200, -12.143013
159280, -15.865645
159360, -19.503970
159440, -23.039859
159520, -26.470381
159600, -29.806839
159680, -33.070808
159760, -36.294144
159840, -39.516737
159920, -42.781065
160000, -46.124478
160080, -49.565289
160160, -53.081449
160240, -56.588157
160320, -59.924529
160400, -62.884068
160480, -65.286737
160560, -67.058182
160640, -68.245967
160720, -68.969553
160800, -69.360130
160880, -69.526104
160960, -69.545343
161040, -69.469704
161120, -69.332445
161200, -69.154550
161280, -68.949209
161360, -68.724744
161440, -68.486451
161520, -68.237755
161600, -67.980916
161680, -67.717461
161760, -67.448440
161840, -67.174620
161920, -66.896589
162000, -66.614808
162080, -66.329651
162160, -66.041456
162240, -65.750537
162320, -65.457157
162400, -65.161578
162480, -64.864068
162560, -64.564872
162640, -64.264208
162720, -63.962318
162800, -63.659447
162880, -63.355765
162960, -63.051478
163040, -62.746816
163120, -62.441910
163200, -62.136910
163280, -61.831999
163360, -61.527287
163440, -61.222836
163520, -60.918762
163600, -60.615156
163680, -60.311962
163760, -60.009203
163840, -59.706956
163920, -59.405023
164000, -59.103301
164080, -58.801766
164160, -58.500183
164240, -58.198275
164320, -57.895877
164400, -57.592731
164480, -57.288328
164560, -56.982311
164640, -56.674403
164720, -56.363783
164800, -56.049834
164880, -55.732084
164960, -55.409464
165040, -55.080976
165120, -54.745798
165200, -54.402435
165280, -54.049340
165360, -53.685147
165440, -53.307448
165520, -52.913863
165600, -52.501799
165680, -52.067367
165760, -51.606814
165840, -51.114507
165920, -50.584434
166000, -50.008214
166080, -49.376426
166160, -48.675474
166240, -47.888832
166320, -46.995106
166400, -45.965713
166480, -44.761985
166560, -43.331536
166640, -41.603823
166720, -39.483517
166800, -36.843784
166880, -33.523764
166960, -29.340807
167040, -24.141008
167120, -17.918151
167200, -10.998993
167280, -4.163364
167360, 1.545058
167440, 5.317042
167520, 6.924770
167600, 6.634812
167680, 4.918988
167760, 2.241123
167840, -1.028728
167920, -4.623616
168000, -8.362932
168080, -12.129841
168160, -15.852701
168240, -19.491379
168320, -23.027647
168400, -26.458505
168480, -29.795257
168560, -33.059445
168640, -36.282848
168720, -39.505361
168800, -42.769471
168880, -46.112554
168960, -49.553046
169040, -53.069048
169120, -56.576064
169200, -59.913390
169280, -62.874585
169360, -65.279393
169440, -67.053032
169520, -68.242684
169600, -68.967666
169680, -69.359205
169760, -69.525815
169840, -69.545466
169920, -69.470093
170000, -69.333008
170080, -69.155229
170160, -68.949967
170240, -68.725559
170320, -68.487308
170400, -68.238644
170480, -67.981831
170560, -67.718397
170640, -67.449394
170720, -67.175590
170800, -66.897573
170880, -66.615805
170960, -66.330659
171040, -66.042473
171120, -65.751563
171200, -65.458191
171280, -65.162620
171360, -64.865116
171440, -64.565926
171520, -64.265267
171600, -63.963381
171680, -63.660513
171760, -63.356833
171840, -63.052548
171920, -62.747887
172000, -62.442982
172080, -62.137981
172160, -61.833070
172240, -61.528357
172320, -61.223905
172399, -60.919830
172479, -60.616222
172559, -60.313027
172639, -60.010267
172719, -59.708018
172799, -59.406083
172879, -59.104360
172959, -58.802824
173039, -58.501242
173119, -58.199335
173199, -57.896939
173279, -57.593797
173359, -57.289400
173439, -56.983389
173519, -56.675490
173599, -56.364882
173679, -56.050946
173759, -55.733211
173839, -55.410609
173919, -55.082142
173999, -54.746989
174079, -54.403658
174159, -54.050598
174239, -53.686446
174319, -53.308797
174399, -52.915271
174479, -52.503279
174559, -52.068933
174639, -51.608479
174719, -51.116292
174799, -50.586361
174879, -50.010316
174959, -49.378737
175039, -48.678045
175119, -47.891733
175199, -46.998430
175279, -45.969582
175359, -44.766562
175439, -43.337035
175519, -41.610526
175599, -39.491813
175679, -36.854181
175759, -33.536886
175839, -29.357297
175919, -24.161263
175999, -17.941773
176079, -11.023930
176159, -4.186272
176239, 1.527788
176319, 5.307384
176399, 6.922539
176479, 6.638537
176559, 4.926928
176639, 2.251778
176719, -1.016494
176799, -4.610577
176879, -8.349615
176959, -12.116568
177039, -15.839656
177119, -19.478688
177199, -23.015335
177279, -26.446532
177359, -29.783580
177439, -33.047988
177519, -36.271457
177599, -39.493892
177679, -42.757780
177759, -46.100531
177839, -49.540702
177919, -53.056545
177999, -56.563870
178079, -59.902154
178159, -62.865017
178239, -65.271982
178319, -67.047832
178399, -68.239368
178479, -68.965758
178559, -69.358270
178639, -69.525521
178719, -69.545587
178799, -69.470484
178879, -69.333574
178959, -69.155912
179039, -68.950731
179119, -68.726380
179199, -68.488170
179279, -68.239539
179359, -67.982752
179439, -67.719339
179519, -67.450354
179599, -67.176566
179679, -66.898563
179759, -66.616807
179839, -66.331673
179919, -66.043498
179999, -65.752597
180079, -65.459233
180159, -65.163669
180239, -64.866172
180319, -64.566987
180399, -64.266332
180479, -63.964450
180559, -63.661586
180639, -63.357909
180719, -63.053626
180799, -62.748965
180879, -62.444061
180959, -62.139060
181039, -61.834148
181119, -61.529434
181199, -61.224981
181279, -60.920905
181359, -60.617296
181439, -60.314099
181519, -60.011337
181599, -59.709086
181679, -59.407151
181759, -59.105427
181839, -58.803890
181919, -58.502308
181999, -58.200403
182079, -57.898009
182159, -57.594871
182239, -57.290479
182319, -56.984475
182399, -56.676585
182479, -56.365988
182559, -56.052066
182639, -55.734345
182719, -55.411761
182799, -55.083317
182879, -54.748189
182959, -54.404888
183039, -54.051866
183119, -53.687754
183199, -53.310156
183279, -52.916689
183359, -52.504771
183439, -52.070511
183519, -51.610156
183599, -51.118090
183679, -50.588302
183759, -50.012433
183839, -49.381066
183919, -48.680636
183999, -47.894656
184079, -47.001779
184159, -45.973468
184239, -44.771151
184319, -43.342543
184399, -41.617234
184479, -39.500112
184559, -36.864580
184639, -33.550008
184719, -29.373785
184799, -24.181511
184879, -17.965386
184959, -11.048858
185039, -4.209175
185119, 1.510519
185199, 5.297728
185279, 6.920312
185359, 6.642269
185439, 4.934877
185519, 2.262442
185599, -1.004249
185679, -4.597526
185759, -8.336287
185839, -12.103284
185919, -15.826600
185999, -19.465986
186079, -23.003013
186159, -26.434549
186239, -29.771893
186319, -33.036522
186399, -36.260058
186479, -39.482414
186559, -42.746082
186639, -46.088502
186719, -49.528353
186799, -53.044037
186879, -56.551672
186959, -59.890915
187039, -62.855445
187119, -65.264566
187199, -67.042629
187279, -68.236049
187359, -68.963850
187439, -69.357334
187519, -69.525227
187599, -69.545710
187679, -69.470875
187759, -69.334142
187839, -69.156597
187919, -68.951496
187999, -68.727202
188079, -68.489035
188159, -68.240436
188239, -67.983675
188319, -67.720283
188399, -67.451317
188479, -67.177545
188559, -66.899556
188639, -66.617812
188719, -66.332689
188799, -66.044524
188879, -65.753632
188959, -65.460277
189039, -65.164720
189119, -64.867229
189199, -64.568050
189279, -64.267400
189359, -63.965522
189439, -63.662661
189519, -63.358987
189599, -63.054705
189679, -62.750046
189759, -62.445142
189839, -62.140141
189919, -61.835229
189999, -61.530514
190079, -61.226060
190159, -60.921982
190239, -60.618371
190319, -60.315174
190399, -60.012410
190479, -59.710157
190559, -59.408220
190639, -59.106496
190719, -58.804958
190799, -58.503377
190879, -58.201473
190959, -57.899081
191039, -57.595947
191119, -57.291560
191199, -56.985562
191279, -56.677682
191359, -56.367097
191439, -56.053188
191519, -55.735481
191599, -55.412917
191679, -55.084494
191759, -54.749391
191839, -54.406122
191919, -54.053136
191999, -53.689066
192079, -53.311518
192159, -52.918110
192239, -52.506265
192319, -52.072092
192399, -51.611837
192479, -51.119892
192559, -50.590247
192639, -50.014555
192719, -49.383398
192799, -48.683232
192879, -47.897585
192959, -47.005134
193039, -45.977354
193119, -44.775736
193199, -43.348043
193279, -41.623931
193359, -39.508396
193439, -36.874958
193519, -33.563101
193599, -29.390236
193679, -24.201715
193759, -17.988946
193839, -11.073732
193919, -4.232033
193999, 1.493280
194079, 5.288084
194159, 6.918083
194239, 6.645990
194319, 4.942808
194399, 2.273086
194479, -0.992026
194559, -4.584507
194639, -8.322990
194719, -12.090028
194799, -15.813567
194879, -19.453303
194959, -22.990707
195039, -26.422613
195119, -29.760258
195199, -33.025103
195279, -36.248702
195359, -39.470975
195439, -42.734420
195519, -46.076507
195599, -49.516036
195679, -53.031560
195759, -56.539501
195839, -59.879697
195919, -62.845888
195999, -65.257159
196079, -67.037429
196159, -68.232731
196239, -68.961939
196319, -69.356394
196399, -69.524929
196479, -69.545828
196559, -69.471262
196639, -69.334704
196719, -69.157276
196799, -68.952256
196879, -68.728019
196959, -68.489894
197039, -68.241327
197119, -67.984591
197199, -67.721221
197279, -67.452273
197359, -67.178517
197439, -66.900542
197519, -66.618811
197599, -66.333699
197679, -66.045544
197759, -65.754662
197839, -65.461314
197919, -65.165765
197999, -64.868280
198079, -64.569106
198159, -64.268462
198239, -63.966588
198319, -63.663730
198399, -63.360058
198479, -63.055778
198559, -62.751120
198639, -62.446216
198719, -62.141216
198799, -61.836303
198879, -61.531587
198959, -61.227132
199039, -60.923052
199119, -60.619441
199199, -60.316241
199279, -60.013476
199359, -59.711221
199439, -59.409283
199519, -59.107558
199599, -58.806020
199679, -58.504439
199759, -58.202537
199839, -57.900146
199919, -57.597016
199999, -57.292635
200079, -56.986644
200159, -56.678772
200239, -56.368198
200319, -56.054303
200399, -55.736611
200479, -55.414065
200559, -55.085665
200639, -54.750586
200719, -54.407348
200799, -54.054398
200879, -53.690369
200959, -53.312872
201039, -52.919523
201119, -52.507751
201199, -52.073663
201279, -51.613507
201359, -51.121683
201439, -50.592180
201519, -50.016664
201599, -49.385717
201679, -48.685811
201759, -47.900495
201839, -47.008469
201919, -45.981218
201999, -44.780294
202079, -43.353511
202159, -41.630588
202239, -39.516631
202319, -36.885274
202399, -33.576118
202479, -29.406592
202559, -24.221804
202639, -18.012375
202719, -11.098576
202799, -4.254912
202879, 1.475994
202959, 5.278386
203039, 6.915804
203119, 6.649668
203199, 4.950706
203279, 2.283703
203359, -0.979824
203439, -4.571511
203519, -8.309711
203599, -12.076784
203679, -15.800543
203759, -19.440625
203839, -22.978404
203919, -26.410693
203999, -29.748639
204079, -33.013700
204159, -36.237359
204239, -39.459547
204319, -42.722767
204399, -46.064521
204479, -49.503727
204559, -53.019090
204639, -56.527336
204719, -59.868483
204799, -62.836331
204879, -65.249749
204959, -67.032225
205039, -68.229408
205119, -68.960024
205199, -69.355451
205279, -69.524628
205359, -69.545942
205439, -69.471646
205519, -69.335263
205599, -69.157953
205679, -68.953013
205759, -68.728833
205839, -68.490750
205919, -68.242216
205999, -67.985506
206079, -67.722157
206159, -67.453227
206239, -67.179486
206319, -66.901525
206399, -66.619807
206479, -66.334707
206559, -66.046562
206639, -65.755688
206719, -65.462349
206799, -65.166806
206879, -64.869328
206959, -64.570160
207039, -64.269520
207119, -63.967650
207199, -63.664795
207279, -63.361126
207359, -63.056848
207439, -62.752191
207519, -62.447288
207599, -62.142287
207679, -61.837374
207759, -61.532657
207839, -61.228201
207919, -60.924119
207999, -60.620507
208079, -60.317306
208159, -60.014540
208239, -59.712283
208319, -59.410344
208399, -59.108617
208479, -58.807078
208559, -58.505498
208639, -58.203597
208719, -57.901209
208799, -57.598083
208879, -57.293707
208959, -56.987722
209039, -56.679860
209119, -56.369298
209199, -56.055415
209279, -55.737738
209359, -55.415210
209439, -55.086832
209519, -54.751778
209599, -54.408571
209679, -54.055657
209759, -53.691669
209839, -53.314222
209919, -52.920932
209999, -52.509233
210079, -52.075231
210159, -51.615173
210239, -51.123469
210319, -50.594109
210399, -50.018768
210479, -49.388031
210559, -48.688386
210639, -47.903400
210719, -47.011797
210799, -45.985073
210879, -44.784842
210959, -43.358967
211039, -41.637231
211119, -39.524848
211199, -36.895569
211279, -33.589109
211359, -29.422917
211439, -24.241856
211519, -18.035766
211599, -11.123467
211679, -4.277877
211759, 1.458616
211839, 5.268611
211919, 6.913471
211999, 6.653317
212079, 4.958594
212159, 2.294324
212239, -0.967608
212319, -4.558494
212399, -8.296408
212479, -12.063515
212559, -15.787491
212639, -19.427920
212719, -22.966073
212799, -26.398745
212879, -29.736993
212959, -33.002269
213039, -36.225989
213119, -39.448093
213199, -42.711089
213279, -46.052508
213359, -49.491391
213439, -53.006594
213519, -56.515144
213599, -59.857244
213679, -62.826751
213759, -65.242319
213839, -67.027006
213919, -68.226075
213999, -68.958103
214079, -69.354505
214159, -69.524326
214239, -69.546057
214319, -69.472030
214399, -69.335824
214479, -69.158631
214559, -68.953772
214639, -68.729649
214719, -68.491608
214799, -68.243106
214879, -67.986422
214959, -67.723095
215039, -67.454183
215119, -67.180458
215199, -66.902511
215279, -66.620805
215359, -66.335716
215439, -66.047582
215519, -65.756717
215599, -65.463386
215679, -65.167851
215759, -64.870379
215839, -64.571216
215919, -64.270581
215999, -63.968715
216079, -63.665864
216159, -63.362197
216239, -63.057921
216319, -62.753265
216399, -62.448362
216479, -62.143362
216559, -61.838447
216639, -61.533730
216719, -61.229272
216799, -60.925190
216879, -60.621576
216959, -60.318374
217039, -60.015606
217119, -59.713347
217199, -59.411407
217279, -59.109679
217359, -58.808140
217439, -58.506560
217519, -58.204661
217599, -57.902274
217679, -57.599152
217759, -57.294781
217839, -56.988803
217919, -56.680950
217999, -56.370399
218079, -56.056530
218159, -55.738867
218239, -55.416358
218319, -55.088002
218399, -54.752973
218479, -54.409797
218559, -54.056919
218639, -53.692973
218719, -53.315576
218799, -52.922345
218879, -52.510718
218959, -52.076802
219039, -51.616844
219119, -51.125261
219199, -50.596043
219279, -50.020877
219359, -49.390351
219439, -48.690967
219519, -47.906312
219599, -47.015133
219679, -45.988938
219759, -44.789402
219839, -43.364438
219919, -41.643892
219999, -39.533087
220079, -36.905892
220159, -33.602134
220239, -29.439286
220319, -24.261964
220399, -18.059227
220479, -11.148440
220559, -4.300927
220639, 1.441162
220719, 5.258780
220799, 6.911106
220879, 6.656955
220959, 4.966487
221039, 2.304963
221119, -0.955368
221199, -4.545449
221279, -8.283074
221359, -12.050214
221439, -15.774408
221519, -19.415184
221599, -22.953712
221679, -26.386767
221759, -29.725319
221839, -32.990811
221919, -36.214621
221999, -39.436649
222079, -42.699422
222159, -46.040507
222239, -49.479066
222319, -52.994106
222399, -56.502926
222479, -59.845965
222559, -62.817130
222639, -65.234852
222719, -67.021757
222799, -68.222719
222879, -68.956166
222959, -69.353547
223039, -69.524015
223119, -69.546165
223199, -69.472410
223279, -69.336381
223359, -69.159306
223439, -68.954528
223519, -68.730462
223599, -68.492464
223679, -68.243994
223759, -67.987336
223839, -67.724030
223919, -67.455136
223999, -67.181427
224079, -66.903494
224159, -66.621801
224239, -66.336723
224319, -66.048599
224399, -65.757743
224479, -65.464421
224559, -65.168893
224639, -64.871427
224719, -64.572270
224799, -64.271640
224879, -63.969777
224959, -63.666929
225039, -63.363265
225119, -63.058991
225199, -62.754336
225279, -62.449433
225359, -62.144433
225439, -61.839518
225519, -61.534800
225599, -61.230341
225679, -60.926257
225759, -60.622642
225839, -60.319439
225919, -60.016669
225999, -59.714409
226079, -59.412467
226159, -59.110739
226239, -58.809198
226319, -58.507619
226399, -58.205721
226479, -57.903336
226559, -57.600218
226639, -57.295853
226719, -56.989881
226799, -56.682038
226879, -56.371498
226959, -56.057642
227039, -55.739994
227119, -55.417503
227199, -55.089169
227279, -54.754164
227359, -54.411019
227439, -54.058178
227519, -53.694272
227599, -53.316926
227679, -52.923753
227759, -52.512199
227839, -52.078368
227919, -51.618509
227999, -51.127046
228079, -50.597970
228159, -50.022979
228239, -49.392662
228319, -48.693537
228399, -47.909212
228479, -47.018456
228559, -45.992786
228639, -44.793942
228719, -43.369884
228799, -41.650522
228879, -39.541289
228959, -36.916167
229039, -33.615100
229119, -29.455580
229199, -24.281981
229279, -18.082583
229359, -11.173304
229439, -4.323883
229519, 1.423771
229599, 5.248975
229679, 6.908736
229759, 6.660565
229839, 4.974336
229919, 2.315548
229999, -0.943186
230079, -4.532465
230159, -8.269802
230239, -12.036973
230319, -15.761384
230399, -19.402505
230479, -22.941406
230559, -26.374842
230639, -29.713696
230719, -32.979403
230799, -36.203314
230879, -39.425270
230959, -42.687822
231039, -46.028574
231119, -49.466812
231199, -52.981690
231279, -56.490733
231359, -59.834691
231439, -62.807505
231519, -65.227377
231599, -67.016498
231679, -68.219355
231759, -68.954221
231839, -69.352582
231919, -69.523698
231999, -69.546269
232079, -69.472784
232159, -69.336933
232239, -69.159977
232319, -68.955279
232399, -68.731271
232479, -68.493315
232559, -68.244878
232639, -67.988245
232719, -67.724961
232799, -67.456085
232879, -67.182392
232959, -66.904473
233039, -66.622792
233119, -66.337726
233199, -66.049611
233279, -65.758765
233359, -65.465450
233439, -65.169930
233519, -64.872471
233599, -64.573319
233679, -64.272694
233759, -63.970835
233839, -63.667990
233919, -63.364329
233999, -63.060056
234079, -62.755402
234159, -62.450500
234239, -62.145500
234319, -61.840584
234399, -61.535865
234479, -61.231405
234559, -60.927320
234639, -60.623703
234719, -60.320499
234799, -60.017728
234879, -59.715465
234959, -59.413522
235039, -59.111793
235119, -58.810252
235199, -58.508674
235279, -58.206777
235359, -57.904394
235439, -57.601280
235519, -57.296920
235599, -56.990954
235679, -56.683120
235759, -56.372592
235839, -56.058748
235919, -55.741114
235999, -55.418642
236079, -55.090330
236159, -54.755349
236239, -54.412235
236319, -54.059430
236399, -53.695564
236479, -53.318268
236559, -52.925154
236639, -52.513672
236719, -52.079926
236799, -51.620164
236879, -51.128820
236959, -50.599885
237039, -50.025068
237119, -49.394958
237199, -48.696092
237279, -47.912094
237359, -47.021757
237439, -45.996610
237519, -44.798452
237599, -43.375294
237679, -41.657108
237759, -39.549435
237839, -36.926372
237919, -33.627976
237999, -29.471761
238079, -24.301860
238159, -18.105779
238239, -11.198002
238319, -4.346693
238399, 1.406483
238479, 5.239220
238559, 6.906367
238639, 6.664139
238719, 4.982124
238799, 2.326056
238879, -0.931090
238959, -4.519570
239039, -8.256620
239119, -12.023822
239199, -15.748448
239279, -19.389911
239359, -22.929182
239439, -26.362998
239519, -29.702151
239599, -32.968073
239679, -36.192083
239759, -39.413968
239839, -42.676301
239919, -46.016724
239999, -49.454643
240079, -52.969361
240159, -56.478626
240239, -59.823496
240319, -62.797945
240399, -65.219951
240479, -67.011274
240559, -68.216011
240639, -68.952288
240719, -69.351624
240799, -69.523384
240879, -69.546372
240959, -69.473157
241039, -69.337482
241119, -69.160644
241199, -68.956027
241279, -68.732075
241359, -68.494161
241439, -68.245756
241519, -67.989149
241599, -67.725886
241679, -67.457028
241759, -67.183351
241839, -66.905446
241919, -66.623778
241999, -66.338722
242079, -66.050618
242159, -65.759780
242239, -65.466474
242319, -65.170960
242399, -64.873508
242479, -64.574362
242559, -64.273741
242639, -63.971886
242719, -63.669045
242799, -63.365386
242879, -63.061115
242959, -62.756461
243039, -62.451561
243119, -62.146560
243199, -61.841644
243279, -61.536924
243359, -61.232463
243439, -60.928376
243519, -60.624758
243599, -60.321553
243679, -60.018780
243759, -59.716515
243839, -59.414571
243919, -59.112842
243999, -58.811299
244079, -58.509722
244159, -58.207826
244239, -57.905445
244319, -57.602335
244399, -57.297980
244479, -56.992020
244559, -56.684195
244639, -56.373679
244719, -56.059848
244799, -55.742228
244879, -55.419775
244959, -55.091484
245039, -54.756528
245119, -54.413443
245199, -54.060674
245279, -53.696849
245359, -53.319602
245439, -52.926546
245519, -52.515135
245599, -52.081474
245679, -51.621809
245759, -51.130584
245839, -50.601789
245919, -50.027144
245999, -49.397241
246079, -48.698631
246159, -47.914958
246239, -47.025038
246319, -46.000410
246399, -44.802930
246479, -43.380661
246559, -41.663640
246639, -39.557512
246719, -36.936490
246799, -33.640741
246879, -29.487801
246959, -24.321565
247039, -18.128773
247119, -11.222488
247199, -4.369311
247279, 1.389335
247359, 5.229538
247439, 6.904009
247519, 6.667675
247599, 4.989842
247679, 2.336472
247759, -0.919099
247839, -4.506785
247919, -8.243550
247999, -12.010782
248079, -15.735620
248159, -19.377422
248239, -22.917061
248319, -26.351252
248399, -29.690703
248479, -32.956837
248559, -36.180948
248639, -39.402762
248719, -42.664879
248799, -46.004976
248879, -49.442580
248959, -52.957141
249039, -56.466624
249119, -59.812398
249199, -62.788466
249279, -65.212588
249359, -67.006092
249439, -68.212695
249519, -68.950371
249599, -69.350674
249679, -69.523072
249759, -69.546474
249839, -69.473527
249919, -69.338028
249999, -69.161305
250079, -71.473312
250159, -72.950270
250239, -73.899411
250319, -74.511235
250399, -74.905108
250479, -75.156539
250559, -75.313755
250639, -75.407867
250719, -75.459149
250799, -75.480946
250879, -75.482129
250959, -75.468653
251039, -75.444557
251119, -75.412604
251199, -75.374703
251279, -75.332184
251359, -75.285984
251439, -75.236766
251519, -75.185009
251599, -75.131055
251679, -75.075156
251759, -75.017500
251839, -74.958226
251919, -74.897440
251999, -74.835222
252079, -74.771639
252159, -74.706743
252239, -74.640578
252319, -74.573182
252399, -74.504588
252479, -74.434826
252559, -74.363924
252639, -74.291909
252719, -74.218807
252799, -74.144643
252879, -74.069444
252959, -73.993234
253039, -73.916041
253119, -73.837887
253199, -73.758801
253279, -73.678808
253359, -73.597938
253439, -73.516221
253519, -73.433685
253599, -73.350361
253679, -73.266282
253759, -73.181478
253839, -73.095982
253919, -73.009826
253999, -72.923044
254079, -72.835666
254159, -72.747723
254239, -72.659247
254319, -72.570274
254399, -72.480838
254479, -72.390974
254559, -72.300717
254639, -72.210104
254719, -72.119169
254799, -72.027949
254879, -71.936478
254959, -71.844787
255039, -71.752905
255119, -71.660866
255199, -71.568701
255279, -71.476445
255359, -71.384131
255439, -71.291795
255519, -71.199468
255599, -71.107185
255679, -71.014979
255759, -70.922883
255839, -70.830917
255919, -70.739106
255999, -70.647477
256079, -70.556057
256159, -70.464874
256239, -70.373958
256319, -70.283336
256399, -70.193036
256479, -70.103087
256559, -70.013514
256639, -69.924346
256719, -69.835592
256799, -69.747267
256879, -69.659389
256959, -69.571977
257039, -69.485051
257119, -69.398633
257199, -69.312744
257279, -69.227406
257359, -69.142639
257439, -69.058462
257519, -68.974897
257599, -68.891956
257679, -68.809636
257759, -68.727943
257839, -68.646887
257919, -68.566479
257999, -68.486732
258079, -68.407660
258159, -68.329279
258239, -68.251602
258319, -68.174644
258399, -68.098419
258479, -68.022940
258559, -67.948221
258639, -67.874254
258719, -67.801031
258799, -67.728550
258879, -67.656812
258959, -67.585825
259039, -67.515594
259119, -67.446128
259199, -67.377437
259279, -67.309531
259359, -67.242418
259439, -67.176109
259519, -67.110612
259599, -67.045937
259679, -66.982093
259759, -66.919079
259839, -66.856872
259919, -66.795461
259999, -66.734840
260079, -66.675009
260159, -66.615970
260239, -66.557727
260319, -66.500284
260399, -66.443649
260479, -66.387827
260559, -66.332825
260639, -66.278650
260719, -66.225309
260799, -66.172808
260879, -66.121154
260959, -66.070352
261039, -66.020409
261119, -65.971330
261199, -65.923100
261279, -65.875697
261359, -65.829105
261439, -65.783319
261519, -65.738334
261599, -65.694151
261679, -65.650771
261759, -65.608197
261839, -65.566433
261919, -65.525483
261999, -65.485352
262079, -65.446043
262159, -65.407560
262239, -65.369910
262319, -65.333094
262399, -65.297117
262479, -65.261982
262559, -65.227692
262639, -65.194251
262719, -65.161660
262799, -65.129922
262879, -65.099038
262959, -65.069010
263039, -65.039838
263119, -65.011524
263199, -64.984067
263279, -64.957452
263359, -64.931657
263439, -64.906667
263519, -64.882472
263599, -64.859067
263679, -64.836445
263759, -64.814605
263839, -64.793543
263919, -64.773257
263999, -64.753744
264079, -64.735004
264159, -64.717033
264239, -64.699829
264319, -64.683389
264399, -64.667709
264479, -64.652786
264559, -64.638616
264639, -64.625195
264719, -64.612516
264799, -64.600574
264879, -64.589364
264959, -64.578879
265039, -64.569112
265119, -64.560055
265199, -64.551701
265279, -64.544041
265359, -64.537066
265439, -64.530766
265519, -64.525133
265599, -64.520155
265679, -64.515823
265759, -64.512124
265839, -64.509047
265919, -64.506581
265999, -64.504712
266079, -64.503429
266159, -64.502717
266239, -64.502564
266319, -64.502956
266399, -64.503879
266479, -64.505317
266559, -64.507257
266639, -64.509684
266719, -64.512582
266799, -64.515936
266879, -64.519730
266959, -64.523948
267039, -64.528575
267119, -64.533594
267199, -64.538990
267279, -64.544745
267359, -64.550844
267439, -64.557271
267519, -64.564008
267599, -64.571039
267679, -64.578348
267759, -64.585919
267839, -64.593735
267919, -64.601781
267999, -64.610039
268079, -64.618495
268159, -64.627132
268239, -64.635935
268319, -64.644888
268399, -64.653977
268479, -64.663185
268559, -64.672499
268639, -64.681903
268719, -64.691385
268799, -64.700929
268879, -64.710522
268959, -64.720151
269039, -64.729803
269119, -64.739466
269199, -64.749126
269279, -64.758772
269359, -64.768392
269439, -64.777976
269519, -64.787512
269599, -64.796990
269679, -64.806400
269759, -64.815732
269839, -64.824977
269919, -64.834127
269999, -64.843172
270079, -64.852104
270159, -64.860917
270239, -64.869602
270319, -64.878152
270399, -64.886562
270479, -64.894826
270559, -64.902936
270639, -64.910889
270719, -64.918679
270799, -64.926302
270879, -64.933753
270959, -64.941028
271039, -64.948125
271119, -64.955040
271199, -64.961770
271279, -64.968312
271359, -64.974665
271439, -64.980827
271519, -64.986796
271599, -64.992570
271679, -64.998150
271759, -65.003534
271839, -65.008718
271919, -65.013699
271999, -65.018475
272079, -65.023043
272159, -65.027405
272239, -65.031561
272319, -65.035512
272399, -65.039261
272479, -65.042809
272559, -65.046158
272639, -65.049312
272719, -65.052272
272799, -65.055043
272879, -65.057626
272959, -65.060026
273039, -65.062246
273119, -65.064289
273199, -65.066158
273279, -65.067858
273359, -65.069393
273439, -65.070765
273519, -65.071980
273599, -65.073040
273679, -65.073951
273759, -65.074715
273839, -65.075338
273919, -65.075823
273999, -65.076174
274079, -65.076396
274159, -65.076492
274239, -65.076467
274319, -65.076325
274399, -65.076070
274479, -65.075706
274559, -65.075238
274639, -65.074669
274719, -65.074004
274799, -65.073246
274879, -65.072400
274959, -65.071469
275039, -65.070458
275119, -65.069370
275199, -65.068210
275279, -65.066981
275359, -65.065686
275439, -65.064330
275519, -65.062916
275599, -65.061448
275679, -65.059929
275759, -65.058362
275839, -65.056752
275919, -65.055102
275999, -65.053414
276079, -65.051692
276159, -65.049939
276239, -65.048158
276319, -65.046352
276399, -65.044524
276479, -65.042678
276559, -65.040814
276639, -65.038937
276719, -65.037049
276799, -65.035153
276879, -65.033250
276959, -65.031344
277039, -65.029436
277119, -65.027530
277199, -65.025626
277279, -65.023727
277359, -65.021836
277439, -65.019954
277519, -65.018082
277599, -65.016224
277679, -65.014380
277759, -65.012552
277839, -65.010741
277919, -65.008950
277999, -65.007179
278079, -65.005431
278159, -65.003705
278239, -65.002005
278319, -65.000329
278399, -64.998681
278479, -64.997058
278559, -64.995462
278639, -64.993893
278719, -64.992350
278799, -64.990834
278879, -64.989346
278959, -64.987887
279039, -64.986457
279119, -64.985056
279199, -64.983686
279279, -64.982347
279359, -64.981040
279439, -64.979764
279519, -64.978521
279599, -64.977311
279679, -64.976134
279759, -64.974991
279839, -64.973881
279919, -64.972805
279999, -64.971764
280079, -64.970757
280159, -64.969785
280239, -64.968847
280319, -64.967943
280399, -64.967074
280479, -64.966240
280559, -64.965440
280639, -64.964675
280719, -64.963943
280799, -64.963245
280879, -64.962581
280959, -64.961951
281039, -64.961353
281119, -64.960789
281199, -64.960257
281279, -64.959757
281359, -64.959288
281439, -64.958851
281519, -64.958445
281599, -64.958069
281679, -64.957724
281759, -64.957407
281839, -64.957120
281919, -64.956860
281999, -64.956629
282079, -64.956425
282159, -64.956247
282239, -64.956095
282319, -64.955969
282399, -64.955868
282479, -64.955791
282559, -64.955737
282639, -64.955706
282719, -64.955698
282799, -64.955711
282879, -64.955745
282959, -64.955799
283039, -64.955873
283119, -64.955966
283199, -64.956077
283279, -64.956205
283359, -64.956351
283439, -64.956513
283519, -64.956690
283599, -64.956882
283679, -64.957088
283759, -64.957308
283839, -64.957541
283919, -64.957786
283999, -64.958042
284079, -64.958310
284159, -64.958587
284239, -64.958875
284319, -64.959171
284399, -64.959476
284479, -64.959789
284559, -64.960109
284639, -64.960435
284719, -64.960768
284799, -64.961106
284879, -64.961449
284959, -64.961797
285039, -64.962148
285119, -64.962503
285199, -64.962860
285279, -64.963220
285359, -64.963582
285439, -64.963945
285519, -64.964309
285599, -64.964673
285679, -64.965038
285759, -64.965402
285839, -64.965765
285919, -64.966127
285999, -64.966488
286079, -64.966846
286159, -64.967202
286239, -64.967556
286319, -64.967906
286399, -64.968254
286479, -64.968597
286559, -64.968937
286639, -64.969273
286719, -64.969604
286799, -64.969930
286879, -64.970252
286959, -64.970568
287039, -64.970879
287119, -64.971185
287199, -64.971485
287279, -64.971778
287359, -64.972066
287439, -64.972348
287519, -64.972623
287599, -64.972891
287679, -64.973153
287759, -64.973409
287839, -64.973657
287919, -64.973898
287999, -64.974133
288079, -64.974360
288159, -64.974581
288239, -64.974794
288319, -64.975000
288399, -64.975199
288479, -64.975391
288560, -64.975575
288640, -64.975752
288720, -64.975922
288800, -64.976085
288880, -64.976241
288960, -64.976389
289040, -64.976530
289120, -64.976665
289200, -64.976792
289280, -64.976912
289360, -64.977026
289440, -64.977133
289520, -64.977233
289600, -64.977326
289680, -64.977413
289760, -64.977493
289840, -64.977567
289920, -64.977635
290000, -64.977696
290080, -64.977752
290160, -64.977802
290240, -64.977845
290320, -64.977883
290400, -64.977916
290480, -64.977943
290560, -64.977965
290640, -64.977981
290720, -64.977993
290800, -64.978000
290880, -64.978002
290960, -64.977999
291040, -64.977991
291120, -64.977980
291200, -64.977964
291280, -64.977944
291360, -64.977920
291440, -64.977892
291520, -64.977861
291600, -64.977826
291680, -64.977788
291760, -64.977746
291840, -64.977702
291920, -64.977654
292000, -64.977604
292080, -64.977551
292160, -64.977495
292240, -64.977437
292320, -64.977377
292400, -64.977315
292480, -64.977250
292560, -64.977184
292640, -64.977116
292720, -64.977047
292800, -64.976975
292880, -64.976903
292960, -64.976829
293040, -64.976754
293120, -64.976679
293200, -64.976602
293280, -64.976524
293360, -64.976446
293440, -64.976367
293520, -64.976288
293600, -64.976209
293680, -64.976129
293760, -64.976049
293840, -64.975969
293920, -64.975888
294000, -64.975808
294080, -64.975729
294160, -64.975649
294240, -64.975570
294320, -64.975491
294400, -64.975413
294480, -64.975335
294560, -64.975258
294640, -64.975182
294720, -64.975106
294800, -64.975032
294880, -64.974958
294960, -64.974885
295040, -64.974813
295120, -64.974742
295200, -64.974672
295280, -64.974604
295360, -64.974536
295440, -64.974470
295520, -64.974405
295600, -64.974342
295680, -64.974280
295760, -64.974219
295840, -64.974159
295920, -64.974101
296000, -64.974044
296080, -64.973989
296160, -64.973935
296240, -64.973883
296320, -64.973832
296400, -64.973783
296480, -64.973735
296560, -64.973689
296640, -64.973644
296720, -64.973601
296800, -64.973559
296880, -64.973519
296960, -64.973481
297040, -64.973444
297120, -64.973408
297200, -64.973374
297280, -64.973342
297360, -64.973311
297440, -64.973281
297520, -64.973253
297600, -64.973227
297680, -64.973202
297760, -64.973178
297840, -64.973156
297920, -64.973135
298000, -64.973115
298080, -64.973097
298160, -64.973081
298240, -64.973065
298320, -64.973051
298400, -64.973038
298480, -64.973026
298560, -64.973016
298640, -64.973007
298720, -64.972999
298800, -64.972992
298880, -64.972986
298960, -64.972981
299040, -64.972978
299120, -64.972975
299200, -64.972973
299280, -64.972973
299360, -64.972973
299440, -64.972974
299520, -64.972976
299600, -64.972979
299680, -64.972983
299760, -64.972988
299840, -64.972993
299920, -64.972999
300000, -64.973006
