# hh_cnexp_0800.txt
# dt = 800 [usec]
# t [usec], V [mV]
0, -65.000000
800, -64.980912
1600, -64.966151
2400, -64.955829
3200, -64.949798
4000, -64.947550
4800, -64.948348
5600, -64.951347
6400, -64.955706
7200, -64.960665
8000, -64.965597
8800, -64.970038
9600, -64.973689
10400, -64.976401
11200, -64.978156
12000, -64.979031
12800, -64.979167
13600, -64.978739
14400, -64.977934
15200, -64.976923
16000, -64.975857
16800, -64.974851
17600, -64.973986
18400, -64.973309
19200, -64.972837
20000, -64.972563
20800, -64.972462
21600, -64.972502
22400, -64.972641
23200, -64.972843
24000, -64.973071
24800, -64.973298
25600, -64.973502
26400, -64.973670
27200, -64.973795
28000, -64.973876
28800, -64.973917
29600, -64.973924
30400, -64.973905
31200, -64.973869
32000, -64.973823
32800, -64.973774
33600, -64.973729
34400, -64.973689
35200, -64.973659
36000, -64.973637
36800, -64.973625
37600, -64.973621
38400, -64.973623
39200, -64.973629
40000, -64.973638
40800, -64.973649
41600, -64.973660
42400, -64.973669
43200, -64.973677
44000, -64.973683
44800, -64.973687
45600, -64.973688
46400, -64.973689
47200, -64.973688
48000, -64.973686
48800, -64.973684
49600, -64.973682
50400, -64.973680
51200, -34.936074
52000, 72.534084
52800, -58.060034
53600, -77.104906
54400, -65.339869
55200, -66.826303
56000, -62.350928
56800, -59.522442
57600, -56.357921
58400, -52.668717
59200, -46.648403
60000, -29.412377
60800, 21.721776
61600, -51.342658
62400, -75.961882
63200, -65.660966
64000, -66.392516
64800, -62.182283
65600, -59.382230
66400, -56.396769
67200, -53.157292
68000, -48.651428
68800, -38.890500
69600, -6.904563
70400, -3.636124
71200, -62.187092
72000, -75.449676
72800, -64.901228
73600, -65.283591
74400, -61.292651
75200, -58.456743
76000, -55.515357
76800, -52.212725
77600, -47.333676
78400, -35.966488
79200, -0.993395
80000, -19.432108
80800, -55.339889
81600, -77.037623
82400, -63.917384
83200, -65.196143
84000, -61.003603
84800, -58.211811
85600, -55.298912
86400, -52.019926
87200, -47.177965
88000, -35.980081
88800, -2.229934
89600, -19.361697
90400, -55.693304
91200, -76.841679
92000, -63.902461
92800, -65.055382
93600, -60.915556
94400, -58.117027
95200, -55.210127
96000, -51.925780
96800, -47.042356
97600, -35.691963
98400, -1.808815
99200, -20.788351
100000, -55.348297
100800, -76.794688
101600, -63.878493
102400, -64.998601
103200, -60.875969
104000, -58.075645
104800, -55.171828
105600, -51.886160
106400, -46.986464
107200, -35.577743
108000, -1.667938
108800, -21.349071
109600, -55.239834
110400, -76.766870
111200, -63.869286
112000, -64.970805
112800, -60.856998
113600, -58.055812
114400, -55.153344
115200, -51.866672
116000, -46.957951
116800, -35.511813
117600, -1.567703
118400, -21.672097
119200, -55.178341
120000, -76.752681
120800, -63.864373
121600, -64.956398
122400, -60.847131
123200, -58.045495
124000, -55.143695
124800, -51.856421
125600, -46.942741
126400, -35.476001
127200, -1.511593
128000, -21.847281
128800, -55.146118
129600, -76.745224
130400, -63.861779
131200, -64.948821
132000, -60.841938
132800, -58.040067
133600, -55.138615
134400, -51.851015
135200, -46.934695
136000, -35.456994
136800, -1.481736
137600, -21.940180
138400, -55.129450
139200, -76.741277
140000, -63.860416
140800, -64.944824
141600, -60.839200
142400, -58.037205
143200, -55.135935
144000, -51.848161
144800, -46.930441
145600, -35.446928
146400, -1.465909
147200, -21.989354
148000, -55.120744
148800, -76.739190
149600, -63.859697
150400, -64.942714
151200, -60.837754
152000, -58.035695
152800, -55.134520
153600, -51.846654
154400, -46.928192
155200, -35.441602
156000, -1.457529
156800, -22.015366
157600, -55.116291
158400, -76.737961
159200, -63.859312
160000, -64.941515
160800, -60.836937
161600, -58.034838
162400, -55.133714
163200, -51.845788
164000, -46.926879
164800, -35.438427
165600, -1.452324
166400, -22.030880
167200, -55.113635
168000, -76.737217
168800, -63.859083
169600, -64.940794
170400, -60.836446
171200, -58.034324
172000, -55.133228
172800, -51.845263
173600, -46.926075
174400, -35.436460
175200, -1.449024
176000, -22.040489
176800, -55.111975
177600, -76.736768
178400, -63.858943
179200, -64.940357
180000, -60.836148
180800, -58.034012
181600, -55.132933
182400, -51.844945
183200, -46.925585
184000, -35.435262
184800, -1.447008
185600, -22.046349
186400, -55.110963
187200, -76.736495
188000, -63.858857
188800, -64.940091
189600, -60.835966
190400, -58.033822
191200, -55.132753
192000, -51.844751
192800, -46.925287
193600, -35.434532
194400, -1.445779
195200, -22.049918
196000, -55.110348
196800, -76.736329
197600, -63.858805
198400, -64.939929
199200, -60.835855
200000, -58.033707
200800, -55.132643
201600, -51.844633
202400, -46.925105
203200, -35.434087
204000, -1.445031
204800, -22.052091
205600, -55.109973
206400, -76.736228
207200, -63.858773
208000, -64.939831
208800, -60.835788
209600, -58.033637
210400, -55.132576
211200, -51.844561
212000, -46.924994
212800, -35.433817
213600, -1.444575
214400, -22.053414
215200, -55.109745
216000, -76.736167
216800, -63.858753
217600, -64.939771
218400, -60.835746
219200, -58.033594
220000, -55.132535
220800, -51.844518
221600, -46.924927
222400, -35.433653
223200, -1.444298
224000, -22.054220
224800, -55.109606
225600, -76.736130
226400, -63.858741
227200, -64.939735
228000, -60.835721
228800, -58.033568
229600, -55.132510
230400, -51.844492
231200, -46.924885
232000, -35.433553
232800, -1.444128
233600, -22.054711
234400, -55.109521
235200, -76.736107
236000, -63.858733
236800, -64.939713
237600, -60.835705
238400, -58.033553
239200, -55.132494
240000, -51.844476
240800, -46.924860
241600, -35.433492
242400, -1.444025
243200, -22.055011
244000, -55.109469
244800, -76.736094
245600, -63.858728
246400, -64.939700
247200, -60.835695
248000, -58.033544
248800, -55.132485
249600, -51.844467
250400, -64.464157
251200, -73.074157
252000, -73.047178
252800, -72.297977
253600, -71.420341
254400, -70.513068
255200, -69.629552
256000, -68.789510
256800, -68.018360
257600, -67.318490
258400, -66.700751
259200, -66.160141
260000, -65.705223
260800, -65.325586
261600, -65.028591
262400, -64.806683
263200, -64.659461
264000, -64.574142
264800, -64.551112
265600, -64.571615
266400, -64.630512
267200, -64.706069
268000, -64.793299
268800, -64.873568
269600, -64.947099
270400, -65.001427
271200, -65.042733
272000, -65.062692
272800, -65.072005
273600, -65.066202
274400, -65.056760
275200, -65.039001
276000, -65.023590
276800, -65.004706
277600, -64.991747
278400, -64.977410
279200, -64.969962
280000, -64.961597
280800, -64.960055
281600, -64.957000
282400, -64.959824
283200, -64.960021
284000, -64.964957
284800, -64.966215
285600, -64.971328
286400, -64.972090
287200, -64.976255
288000, -64.975824
288800, -64.978728
289600, -64.977110
290400, -64.978996
291200, -64.976582
292000, -64.977915
292800, -64.975185
293600, -64.976406
294400, -64.973729
295200, -64.975123
296000, -64.972690
296800, -64.974359
297600, -64.972199
298400, -64.974114
299200, -64.972157
300000, -64.974223
