# hh_euler_0770.txt
# dt = 770 [usec]
# t [usec], V [mV]
0, -65.000000
770, -64.981480
1540, -64.955215
2310, -64.957109
3080, -64.931024
3850, -64.963022
4620, -64.915117
5390, -64.998222
6160, -64.876527
6930, -65.065963
7700, -64.731838
8470, -65.160251
9240, -64.185335
10010, -65.103123
10780, -62.145067
11550, -63.992946
12320, -61.310285
13090, -63.440740
13860, -63.205355
14630, -65.147034
15400, -63.657524
16170, -65.533716
16940, -57.860502
17710, -57.412895
18480, -53.187339
19250, -27.032253
20020, 107.176257
20790, -269.076461
21560, 369.048499
22330, -269.048359
23100, 369.048359
23870, -269.048359
24640, 369.048359
25410, -269.048359
26180, 369.048359
26950, -269.048360
27720, 369.048360
28490, -269.048360
29260, 369.048360
30030, -269.048360
30800, 369.048360
31570, -269.048360
32340, 369.048360
33110, -269.048360
33880, 369.048360
34650, -269.048360
35420, 369.048360
36190, -269.048360
36960, 369.048360
37730, -269.048360
38500, 369.048360
39270, -269.048360
40040, 369.048360
40810, -269.048360
41580, 369.048360
42350, -269.048360
43120, 369.048360
43890, -269.048360
44660, 369.048360
45430, -269.048360
46200, 369.048360
46970, -269.048360
47740, 369.048360
48510, -269.048360
49280, 369.048360
50050, -269.048360
50820, 369.048360
51590, -269.048360
52360, 369.048360
53130, -269.048360
53900, 369.048360
54670, -269.048360
55440, 369.048360
56210, -269.048360
56980, 369.048360
57750, -269.048360
58520, 369.048360
59290, -269.048360
60060, 369.048360
60830, -269.048360
61600, 369.048360
62370, -269.048360
63140, 369.048360
63910, -269.048360
64680, 369.048360
65450, -269.048360
66220, 369.048360
66990, -269.048360
67760, 369.048360
68530, -269.048360
69300, 369.048360
70070, -269.048360
70840, 369.048360
71610, -269.048360
72380, 369.048360
73150, -269.048360
73920, 369.048360
74690, -269.048360
75460, 369.048360
76230, -269.048360
77000, 369.048360
77770, -269.048361
78540, 369.048361
79310, -269.048361
80080, 369.048361
80850, -269.048361
81620, 369.048361
82390, -269.048361
83160, 369.048361
83930, -269.048361
84700, 369.048361
85470, -269.048361
86240, 369.048361
87010, -269.048361
87780, 369.048361
88550, -269.048361
89320, nan
90090, nan
90860, nan
91630, nan
92400, nan
93170, nan
93940, nan
94710, nan
95480, nan
96250, nan
97020, nan
97790, nan
98560, nan
99330, nan
100100, nan
100870, nan
101640, nan
102410, nan
103180, nan
103950, nan
104720, nan
105490, nan
106260, nan
107030, nan
107800, nan
108570, nan
109340, nan
110110, nan
110880, nan
111650, nan
112420, nan
113190, nan
113960, nan
114730, nan
115500, nan
116270, nan
117040, nan
117810, nan
118580, nan
119350, nan
120120, nan
120890, nan
121660, nan
122430, nan
123200, nan
123970, nan
124740, nan
125510, nan
126280, nan
127050, nan
127820, nan
128590, nan
129360, nan
130130, nan
130900, nan
131670, nan
132440, nan
133210, nan
133980, nan
134750, nan
135520, nan
136290, nan
137060, nan
137830, nan
138600, nan
139370, nan
140140, nan
140910, nan
141680, nan
142450, nan
143220, nan
143990, nan
144760, nan
145530, nan
146300, nan
147070, nan
147840, nan
148610, nan
149380, nan
150150, nan
150920, nan
151690, nan
152460, nan
153230, nan
154000, nan
154770, nan
155540, nan
156310, nan
157080, nan
157850, nan
158620, nan
159390, nan
160160, nan
160930, nan
161700, nan
162470, nan
163240, nan
164010, nan
164780, nan
165550, nan
166320, nan
167090, nan
167860, nan
168630, nan
169400, nan
170170, nan
170940, nan
171710, nan
172480, nan
173250, nan
174020, nan
174790, nan
175560, nan
176330, nan
177100, nan
177870, nan
178640, nan
179410, nan
180180, nan
180950, nan
181720, nan
182490, nan
183260, nan
184030, nan
184800, nan
185570, nan
186340, nan
187110, nan
187880, nan
188650, nan
189420, nan
190190, nan
190960, nan
191730, nan
192500, nan
193270, nan
194040, nan
194810, nan
195580, nan
196350, nan
197120, nan
197890, nan
198660, nan
199430, nan
200200, nan
200970, nan
201740, nan
202510, nan
203280, nan
204050, nan
204820, nan
205590, nan
206360, nan
207130, nan
207900, nan
208670, nan
209440, nan
210210, nan
210980, nan
211750, nan
212520, nan
213290, nan
214060, nan
214830, nan
215600, nan
216370, nan
217140, nan
217910, nan
218680, nan
219450, nan
220220, nan
220990, nan
221760, nan
222530, nan
223300, nan
224070, nan
224840, nan
225610, nan
226380, nan
227150, nan
227920, nan
228690, nan
229460, nan
230230, nan
231000, nan
231770, nan
232540, nan
233310, nan
234080, nan
234850, nan
235620, nan
236390, nan
237160, nan
237930, nan
238700, nan
239470, nan
240240, nan
241010, nan
241780, nan
242550, nan
243320, nan
244090, nan
244860, nan
245630, nan
246400, nan
247170, nan
247940, nan
248710, nan
249480, nan
250250, nan
251020, nan
251790, nan
252560, nan
253330, nan
254100, nan
254870, nan
255640, nan
256410, nan
257180, nan
257950, nan
258720, nan
259490, nan
260260, nan
261030, nan
261800, nan
262570, nan
263340, nan
264110, nan
264880, nan
265650, nan
266420, nan
267190, nan
267960, nan
268730, nan
269500, nan
270270, nan
271040, nan
271810, nan
272580, nan
273350, nan
274120, nan
274890, nan
275660, nan
276430, nan
277200, nan
277970, nan
278740, nan
279510, nan
280280, nan
281050, nan
281820, nan
282590, nan
283360, nan
284130, nan
284900, nan
285670, nan
286440, nan
287210, nan
287980, nan
288750, nan
289520, nan
290290, nan
291060, nan
291830, nan
292600, nan
293370, nan
294140, nan
294910, nan
295680, nan
296450, nan
297220, nan
297990, nan
298760, nan
299530, nan
300300, nan
