# hh_euler_0380.txt
# dt = 380 [usec]
# t [usec], V [mV]
0, -65.000000
380, -64.989791
760, -64.979611
1140, -64.971179
1520, -64.963753
1900, -64.957766
2280, -64.952997
2660, -64.949504
3040, -64.947157
3420, -64.945886
3800, -64.945564
4180, -64.946075
4560, -64.947283
4940, -64.949059
5320, -64.951272
5700, -64.953799
6080, -64.956524
6460, -64.959344
6840, -64.962164
7220, -64.964906
7600, -64.967503
7980, -64.969903
8360, -64.972067
8740, -64.973966
9120, -64.975586
9500, -64.976920
9880, -64.977971
10260, -64.978751
10640, -64.979276
11020, -64.979567
11400, -64.979650
11780, -64.979552
12160, -64.979301
12540, -64.978927
12920, -64.978457
13300, -64.977918
13680, -64.977335
14060, -64.976731
14440, -64.976125
14820, -64.975536
15200, -64.974977
15580, -64.974459
15960, -64.973992
16340, -64.973581
16720, -64.973230
17100, -64.972940
17480, -64.972711
17860, -64.972541
18240, -64.972426
18620, -64.972362
19000, -64.972343
19380, -64.972363
19760, -64.972417
20140, -64.972498
20520, -64.972600
20900, -64.972717
21280, -64.972844
21660, -64.972976
22040, -64.973108
22420, -64.973237
22800, -64.973360
23180, -64.973474
23560, -64.973577
23940, -64.973668
24320, -64.973746
24700, -64.973811
25080, -64.973862
25460, -64.973901
25840, -64.973927
26220, -64.973943
26600, -64.973948
26980, -64.973946
27360, -64.973935
27740, -64.973919
28120, -64.973898
28500, -64.973873
28880, -64.973847
29260, -64.973819
29640, -64.973791
30020, -64.973764
30400, -64.973738
30780, -64.973713
31160, -64.973691
31540, -64.973672
31920, -64.973655
32300, -64.973642
32680, -64.973631
33060, -64.973623
33440, -64.973617
33820, -64.973614
34200, -64.973613
34580, -64.973614
34960, -64.973616
35340, -64.973620
35720, -64.973625
36100, -64.973630
36480, -64.973636
36860, -64.973642
37240, -64.973649
37620, -64.973655
38000, -64.973661
38380, -64.973666
38760, -64.973671
39140, -64.973676
39520, -64.973679
39900, -64.973683
40280, -64.973685
40660, -64.973687
41040, -64.973688
41420, -64.973689
41800, -64.973690
42180, -64.973690
42560, -64.973689
42940, -64.973689
43320, -64.973688
43700, -64.973687
44080, -64.973685
44460, -64.973684
44840, -64.973683
45220, -64.973682
45600, -64.973680
45980, -64.973679
46360, -64.973678
46740, -64.973677
47120, -64.973677
47500, -64.973676
47880, -64.973676
48260, -64.973675
48640, -64.973675
49020, -64.973675
49400, -64.973675
49780, -64.973675
50160, -64.973675
50540, -48.902850
50920, -12.543110
51300, 96.441384
51680, -87.450261
52060, 191.214062
52440, -91.241494
52820, 191.241651
53200, -91.241654
53580, 191.241654
53960, -91.241654
54340, 191.241654
54720, -91.241654
55100, 191.241654
55480, -91.241654
55860, 191.241654
56240, -91.241654
56620, 191.241654
57000, -91.241654
57380, 191.241654
57760, -91.241654
58140, 191.241654
58520, -91.241654
58900, 191.241654
59280, -91.241654
59660, 191.241654
60040, -91.241654
60420, 191.241654
60800, -91.241654
61180, 191.241654
61560, -91.241654
61940, 191.241654
62320, -91.241654
62700, 191.241654
63080, -91.241654
63460, 191.241654
63840, -91.241654
64220, 191.241654
64600, -91.241654
64980, 191.241654
65360, -91.241654
65740, 191.241654
66120, -91.241654
66500, 191.241654
66880, -91.241654
67260, 191.241654
67640, -91.241654
68020, 191.241654
68400, -91.241654
68780, 191.241654
69160, -91.241654
69540, 191.241654
69920, -91.241654
70300, 191.241654
70680, -91.241654
71060, 191.241654
71440, -91.241654
71820, 191.241654
72200, -91.241654
72580, 191.241654
72960, -91.241654
73340, 191.241654
73720, -91.241654
74100, 191.241654
74480, -91.241654
74860, 191.241654
75240, -91.241654
75620, 191.241654
76000, -91.241654
76380, 191.241654
76760, -91.241654
77140, 191.241654
77520, -91.241654
77900, 191.241654
78280, -91.241654
78660, 191.241654
79040, -91.241654
79420, 191.241654
79800, -91.241654
80180, 191.241654
80560, -91.241654
80940, 191.241654
81320, -91.241654
81700, 191.241654
82080, -91.241654
82460, 191.241654
82840, -91.241654
83220, 191.241654
83600, -91.241654
83980, 191.241654
84360, -91.241654
84740, 191.241654
85120, -91.241654
85500, 191.241654
85880, -91.241654
86260, 191.241654
86640, -91.241654
87020, 191.241654
87400, -91.241654
87780, 191.241654
88160, -91.241654
88540, 191.241654
88920, -91.241654
89300, 191.241654
89680, -91.241654
90060, 191.241654
90440, -91.241654
90820, 191.241654
91200, -91.241654
91580, 191.241654
91960, -91.241654
92340, 191.241654
92720, -91.241654
93100, 191.241654
93480, -91.241654
93860, 191.241654
94240, -91.241654
94620, 191.241654
95000, -91.241654
95380, 191.241654
95760, -91.241654
96140, 191.241654
96520, -91.241654
96900, 191.241654
97280, -91.241654
97660, 191.241654
98040, -91.241654
98420, 191.241654
98800, -91.241654
99180, 191.241654
99560, -91.241654
99940, 191.241654
100320, -91.241654
100700, 191.241654
101080, -91.241654
101460, 191.241654
101840, -91.241654
102220, 191.241654
102600, -91.241654
102980, 191.241654
103360, -91.241654
103740, 191.241654
104120, -91.241654
104500, 191.241654
104880, -91.241654
105260, 191.241654
105640, -91.241654
106020, 191.241654
106400, -91.241654
106780, 191.241654
107160, -91.241654
107540, 191.241654
107920, -91.241654
108300, nan
108680, nan
109060, nan
109440, nan
109820, nan
110200, nan
110580, nan
110960, nan
111340, nan
111720, nan
112100, nan
112480, nan
112860, nan
113240, nan
113620, nan
114000, nan
114380, nan
114760, nan
115140, nan
115520, nan
115900, nan
116280, nan
116660, nan
117040, nan
117420, nan
117800, nan
118180, nan
118560, nan
118940, nan
119320, nan
119700, nan
120080, nan
120460, nan
120840, nan
121220, nan
121600, nan
121980, nan
122360, nan
122740, nan
123120, nan
123500, nan
123880, nan
124260, nan
124640, nan
125020, nan
125400, nan
125780, nan
126160, nan
126540, nan
126920, nan
127300, nan
127680, nan
128060, nan
128440, nan
128820, nan
129200, nan
129580, nan
129960, nan
130340, nan
130720, nan
131100, nan
131480, nan
131860, nan
132240, nan
132620, nan
133000, nan
133380, nan
133760, nan
134140, nan
134520, nan
134900, nan
135280, nan
135660, nan
136040, nan
136420, nan
136800, nan
137180, nan
137560, nan
137940, nan
138320, nan
138700, nan
139080, nan
139460, nan
139840, nan
140220, nan
140600, nan
140980, nan
141360, nan
141740, nan
142120, nan
142500, nan
142880, nan
143260, nan
143640, nan
144020, nan
144400, nan
144780, nan
145160, nan
145540, nan
145920, nan
146300, nan
146680, nan
147060, nan
147440, nan
147820, nan
148200, nan
148580, nan
148960, nan
149340, nan
149720, nan
150100, nan
150480, nan
150860, nan
151240, nan
151620, nan
152000, nan
152380, nan
152760, nan
153140, nan
153520, nan
153900, nan
154280, nan
154660, nan
155040, nan
155420, nan
155800, nan
156180, nan
156560, nan
156940, nan
157320, nan
157700, nan
158080, nan
158460, nan
158840, nan
159220, nan
159600, nan
159980, nan
160360, nan
160740, nan
161120, nan
161500, nan
161880, nan
162260, nan
162640, nan
163020, nan
163400, nan
163780, nan
164160, nan
164540, nan
164920, nan
165300, nan
165680, nan
166060, nan
166440, nan
166820, nan
167200, nan
167580, nan
167960, nan
168340, nan
168720, nan
169100, nan
169480, nan
169860, nan
170240, nan
170620, nan
171000, nan
171380, nan
171760, nan
172140, nan
172520, nan
172900, nan
173280, nan
173660, nan
174040, nan
174420, nan
174800, nan
175180, nan
175560, nan
175940, nan
176320, nan
176700, nan
177080, nan
177460, nan
177840, nan
178220, nan
178600, nan
178980, nan
179360, nan
179740, nan
180120, nan
180500, nan
180880, nan
181260, nan
181640, nan
182020, nan
182400, nan
182780, nan
183160, nan
183540, nan
183920, nan
184300, nan
184680, nan
185060, nan
185440, nan
185820, nan
186200, nan
186580, nan
186960, nan
187340, nan
187720, nan
188100, nan
188480, nan
188860, nan
189240, nan
189620, nan
190000, nan
190380, nan
190760, nan
191140, nan
191520, nan
191900, nan
192280, nan
192660, nan
193040, nan
193420, nan
193800, nan
194180, nan
194560, nan
194940, nan
195320, nan
195700, nan
196080, nan
196460, nan
196840, nan
197220, nan
197600, nan
197980, nan
198360, nan
198740, nan
199120, nan
199500, nan
199880, nan
200260, nan
200640, nan
201020, nan
201400, nan
201780, nan
202160, nan
202540, nan
202920, nan
203300, nan
203680, nan
204060, nan
204440, nan
204820, nan
205200, nan
205580, nan
205960, nan
206340, nan
206720, nan
207100, nan
207480, nan
207860, nan
208240, nan
208620, nan
209000, nan
209380, nan
209760, nan
210140, nan
210520, nan
210900, nan
211280, nan
211660, nan
212040, nan
212420, nan
212800, nan
213180, nan
213560, nan
213940, nan
214320, nan
214700, nan
215080, nan
215460, nan
215840, nan
216220, nan
216600, nan
216980, nan
217360, nan
217740, nan
218120, nan
218500, nan
218880, nan
219260, nan
219640, nan
220020, nan
220400, nan
220780, nan
221160, nan
221540, nan
221920, nan
222300, nan
222680, nan
223060, nan
223440, nan
223820, nan
224200, nan
224580, nan
224960, nan
225340, nan
225720, nan
226100, nan
226480, nan
226860, nan
227240, nan
227620, nan
228000, nan
228380, nan
228760, nan
229140, nan
229520, nan
229900, nan
230280, nan
230660, nan
231040, nan
231420, nan
231800, nan
232180, nan
232560, nan
232940, nan
233320, nan
233700, nan
234080, nan
234460, nan
234840, nan
235220, nan
235600, nan
235980, nan
236360, nan
236740, nan
237120, nan
237500, nan
237880, nan
238260, nan
238640, nan
239020, nan
239400, nan
239780, nan
240160, nan
240540, nan
240920, nan
241300, nan
241680, nan
242060, nan
242440, nan
242820, nan
243200, nan
243580, nan
243960, nan
244340, nan
244720, nan
245100, nan
245480, nan
245860, nan
246240, nan
246620, nan
247000, nan
247380, nan
247760, nan
248140, nan
248520, nan
248900, nan
249280, nan
249660, nan
250040, nan
250420, nan
250800, nan
251180, nan
251560, nan
251940, nan
252320, nan
252700, nan
253080, nan
253460, nan
253840, nan
254220, nan
254600, nan
254980, nan
255360, nan
255740, nan
256120, nan
256500, nan
256880, nan
257260, nan
257640, nan
258020, nan
258400, nan
258780, nan
259160, nan
259540, nan
259920, nan
260300, nan
260680, nan
261060, nan
261440, nan
261820, nan
262200, nan
262580, nan
262960, nan
263340, nan
263720, nan
264100, nan
264480, nan
264860, nan
265240, nan
265620, nan
266000, nan
266380, nan
266760, nan
267140, nan
267520, nan
267900, nan
268280, nan
268660, nan
269040, nan
269420, nan
269800, nan
270180, nan
270560, nan
270940, nan
271320, nan
271700, nan
272080, nan
272460, nan
272840, nan
273220, nan
273600, nan
273980, nan
274360, nan
274740, nan
275120, nan
275500, nan
275880, nan
276260, nan
276640, nan
277020, nan
277400, nan
277780, nan
278160, nan
278540, nan
278920, nan
279300, nan
279680, nan
280060, nan
280440, nan
280820, nan
281200, nan
281580, nan
281960, nan
282340, nan
282720, nan
283100, nan
283480, nan
283860, nan
284240, nan
284620, nan
285000, nan
285380, nan
285760, nan
286140, nan
286520, nan
286900, nan
287280, nan
287660, nan
288040, nan
288420, nan
288800, nan
289180, nan
289560, nan
289940, nan
290320, nan
290700, nan
291080, nan
291460, nan
291840, nan
292220, nan
292600, nan
292980, nan
293360, nan
293740, nan
294120, nan
294500, nan
294880, nan
295260, nan
295640, nan
296020, nan
296400, nan
296780, nan
297160, nan
297540, nan
297920, nan
298300, nan
298680, nan
299060, nan
299440, nan
299820, nan
300200, nan
