# hh_euler_0590.txt
# dt = 590 [usec]
# t [usec], V [mV]
0, -65.000000
590, -64.987217
1180, -64.972479
1769, -64.965100
2360, -64.954455
2949, -64.953187
3539, -64.946048
4130, -64.950541
4720, -64.945290
5310, -64.954743
5899, -64.949206
6489, -64.962935
7079, -64.954723
7669, -64.972616
8260, -64.959260
8850, -64.982091
9440, -64.960964
10030, -64.990607
10620, -64.958631
11209, -64.998227
11799, -64.951402
12389, -65.005551
12979, -64.937998
13569, -65.013366
14159, -64.916449
14749, -65.022048
15339, -64.883061
15929, -65.030683
16520, -64.830996
17110, -65.035654
17700, -64.748469
18290, -65.028516
18880, -64.617233
19470, -64.993877
20060, -64.414641
20650, -64.910710
21240, -64.123617
21830, -64.762278
22420, -63.771529
23010, -64.559806
23600, -63.489456
24190, -64.399683
24780, -63.415441
25370, -64.392971
25960, -63.532772
26550, -64.530961
27140, -63.694979
27730, -64.697631
28320, -63.742870
28910, -64.768555
29500, -63.606671
30090, -64.693621
30680, -63.379819
31270, -64.545701
31860, -63.258948
32450, -64.473295
33040, -63.322780
33630, -64.538461
34220, -63.465143
34810, -64.661145
35400, -63.531088
35990, -64.722993
36580, -63.452550
37170, -64.674331
37760, -63.308171
38350, -64.575156
38940, -63.244014
39530, -64.534443
40120, -63.304018
40710, -64.585915
41300, -63.400817
41890, -64.663959
42480, -63.427746
43070, -64.688433
43660, -63.360572
44250, -64.642170
44840, -63.275478
45430, -64.582204
46020, -63.260218
46610, -64.573798
47200, -63.315596
47790, -64.617744
48380, -63.370793
48970, -64.660968
49560, -63.366996
50150, -64.659761
50740, -44.107567
51330, 21.023524
51920, 47.495869
52510, 52.177058
53100, 49.956953
53690, 50.001644
54280, 49.999951
54870, 50.000001
55460, 50.000000
56050, 50.000000
56640, 50.000000
57230, 50.000000
57820, 50.000000
58410, 50.000000
59000, 50.000000
59590, 50.000000
60180, 50.000000
60770, 50.000000
61360, 50.000000
61950, 50.000000
62540, 50.000000
63130, 50.000000
63720, 50.000000
64310, 50.000000
64900, 50.000000
65490, 50.000000
66080, 50.000000
66670, 50.000000
67260, 50.000000
67850, 50.000000
68440, 50.000000
69030, 50.000000
69620, 50.000000
70210, 50.000000
70800, 50.000000
71390, 50.000000
71980, 50.000000
72570, 50.000000
73160, 50.000000
73750, 50.000000
74340, 50.000000
74930, 50.000000
75520, 50.000000
76110, 50.000000
76700, 50.000000
77290, 50.000000
77880, 50.000000
78470, 50.000000
79060, 50.000000
79650, 50.000000
80240, 50.000000
80830, 50.000000
81420, 50.000000
82010, 50.000000
82600, 50.000000
83190, 50.000000
83780, 50.000000
84370, 50.000000
84960, 50.000000
85550, 50.000000
86140, 50.000000
86730, 50.000000
87320, 50.000000
87910, 50.000000
88500, 50.000000
89090, 50.000000
89680, 50.000000
90270, 50.000000
90860, 50.000000
91450, 50.000000
92040, 50.000000
92630, 50.000000
93220, 50.000000
93810, 50.000000
94400, 50.000000
94990, 50.000000
95580, 50.000000
96170, 50.000000
96760, 50.000000
97350, 50.000000
97940, 50.000000
98530, 50.000000
99120, 50.000000
99710, 50.000000
100300, 50.000000
100890, 50.000000
101480, 50.000000
102070, 50.000000
102660, 50.000000
103250, 50.000000
103840, 50.000000
104430, 50.000000
105020, 50.000000
105610, 50.000000
106200, 50.000000
106790, 50.000000
107380, 50.000000
107970, 50.000000
108560, 50.000000
109150, 50.000000
109740, 50.000000
110330, 50.000000
110920, 50.000000
111510, 50.000000
112100, 50.000000
112690, 50.000000
113280, 50.000000
113870, 50.000000
114460, 50.000000
115050, 50.000000
115640, 50.000000
116230, 50.000000
116820, 50.000000
117410, 50.000000
118000, 50.000000
118590, 50.000000
119180, 50.000000
119770, 50.000000
120360, 50.000000
120950, 50.000000
121540, 50.000000
122130, 50.000000
122720, 50.000000
123310, 50.000000
123900, 50.000000
124490, 50.000000
125080, 50.000000
125670, 50.000000
126260, 50.000000
126850, 50.000000
127440, 50.000000
128030, 50.000000
128620, 50.000000
129210, 50.000000
129800, 50.000000
130390, 50.000000
130980, 50.000000
131570, 50.000000
132160, 50.000000
132750, 50.000000
133340, 50.000000
133930, 50.000000
134520, 50.000000
135110, 50.000000
135700, 50.000000
136290, 50.000000
136880, 50.000000
137470, 50.000000
138060, 50.000000
138650, 50.000000
139240, 50.000000
139830, 50.000000
140420, 50.000000
141010, 50.000000
141600, 50.000000
142190, 50.000000
142780, 50.000000
143369, 50.000000
143959, 50.000000
144549, 50.000000
145139, 50.000000
145729, 50.000000
146319, 50.000000
146909, 50.000000
147499, 50.000000
148089, nan
148679, nan
149269, nan
149859, nan
150449, nan
151039, nan
151629, nan
152219, nan
152809, nan
153399, nan
153989, nan
154579, nan
155169, nan
155759, nan
156349, nan
156939, nan
157529, nan
158119, nan
158709, nan
159299, nan
159889, nan
160479, nan
161069, nan
161659, nan
162249, nan
162839, nan
163429, nan
164019, nan
164609, nan
165199, nan
165789, nan
166379, nan
166969, nan
167559, nan
168149, nan
168739, nan
169329, nan
169919, nan
170509, nan
171099, nan
171689, nan
172279, nan
172869, nan
173459, nan
174049, nan
174639, nan
175229, nan
175819, nan
176409, nan
176999, nan
177589, nan
178179, nan
178769, nan
179359, nan
179949, nan
180539, nan
181129, nan
181719, nan
182309, nan
182899, nan
183489, nan
184079, nan
184669, nan
185259, nan
185849, nan
186439, nan
187029, nan
187619, nan
188209, nan
188799, nan
189389, nan
189979, nan
190569, nan
191159, nan
191749, nan
192339, nan
192929, nan
193519, nan
194109, nan
194699, nan
195289, nan
195879, nan
196469, nan
197059, nan
197649, nan
198239, nan
198829, nan
199419, nan
200009, nan
200599, nan
201189, nan
201779, nan
202369, nan
202959, nan
203549, nan
204139, nan
204729, nan
205319, nan
205909, nan
206499, nan
207089, nan
207679, nan
208269, nan
208859, nan
209449, nan
210039, nan
210629, nan
211219, nan
211809, nan
212399, nan
212989, nan
213579, nan
214169, nan
214759, nan
215349, nan
215939, nan
216529, nan
217119, nan
217709, nan
218299, nan
218889, nan
219479, nan
220069, nan
220659, nan
221249, nan
221839, nan
222429, nan
223019, nan
223609, nan
224199, nan
224789, nan
225379, nan
225969, nan
226559, nan
227149, nan
227739, nan
228329, nan
228919, nan
229509, nan
230099, nan
230689, nan
231279, nan
231869, nan
232459, nan
233049, nan
233639, nan
234229, nan
234819, nan
235409, nan
235999, nan
236589, nan
237179, nan
237769, nan
238359, nan
238949, nan
239539, nan
240129, nan
240719, nan
241309, nan
241899, nan
242489, nan
243079, nan
243669, nan
244259, nan
244849, nan
245439, nan
246029, nan
246619, nan
247209, nan
247799, nan
248389, nan
248979, nan
249569, nan
250159, nan
250749, nan
251339, nan
251929, nan
252519, nan
253109, nan
253699, nan
254289, nan
254879, nan
255469, nan
256059, nan
256649, nan
257239, nan
257829, nan
258419, nan
259009, nan
259599, nan
260189, nan
260779, nan
261369, nan
261959, nan
262549, nan
263139, nan
263729, nan
264319, nan
264909, nan
265499, nan
266089, nan
266679, nan
267269, nan
267859, nan
268449, nan
269039, nan
269629, nan
270219, nan
270809, nan
271399, nan
271989, nan
272579, nan
273169, nan
273759, nan
274349, nan
274939, nan
275529, nan
276119, nan
276709, nan
277299, nan
277889, nan
278479, nan
279069, nan
279659, nan
280249, nan
280839, nan
281429, nan
282019, nan
282609, nan
283199, nan
283789, nan
284379, nan
284969, nan
285559, nan
286149, nan
286739, nan
287329, nan
287919, nan
288509, nan
289099, nan
289689, nan
290279, nan
290869, nan
291459, nan
292049, nan
292639, nan
293229, nan
293819, nan
294409, nan
294999, nan
295589, nan
296179, nan
296769, nan
297359, nan
297949, nan
298539, nan
299129, nan
299719, nan
300309, nan
