# hh_euler_0080.txt
# dt = 80 [usec]
# t [usec], V [mV]
0, -65.000000
80, -64.997638
160, -64.995375
240, -64.993190
320, -64.991071
400, -64.989009
480, -64.987001
560, -64.985044
640, -64.983136
720, -64.981277
800, -64.979467
880, -64.977706
960, -64.975993
1040, -64.974330
1120, -64.972716
1200, -64.971153
1280, -64.969639
1360, -64.968176
1440, -64.966764
1520, -64.965403
1600, -64.964092
1680, -64.962832
1760, -64.961623
1840, -64.960465
1920, -64.959357
2000, -64.958300
2080, -64.957293
2160, -64.956335
2240, -64.955427
2320, -64.954568
2400, -64.953757
2480, -64.952994
2560, -64.952279
2640, -64.951611
2720, -64.950989
2800, -64.950413
2880, -64.949882
2960, -64.949395
3040, -64.948951
3120, -64.948550
3200, -64.948191
3280, -64.947874
3360, -64.947596
3440, -64.947358
3520, -64.947158
3600, -64.946996
3680, -64.946870
3760, -64.946780
3840, -64.946724
3920, -64.946703
4000, -64.946713
4080, -64.946756
4160, -64.946830
4240, -64.946933
4320, -64.947064
4400, -64.947224
4480, -64.947410
4560, -64.947622
4640, -64.947858
4720, -64.948118
4800, -64.948400
4880, -64.948704
4960, -64.949028
5040, -64.949372
5120, -64.949734
5200, -64.950114
5280, -64.950511
5360, -64.950922
5440, -64.951349
5520, -64.951789
5600, -64.952242
5680, -64.952707
5760, -64.953182
5840, -64.953668
5920, -64.954162
6000, -64.954665
6080, -64.955175
6160, -64.955691
6240, -64.956214
6320, -64.956741
6400, -64.957272
6480, -64.957807
6560, -64.958344
6640, -64.958883
6720, -64.959424
6800, -64.959965
6880, -64.960505
6960, -64.961045
7040, -64.961584
7120, -64.962120
7200, -64.962654
7280, -64.963185
7360, -64.963712
7440, -64.964234
7520, -64.964753
7600, -64.965265
7680, -64.965773
7760, -64.966274
7840, -64.966768
7920, -64.967256
8000, -64.967736
8080, -64.968209
8160, -64.968674
8240, -64.969130
8320, -64.969578
8400, -64.970017
8480, -64.970447
8560, -64.970868
8640, -64.971279
8720, -64.971680
8800, -64.972072
8880, -64.972453
8960, -64.972824
9040, -64.973184
9120, -64.973534
9200, -64.973874
9280, -64.974203
9360, -64.974521
9440, -64.974828
9520, -64.975124
9600, -64.975410
9680, -64.975684
9760, -64.975948
9840, -64.976201
9920, -64.976443
10000, -64.976675
10080, -64.976895
10160, -64.977105
10240, -64.977304
10320, -64.977493
10400, -64.977672
10480, -64.977840
10560, -64.977998
10640, -64.978145
10720, -64.978283
10800, -64.978411
10880, -64.978530
10960, -64.978639
11040, -64.978738
11120, -64.978829
11200, -64.978910
11280, -64.978983
11360, -64.979047
11440, -64.979102
11520, -64.979150
11600, -64.979189
11680, -64.979220
11760, -64.979244
11840, -64.979260
11920, -64.979269
12000, -64.979271
12080, -64.979267
12160, -64.979255
12240, -64.979237
12320, -64.979213
12400, -64.979183
12480, -64.979148
12560, -64.979107
12640, -64.979060
12720, -64.979008
12800, -64.978952
12880, -64.978891
12960, -64.978825
13040, -64.978756
13120, -64.978682
13200, -64.978604
13280, -64.978523
13360, -64.978439
13440, -64.978351
13520, -64.978261
13600, -64.978167
13680, -64.978071
13760, -64.977973
13840, -64.977872
13920, -64.977770
14000, -64.977665
14080, -64.977559
14160, -64.977452
14240, -64.977343
14320, -64.977233
14400, -64.977123
14480, -64.977011
14560, -64.976899
14640, -64.976786
14720, -64.976673
14800, -64.976560
14880, -64.976446
14960, -64.976333
15040, -64.976220
15120, -64.976108
15200, -64.975996
15280, -64.975884
15360, -64.975773
15440, -64.975663
15520, -64.975554
15600, -64.975446
15680, -64.975339
15760, -64.975234
15840, -64.975130
15920, -64.975027
16000, -64.974925
16080, -64.974825
16160, -64.974727
16240, -64.974630
16320, -64.974536
16400, -64.974443
16480, -64.974352
16560, -64.974262
16640, -64.974175
16720, -64.974090
16800, -64.974007
16880, -64.973926
16960, -64.973847
17040, -64.973770
17120, -64.973696
17200, -64.973624
17280, -64.973553
17360, -64.973486
17440, -64.973420
17520, -64.973357
17600, -64.973296
17680, -64.973237
17760, -64.973181
17840, -64.973126
17920, -64.973074
18000, -64.973025
18080, -64.972977
18160, -64.972932
18240, -64.972889
18320, -64.972849
18400, -64.972810
18480, -64.972774
18560, -64.972740
18640, -64.972708
18720, -64.972678
18800, -64.972650
18880, -64.972624
18960, -64.972600
19040, -64.972579
19120, -64.972559
19200, -64.972541
19280, -64.972525
19360, -64.972511
19440, -64.972498
19520, -64.972487
19600, -64.972479
19680, -64.972471
19760, -64.972466
19840, -64.972462
19920, -64.972459
20000, -64.972458
20080, -64.972459
20160, -64.972461
20240, -64.972464
20320, -64.972468
20400, -64.972474
20480, -64.972481
20560, -64.972490
20640, -64.972499
20720, -64.972510
20800, -64.972521
20880, -64.972534
20960, -64.972547
21040, -64.972562
21120, -64.972577
21200, -64.972593
21280, -64.972610
21360, -64.972628
21440, -64.972647
21520, -64.972666
21600, -64.972685
21680, -64.972705
21760, -64.972726
21840, -64.972747
21920, -64.972769
22000, -64.972791
22080, -64.972814
22160, -64.972836
22240, -64.972859
22320, -64.972883
22400, -64.972906
22480, -64.972930
22560, -64.972954
22640, -64.972978
22720, -64.973002
22800, -64.973026
22880, -64.973050
22960, -64.973074
23040, -64.973098
23120, -64.973123
23200, -64.973147
23280, -64.973170
23360, -64.973194
23440, -64.973218
23520, -64.973241
23600, -64.973264
23680, -64.973287
23760, -64.973310
23840, -64.973332
23920, -64.973354
24000, -64.973376
24080, -64.973398
24160, -64.973419
24240, -64.973440
24320, -64.973460
24400, -64.973480
24480, -64.973500
24560, -64.973519
24640, -64.973538
24720, -64.973557
24800, -64.973575
24880, -64.973592
24960, -64.973609
25040, -64.973626
25120, -64.973642
25200, -64.973658
25280, -64.973673
25360, -64.973688
25440, -64.973703
25520, -64.973716
25600, -64.973730
25680, -64.973743
25760, -64.973755
25840, -64.973767
25920, -64.973778
26000, -64.973789
26080, -64.973800
26160, -64.973810
26240, -64.973819
26320, -64.973828
26400, -64.973837
26480, -64.973845
26560, -64.973853
26640, -64.973860
26720, -64.973867
26800, -64.973873
26880, -64.973879
26960, -64.973884
27040, -64.973890
27120, -64.973894
27200, -64.973898
27280, -64.973902
27360, -64.973906
27440, -64.973909
27520, -64.973911
27600, -64.973913
27680, -64.973915
27760, -64.973917
27840, -64.973918
27920, -64.973919
28000, -64.973920
28080, -64.973920
28160, -64.973920
28240, -64.973919
28320, -64.973919
28400, -64.973918
28480, -64.973917
28560, -64.973915
28640, -64.973913
28720, -64.973912
28800, -64.973909
28880, -64.973907
28960, -64.973904
29040, -64.973902
29120, -64.973899
29200, -64.973895
29280, -64.973892
29360, -64.973889
29440, -64.973885
29520, -64.973881
29600, -64.973877
29680, -64.973873
29760, -64.973869
29840, -64.973865
29920, -64.973860
30000, -64.973856
30080, -64.973851
30160, -64.973847
30240, -64.973842
30320, -64.973837
30400, -64.973832
30480, -64.973827
30560, -64.973823
30640, -64.973818
30720, -64.973813
30800, -64.973808
30880, -64.973803
30960, -64.973798
31040, -64.973793
31120, -64.973788
31200, -64.973783
31280, -64.973778
31360, -64.973773
31440, -64.973768
31520, -64.973763
31600, -64.973758
31680, -64.973754
31760, -64.973749
31840, -64.973744
31920, -64.973740
32000, -64.973735
32080, -64.973731
32160, -64.973726
32240, -64.973722
32320, -64.973718
32400, -64.973713
32480, -64.973709
32560, -64.973705
32640, -64.973701
32720, -64.973697
32800, -64.973694
32880, -64.973690
32960, -64.973686
33040, -64.973683
33120, -64.973680
33200, -64.973676
33280, -64.973673
33360, -64.973670
33440, -64.973667
33520, -64.973664
33600, -64.973661
33680, -64.973658
33760, -64.973656
33840, -64.973653
33920, -64.973651
34000, -64.973649
34080, -64.973646
34160, -64.973644
34240, -64.973642
34320, -64.973640
34400, -64.973639
34480, -64.973637
34560, -64.973635
34640, -64.973634
34720, -64.973632
34800, -64.973631
34880, -64.973630
34960, -64.973629
35040, -64.973628
35120, -64.973627
35200, -64.973626
35280, -64.973625
35360, -64.973624
35440, -64.973624
35520, -64.973623
35600, -64.973623
35680, -64.973622
35760, -64.973622
35840, -64.973622
35920, -64.973622
36000, -64.973622
36080, -64.973621
36160, -64.973622
36240, -64.973622
36320, -64.973622
36400, -64.973622
36480, -64.973622
36560, -64.973623
36640, -64.973623
36720, -64.973623
36800, -64.973624
36880, -64.973624
36960, -64.973625
37040, -64.973626
37120, -64.973626
37200, -64.973627
37280, -64.973628
37360, -64.973628
37440, -64.973629
37520, -64.973630
37600, -64.973631
37680, -64.973632
37760, -64.973633
37840, -64.973634
37920, -64.973635
38000, -64.973636
38080, -64.973637
38160, -64.973638
38240, -64.973639
38320, -64.973640
38400, -64.973641
38480, -64.973642
38560, -64.973643
38640, -64.973644
38720, -64.973645
38800, -64.973646
38880, -64.973647
38960, -64.973648
39040, -64.973649
39120, -64.973650
39200, -64.973652
39280, -64.973653
39360, -64.973654
39440, -64.973655
39520, -64.973656
39600, -64.973657
39680, -64.973658
39760, -64.973659
39840, -64.973660
39920, -64.973661
40000, -64.973662
40080, -64.973663
40160, -64.973664
40240, -64.973665
40320, -64.973666
40400, -64.973667
40480, -64.973668
40560, -64.973669
40640, -64.973670
40720, -64.973670
40800, -64.973671
40880, -64.973672
40960, -64.973673
41040, -64.973674
41120, -64.973674
41200, -64.973675
41280, -64.973676
41360, -64.973677
41440, -64.973677
41520, -64.973678
41600, -64.973679
41680, -64.973679
41760, -64.973680
41840, -64.973680
41920, -64.973681
42000, -64.973681
42080, -64.973682
42160, -64.973682
42240, -64.973683
42320, -64.973683
42400, -64.973684
42480, -64.973684
42560, -64.973684
42640, -64.973685
42720, -64.973685
42800, -64.973685
42880, -64.973686
42960, -64.973686
43040, -64.973686
43120, -64.973687
43200, -64.973687
43280, -64.973687
43360, -64.973687
43440, -64.973687
43520, -64.973687
43600, -64.973688
43680, -64.973688
43760, -64.973688
43840, -64.973688
43920, -64.973688
44000, -64.973688
44080, -64.973688
44160, -64.973688
44240, -64.973688
44320, -64.973688
44400, -64.973688
44480, -64.973688
44560, -64.973688
44640, -64.973688
44720, -64.973688
44800, -64.973688
44880, -64.973688
44960, -64.973688
45040, -64.973688
45120, -64.973687
45200, -64.973687
45280, -64.973687
45360, -64.973687
45440, -64.973687
45520, -64.973687
45600, -64.973687
45680, -64.973686
45760, -64.973686
45840, -64.973686
45920, -64.973686
46000, -64.973686
46080, -64.973685
46160, -64.973685
46240, -64.973685
46320, -64.973685
46400, -64.973685
46480, -64.973684
46560, -64.973684
46640, -64.973684
46720, -64.973684
46800, -64.973684
46880, -64.973683
46960, -64.973683
47040, -64.973683
47120, -64.973683
47200, -64.973683
47280, -64.973682
47360, -64.973682
47440, -64.973682
47520, -64.973682
47600, -64.973682
47680, -64.973681
47760, -64.973681
47840, -64.973681
47920, -64.973681
48000, -64.973680
48080, -64.973680
48160, -64.973680
48240, -64.973680
48320, -64.973680
48400, -64.973680
48480, -64.973679
48560, -64.973679
48640, -64.973679
48720, -64.973679
48800, -64.973679
48880, -64.973679
48960, -64.973678
49040, -64.973678
49120, -64.973678
49200, -64.973678
49280, -64.973678
49360, -64.973678
49440, -64.973677
49520, -64.973677
49600, -64.973677
49680, -64.973677
49760, -64.973677
49840, -64.973677
49920, -64.973677
50000, -64.973677
50080, -61.253989
50160, -57.690937
50240, -54.214401
50320, -50.710426
50400, -46.951454
50480, -42.516853
50560, -36.576906
50640, -27.477609
50720, -11.949632
50800, 14.060990
50880, 41.275162
50960, 45.635354
51040, 43.054240
51120, 40.820743
51200, 37.736776
51280, 34.296146
51360, 30.515752
51440, 26.506652
51520, 22.349761
51600, 18.111132
51680, 13.850735
51760, 9.608046
51840, 5.418905
51920, 1.301293
52000, -2.727113
52080, -6.663182
52160, -10.500999
52240, -14.246751
52320, -17.902368
52400, -21.482482
52480, -25.001355
52560, -28.487404
52640, -31.977694
52720, -35.528731
52800, -39.211095
52880, -43.116315
52960, -47.332411
53040, -51.919501
53120, -56.808464
53200, -61.681387
53280, -65.909698
53360, -68.884868
53440, -70.521743
53520, -71.233640
53600, -71.451540
53680, -71.440652
53760, -71.322705
53840, -71.157445
53920, -70.965251
54000, -70.760803
54080, -70.544981
54160, -70.323996
54240, -70.095001
54320, -69.862524
54400, -69.622944
54480, -69.380423
54560, -69.131183
54640, -68.879324
54720, -68.621037
54800, -68.360401
54880, -68.093626
54960, -67.824820
55040, -67.550194
55120, -67.273855
55200, -66.992052
55280, -66.708926
55360, -66.420704
55440, -66.131522
55520, -65.837671
55600, -65.543279
55680, -65.244602
55760, -64.945798
55840, -64.643165
55920, -64.340783
56000, -64.034932
56080, -63.729779
56160, -63.421512
56240, -63.114219
56320, -62.804187
56400, -62.495439
56480, -62.184136
56560, -61.874354
56640, -61.562254
56720, -61.251722
56800, -60.938910
56880, -60.627799
56960, -60.314280
57040, -60.002221
57120, -59.687756
57200, -59.374399
57280, -59.058035
57360, -58.742493
57440, -58.423350
57520, -58.104079
57600, -57.780508
57680, -57.455848
57760, -57.125447
57840, -56.792676
57920, -56.452613
58000, -56.107978
58080, -55.753937
58160, -55.392721
58240, -55.018616
58320, -54.633957
58400, -54.231810
58480, -53.813273
58560, -53.370873
58640, -52.903783
58720, -52.402952
58800, -51.864692
58880, -51.276535
58960, -50.630372
59040, -49.906895
59120, -49.090058
59200, -48.148029
59280, -47.045914
59360, -45.725710
59440, -44.112248
59520, -42.086965
59600, -39.482464
59680, -36.038948
59760, -31.388791
59840, -25.035263
59920, -16.499358
60000, -5.838002
60080, 5.284948
60160, 13.481134
60240, 16.603553
60320, 15.719821
60400, 12.757762
60480, 8.875978
60560, 4.614808
60640, 0.242857
60720, -4.107949
60800, -8.364302
60880, -12.497383
60960, -16.491173
61040, -20.350977
61120, -24.084816
61200, -27.718451
61280, -31.283271
61360, -34.830642
61440, -38.418344
61520, -42.123404
61600, -46.015283
61680, -50.147812
61760, -54.492124
61840, -58.876927
61920, -62.924608
62000, -66.169410
62080, -68.340647
62160, -69.551834
62240, -70.109253
62320, -70.294810
62400, -70.279680
62480, -70.162574
62560, -69.988169
62640, -69.784783
62720, -69.561001
62800, -69.327094
62880, -69.082643
62960, -68.833370
63040, -68.576518
63120, -68.316588
63200, -68.050200
63280, -67.781526
63360, -67.506993
63440, -67.230669
63520, -66.948954
63600, -66.665904
63680, -66.377884
63760, -66.088942
63840, -65.795489
63920, -65.501551
64000, -65.203514
64080, -64.905440
64160, -64.603733
64240, -64.302393
64320, -63.997825
64400, -63.694099
64480, -63.387519
64560, -63.082092
64640, -62.774229
64720, -62.467854
64800, -62.159273
64880, -61.852476
64960, -61.543744
65040, -61.236901
65120, -60.928241
65200, -60.621654
65280, -60.313202
65360, -60.006689
65440, -59.698385
65520, -59.391790
65600, -59.082952
65680, -58.775638
65760, -58.465682
65840, -58.156527
65920, -57.844176
66000, -57.531989
66080, -57.215530
66160, -56.898168
66240, -56.575542
66320, -56.250425
66400, -55.918266
66480, -55.582009
66560, -55.236310
66640, -54.883710
66720, -54.518901
66800, -54.143351
66880, -53.751241
66960, -53.343326
67040, -52.912288
67120, -52.458082
67200, -51.971153
67280, -51.449412
67360, -50.879996
67440, -50.256540
67520, -49.561029
67600, -48.778723
67680, -47.881491
67760, -46.839639
67840, -45.602405
67920, -44.106983
68000, -42.255014
68080, -39.911592
68160, -36.871829
68240, -32.852172
68320, -27.468669
68400, -20.322715
68480, -11.281021
68560, -1.170145
68640, 7.687194
68720, 12.726649
68800, 13.546876
68880, 11.560587
68960, 8.151995
69040, 4.103467
69120, -0.184787
69200, -4.514737
69280, -8.779107
69360, -12.930384
69440, -16.943352
69520, -20.818747
69600, -24.563097
69680, -28.202180
69760, -31.766372
69840, -35.308291
69920, -38.886091
70000, -42.574412
70080, -46.438682
70160, -50.523232
70240, -54.787608
70320, -59.052755
70400, -62.950679
70480, -66.054193
70560, -68.133748
70640, -69.306792
70720, -69.857045
70800, -70.046135
70880, -70.035746
70960, -69.921470
71040, -69.747780
71120, -69.543340
71200, -69.317391
71280, -69.080530
71360, -68.832751
71440, -68.579864
71520, -68.319361
71600, -68.055734
71680, -67.785776
71760, -67.513577
71840, -67.235711
71920, -66.956173
72000, -66.671488
72080, -66.385590
72160, -66.094987
72240, -65.803643
72320, -65.508047
72400, -65.212133
72480, -64.912423
72560, -64.612865
72640, -64.309926
72720, -64.007548
72800, -63.702268
72880, -63.397932
72960, -63.091019
73040, -62.785467
73120, -62.477687
73200, -62.171510
73280, -61.863406
73360, -61.557189
73440, -61.249171
73520, -60.943160
73600, -60.635552
73680, -60.329927
73760, -60.022581
73840, -59.717293
73920, -59.410097
74000, -59.104545
74080, -58.796905
74160, -58.490560
74240, -58.181461
74320, -57.873108
74400, -57.561443
74480, -57.249525
74560, -56.933243
74640, -56.615837
74720, -56.292606
74800, -55.966500
74880, -55.633164
74960, -55.294757
75040, -54.946384
75120, -54.590516
75200, -54.221203
75280, -53.840186
75360, -53.441285
75440, -53.024778
75520, -52.583795
75600, -52.116665
75680, -51.614355
75760, -51.072798
75840, -50.479569
75920, -49.825662
76000, -49.092084
76080, -48.261731
76160, -47.302203
76240, -46.178285
76320, -44.832232
76400, -43.190506
76480, -41.138050
76560, -38.517142
76640, -35.091480
76720, -30.543995
76800, -24.480601
76880, -16.591159
76960, -7.078129
77040, 2.610676
77120, 9.860147
77200, 12.920570
77280, 12.352816
77360, 9.654334
77440, 5.927858
77520, 1.758413
77600, -2.551268
77680, -6.850938
77760, -11.058527
77840, -15.141028
77920, -19.082468
78000, -22.889376
78080, -26.574138
78160, -30.169324
78240, -33.712426
78320, -37.263340
78400, -40.885537
78480, -44.654116
78560, -48.622882
78640, -52.801405
78720, -57.079627
78800, -61.181289
78880, -64.680742
78960, -67.232795
79040, -68.794789
79120, -69.602876
79200, -69.937352
79280, -70.009022
79360, -69.936172
79440, -69.788022
79520, -69.595154
79600, -69.379003
79680, -69.145319
79760, -68.902772
79840, -68.650522
79920, -68.393792
80000, -68.129930
80080, -67.863194
80160, -67.590399
80240, -67.315497
80320, -67.035157
80400, -66.753265
80480, -66.466420
80560, -66.178471
80640, -65.886042
80720, -65.592975
80800, -65.295861
80880, -64.998548
80960, -64.697679
81040, -64.397035
81120, -64.093223
81200, -63.790102
81280, -63.484234
81360, -63.179401
81440, -62.872214
81520, -62.566448
81600, -62.258598
81680, -61.952432
81760, -61.644518
81840, -61.338446
81920, -61.030704
82000, -60.725038
82080, -60.417737
82160, -60.112373
82240, -59.805407
82320, -59.500290
82400, -59.193232
82480, -58.887766
82560, -58.580126
82640, -58.273494
82720, -57.964045
82800, -57.655182
82880, -57.342613
82960, -57.029464
83040, -56.711841
83120, -56.392348
83200, -56.066602
83280, -55.737592
83360, -55.400403
83440, -55.057336
83520, -54.703753
83600, -54.341164
83680, -53.963980
83760, -53.573828
83840, -53.163658
83920, -52.733868
84000, -52.276398
84080, -51.789495
84160, -51.263012
84240, -50.691945
84320, -50.061793
84400, -49.362470
84480, -48.571007
84560, -47.665877
84640, -46.609341
84720, -45.357300
84800, -43.838981
84880, -41.961937
84960, -39.583276
85040, -36.504289
85120, -32.437304
85200, -27.017663
85280, -19.869470
85360, -10.928537
85440, -1.078379
85520, 7.393433
85600, 12.118439
85680, 12.790260
85760, 10.764689
85840, 7.350029
85920, 3.310793
86000, -0.966657
86080, -5.278879
86160, -9.527357
86240, -13.658140
86320, -17.653965
86400, -21.508995
86480, -25.238033
86560, -28.860896
86640, -32.417989
86720, -35.957121
86800, -39.544506
86880, -43.248615
86960, -47.138116
87040, -51.240387
87120, -55.501758
87200, -59.706632
87280, -63.475943
87360, -66.397920
87440, -68.309178
87520, -69.360669
87600, -69.843082
87680, -69.993405
87760, -69.965645
87840, -69.839275
87920, -69.661470
88000, -69.451410
88080, -69.224524
88160, -68.983638
88240, -68.735754
88320, -68.479305
88400, -68.218983
88480, -67.952006
88560, -67.682401
88640, -67.407005
88720, -67.129643
88800, -66.847068
88880, -66.563039
88960, -66.274259
89040, -65.984483
89120, -65.690441
89200, -65.395841
89280, -65.097397
89360, -64.798872
89440, -64.496954
89520, -64.195358
89600, -63.890811
89680, -63.587034
89760, -63.280671
89840, -62.975437
89920, -62.668047
90000, -62.362079
90080, -62.054179
90160, -61.748047
90240, -61.440201
90320, -61.134201
90400, -60.826677
90480, -60.521119
90560, -60.213959
90640, -59.908727
90720, -59.601901
90800, -59.296732
90880, -58.989624
90960, -58.684053
91040, -58.376047
91120, -58.068821
91200, -57.758741
91280, -57.448715
91360, -57.134719
91440, -56.819888
91520, -56.500022
91600, -56.177712
91680, -55.848813
91760, -55.515816
91840, -55.173843
91920, -54.825253
92000, -54.464936
92080, -54.094250
92160, -53.707859
92240, -53.306194
92320, -52.882512
92400, -52.436586
92480, -51.959557
92560, -51.449373
92640, -50.894060
92720, -50.287699
92800, -49.613514
92880, -48.857992
92960, -47.995503
93040, -46.999214
93120, -45.823277
93200, -44.411305
93280, -42.675025
93360, -40.496083
93440, -37.694092
93520, -34.020065
93600, -29.129660
93680, -22.637369
93760, -14.307617
93840, -4.600662
93920, 4.676111
94000, 10.902625
94080, 12.915126
94160, 11.678463
94240, 8.649687
94320, 4.774984
94400, 0.554690
94480, -3.761211
94560, -8.038618
94640, -12.215288
94720, -16.258743
94800, -20.164145
94880, -23.934412
94960, -27.592075
95040, -31.166655
95120, -34.706506
95200, -38.267955
95280, -41.923658
95360, -45.740049
95440, -49.768294
95520, -53.986517
95600, -58.248534
95680, -62.220773
95760, -65.479251
95840, -67.742678
95920, -69.067780
96000, -69.718220
96080, -69.965440
96160, -69.987250
96240, -69.890349
96320, -69.726221
96400, -69.526902
96480, -69.303895
96560, -69.068545
96640, -68.821712
96720, -68.569214
96800, -68.309018
96880, -68.045413
96960, -67.775550
97040, -67.503252
97120, -67.225413
97200, -66.945740
97280, -66.661068
97360, -66.375033
97440, -66.084450
97520, -65.792984
97600, -65.497426
97680, -65.201409
97760, -64.901760
97840, -64.602123
97920, -64.299270
98000, -63.996842
98080, -63.691679
98160, -63.387322
98240, -63.080555
98320, -62.775017
98400, -62.467416
98480, -62.161284
98560, -61.853397
98640, -61.547259
98720, -61.239490
98800, -60.933601
98880, -60.626280
98960, -60.320812
99040, -60.013800
99120, -59.708725
99200, -59.401911
99280, -59.096619
99360, -58.789422
99440, -58.483393
99520, -58.174794
99600, -57.866832
99680, -57.555740
99760, -57.244291
99840, -56.928682
99920, -56.611848
100000, -56.289405
100080, -55.964014
100160, -55.631622
100240, -55.294110
100320, -54.946899
100400, -54.592181
100480, -54.224332
100560, -53.844819
100640, -53.447815
100720, -53.033342
100800, -52.594876
100880, -52.130567
100960, -51.631758
101040, -51.094287
101120, -50.506158
101200, -49.858421
101280, -49.132843
101360, -48.312381
101440, -47.365807
101520, -46.258802
101600, -44.935591
101680, -43.325437
101760, -41.317074
101840, -38.758539
101920, -35.422825
102000, -31.003083
102080, -25.112052
102160, -17.425193
102240, -8.072375
102320, 1.647599
102400, 9.196741
102480, 12.655477
102560, 12.378914
102640, 9.837998
102720, 6.185981
102800, 2.047705
102880, -2.252976
102960, -6.554961
103040, -10.770843
103120, -14.863826
103200, -18.816054
103280, -22.633019
103360, -26.326412
103440, -29.926753
103520, -33.471130
103600, -37.018719
103680, -40.631773
103760, -44.385850
103840, -48.336337
103920, -52.497819
104000, -56.770527
104080, -60.892028
104160, -64.444423
104240, -67.067988
104320, -68.695594
104400, -69.549136
104480, -69.910796
104560, -69.997416
104640, -69.932787
104720, -69.789006
104800, -69.598687
104880, -69.383888
104960, -69.151133
105040, -68.909056
105120, -68.657246
105200, -68.400707
105280, -68.137122
105360, -67.870477
105440, -67.597896
105520, -67.323044
105600, -67.042888
105680, -66.761023
105760, -66.474345
105840, -66.186409
105920, -65.894131
106000, -65.601065
106080, -65.304092
106160, -65.006768
106240, -64.706028
106320, -64.405362
106400, -64.101671
106480, -63.798519
106560, -63.492764
106640, -63.187894
106720, -62.880811
106800, -62.575004
106880, -62.267257
106960, -61.961046
107040, -61.653236
107120, -61.347123
107200, -61.039485
107280, -60.733776
107360, -60.426586
107440, -60.121192
107520, -59.814345
107600, -59.509214
107680, -59.202299
107760, -58.896838
107840, -58.589369
107920, -58.282780
108000, -57.973531
108080, -57.664754
108160, -57.352443
108240, -57.039427
108320, -56.722100
108400, -56.402807
108480, -56.077445
108560, -55.748710
108640, -55.412015
108720, -55.069361
108800, -54.716397
108880, -54.354394
108960, -53.978045
109040, -53.588749
109120, -53.179744
109200, -52.751138
109280, -52.295270
109360, -51.810104
109440, -51.285929
109520, -50.717483
109600, -50.090773
109680, -49.395504
109760, -48.609354
109840, -47.710955
109920, -46.663460
110000, -45.423311
110080, -43.921187
110160, -42.066514
110240, -39.719205
110320, -36.684512
110400, -32.680124
110480, -27.345351
110560, -20.301835
110640, -11.455581
110720, -1.619641
110800, 6.987159
110880, 11.942685
110960, 12.807429
111040, 10.892181
111120, 7.530812
111200, 3.514307
111280, -0.755747
111360, -5.068781
111440, -9.321560
111520, -13.458834
111600, -17.461747
111680, -21.323782
111760, -25.058620
111840, -28.685556
111920, -32.245115
112000, -35.783516
112080, -39.366981
112160, -43.063358
112240, -46.942132
112320, -51.033770
112400, -55.290513
112480, -59.505231
112560, -63.305283
112640, -66.275139
112720, -68.234551
112800, -69.321891
112880, -69.826149
112960, -69.988757
113040, -69.967516
113120, -69.844791
113200, -69.668908
113280, -69.460083
113360, -69.233848
113440, -68.993517
113520, -68.745913
113600, -68.489809
113680, -68.229643
113760, -67.962935
113840, -67.693436
113920, -67.418274
114000, -67.140989
114080, -66.858624
114160, -66.574651
114240, -66.286061
114320, -65.996323
114400, -65.702454
114480, -65.407875
114560, -65.109584
114640, -64.811059
114720, -64.509277
114800, -64.207666
114880, -63.903236
114960, -63.599430
115040, -63.293172
115120, -62.987892
115200, -62.680595
115280, -62.374573
115360, -62.066754
115440, -61.760552
115520, -61.452778
115600, -61.146707
115680, -60.839248
115760, -60.533622
115840, -60.226536
115920, -59.921234
116000, -59.614495
116080, -59.309276
116160, -59.002263
116240, -58.696660
116320, -58.388779
116400, -58.081546
116480, -57.771604
116560, -57.461608
116640, -57.147804
116720, -56.833039
116800, -56.513428
116880, -56.191268
116960, -55.862687
117040, -55.529936
117120, -55.188405
117200, -54.840165
117280, -54.480440
117360, -54.110295
117440, -53.724667
117520, -53.323783
117600, -52.901172
117680, -52.456417
117760, -51.980938
117840, -51.472529
117920, -50.919509
118000, -50.315869
118080, -49.645163
118160, -48.893896
118240, -48.037090
118320, -47.047847
118400, -45.881239
118480, -44.481881
118560, -42.762980
118640, -40.608149
118720, -37.840217
118800, -34.213989
118880, -29.389498
118960, -22.981002
119040, -14.735567
119120, -5.066074
119200, 4.288777
119280, 10.701374
119360, 12.899593
119440, 11.779891
119520, 8.809482
119600, 4.960839
119680, 0.749953
119760, -3.564975
119840, -7.846031
119920, -12.028324
120000, -16.077872
120080, -19.989278
120160, -23.765096
120240, -27.427824
120320, -31.005488
120400, -34.545358
120480, -38.104445
120560, -41.754134
120640, -45.561835
120720, -49.579916
120800, -53.791067
120880, -58.056023
120960, -62.051054
121040, -65.350792
121120, -67.661024
121200, -69.023812
121280, -69.698668
121360, -69.959658
121440, -69.989029
121520, -69.896095
121600, -69.734264
121680, -69.536161
121760, -69.314015
121840, -69.079119
121920, -68.832734
122000, -68.580462
122080, -68.320581
122160, -68.057121
122240, -67.787520
122320, -67.515328
122400, -67.237722
122480, -66.958131
122560, -66.673669
122640, -66.387696
122720, -66.097303
122800, -65.805877
122880, -65.510489
122960, -65.214493
123040, -64.914993
123120, -64.615359
123200, -64.312638
123280, -64.010193
123360, -63.705140
123440, -63.400749
123520, -63.094078
123600, -62.788488
123680, -62.480969
123760, -62.174776
123840, -61.866957
123920, -61.560751
124000, -61.253048
124080, -60.947081
124160, -60.639826
124240, -60.334288
124320, -60.027340
124400, -59.722186
124480, -59.415444
124560, -59.110091
124640, -58.802972
124720, -58.496907
124800, -58.188422
124880, -57.880443
124960, -57.569506
125040, -57.258096
125120, -56.942677
125200, -56.625945
125280, -56.303773
125360, -55.978543
125440, -55.646517
125520, -55.309287
125600, -54.962539
125680, -54.608246
125760, -54.241043
125840, -53.862117
125920, -53.465991
126000, -53.052400
126080, -52.615090
126160, -52.152052
126240, -51.654899
126320, -51.119341
126400, -50.533667
126480, -49.888869
126560, -49.167237
126640, -48.351541
126720, -47.411265
126800, -46.312376
126880, -45.000120
126960, -43.404944
127040, -41.417313
127120, -38.887584
127200, -35.592739
127280, -31.229570
127360, -25.413404
127440, -17.811149
127520, -8.516660
127600, 1.234724
127680, 8.937290
127760, 12.589280
127840, 12.450355
127920, 9.982231
128000, 6.363727
128080, 2.238789
128160, -2.059010
128240, -6.362977
128320, -10.583805
128400, -14.682926
128480, -18.641761
128560, -22.464764
128640, -26.163186
128720, -29.766549
128800, -33.312605
128880, -36.858600
128960, -40.467310
129040, -44.213596
129120, -48.154479
129200, -52.307723
129280, -56.579888
129360, -60.716085
129440, -64.302748
129520, -66.972086
129600, -68.641178
129680, -69.523133
129760, -69.901601
129840, -69.997310
129920, -69.937672
130000, -69.796512
130080, -69.607786
130160, -69.393836
130240, -69.161742
130320, -68.920015
130400, -68.668592
130480, -68.412246
130560, -68.148952
130640, -67.882439
130720, -67.610108
130800, -67.335358
130880, -67.055426
130960, -66.773638
131040, -66.487163
131120, -66.199284
131200, -65.907188
131280, -65.614160
131360, -65.317350
131440, -65.020043
131520, -64.719442
131600, -64.418775
131680, -64.115206
131760, -63.812031
131840, -63.506382
131920, -63.201475
132000, -62.894480
132080, -62.588623
132160, -62.280953
132240, -61.974677
132320, -61.666936
132400, -61.360756
132480, -61.053178
132560, -60.747386
132640, -60.440254
132720, -60.134783
132800, -59.827991
132880, -59.522795
132960, -59.215955
133040, -58.910436
133120, -58.603065
133200, -58.296452
133280, -57.987320
133360, -57.678559
133440, -57.366418
133520, -57.053452
133600, -56.736319
133680, -56.417130
133760, -56.092041
133840, -55.763471
133920, -55.427143
134000, -55.084779
134080, -54.732284
134160, -54.370720
134240, -53.995033
134320, -53.606420
134400, -53.198370
134480, -52.770721
134560, -52.316181
134640, -51.832445
134720, -51.310204
134800, -50.743939
134880, -50.120126
134960, -49.428243
135040, -48.646548
135120, -47.753788
135200, -46.713878
135280, -45.483674
135360, -43.995060
135440, -42.158977
135520, -39.837419
135600, -36.838968
135680, -32.885467
135760, -27.618958
135840, -20.658317
135920, -11.885717
136000, -2.056089
136080, 6.666045
136160, 11.812799
136240, 12.838610
136320, 11.015602
136400, 7.698573
136480, 3.700817
136560, -0.563289
136640, -4.877260
136720, -9.134177
136800, -13.277047
136880, -17.286064
136960, -21.154188
137040, -24.894107
137120, -28.525365
137200, -32.087212
137280, -35.625033
137360, -39.205159
137440, -42.894925
137520, -46.764488
137600, -50.846581
137680, -55.098513
137760, -59.322422
137840, -63.150662
137920, -66.164293
138000, -68.167854
138080, -69.288143
138160, -69.812471
138240, -69.986334
138320, -69.971048
138400, -69.851647
138480, -69.677519
138560, -69.469830
138640, -69.244206
138720, -69.004402
138800, -68.757076
138880, -68.501314
138960, -68.241316
139040, -67.974880
139120, -67.705503
139200, -67.430579
139280, -67.153389
139360, -66.871238
139440, -66.587338
139520, -66.298942
139600, -66.009257
139680, -65.715560
139760, -65.421013
139840, -65.122876
139920, -64.824362
140000, -64.522715
140080, -64.221098
140160, -63.916782
140240, -63.612953
140320, -63.306795
140400, -63.001473
140480, -62.694261
140560, -62.388187
140640, -62.080438
140720, -61.774166
140800, -61.466454
140880, -61.160310
140960, -60.852902
141040, -60.547204
141120, -60.240177
141200, -59.934801
141280, -59.628131
141360, -59.322857
141440, -59.015920
141520, -58.710261
141600, -58.402476
141680, -58.095220
141760, -57.785392
141840, -57.475413
141920, -57.161779
142000, -56.847069
142080, -56.527689
142160, -56.205667
142240, -55.877379
142320, -55.544861
142400, -55.203746
142480, -54.855837
142560, -54.496675
142640, -54.127048
142720, -53.742147
142800, -53.342015
142880, -52.920431
142960, -52.476811
143040, -52.002825
143120, -51.496117
143200, -50.945299
143280, -50.344287
143360, -49.676935
143440, -48.929782
143520, -48.078464
143600, -47.096002
143680, -45.938366
143760, -44.551151
143840, -42.848966
143920, -40.717312
144000, -37.982081
144080, -34.401691
144160, -29.640317
144240, -23.311899
144320, -15.150278
144400, -5.519901
144480, 3.905158
144560, 10.498529
144640, 12.881659
144720, 11.879762
144800, 8.968435
144880, 5.146265
144960, 0.944882
145040, -3.368767
145120, -7.653211
145200, -11.841067
145280, -15.897162
145360, -19.814807
145440, -23.596786
145520, -27.264210
145600, -30.844565
145680, -34.385214
145760, -37.941913
145840, -41.585771
145920, -45.384859
146000, -49.392913
146080, -53.597061
146160, -57.864760
146240, -61.880836
146320, -65.220392
146400, -67.577492
146480, -68.978599
146560, -69.678449
146640, -69.953606
146720, -69.990751
146800, -69.901906
146880, -69.742429
146960, -69.545581
147040, -69.324308
147120, -69.089885
147200, -68.843950
147280, -68.591915
147360, -68.332349
147440, -68.069043
147520, -67.799701
147600, -67.527625
147680, -67.250250
147760, -66.970749
147840, -66.686495
147920, -66.400592
148000, -66.110385
148080, -65.819007
148160, -65.523785
148240, -65.227818
148320, -64.928463
148400, -64.628840
148480, -64.326246
148560, -64.023790
148640, -63.718842
148720, -63.414423
148800, -63.107842
148880, -62.802204
148960, -62.494763
149040, -62.188513
149120, -61.880756
149200, -61.574487
149280, -61.266844
149360, -60.960804
149440, -60.653609
149520, -60.348004
149600, -60.041113
149680, -59.735883
149760, -59.429205
149840, -59.123795
149920, -58.816747
150000, -58.510648
150080, -58.202270
150160, -57.894277
150240, -57.583486
150320, -57.272117
150400, -56.956881
150480, -56.640251
150560, -56.318343
150640, -55.993276
150720, -55.661606
150800, -55.324659
150880, -54.978364
150960, -54.624497
151040, -54.257932
151120, -53.879593
151200, -53.484333
151280, -53.071622
151360, -52.635455
151440, -52.173686
151520, -51.678171
151600, -51.144519
151680, -50.561280
151760, -49.919407
151840, -49.201691
151920, -48.390734
152000, -47.456709
152080, -46.365883
152160, -45.064497
152240, -43.483759
152320, -41.516316
152400, -39.014767
152480, -35.759896
152560, -31.452120
152640, -25.709285
152720, -18.189995
152800, -8.955680
152880, 0.823936
152960, 8.674292
153040, 12.517256
153120, 12.517368
153200, 10.123441
153280, 6.539139
153360, 2.428084
153440, -1.866476
153520, -6.172473
153600, -10.397961
153680, -14.502981
153760, -18.468232
153840, -22.297143
153920, -26.000500
154000, -29.606855
154080, -33.154596
154160, -36.699081
154240, -40.303643
154320, -44.042344
154400, -47.973853
154480, -52.118907
154560, -56.390427
154640, -60.540848
154720, -64.161034
154800, -66.875666
154880, -68.586078
154960, -69.496681
155040, -69.892174
155120, -69.997116
155200, -69.942536
155280, -69.804039
155360, -69.616918
155440, -69.403833
155520, -69.172400
155600, -68.931031
155680, -68.679991
155760, -68.423846
155840, -68.160840
155920, -67.894466
156000, -67.622381
156080, -67.347739
156160, -67.068026
156240, -66.786322
156320, -66.500046
156400, -66.212231
156480, -65.920312
156560, -65.627329
156640, -65.330677
156720, -65.033393
156800, -64.732928
156880, -64.432265
156960, -64.128814
157040, -63.825622
157120, -63.520074
157200, -63.215137
157280, -62.908224
157360, -62.602323
157440, -62.294727
157520, -61.988391
157600, -61.680715
157680, -61.374472
157760, -61.066948
157840, -60.761080
157920, -60.454000
158000, -60.148459
158080, -59.841716
158160, -59.536461
158240, -59.229690
158320, -58.924118
158400, -58.616841
158480, -58.310210
158560, -58.001190
158640, -57.692445
158720, -57.380466
158800, -57.067555
158880, -56.750609
158960, -56.431532
159040, -56.106711
159120, -55.778311
159200, -55.442348
159280, -55.100279
159360, -54.748249
159440, -54.387133
159520, -54.012104
159600, -53.624126
159680, -53.216989
159760, -52.790276
159840, -52.337039
159920, -51.854721
160000, -51.334392
160080, -50.770297
160160, -50.149353
160240, -49.460838
160320, -48.683563
160400, -47.796406
160480, -46.764021
160560, -45.543693
160640, -44.068485
160720, -42.250400
160800, -39.953998
160880, -36.991078
160960, -33.087525
161040, -27.888348
161120, -21.009351
161200, -12.309797
161280, -2.491900
161360, 6.337566
161440, 11.674340
161520, 12.863841
161600, 11.135663
161680, 7.864349
161760, 3.886218
161840, -0.371457
161920, -4.686080
162000, -8.947156
162080, -13.095625
162160, -17.110563
162240, -20.984612
162320, -24.729598
162400, -28.365505
162480, -31.929626
162560, -35.467293
162640, -39.044171
162720, -42.727425
162800, -46.587844
162880, -50.660455
162960, -54.907234
163040, -59.139053
163120, -62.994728
163200, -66.051761
163280, -68.099698
163360, -69.253411
163440, -69.798220
163520, -69.983584
163600, -69.974395
163680, -69.858384
163760, -69.686052
163840, -69.479513
163920, -69.254513
164000, -69.015237
164080, -68.768197
164160, -68.512772
164240, -68.252948
164320, -67.986779
164400, -67.717531
164480, -67.442840
164560, -67.165750
164640, -66.883807
164720, -66.599986
164800, -66.311779
164880, -66.022151
164960, -65.728621
165040, -65.434112
165120, -65.136123
165200, -64.837626
165280, -64.536109
165360, -64.234491
165440, -63.930284
165520, -63.626438
165600, -63.320375
165680, -63.015017
165760, -62.707878
165840, -62.401755
165920, -62.094069
166000, -61.787733
166080, -61.480078
166160, -61.173868
166240, -60.866508
166320, -60.560744
166400, -60.253773
166480, -59.948329
166560, -59.641724
166640, -59.336401
166720, -59.029536
166800, -58.723827
166880, -58.416132
166960, -58.108859
167040, -57.799140
167120, -57.489184
167200, -57.175714
167280, -56.861063
167360, -56.541910
167440, -56.220030
167520, -55.892029
167600, -55.559747
167680, -55.219042
167760, -54.871468
167840, -54.512860
167920, -54.143754
168000, -53.759571
168080, -53.360194
168160, -52.939625
168240, -52.497138
168320, -52.024633
168400, -51.519521
168480, -50.970812
168560, -50.372355
168640, -49.708275
168720, -48.965154
168800, -48.119212
168880, -47.143406
168960, -45.994571
169040, -44.619273
169120, -42.933487
169200, -40.824578
169280, -38.121433
169360, -34.585768
169440, -29.886079
169520, -23.636011
169600, -15.556832
169680, -5.969274
169760, 3.521340
169840, 10.289470
169920, 12.857294
170000, 11.974842
170080, 9.123837
170160, 5.328697
170240, 1.137271
170320, -3.174963
170400, -7.462414
170480, -11.655535
170560, -15.718056
170640, -19.642139
170720, -23.430063
170800, -27.101985
170880, -30.684904
170960, -34.226330
171040, -37.780683
171120, -41.419194
171200, -45.209899
171280, -49.208140
171360, -53.405365
171440, -57.675546
171520, -61.711407
171600, -65.089466
171680, -67.492996
171760, -68.932561
171840, -69.657657
171920, -69.947196
172000, -69.992236
172080, -69.907552
172160, -69.750456
172240, -69.554885
172320, -69.334487
172400, -69.100545
172480, -68.855056
172560, -68.603264
172640, -68.344006
172720, -68.080859
172800, -67.811770
172880, -67.539815
172960, -67.262663
173040, -66.983257
173120, -66.699206
173200, -66.413377
173280, -66.123351
173360, -65.832025
173440, -65.536964
173520, -65.241031
173600, -64.941816
173680, -64.642208
173760, -64.339736
173840, -64.037275
173920, -63.732426
174000, -63.427984
174080, -63.121488
174160, -62.815809
174240, -62.508440
174320, -62.202140
174400, -61.894441
174480, -61.588113
174560, -61.280525
174640, -60.974418
174720, -60.667278
174800, -60.361612
174880, -60.054772
174960, -59.749473
175040, -59.442854
175120, -59.137393
175200, -58.830410
175280, -58.524283
175360, -58.216005
175440, -57.908004
175520, -57.597353
175600, -57.286030
175680, -56.970970
175760, -56.654446
175840, -56.332795
175920, -56.007894
176000, -55.676547
176080, -55.339868
176160, -54.994007
176240, -54.640559
176320, -54.274614
176400, -53.896856
176480, -53.502446
176560, -53.090607
176640, -52.655563
176720, -52.195049
176800, -51.701146
176880, -51.169379
176960, -50.588536
177040, -49.949551
177120, -49.235689
177200, -48.429408
177280, -47.501537
177360, -46.418660
177440, -45.127978
177520, -43.561467
177600, -41.613909
177680, -39.140130
177760, -35.924306
177840, -31.670792
177920, -25.999892
178000, -18.562180
178080, -9.390028
178160, 0.409944
178240, 8.402007
178320, 12.436523
178400, 12.578836
178480, 10.261510
178560, 6.712715
178640, 2.616246
178720, -1.674678
178800, -5.982609
178880, -10.212606
178960, -14.323367
179040, -18.294904
179120, -22.129643
179200, -25.837877
179280, -29.448308
179360, -32.997793
179440, -36.540756
179520, -40.141188
179600, -43.872422
179680, -47.794482
179760, -51.930486
179840, -56.200387
179920, -60.364402
180000, -64.017563
180080, -66.777399
180160, -68.529511
180240, -69.469281
180320, -69.882178
180400, -69.996585
180480, -69.947181
180560, -69.811414
180640, -69.625927
180720, -69.413727
180800, -69.182958
180880, -68.941956
180960, -68.691296
181040, -68.435356
181120, -68.172633
181200, -67.906403
181280, -67.634559
181360, -67.360029
181440, -67.080530
181520, -66.798915
181600, -66.512831
181680, -66.225085
181760, -65.933337
181840, -65.640404
181920, -65.343905
182000, -65.046650
182080, -64.746316
182160, -64.445661
182240, -64.142324
182320, -63.839120
182400, -63.533669
182480, -63.228706
182560, -62.921870
182640, -62.615931
182720, -62.308402
182800, -62.002013
182880, -61.694395
182960, -61.388094
183040, -61.080620
183120, -60.774679
183200, -60.467647
183280, -60.162041
183360, -59.855343
183440, -59.550033
183520, -59.243327
183600, -58.937708
183680, -58.630518
183760, -58.323874
183840, -58.014961
183920, -57.706212
184000, -57.394374
184080, -57.081511
184160, -56.764741
184240, -56.445775
184320, -56.121213
184400, -55.792986
184480, -55.457377
184560, -55.115607
184640, -54.764033
184720, -54.403363
184800, -54.028981
184880, -53.641617
184960, -53.235366
185040, -52.809571
185120, -52.357610
185200, -51.876688
185280, -51.358235
185360, -50.796277
185440, -50.178150
185520, -49.492949
185600, -48.720014
185680, -47.838366
185760, -46.813370
185840, -45.602745
185920, -44.140697
186000, -42.340268
186080, -40.068549
186160, -37.140228
186240, -33.285271
186320, -28.152028
186400, -21.353955
186480, -12.730427
186560, -2.927797
186640, 6.005886
186720, 11.531757
186800, 12.886510
186880, 11.254838
186960, 8.030174
187040, 4.072112
187120, -0.178965
187200, -4.494026
187280, -8.759126
187360, -12.913554
187440, -16.934609
187520, -20.814671
187600, -24.565410
187680, -28.205695
187760, -31.771792
187840, -35.309643
187920, -38.883234
188000, -42.560268
188080, -46.411614
188160, -50.474779
188240, -54.716348
188320, -58.954855
188400, -62.836956
188480, -65.936313
188560, -68.028952
188640, -69.217002
188720, -69.783051
188800, -69.980375
188880, -69.977543
188960, -69.865055
189040, -69.694597
189120, -69.489243
189200, -69.264895
189280, -69.026154
189360, -68.779413
189440, -68.524326
189520, -68.264685
189600, -67.998782
189680, -67.729668
189760, -67.455208
189840, -67.178225
189920, -66.896488
190000, -66.612752
190080, -66.324730
190160, -66.035166
190240, -65.741799
190320, -65.447335
190400, -65.149490
190480, -64.851016
190560, -64.549624
190640, -64.248012
190720, -63.943910
190800, -63.640053
190880, -63.334079
190960, -63.028691
191040, -62.721621
191120, -62.415452
191200, -62.107826
191280, -61.801429
191360, -61.493825
191440, -61.187554
191520, -60.880236
191600, -60.574411
191680, -60.267489
191760, -59.961981
191840, -59.655435
191920, -59.350067
192000, -59.043267
192080, -58.737511
192160, -58.429900
192240, -58.122613
192320, -57.812996
192400, -57.503065
192480, -57.189752
192560, -56.875163
192640, -56.556229
192720, -56.234492
192800, -55.906771
192880, -55.574726
192960, -55.234421
193040, -54.887183
193120, -54.529120
193200, -54.160535
193280, -53.777058
193360, -53.378434
193440, -52.958868
193520, -52.517510
193600, -52.046469
193680, -51.542944
193760, -50.996323
193840, -50.400406
193920, -49.739566
194000, -49.000449
194080, -48.159829
194160, -47.190624
194240, -46.050505
194320, -44.686657
194400, -43.016799
194480, -40.929985
194560, -38.258104
194640, -34.766061
194720, -30.126564
194800, -23.953743
194880, -15.955614
194960, -6.410916
195040, 3.137403
195120, 10.075795
195200, 12.827880
195280, 12.066105
195360, 9.276315
195440, 5.508767
195520, 1.327691
195600, -2.982969
195680, -7.273225
195760, -11.471410
195840, -15.540184
195920, -19.470576
196000, -23.264340
196080, -26.940706
196160, -30.526579
196240, -34.068852
196320, -37.620942
196400, -41.254254
196480, -45.036801
196560, -49.025505
196640, -53.215978
196720, -57.488484
196800, -61.543458
196880, -64.959093
196960, -67.408290
197040, -68.886203
197120, -69.636651
197200, -69.940689
197280, -69.993684
197360, -69.913198
197440, -69.758493
197520, -69.564209
197600, -69.344685
197680, -69.111229
197760, -68.866182
197840, -68.614639
197920, -68.355685
198000, -68.092702
198080, -67.823863
198160, -67.552033
198240, -67.275101
198320, -66.995796
198400, -66.711942
198480, -66.426193
198560, -66.136344
198640, -65.845076
198720, -65.550172
198800, -65.254279
198880, -64.955199
198960, -64.655611
199040, -64.353258
199120, -64.050796
199200, -63.746043
199280, -63.441584
199360, -63.135169
199440, -62.829453
199520, -62.522152
199600, -62.215807
199680, -61.908160
199760, -61.601780
199840, -61.294243
199920, -60.988073
200000, -60.680983
200080, -60.375261
200160, -60.068469
200240, -59.763104
200320, -59.456540
200400, -59.151032
200480, -58.844110
200560, -58.537959
200640, -58.229777
200720, -57.921772
200800, -57.611257
200880, -57.299984
200960, -56.985095
201040, -56.668684
201120, -56.347284
201200, -56.022554
201280, -55.691504
201360, -55.355084
201440, -55.009642
201520, -54.656571
201600, -54.291210
201680, -53.914016
201760, -53.520432
201840, -53.109454
201920, -52.675515
202000, -52.216244
202080, -51.723932
202160, -51.194032
202240, -50.615556
202320, -49.979432
202400, -49.269378
202480, -48.467724
202560, -47.545933
202640, -46.470917
202720, -45.190812
202800, -43.638367
202880, -41.710460
202960, -39.264134
203040, -36.086924
203120, -31.887081
203200, -26.287329
203280, -18.933110
203360, -9.824491
203440, -0.007111
203520, 8.123857
203600, 12.350121
203680, 12.636776
203760, 10.397729
203840, 6.885344
203920, 2.803912
204000, -1.483129
204080, -5.792860
204160, -10.027752
204240, -14.144045
204320, -18.121645
204400, -21.962052
204480, -25.675289
204560, -29.289752
204640, -32.840937
204720, -36.383343
204800, -39.979832
204880, -43.703780
204960, -47.616450
205040, -51.743472
205120, -56.010648
205200, -60.187604
205280, -63.873106
205360, -66.677290
205440, -68.471384
205520, -69.440888
205600, -69.871622
205680, -69.995759
205760, -69.951667
205840, -69.818709
205920, -69.634889
206000, -69.423600
206080, -69.193501
206160, -68.952877
206240, -68.702596
206320, -68.446869
206400, -68.184425
206480, -67.918345
206560, -67.646737
206640, -67.372325
206720, -67.093036
206800, -66.811514
206880, -66.525619
206960, -66.237947
207040, -65.946367
207120, -65.653488
207200, -65.357138
207280, -65.059917
207360, -64.759708
207440, -64.459069
207520, -64.155840
207600, -63.852630
207680, -63.547270
207760, -63.242286
207840, -62.935525
207920, -62.629551
208000, -62.322086
208080, -62.015647
208160, -61.708074
208240, -61.401715
208320, -61.094283
208400, -60.788275
208480, -60.481286
208560, -60.175620
208640, -59.868964
208720, -59.563604
208800, -59.256959
208880, -58.951298
208960, -58.644190
209040, -58.337538
209120, -58.028727
209200, -57.719978
209280, -57.408275
209360, -57.095465
209440, -56.778865
209520, -56.460013
209600, -56.135704
209680, -55.807652
209760, -55.472392
209840, -55.130921
209920, -54.779796
210000, -54.419573
210080, -54.045828
210160, -53.659076
210240, -53.253700
210320, -52.828821
210400, -52.378120
210480, -51.898588
210560, -51.381991
210640, -50.822156
210720, -50.206818
210800, -49.524907
210880, -48.756269
210960, -47.880086
211040, -46.862405
211120, -45.661396
211200, -44.212379
211280, -42.429443
211360, -40.182171
211440, -37.287959
211520, -33.480989
211600, -28.412938
211680, -21.695833
211760, -13.148439
211840, -3.364591
211920, 5.666149
212000, 11.378430
212080, 12.902074
212160, 11.370576
212240, 8.194694
212320, 4.257668
212400, 0.013709
212480, -4.301334
212560, -8.570163
212640, -12.730370
212720, -16.757859
212800, -20.644378
212880, -24.400676
212960, -28.045113
213040, -31.613035
213120, -35.150973
213200, -38.721246
213280, -42.392163
213360, -46.234468
213440, -50.288186
213520, -54.524452
213600, -58.769331
213680, -62.676268
213760, -65.817744
213840, -67.955567
213920, -69.178813
214000, -69.766864
214080, -69.976622
214160, -69.980418
214240, -69.871589
214320, -69.703085
214400, -69.498952
214480, -69.275283
214560, -69.037086
214640, -68.790656
214720, -68.535907
214800, -68.276458
214880, -68.010817
214960, -67.741844
215040, -67.467612
215120, -67.190741
215200, -66.909206
215280, -66.625562
215360, -66.337723
215440, -66.048228
215520, -65.755021
215600, -65.460606
215680, -65.162902
215760, -64.864457
215840, -64.563187
215920, -64.261586
216000, -63.957585
216080, -63.653721
216160, -63.347834
216240, -63.042420
216320, -62.735415
216400, -62.429206
216480, -62.121635
216560, -61.815183
216640, -61.507627
216720, -61.201299
216800, -60.894019
216880, -60.588137
216960, -60.281260
217040, -59.975694
217120, -59.669202
217200, -59.363794
217280, -59.057055
217360, -58.751258
217440, -58.443726
217520, -58.136430
217600, -57.826912
217680, -57.517011
217760, -57.203851
217840, -56.889329
217920, -56.570611
218000, -56.249023
218080, -55.921578
218160, -55.589777
218240, -55.249870
218320, -54.902973
218400, -54.545453
218480, -54.177396
218560, -53.794625
218640, -53.396760
218720, -52.978197
218800, -52.537977
218880, -52.068402
218960, -51.566474
219040, -51.021944
219120, -50.428442
219200, -49.770744
219280, -49.035556
219360, -48.199942
219440, -47.237072
219520, -46.105391
219600, -44.752648
219680, -43.098278
219760, -41.032587
219840, -38.390640
219920, -34.940556
220000, -30.359036
220080, -24.261337
220160, -16.344582
220240, -6.847624
220320, 2.753757
220400, 9.856991
220480, 12.792749
220560, 12.153605
220640, 9.426506
220720, 5.687398
220800, 1.517151
220880, -2.791653
220960, -7.084919
221040, -11.287890
221120, -15.362656
221200, -19.299170
221280, -23.098636
221360, -26.779367
221440, -30.368857
221520, -33.912034
221600, -37.462382
221680, -41.090642
221760, -44.865185
221840, -48.844167
221920, -53.026857
222000, -57.301228
222080, -61.374763
222160, -64.827466
222240, -67.321905
222320, -68.838567
222400, -69.614867
222480, -69.933762
222560, -69.994912
222640, -69.918737
222720, -69.766475
222800, -69.573513
222880, -69.354873
222960, -69.121917
223040, -68.877312
223120, -68.626024
223200, -68.367373
223280, -68.104559
223360, -67.835965
223440, -67.564267
223520, -67.287552
223600, -67.008351
223680, -66.724691
223760, -66.439027
223840, -66.149350
223920, -65.858145
224000, -65.563395
224080, -65.267546
224160, -64.968598
224240, -64.669036
224320, -64.366797
224400, -64.064340
224480, -63.759678
224560, -63.455206
224640, -63.148868
224720, -62.843121
224800, -62.535884
224880, -62.229497
224960, -61.921900
225040, -61.615471
225120, -61.307980
225200, -61.001751
225280, -60.694705
225360, -60.388929
225440, -60.082180
225520, -59.776753
225600, -59.470238
225680, -59.164687
225760, -58.857821
225840, -58.551650
225920, -58.243559
226000, -57.935552
226080, -57.625167
226160, -57.313947
226240, -56.999224
226320, -56.682925
226400, -56.361769
226480, -56.037211
226560, -55.706451
226640, -55.370289
226720, -55.025258
226800, -54.672545
226880, -54.307744
226960, -53.931102
227040, -53.538324
227120, -53.128197
227200, -52.695342
227280, -52.237300
227360, -51.746553
227440, -51.218499
227520, -50.642354
227600, -50.009055
227680, -49.302693
227760, -48.505557
227840, -47.589715
227920, -46.522406
228000, -45.252668
228080, -43.714023
228160, -41.805384
228240, -39.385986
228320, -36.246657
228400, -32.099486
228480, -26.569935
228560, -19.297945
228640, -10.256046
228720, -0.427492
228800, 7.835490
228880, 12.253912
228960, 12.689220
229040, 10.531761
229120, 7.057602
229200, 2.992074
229280, -1.290554
229360, -5.601805
229440, -9.841443
229520, -13.963761
229600, -17.947415
229680, -21.793567
229760, -25.512426
229840, -29.130739
229920, -32.683391
230000, -36.225077
230080, -39.817530
230160, -43.534430
230240, -47.437711
230320, -51.555700
230400, -55.819959
230480, -60.007873
230560, -63.725174
230640, -66.573916
230720, -68.410871
230800, -69.411043
230880, -69.860265
230960, -69.994519
231040, -69.955941
231120, -69.825906
231200, -69.643806
231280, -69.433463
231360, -69.204048
231440, -68.963816
231520, -68.713915
231600, -68.458409
231680, -68.196243
231760, -67.930318
231840, -67.658944
231920, -67.384656
232000, -67.105574
232080, -66.824151
232160, -66.538441
232240, -66.250848
232320, -65.959432
232400, -65.666613
232480, -65.370409
232560, -65.073226
232640, -64.773140
232720, -64.472519
232800, -64.169396
232880, -63.866184
232960, -63.560913
233040, -63.255913
233120, -62.949221
233200, -62.643218
233280, -62.335813
233360, -62.029329
233440, -61.721797
233520, -61.415384
233600, -61.107990
233680, -60.801918
233760, -60.494968
233840, -60.189247
233920, -59.882628
234000, -59.577223
234080, -59.270634
234160, -58.964935
234240, -58.657906
234320, -58.351250
234400, -58.042535
234480, -57.733791
234560, -57.422219
234640, -57.109465
234720, -56.793030
234800, -56.474297
234880, -56.150236
234960, -55.822363
235040, -55.487447
235120, -55.146278
235200, -54.795596
235280, -54.435823
235360, -54.062711
235440, -53.676575
235520, -53.272067
235600, -52.848107
235680, -52.398661
235760, -51.920519
235840, -51.405770
235920, -50.848058
236000, -50.235499
236080, -49.556874
236160, -48.792519
236240, -47.921790
236320, -46.911400
236400, -45.719981
236480, -44.283949
236560, -42.518455
236640, -40.295553
236720, -37.435365
236800, -33.676277
236880, -28.673333
236960, -22.037213
237040, -13.566919
237120, -3.807289
237200, 5.316236
237280, 11.215034
237360, 12.911151
237440, 11.483141
237520, 8.357927
237600, 4.442894
237680, 0.206525
237760, -4.108574
237840, -8.380862
237920, -12.546638
238000, -16.580431
238080, -20.473319
238160, -24.235132
238240, -27.883698
238320, -31.454251
238400, -34.992363
238480, -38.559389
238560, -42.224237
238640, -46.057601
238720, -50.101969
238800, -54.332916
238880, -58.583850
238960, -62.515010
239040, -65.698069
239120, -67.881044
239200, -69.139758
239280, -69.750157
239360, -69.972573
239440, -69.983131
239520, -69.878024
239600, -69.711512
239680, -69.508613
239760, -69.285636
239840, -69.047984
239920, -68.801870
240000, -68.547457
240080, -68.288203
240160, -68.022822
240240, -67.753994
240320, -67.479986
240400, -67.203232
240480, -66.921896
240560, -66.638347
240640, -66.350686
240720, -66.061265
240800, -65.768215
240880, -65.473854
240960, -65.176287
241040, -64.877875
241120, -64.576723
241200, -64.275138
241280, -63.971234
241360, -63.667369
241440, -63.361565
241520, -63.056130
241600, -62.749186
241680, -62.442942
241760, -62.135422
241840, -61.828920
241920, -61.521408
242000, -61.215028
242080, -60.907783
242160, -60.601850
242240, -60.295015
242320, -59.989394
242400, -59.682954
242480, -59.377510
242560, -59.070830
242640, -58.764995
242720, -58.457540
242800, -58.150241
242880, -57.840817
242960, -57.530952
243040, -57.217943
243120, -56.903493
243200, -56.584987
243280, -56.263554
243360, -55.936382
243440, -55.604830
243520, -55.265318
243600, -54.918769
243680, -54.561789
243760, -54.194266
243840, -53.812198
243920, -53.415100
244000, -52.997538
244080, -52.558462
244160, -52.090351
244240, -51.590029
244320, -51.047590
244400, -50.456493
244480, -49.801924
244560, -49.070662
244640, -48.240045
244720, -47.283509
244800, -46.160256
244880, -44.818616
244960, -43.179718
245040, -41.135145
245120, -38.522785
245200, -35.114358
245280, -30.590582
245360, -24.567685
245440, -16.732586
245520, -7.284885
245600, 2.363702
245680, 9.628879
245760, 12.750441
245840, 12.237562
245920, 9.575530
246000, 5.866080
246080, 1.707277
246160, -2.599376
246240, -6.895505
246320, -11.103505
246400, -15.184141
246480, -19.126669
246560, -22.931759
246640, -26.617256
246720, -30.210356
246800, -33.754411
246880, -37.303405
246960, -40.926714
247040, -44.693416
247120, -48.662633
247200, -52.837310
247280, -57.111904
247360, -61.203337
247440, -64.692923
247520, -67.232995
247600, -68.789204
247680, -69.592075
247760, -69.926309
247840, -69.995879
247920, -69.924162
248000, -69.774414
248080, -69.582816
248160, -69.365078
248240, -69.132638
248320, -68.888479
248400, -68.637455
248480, -68.379104
248560, -68.116466
248640, -67.848117
248720, -67.576555
248800, -67.300053
248880, -67.020963
248960, -66.737492
249040, -66.451918
249120, -66.162411
249200, -65.871275
249280, -65.576674
249360, -65.280875
249440, -64.982056
249520, -64.682524
249600, -64.380397
249680, -64.077950
249760, -63.773376
249840, -63.468895
249920, -63.162631
250000, -62.856857
250080, -65.888614
250160, -68.107814
250240, -69.743981
250320, -70.952116
250400, -71.846088
250480, -72.505529
250560, -72.992306
250640, -73.348485
250720, -73.608329
250800, -73.793681
250880, -73.924066
250960, -74.010580
251040, -74.064911
251120, -74.092420
251200, -74.100585
251280, -74.091663
251360, -74.070822
251440, -74.038598
251520, -73.998862
251600, -73.951174
251680, -73.898659
251760, -73.840311
251840, -73.778819
251920, -73.712842
252000, -73.644807
252080, -73.573171
252160, -73.500200
252240, -73.424225
252320, -73.347413
252400, -73.268016
252480, -73.188138
252560, -73.105980
252640, -73.023605
252720, -72.939182
252800, -72.854742
252880, -72.768430
252960, -72.682262
253040, -72.594372
253120, -72.506763
253200, -72.417564
253280, -72.328766
253360, -72.238492
253440, -72.148728
253520, -72.057592
253600, -71.967064
253680, -71.875255
253760, -71.784134
253840, -71.691810
253920, -71.600253
254000, -71.507577
254080, -71.415749
254160, -71.322881
254240, -71.230940
254320, -71.138036
254400, -71.046132
254480, -70.953340
254560, -70.861611
254640, -70.769045
254720, -70.677593
254800, -70.585362
254880, -70.494306
254960, -70.402534
255040, -70.311999
255120, -70.220810
255200, -70.130916
255280, -70.040427
255360, -69.951290
255440, -69.861602
255520, -69.773292
255600, -69.684459
255680, -69.597043
255760, -69.509146
255840, -69.422711
255920, -69.335842
256000, -69.250479
256080, -69.164727
256160, -69.080525
256240, -68.995977
256320, -68.913017
256400, -68.829722
256480, -68.748010
256560, -68.665977
256640, -68.585548
256720, -68.504826
256800, -68.425739
256880, -68.346391
256960, -68.268708
257040, -68.190795
257120, -68.114577
257200, -68.038160
257280, -67.963465
257360, -67.888581
257440, -67.815401
257520, -67.742013
257600, -67.670326
257680, -67.598442
257760, -67.528275
257840, -67.457929
257920, -67.389319
258000, -67.320552
258080, -67.253542
258160, -67.186395
258240, -67.121025
258320, -67.055539
258400, -66.991849
258480, -66.928055
258560, -66.866029
258640, -66.803856
258720, -66.743429
258800, -66.682850
258880, -66.624021
258960, -66.565048
259040, -66.507836
259120, -66.450496
259200, -66.394930
259280, -66.339251
259360, -66.285362
259440, -66.231373
259520, -66.179188
259600, -66.126918
259680, -66.076464
259760, -66.025938
259840, -65.977240
259920, -65.928462
260000, -65.881467
260080, -65.834347
260160, -65.788986
260240, -65.743491
260320, -65.699753
260400, -65.655886
260480, -65.613782
260560, -65.571557
260640, -65.531105
260720, -65.490543
260800, -65.451762
260880, -65.412881
260960, -65.375791
261040, -65.338608
261120, -65.303224
261200, -65.267756
261280, -65.234091
261360, -65.200350
261440, -65.168417
261520, -65.136411
261600, -65.106217
261680, -65.075953
261760, -65.047502
261840, -65.018984
261920, -64.992278
262000, -64.965494
262080, -64.940485
262160, -64.915353
262240, -64.891965
262320, -64.868436
262400, -64.846640
262480, -64.824697
262560, -64.804480
262640, -64.784111
262720, -64.765464
262800, -64.746662
262880, -64.729576
262960, -64.712330
263040, -64.696793
263120, -64.681090
263200, -64.667088
263280, -64.652911
263360, -64.640424
263440, -64.627752
263520, -64.616759
263600, -64.605568
263680, -64.596041
263760, -64.586301
263840, -64.578209
263920, -64.569888
264000, -64.563197
264080, -64.556258
264160, -64.550928
264240, -64.545330
264320, -64.541318
264400, -64.537016
264480, -64.534277
264560, -64.531224
264640, -64.529707
264720, -64.527850
264800, -64.527503
264880, -64.526789
264960, -64.527555
265040, -64.527925
265120, -64.529745
265200, -64.531141
265280, -64.533955
265360, -64.536312
265440, -64.540057
265520, -64.543313
265600, -64.547923
265680, -64.552012
265760, -64.557421
265840, -64.562277
265920, -64.568418
266000, -64.573972
266080, -64.580778
266160, -64.586964
266240, -64.594367
266320, -64.601116
266400, -64.609048
266480, -64.616294
266560, -64.624688
266640, -64.632364
266720, -64.641155
266800, -64.649195
266880, -64.658318
266960, -64.666659
267040, -64.676051
267120, -64.684630
267200, -64.694230
267280, -64.702989
267360, -64.712738
267440, -64.721618
267520, -64.731460
267600, -64.740406
267680, -64.750287
267760, -64.759247
267840, -64.769117
267920, -64.778042
268000, -64.787853
268080, -64.796697
268160, -64.806404
268240, -64.815124
268320, -64.824686
268400, -64.833242
268480, -64.842622
268560, -64.850978
268640, -64.860140
268720, -64.868262
268800, -64.877176
268880, -64.885036
268960, -64.893673
269040, -64.901244
269120, -64.909580
269200, -64.916839
269280, -64.924852
269360, -64.931779
269440, -64.939450
269520, -64.946029
269600, -64.953344
269680, -64.959560
269760, -64.966507
269840, -64.972350
269920, -64.978918
270000, -64.984379
270080, -64.990562
270160, -64.995635
270240, -65.001428
270320, -65.006110
270400, -65.011503
270480, -65.015776
270560, -65.020755
270640, -65.024614
270720, -65.029179
270800, -65.032627
270880, -65.036783
270960, -65.039826
271040, -65.043582
271120, -65.046230
271200, -65.049597
271280, -65.051862
271360, -65.054851
271440, -65.056745
271520, -65.059371
271600, -65.060909
271680, -65.063184
271760, -65.064381
271840, -65.066322
271920, -65.067192
272000, -65.068814
272080, -65.069374
272160, -65.070693
272240, -65.070959
272320, -65.071992
272400, -65.071981
272480, -65.072745
272560, -65.072473
272640, -65.072984
272720, -65.072469
272800, -65.072745
272880, -65.072003
272960, -65.072060
273040, -65.071109
273120, -65.070964
273200, -65.069820
273280, -65.069490
273360, -65.068169
273440, -65.067671
273520, -65.066190
273600, -65.065539
273680, -65.063913
273760, -65.063125
273840, -65.061370
273920, -65.060459
274000, -65.058591
274080, -65.057573
274160, -65.055604
274240, -65.054494
274320, -65.052439
274400, -65.051249
274480, -65.049123
274560, -65.047866
274640, -65.045680
274720, -65.044370
274800, -65.042137
274880, -65.040785
274960, -65.038516
275040, -65.037133
275120, -65.034840
275200, -65.033438
275280, -65.031130
275360, -65.029718
275440, -65.027406
275520, -65.025994
275600, -65.023686
275680, -65.022283
275760, -65.019988
275840, -65.018601
275920, -65.016328
276000, -65.014965
276080, -65.012720
276160, -65.011388
276240, -65.009178
276320, -65.007884
276400, -65.005714
276480, -65.004463
276560, -65.002340
276640, -65.001137
276720, -64.999065
276800, -64.997914
276880, -64.995895
276960, -64.994795
277040, -64.992827
277120, -64.991780
277200, -64.989866
277280, -64.988874
277360, -64.987017
277440, -64.986082
277520, -64.984285
277600, -64.983411
277680, -64.981676
277760, -64.980864
277840, -64.979194
277920, -64.978447
278000, -64.976842
278080, -64.976162
278160, -64.974624
278240, -64.974011
278320, -64.972542
278400, -64.971998
278480, -64.970597
278560, -64.970121
278640, -64.968790
278720, -64.968383
278800, -64.967121
278880, -64.966783
278960, -64.965590
279040, -64.965319
279120, -64.964194
279200, -64.963990
279280, -64.962933
279360, -64.962795
279440, -64.961803
279520, -64.961731
279600, -64.960804
279680, -64.960794
279760, -64.959930
279840, -64.959982
279920, -64.959179
280000, -64.959291
280080, -64.958546
280160, -64.958716
280240, -64.958028
280320, -64.958253
280400, -64.957620
280480, -64.957898
280560, -64.957317
280640, -64.957645
280720, -64.957114
280800, -64.957490
280880, -64.957006
280960, -64.957428
281040, -64.956988
281120, -64.957452
281200, -64.957054
281280, -64.957558
281360, -64.957199
281440, -64.957740
281520, -64.957417
281600, -64.957993
281680, -64.957703
281760, -64.958310
281840, -64.958052
281920, -64.958688
282000, -64.958457
282080, -64.959119
282160, -64.958914
282240, -64.959599
282320, -64.959417
282400, -64.960123
282480, -64.959960
282560, -64.960685
282640, -64.960540
282720, -64.961280
282800, -64.961150
282880, -64.961904
282960, -64.961786
283040, -64.962551
283120, -64.962444
283200, -64.963217
283280, -64.963118
283360, -64.963899
283440, -64.963806
283520, -64.964590
283600, -64.964501
283680, -64.965288
283760, -64.965201
283840, -64.965989
283920, -64.965902
284000, -64.966689
284080, -64.966601
284160, -64.967385
284240, -64.967294
284320, -64.968074
284400, -64.967978
284480, -64.968753
284560, -64.968651
284640, -64.969419
284720, -64.969310
284800, -64.970069
284880, -64.969952
284960, -64.970702
285040, -64.970576
285120, -64.971316
285200, -64.971180
285280, -64.971908
285360, -64.971761
285440, -64.972478
285520, -64.972319
285600, -64.973023
285680, -64.972852
285760, -64.973543
285840, -64.973359
285920, -64.974037
286000, -64.973839
286080, -64.974503
286160, -64.974292
286240, -64.974941
286320, -64.974717
286400, -64.975352
286480, -64.975113
286560, -64.975733
286640, -64.975480
286720, -64.976086
286800, -64.975819
286880, -64.976410
286960, -64.976129
287040, -64.976706
287120, -64.976411
287200, -64.976974
287280, -64.976665
287360, -64.977213
287440, -64.976891
287520, -64.977425
287600, -64.977089
287680, -64.977611
287760, -64.977262
287840, -64.977770
287920, -64.977408
288000, -64.977904
288080, -64.977530
288160, -64.978013
288240, -64.977628
288320, -64.978099
288400, -64.977702
288480, -64.978162
288560, -64.977755
288640, -64.978204
288720, -64.977786
288800, -64.978225
288880, -64.977798
288960, -64.978226
289040, -64.977790
289120, -64.978210
289200, -64.977765
289280, -64.978176
289360, -64.977723
289440, -64.978126
289520, -64.977666
289600, -64.978061
289680, -64.977595
289760, -64.977982
289840, -64.977510
289920, -64.977891
290000, -64.977413
290080, -64.977789
290160, -64.977306
290240, -64.977676
290320, -64.977188
290400, -64.977554
290480, -64.977062
290560, -64.977424
290640, -64.976929
290720, -64.977287
290800, -64.976789
290880, -64.977144
290960, -64.976644
291040, -64.976996
291120, -64.976494
291200, -64.976844
291280, -64.976340
291360, -64.976689
291440, -64.976184
291520, -64.976532
291600, -64.976026
291680, -64.976373
291760, -64.975867
291840, -64.976213
291920, -64.975708
292000, -64.976054
292080, -64.975549
292160, -64.975896
292240, -64.975392
292320, -64.975739
292400, -64.975237
292480, -64.975585
292560, -64.975084
292640, -64.975433
292720, -64.974933
292800, -64.975284
292880, -64.974787
292960, -64.975139
293040, -64.974644
293120, -64.974999
293200, -64.974506
293280, -64.974862
293360, -64.974372
293440, -64.974731
293520, -64.974244
293600, -64.974605
293680, -64.974121
293760, -64.974484
293840, -64.974003
293920, -64.974369
294000, -64.973891
294080, -64.974260
294160, -64.973785
294240, -64.974157
294320, -64.973685
294400, -64.974060
294480, -64.973591
294560, -64.973969
294640, -64.973504
294720, -64.973884
294800, -64.973422
294880, -64.973806
294960, -64.973347
295040, -64.973733
295120, -64.973278
295200, -64.973667
295280, -64.973215
295360, -64.973607
295440, -64.973158
295520, -64.973552
295600, -64.973107
295680, -64.973504
295760, -64.973061
295840, -64.973461
295920, -64.973021
296000, -64.973424
296080, -64.972987
296160, -64.973392
296240, -64.972958
296320, -64.973365
296400, -64.972934
296480, -64.973343
296560, -64.972915
296640, -64.973326
296720, -64.972900
296800, -64.973313
296880, -64.972890
296960, -64.973305
297040, -64.972884
297120, -64.973301
297200, -64.972882
297280, -64.973300
297360, -64.972883
297440, -64.973304
297520, -64.972889
297600, -64.973310
297680, -64.972897
297760, -64.973320
297840, -64.972908
297920, -64.973332
298000, -64.972922
298080, -64.973347
298160, -64.972938
298240, -64.973364
298320, -64.972957
298400, -64.973384
298480, -64.972978
298560, -64.973405
298640, -64.973000
298720, -64.973428
298800, -64.973024
298880, -64.973453
298960, -64.973050
299040, -64.973479
299120, -64.973076
299200, -64.973505
299280, -64.973103
299360, -64.973533
299440, -64.973131
299520, -64.973561
299600, -64.973160
299680, -64.973589
299760, -64.973189
299840, -64.973618
299920, -64.973218
300000, -64.973647
