# hh_euler_0500.txt
# dt = 500 [usec]
# t [usec], V [mV]
0, -65.000000
500, -64.987034
1000, -64.972938
1500, -64.963967
2000, -64.954900
2500, -64.950349
3000, -64.946073
3500, -64.945423
4000, -64.944979
4500, -64.947167
5000, -64.949262
5500, -64.953044
6000, -64.956384
6500, -64.960625
7000, -64.964141
7500, -64.967985
8000, -64.970949
8500, -64.973887
9000, -64.975922
9500, -64.977769
10000, -64.978802
10500, -64.979620
11000, -64.979784
11500, -64.979794
12000, -64.979338
12500, -64.978823
13000, -64.978024
13500, -64.977264
14000, -64.976369
14500, -64.975588
15000, -64.974782
15500, -64.974132
16000, -64.973521
16500, -64.973079
17000, -64.972703
17500, -64.972481
18000, -64.972324
18500, -64.972291
19000, -64.972306
19500, -64.972407
20000, -64.972531
20500, -64.972705
21000, -64.972879
21500, -64.973073
22000, -64.973248
22500, -64.973422
23000, -64.973566
23500, -64.973696
24000, -64.973794
24500, -64.973873
25000, -64.973923
25500, -64.973955
26000, -64.973962
26500, -64.973958
27000, -64.973937
27500, -64.973909
28000, -64.973872
28500, -64.973834
29000, -64.973793
29500, -64.973756
30000, -64.973719
30500, -64.973689
31000, -64.973662
31500, -64.973641
32000, -64.973625
32500, -64.973615
33000, -64.973610
33500, -64.973609
34000, -64.973610
34500, -64.973616
35000, -64.973622
35500, -64.973631
36000, -64.973640
36500, -64.973649
37000, -64.973657
37500, -64.973665
38000, -64.973672
38500, -64.973678
39000, -64.973683
39500, -64.973687
40000, -64.973689
40500, -64.973690
41000, -64.973691
41500, -64.973690
42000, -64.973689
42500, -64.973688
43000, -64.973686
43500, -64.973684
44000, -64.973683
44500, -64.973681
45000, -64.973679
45500, -64.973678
46000, -64.973677
46500, -64.973676
47000, -64.973675
47500, -64.973675
48000, -64.973674
48500, -64.973674
49000, -64.973675
49500, -64.973675
50000, -64.973675
50500, -44.564794
51000, 43.636839
51500, 54.039656
52000, 47.204385
52500, 52.745564
53000, 47.257200
53500, 52.742653
54000, 47.257353
54500, 52.742647
55000, 47.257353
55500, 52.742647
56000, 47.257353
56500, 52.742647
57000, 47.257353
57500, 52.742647
58000, 47.257353
58500, 52.742647
59000, 47.257353
59500, 52.742647
60000, 47.257353
60500, 52.742647
61000, 47.257353
61500, 52.742647
62000, 47.257353
62500, 52.742647
63000, 47.257353
63500, 52.742647
64000, 47.257353
64500, 52.742647
65000, 47.257353
65500, 52.742647
66000, 47.257353
66500, 52.742647
67000, 47.257353
67500, 52.742647
68000, 47.257353
68500, 52.742647
69000, 47.257353
69500, 52.742647
70000, 47.257353
70500, 52.742647
71000, 47.257353
71500, 52.742647
72000, 47.257353
72500, 52.742647
73000, 47.257353
73500, 52.742647
74000, 47.257353
74500, 52.742647
75000, 47.257353
75500, 52.742647
76000, 47.257353
76500, 52.742647
77000, 47.257353
77500, 52.742647
78000, 47.257353
78500, 52.742647
79000, 47.257353
79500, 52.742647
80000, 47.257353
80500, 52.742647
81000, 47.257353
81500, 52.742647
82000, 47.257353
82500, 52.742647
83000, 47.257353
83500, 52.742647
84000, 47.257353
84500, 52.742647
85000, 47.257353
85500, 52.742647
86000, 47.257353
86500, 52.742647
87000, 47.257353
87500, 52.742647
88000, 47.257353
88500, 52.742647
89000, 47.257353
89500, 52.742647
90000, 47.257353
90500, 52.742647
91000, 47.257353
91500, 52.742647
92000, 47.257353
92500, 52.742647
93000, 47.257353
93500, 52.742647
94000, 47.257353
94500, 52.742647
95000, 47.257353
95500, 52.742647
96000, 47.257353
96500, 52.742647
97000, 47.257353
97500, 52.742647
98000, 47.257353
98500, 52.742647
99000, 47.257353
99500, 52.742647
100000, 47.257353
100500, 52.742647
101000, 47.257353
101500, 52.742647
102000, 47.257353
102500, 52.742647
103000, 47.257353
103500, 52.742647
104000, 47.257353
104500, 52.742647
105000, 47.257353
105500, 52.742647
106000, 47.257353
106500, 52.742647
107000, 47.257353
107500, 52.742647
108000, 47.257353
108500, 52.742647
109000, 47.257353
109500, 52.742647
110000, 47.257353
110500, 52.742647
111000, 47.257353
111500, 52.742647
112000, 47.257353
112500, 52.742647
113000, 47.257353
113500, 52.742647
114000, 47.257353
114500, 52.742647
115000, 47.257353
115500, 52.742647
116000, 47.257353
116500, 52.742647
117000, 47.257353
117500, 52.742647
118000, 47.257353
118500, 52.742647
119000, 47.257353
119500, 52.742647
120000, 47.257353
120500, 52.742647
121000, 47.257353
121500, 52.742647
122000, 47.257353
122500, 52.742647
123000, 47.257353
123500, 52.742647
124000, 47.257353
124500, 52.742647
125000, 47.257353
125500, 52.742647
126000, 47.257353
126500, 52.742647
127000, 47.257353
127500, 52.742647
128000, 47.257353
128500, 52.742647
129000, 47.257353
129500, 52.742647
130000, 47.257353
130500, 52.742647
131000, 47.257353
131500, 52.742647
132000, 47.257353
132500, 52.742647
133000, 47.257353
133500, 52.742647
134000, 47.257353
134500, 52.742647
135000, 47.257353
135500, 52.742647
136000, 47.257353
136500, 52.742647
137000, 47.257353
137500, 52.742647
138000, 47.257353
138500, 52.742647
139000, 47.257353
139500, 52.742647
140000, 47.257353
140500, 52.742647
141000, 47.257353
141500, 52.742647
142000, 47.257353
142500, 52.742647
143000, 47.257353
143500, 52.742647
144000, 47.257353
144500, 52.742647
145000, 47.257353
145500, 52.742647
146000, nan
146500, nan
147000, nan
147500, nan
148000, nan
148500, nan
149000, nan
149500, nan
150000, nan
150500, nan
151000, nan
151500, nan
152000, nan
152500, nan
153000, nan
153500, nan
154000, nan
154500, nan
155000, nan
155500, nan
156000, nan
156500, nan
157000, nan
157500, nan
158000, nan
158500, nan
159000, nan
159500, nan
160000, nan
160500, nan
161000, nan
161500, nan
162000, nan
162500, nan
163000, nan
163500, nan
164000, nan
164500, nan
165000, nan
165500, nan
166000, nan
166500, nan
167000, nan
167500, nan
168000, nan
168500, nan
169000, nan
169500, nan
170000, nan
170500, nan
171000, nan
171500, nan
172000, nan
172500, nan
173000, nan
173500, nan
174000, nan
174500, nan
175000, nan
175500, nan
176000, nan
176500, nan
177000, nan
177500, nan
178000, nan
178500, nan
179000, nan
179500, nan
180000, nan
180500, nan
181000, nan
181500, nan
182000, nan
182500, nan
183000, nan
183500, nan
184000, nan
184500, nan
185000, nan
185500, nan
186000, nan
186500, nan
187000, nan
187500, nan
188000, nan
188500, nan
189000, nan
189500, nan
190000, nan
190500, nan
191000, nan
191500, nan
192000, nan
192500, nan
193000, nan
193500, nan
194000, nan
194500, nan
195000, nan
195500, nan
196000, nan
196500, nan
197000, nan
197500, nan
198000, nan
198500, nan
199000, nan
199500, nan
200000, nan
200500, nan
201000, nan
201500, nan
202000, nan
202500, nan
203000, nan
203500, nan
204000, nan
204500, nan
205000, nan
205500, nan
206000, nan
206500, nan
207000, nan
207500, nan
208000, nan
208500, nan
209000, nan
209500, nan
210000, nan
210500, nan
211000, nan
211500, nan
212000, nan
212500, nan
213000, nan
213500, nan
214000, nan
214500, nan
215000, nan
215500, nan
216000, nan
216500, nan
217000, nan
217500, nan
218000, nan
218500, nan
219000, nan
219500, nan
220000, nan
220500, nan
221000, nan
221500, nan
222000, nan
222500, nan
223000, nan
223500, nan
224000, nan
224500, nan
225000, nan
225500, nan
226000, nan
226500, nan
227000, nan
227500, nan
228000, nan
228500, nan
229000, nan
229500, nan
230000, nan
230500, nan
231000, nan
231500, nan
232000, nan
232500, nan
233000, nan
233500, nan
234000, nan
234500, nan
235000, nan
235500, nan
236000, nan
236500, nan
237000, nan
237500, nan
238000, nan
238500, nan
239000, nan
239500, nan
240000, nan
240500, nan
241000, nan
241500, nan
242000, nan
242500, nan
243000, nan
243500, nan
244000, nan
244500, nan
245000, nan
245500, nan
246000, nan
246500, nan
247000, nan
247500, nan
248000, nan
248500, nan
249000, nan
249500, nan
250000, nan
250500, nan
251000, nan
251500, nan
252000, nan
252500, nan
253000, nan
253500, nan
254000, nan
254500, nan
255000, nan
255500, nan
256000, nan
256500, nan
257000, nan
257500, nan
258000, nan
258500, nan
259000, nan
259500, nan
260000, nan
260500, nan
261000, nan
261500, nan
262000, nan
262500, nan
263000, nan
263500, nan
264000, nan
264500, nan
265000, nan
265500, nan
266000, nan
266500, nan
267000, nan
267500, nan
268000, nan
268500, nan
269000, nan
269500, nan
270000, nan
270500, nan
271000, nan
271500, nan
272000, nan
272500, nan
273000, nan
273500, nan
274000, nan
274500, nan
275000, nan
275500, nan
276000, nan
276500, nan
277000, nan
277500, nan
278000, nan
278500, nan
279000, nan
279500, nan
280000, nan
280500, nan
281000, nan
281500, nan
282000, nan
282500, nan
283000, nan
283500, nan
284000, nan
284500, nan
285000, nan
285500, nan
286000, nan
286500, nan
287000, nan
287500, nan
288000, nan
288500, nan
289000, nan
289500, nan
290000, nan
290500, nan
291000, nan
291500, nan
292000, nan
292500, nan
293000, nan
293500, nan
294000, nan
294500, nan
295000, nan
295500, nan
296000, nan
296500, nan
297000, nan
297500, nan
298000, nan
298500, nan
299000, nan
299500, nan
300000, nan
