# ./result/hh_euler_0650.txt
# dt = 650 [usec]
# t [usec], V [mV]
0, -65.000000
650, -64.986314
1300, -64.969730
1950, -64.963733
2600, -64.950485
3250, -64.954205
3900, -64.941435
4550, -64.956678
5200, -64.938428
5850, -64.968792
6500, -64.935060
7150, -64.988675
7800, -64.922463
8450, -65.015815
9100, -64.884991
9750, -65.049324
10400, -64.788587
11050, -65.076288
11700, -64.545850
12350, -65.033920
13000, -63.940013
13650, -64.741117
14300, -62.699970
14950, -63.947878
15600, -61.892780
16250, -63.383835
16900, -62.418184
17550, -63.911535
18200, -63.400374
18850, -64.774693
19500, -63.665278
20150, -65.024660
20800, -62.302856
21450, -64.107119
22100, -61.472038
22750, -63.481603
23400, -62.568288
24050, -64.372725
24700, -63.499664
25350, -65.072602
26000, -62.717937
26650, -64.539992
27300, -61.150703
27950, -63.380112
28600, -62.358264
29250, -64.318813
29900, -63.512417
30550, -65.150508
31200, -62.693179
31850, -64.578637
32500, -60.938589
33150, -63.266613
33800, -62.419536
34450, -64.407052
35100, -63.656537
35750, -65.272885
36400, -62.540850
37050, -64.495062
37700, -60.782033
38350, -63.148646
39000, -62.532941
39650, -64.503498
40300, -63.835406
40950, -65.398076
41600, -62.439837
42250, -64.429212
42900, -60.630488
43550, -63.010552
44200, -62.595847
44850, -64.547634
45500, -64.019379
46150, -65.519595
46800, -62.525704
47450, -64.479732
48100, -60.335722
48750, -62.718856
49400, -62.525522
50050, -64.480683
50700, -50.918398
51350, -5.983809
52000, 46.393573
52650, 62.479132
53300, 49.895824
53950, 50.003252
54600, 49.999924
55250, 50.000002
55900, 50.000000
56550, 50.000000
57200, 50.000000
57850, 50.000000
58500, 50.000000
59150, 50.000000
59800, 50.000000
60450, 50.000000
61100, 50.000000
61750, 50.000000
62400, 50.000000
63050, 50.000000
63700, 50.000000
64350, 50.000000
65000, 50.000000
65650, 50.000000
66300, 50.000000
66950, 50.000000
67600, 50.000000
68250, 50.000000
68900, 50.000000
69550, 50.000000
70200, 50.000000
70850, 50.000000
71500, 50.000000
72150, 50.000000
72800, 50.000000
73450, 50.000000
74100, 50.000000
74750, 50.000000
75400, 50.000000
76050, 50.000000
76700, 50.000000
77350, 50.000000
78000, 50.000000
78650, 50.000000
79300, 50.000000
79950, 50.000000
80600, 50.000000
81250, 50.000000
81900, 50.000000
82550, 50.000000
83200, 50.000000
83850, 50.000000
84500, 50.000000
85150, 50.000000
85800, 50.000000
86450, 50.000000
87100, 50.000000
87750, 50.000000
88400, 50.000000
89050, 50.000000
89700, 50.000000
90350, 50.000000
91000, 50.000000
91650, 50.000000
92300, 50.000000
92950, 50.000000
93600, 50.000000
94250, 50.000000
94900, 50.000000
95550, 50.000000
96200, 50.000000
96850, 50.000000
97500, 50.000000
98150, 50.000000
98800, 50.000000
99450, 50.000000
100100, 50.000000
100750, 50.000000
101400, 50.000000
102050, 50.000000
102700, 50.000000
103350, 50.000000
104000, 50.000000
104650, 50.000000
105300, 50.000000
105950, 50.000000
106600, 50.000000
107250, 50.000000
107900, 50.000000
108550, 50.000000
109200, 50.000000
109850, 50.000000
110500, 50.000000
111150, 50.000000
111800, 50.000000
112450, 50.000000
113100, 50.000000
113750, 50.000000
114400, 50.000000
115050, 50.000000
115700, 50.000000
116350, 50.000000
117000, 50.000000
117650, 50.000000
118300, 50.000000
118950, 50.000000
119600, 50.000000
120250, 50.000000
120900, 50.000000
121550, 50.000000
122200, 50.000000
122850, 50.000000
123500, 50.000000
124150, 50.000000
124800, 50.000000
125450, 50.000000
126100, 50.000000
126750, 50.000000
127400, 50.000000
128050, 50.000000
128700, 50.000000
129350, 50.000000
130000, 50.000000
130650, 50.000000
131300, 50.000000
131950, 50.000000
132600, 50.000000
133250, 50.000000
133900, 50.000000
134550, 50.000000
135200, 50.000000
135850, 50.000000
136500, 50.000000
137150, 50.000000
137800, 50.000000
138450, 50.000000
139100, 50.000000
139750, 50.000000
140400, 50.000000
141050, 50.000000
141700, 50.000000
142350, 50.000000
143000, 50.000000
143650, 50.000000
144300, 50.000000
144950, 50.000000
145600, 50.000000
146250, 50.000000
146900, 50.000000
147550, 50.000000
148200, 50.000000
148850, 50.000000
149500, 50.000000
150150, nan
150800, nan
151450, nan
152100, nan
152750, nan
153400, nan
154050, nan
154700, nan
155350, nan
156000, nan
156650, nan
157300, nan
157950, nan
158600, nan
159250, nan
159900, nan
160550, nan
161200, nan
161850, nan
162500, nan
163150, nan
163800, nan
164450, nan
165100, nan
165750, nan
166400, nan
167050, nan
167700, nan
168350, nan
169000, nan
169650, nan
170300, nan
170950, nan
171600, nan
172250, nan
172900, nan
173550, nan
174200, nan
174850, nan
175500, nan
176150, nan
176800, nan
177450, nan
178100, nan
178750, nan
179400, nan
180050, nan
180700, nan
181350, nan
182000, nan
182650, nan
183300, nan
183950, nan
184600, nan
185250, nan
185900, nan
186550, nan
187200, nan
187850, nan
188500, nan
189150, nan
189800, nan
190450, nan
191100, nan
191750, nan
192400, nan
193050, nan
193700, nan
194350, nan
195000, nan
195650, nan
196300, nan
196950, nan
197600, nan
198250, nan
198900, nan
199550, nan
200200, nan
200850, nan
201500, nan
202150, nan
202800, nan
203450, nan
204100, nan
204750, nan
205400, nan
206050, nan
206700, nan
207350, nan
208000, nan
208650, nan
209300, nan
209950, nan
210600, nan
211250, nan
211900, nan
212550, nan
213200, nan
213850, nan
214500, nan
215150, nan
215800, nan
216450, nan
217100, nan
217750, nan
218400, nan
219050, nan
219700, nan
220350, nan
221000, nan
221650, nan
222300, nan
222950, nan
223600, nan
224250, nan
224900, nan
225550, nan
226200, nan
226850, nan
227500, nan
228150, nan
228800, nan
229450, nan
230100, nan
230750, nan
231400, nan
232050, nan
232700, nan
233350, nan
234000, nan
234650, nan
235300, nan
235950, nan
236600, nan
237250, nan
237900, nan
238550, nan
239200, nan
239850, nan
240500, nan
241150, nan
241800, nan
242450, nan
243100, nan
243750, nan
244400, nan
245050, nan
245700, nan
246350, nan
247000, nan
247650, nan
248300, nan
248950, nan
249600, nan
250250, nan
250900, nan
251550, nan
252200, nan
252850, nan
253500, nan
254150, nan
254800, nan
255450, nan
256100, nan
256750, nan
257400, nan
258050, nan
258700, nan
259350, nan
260000, nan
260650, nan
261300, nan
261950, nan
262600, nan
263250, nan
263900, nan
264550, nan
265200, nan
265850, nan
266500, nan
267150, nan
267800, nan
268450, nan
269100, nan
269750, nan
270400, nan
271050, nan
271700, nan
272350, nan
273000, nan
273650, nan
274300, nan
274950, nan
275600, nan
276250, nan
276900, nan
277550, nan
278200, nan
278850, nan
279500, nan
280150, nan
280800, nan
281450, nan
282100, nan
282750, nan
283400, nan
284050, nan
284700, nan
285350, nan
286000, nan
286650, nan
287300, nan
287950, nan
288600, nan
289250, nan
289900, nan
290550, nan
291200, nan
291850, nan
292500, nan
293150, nan
293800, nan
294450, nan
295100, nan
295750, nan
296400, nan
297050, nan
297700, nan
298350, nan
299000, nan
299650, nan
300300, nan
