# hh_euler_0850.txt
# dt = 850 [usec]
# t [usec], V [mV]
0, -65.000000
850, -64.983642
1700, -64.959996
2550, -64.964363
3399, -64.929998
4249, -64.981981
5099, -64.876878
5949, -65.062890
6799, -64.631409
7649, -65.194070
8499, -62.898241
9350, -64.426180
10200, -55.038915
11050, -42.623025
11900, 29.437580
12750, 39.137477
13600, 53.340992
14450, 49.952243
15300, 50.000632
16150, 49.999996
17000, 50.000000
17850, 50.000000
18700, 50.000000
19550, 50.000000
20400, 50.000000
21250, 50.000000
22100, 50.000000
22950, 50.000000
23800, 50.000000
24650, 50.000000
25500, 50.000000
26350, 50.000000
27200, 50.000000
28050, 50.000000
28900, 50.000000
29750, 50.000000
30600, 50.000000
31450, 50.000000
32300, 50.000000
33150, 50.000000
34000, 50.000000
34850, 50.000000
35700, 50.000000
36550, 50.000000
37400, 50.000000
38249, 50.000000
39099, 50.000000
39949, 50.000000
40799, 50.000000
41649, 50.000000
42499, 50.000000
43349, 50.000000
44199, 50.000000
45049, 50.000000
45899, 50.000000
46749, 50.000000
47599, 50.000000
48449, 50.000000
49299, 50.000000
50149, 50.000000
50999, 50.000000
51849, 50.000000
52699, 50.000000
53549, 50.000000
54399, 50.000000
55249, 50.000000
56099, 50.000000
56949, 50.000000
57799, 50.000000
58649, 50.000000
59499, 50.000000
60349, 50.000000
61199, 50.000000
62049, 50.000000
62899, 50.000000
63749, 50.000000
64599, 50.000000
65449, 50.000000
66299, 50.000000
67149, 50.000000
67999, 50.000000
68849, 50.000000
69699, 50.000000
70549, 50.000000
71399, 50.000000
72249, 50.000000
73099, 50.000000
73949, 50.000000
74799, 50.000000
75649, 50.000000
76499, 50.000000
77349, 50.000000
78199, 50.000000
79049, 50.000000
79899, 50.000000
80749, 50.000000
81599, 50.000000
82449, 50.000000
83299, 50.000000
84149, 50.000000
84999, 50.000000
85849, 50.000000
86699, 50.000000
87549, 50.000000
88399, 50.000000
89249, 50.000000
90099, 50.000000
90949, 50.000000
91799, 50.000000
92649, 50.000000
93499, 50.000000
94349, 50.000000
95199, 50.000000
96049, 50.000000
96899, 50.000000
97749, 50.000000
98599, 50.000000
99449, 50.000000
100299, 50.000000
101149, 50.000000
101999, 50.000000
102849, 50.000000
103699, 50.000000
104549, 50.000000
105399, 50.000000
106249, 50.000000
107099, 50.000000
107949, 50.000000
108799, 50.000000
109649, 50.000000
110499, 50.000000
111349, 50.000000
112199, 50.000000
113049, 50.000000
113899, 50.000000
114749, 50.000000
115599, 50.000000
116449, 50.000000
117299, 50.000000
118149, 50.000000
118999, nan
119849, nan
120699, nan
121549, nan
122399, nan
123249, nan
124099, nan
124949, nan
125799, nan
126649, nan
127499, nan
128349, nan
129199, nan
130049, nan
130899, nan
131749, nan
132599, nan
133449, nan
134299, nan
135149, nan
135999, nan
136849, nan
137699, nan
138549, nan
139399, nan
140249, nan
141099, nan
141949, nan
142799, nan
143649, nan
144499, nan
145349, nan
146199, nan
147049, nan
147899, nan
148749, nan
149599, nan
150450, nan
151300, nan
152150, nan
153000, nan
153850, nan
154700, nan
155550, nan
156400, nan
157250, nan
158100, nan
158950, nan
159800, nan
160650, nan
161500, nan
162350, nan
163200, nan
164050, nan
164900, nan
165750, nan
166600, nan
167450, nan
168300, nan
169150, nan
170000, nan
170850, nan
171700, nan
172550, nan
173400, nan
174250, nan
175100, nan
175950, nan
176800, nan
177650, nan
178500, nan
179350, nan
180200, nan
181050, nan
181900, nan
182750, nan
183600, nan
184450, nan
185300, nan
186150, nan
187000, nan
187850, nan
188700, nan
189550, nan
190400, nan
191250, nan
192100, nan
192950, nan
193800, nan
194650, nan
195500, nan
196350, nan
197200, nan
198050, nan
198900, nan
199750, nan
200600, nan
201450, nan
202300, nan
203150, nan
204000, nan
204850, nan
205700, nan
206550, nan
207400, nan
208250, nan
209100, nan
209950, nan
210800, nan
211650, nan
212500, nan
213350, nan
214200, nan
215050, nan
215900, nan
216750, nan
217600, nan
218450, nan
219300, nan
220150, nan
221000, nan
221850, nan
222700, nan
223550, nan
224400, nan
225250, nan
226100, nan
226950, nan
227800, nan
228650, nan
229500, nan
230350, nan
231200, nan
232050, nan
232900, nan
233750, nan
234600, nan
235450, nan
236300, nan
237150, nan
238000, nan
238850, nan
239700, nan
240550, nan
241400, nan
242250, nan
243100, nan
243950, nan
244800, nan
245650, nan
246500, nan
247350, nan
248200, nan
249050, nan
249900, nan
250750, nan
251600, nan
252450, nan
253300, nan
254150, nan
255000, nan
255850, nan
256700, nan
257550, nan
258400, nan
259250, nan
260100, nan
260950, nan
261800, nan
262650, nan
263500, nan
264350, nan
265200, nan
266050, nan
266900, nan
267750, nan
268600, nan
269450, nan
270300, nan
271150, nan
272000, nan
272850, nan
273700, nan
274550, nan
275400, nan
276250, nan
277100, nan
277950, nan
278800, nan
279650, nan
280500, nan
281350, nan
282200, nan
283050, nan
283900, nan
284750, nan
285600, nan
286450, nan
287300, nan
288150, nan
289000, nan
289850, nan
290700, nan
291550, nan
292400, nan
293250, nan
294100, nan
294950, nan
295800, nan
296650, nan
297500, nan
298350, nan
299200, nan
300050, nan
