# hh_euler_0210.txt
# dt = 210 [usec]
# t [usec], V [mV]
0, -65.000000
210, -64.994055
420, -64.988469
630, -64.983205
840, -64.978277
1050, -64.973697
1260, -64.969476
1470, -64.965621
1680, -64.962135
1890, -64.959018
2100, -64.956266
2310, -64.953875
2520, -64.951836
2730, -64.950137
2940, -64.948768
3150, -64.947713
3360, -64.946956
3570, -64.946482
3780, -64.946270
3990, -64.946304
4200, -64.946563
4410, -64.947027
4620, -64.947677
4830, -64.948493
5040, -64.949454
5250, -64.950541
5460, -64.951735
5670, -64.953019
5880, -64.954373
6090, -64.955781
6300, -64.957226
6510, -64.958695
6720, -64.960172
6930, -64.961645
7140, -64.963101
7350, -64.964530
7560, -64.965922
7770, -64.967267
7980, -64.968559
8190, -64.969791
8400, -64.970957
8610, -64.972052
8820, -64.973074
9030, -64.974019
9240, -64.974885
9450, -64.975672
9660, -64.976379
9870, -64.977006
10080, -64.977556
10290, -64.978028
10500, -64.978426
10710, -64.978752
10920, -64.979009
11130, -64.979201
11340, -64.979330
11550, -64.979402
11760, -64.979419
11970, -64.979386
12180, -64.979308
12390, -64.979188
12600, -64.979031
12810, -64.978842
13020, -64.978623
13230, -64.978380
13440, -64.978117
13650, -64.977837
13860, -64.977544
14070, -64.977241
14280, -64.976932
14490, -64.976621
14700, -64.976308
14910, -64.975999
15120, -64.975694
15330, -64.975395
15540, -64.975106
15750, -64.974828
15960, -64.974561
16170, -64.974308
16380, -64.974070
16590, -64.973847
16800, -64.973640
17010, -64.973449
17220, -64.973275
17430, -64.973118
17640, -64.972978
17850, -64.972854
18060, -64.972747
18270, -64.972656
18480, -64.972581
18690, -64.972520
18900, -64.972474
19110, -64.972441
19320, -64.972421
19530, -64.972413
19740, -64.972416
19950, -64.972429
20160, -64.972452
20370, -64.972482
20580, -64.972520
20790, -64.972565
21000, -64.972615
21210, -64.972670
21420, -64.972729
21630, -64.972791
21840, -64.972855
22050, -64.972921
22260, -64.972988
22470, -64.973056
22680, -64.973123
22890, -64.973189
23100, -64.973254
23310, -64.973317
23520, -64.973378
23730, -64.973437
23940, -64.973493
24150, -64.973546
24360, -64.973596
24570, -64.973642
24780, -64.973685
24990, -64.973724
25200, -64.973760
25410, -64.973792
25620, -64.973821
25830, -64.973846
26040, -64.973867
26250, -64.973885
26460, -64.973900
26670, -64.973912
26880, -64.973921
27090, -64.973927
27300, -64.973930
27510, -64.973931
27720, -64.973930
27930, -64.973926
28140, -64.973921
28350, -64.973914
28560, -64.973905
28770, -64.973896
28980, -64.973885
29190, -64.973873
29400, -64.973860
29610, -64.973847
29820, -64.973834
30030, -64.973820
30240, -64.973806
30450, -64.973792
30660, -64.973778
30870, -64.973764
31080, -64.973751
31290, -64.973738
31500, -64.973725
31710, -64.973713
31920, -64.973702
32130, -64.973691
32340, -64.973681
32550, -64.973672
32760, -64.973664
32970, -64.973656
33180, -64.973649
33390, -64.973643
33600, -64.973637
33810, -64.973633
34020, -64.973629
34230, -64.973625
34440, -64.973623
34650, -64.973621
34860, -64.973619
35070, -64.973618
35280, -64.973618
35490, -64.973618
35700, -64.973619
35910, -64.973620
36120, -64.973622
36330, -64.973623
36540, -64.973626
36750, -64.973628
36960, -64.973630
37170, -64.973633
37380, -64.973636
37590, -64.973639
37800, -64.973642
38010, -64.973645
38220, -64.973648
38430, -64.973651
38640, -64.973654
38850, -64.973657
39060, -64.973660
39270, -64.973663
39480, -64.973666
39690, -64.973668
39900, -64.973671
40110, -64.973673
40320, -64.973675
40530, -64.973677
40740, -64.973679
40950, -64.973681
41160, -64.973682
41370, -64.973683
41580, -64.973685
41790, -64.973686
42000, -64.973686
42210, -64.973687
42420, -64.973688
42630, -64.973688
42840, -64.973688
43050, -64.973689
43260, -64.973689
43470, -64.973689
43680, -64.973689
43890, -64.973688
44100, -64.973688
44310, -64.973688
44520, -64.973687
44730, -64.973687
44940, -64.973686
45150, -64.973686
45360, -64.973685
45570, -64.973685
45780, -64.973684
45990, -64.973683
46200, -64.973683
46410, -64.973682
46620, -64.973681
46830, -64.973681
47040, -64.973680
47250, -64.973680
47460, -64.973679
47670, -64.973679
47880, -64.973678
48090, -64.973678
48300, -64.973677
48510, -64.973677
48720, -64.973677
48930, -64.973676
49140, -64.973676
49350, -64.973676
49560, -64.973676
49770, -64.973676
49980, -64.973675
50190, -55.613398
50400, -46.066743
50610, -29.132376
50820, 26.905973
51030, 63.749099
51240, 4.667270
51450, 38.151132
51660, 2.362762
51870, 2.050413
52080, -13.703223
52290, -22.322819
52500, -32.573651
52710, -42.872889
52920, -55.661444
53130, -69.789132
53340, -72.109959
53550, -71.413904
53760, -70.869839
53970, -70.280832
54180, -69.659601
54390, -69.002512
54600, -68.315748
54810, -67.597578
55020, -66.855068
55230, -66.087625
55440, -65.302790
55650, -64.500119
55860, -63.687309
56070, -62.863693
56280, -62.035950
56490, -61.201664
56700, -60.364331
56910, -59.518462
57120, -58.664377
57330, -57.791442
57540, -56.892837
57750, -55.947560
57960, -54.932600
58170, -53.799833
58380, -52.477772
58590, -50.826335
58800, -48.582309
59010, -45.136346
59220, -38.970538
59430, -25.840124
59640, 3.283009
59850, 32.819087
60060, 4.159100
60270, -4.748445
60480, -17.702198
60690, -27.931792
60900, -38.016032
61110, -48.953752
61320, -62.013397
61530, -70.892499
61740, -70.819161
61950, -70.241949
62160, -69.622817
62370, -68.964333
62580, -68.276494
62790, -67.557627
63000, -66.814893
63210, -66.047850
63420, -65.264241
63630, -64.463776
63840, -63.654347
64050, -62.835575
64260, -62.014460
64470, -61.189178
64680, -60.363744
64890, -59.533506
65100, -58.699957
65310, -57.854269
65520, -56.992387
65730, -56.097830
65940, -55.153106
66150, -54.123210
66360, -52.962695
66570, -51.582843
66780, -49.824600
66990, -47.365454
67200, -43.478629
67410, -36.311118
67620, -20.984366
67830, 9.709557
68040, 27.957603
68250, -2.876786
68460, -9.055721
68670, -21.926570
68880, -31.882974
69090, -42.058751
69300, -53.657037
69510, -66.337975
69720, -70.859665
69930, -70.424051
70140, -69.819426
70350, -69.172769
70560, -68.494609
70770, -67.784642
70980, -67.049867
71190, -66.289731
71400, -65.511747
71610, -64.715975
71820, -63.910353
72030, -63.094710
72240, -62.275996
72450, -61.452409
72660, -60.629342
72870, -59.802970
73080, -58.975715
73290, -58.140051
73500, -57.291776
73710, -56.415851
73920, -55.500042
74130, -54.515514
74340, -53.426497
74550, -52.162836
74760, -50.612421
74970, -48.541023
75180, -45.466515
75390, -40.219278
75600, -29.737770
75810, -7.018714
76020, 24.915403
76230, 13.396025
76440, -7.677489
76650, -16.646880
76860, -27.796101
77070, -37.709764
77280, -48.472110
77490, -61.171412
77700, -70.338137
77910, -70.604063
78120, -70.043406
78330, -69.413670
78540, -68.747382
78750, -68.048166
78960, -67.322924
79170, -66.570909
79380, -65.799777
79590, -65.009521
79800, -64.208083
80010, -63.394972
80220, -62.577628
80430, -61.754973
80640, -60.932876
80850, -60.108169
81060, -59.283163
81270, -58.450321
81480, -57.608028
81690, -56.743578
81900, -55.847381
82110, -54.894647
82320, -53.856300
82530, -52.674027
82740, -51.257619
82950, -49.431224
83160, -46.842725
83370, -42.679570
83580, -34.871437
83790, -18.093303
84000, 13.470109
84210, 25.171094
84420, -5.430085
84630, -11.207112
84840, -23.664305
85050, -33.536823
85260, -43.795844
85470, -55.695270
85680, -67.801684
85890, -70.745138
86100, -70.279549
86310, -69.666231
86520, -69.013373
86730, -68.325991
86940, -67.611297
87150, -66.868626
87360, -66.105432
87570, -65.321524
87780, -64.524642
87990, -63.714852
88200, -62.899761
88410, -62.078633
88620, -61.257411
88830, -60.432817
89040, -59.608458
89250, -58.778407
89460, -57.942362
89670, -57.089336
89880, -56.210654
90090, -55.283807
90300, -54.285398
90510, -53.168115
90720, -51.863247
90930, -50.234013
91140, -48.021668
91350, -44.656597
91560, -38.744793
91770, -26.610563
91980, -0.858450
92190, 27.485524
92400, 6.270977
92610, -7.721210
92820, -19.169082
93030, -29.710706
93240, -39.764045
93450, -50.891929
93660, -63.744166
93870, -70.743089
94080, -70.512547
94290, -69.921064
94500, -69.283914
94710, -68.609118
94920, -67.905967
95130, -67.173546
95340, -66.419017
95550, -65.642157
95760, -64.850838
95970, -64.045175
96180, -63.232800
96390, -62.412767
96600, -61.591638
96810, -60.767217
97020, -59.943832
97230, -59.116469
97440, -58.284701
97650, -57.437826
97860, -56.569981
98070, -55.662479
98280, -54.696391
98490, -53.631566
98700, -52.411815
98910, -50.928605
99120, -48.990881
99330, -46.180633
99540, -41.530359
99750, -32.523400
99960, -12.986544
100170, 19.733235
100380, 20.161228
100590, -7.500245
100800, -13.975080
101010, -25.786004
101220, -35.611265
101430, -46.058970
101640, -58.382391
101850, -69.327670
102060, -70.666433
102270, -70.150397
102480, -69.531348
102690, -68.869295
102900, -68.177465
103110, -67.455069
103320, -66.709244
103530, -65.939751
103740, -65.154372
103950, -64.352982
104160, -63.543280
104370, -62.724986
104580, -61.904984
104790, -61.081565
105000, -60.259139
105210, -59.432527
105420, -58.603014
105630, -57.761865
105840, -56.905004
106050, -56.016228
106260, -55.080052
106470, -54.061308
106680, -52.915948
106890, -51.557269
107100, -49.834726
107310, -47.443445
107520, -43.704091
107730, -36.911786
107940, -22.606480
108150, 6.413553
108360, 27.743805
108570, -0.742067
108780, -8.872844
108990, -21.543533
109200, -31.637498
109410, -41.798235
109620, -53.317587
109830, -65.991456
110040, -70.808515
110250, -70.400056
110460, -69.796126
110670, -69.148653
110880, -68.469419
111090, -67.758489
111300, -67.022822
111510, -66.262004
111720, -65.483440
111930, -64.687296
112140, -63.881424
112350, -63.065737
112560, -62.247189
112770, -61.423941
112980, -60.601263
113190, -59.775392
113400, -58.948626
113610, -58.113484
113820, -57.265993
114030, -56.390898
114240, -55.475794
114450, -54.491910
114660, -53.403401
114870, -52.140265
115080, -50.590506
115290, -48.519674
115500, -45.446367
115710, -40.203745
115920, -29.742313
116130, -7.103818
116340, 24.715050
116550, 13.392964
116760, -7.740230
116970, -16.710137
117180, -27.856298
117390, -37.770428
117600, -48.538125
117810, -61.234551
118020, -70.340031
118230, -70.593430
118440, -70.032203
118650, -69.401897
118860, -68.735026
119070, -68.035309
119280, -67.309581
119490, -66.557185
119700, -65.785695
119910, -64.995199
120120, -64.193571
120330, -63.380389
120540, -62.562986
120750, -61.740362
120960, -60.918278
121170, -60.093631
121380, -59.268733
121590, -58.435998
121800, -57.593660
122010, -56.729048
122220, -55.832404
122430, -54.878914
122640, -53.839226
122850, -52.654802
123060, -51.234771
123270, -49.402300
123480, -46.801782
123690, -42.611998
123900, -34.740232
124110, -17.815731
124320, 13.835010
124530, 24.918159
124740, -5.618277
124950, -11.380909
125160, -23.801236
125370, -33.665998
125580, -43.933337
125790, -55.857963
126000, -67.908982
126210, -70.738349
126420, -70.269975
126630, -69.656202
126840, -69.002788
127050, -68.314957
127260, -67.599807
127470, -66.856775
127680, -66.093233
127890, -65.309096
128100, -64.511997
128310, -63.702090
128520, -62.886886
128730, -62.065726
128940, -61.244510
129150, -60.419967
129360, -59.595579
129570, -58.765475
129780, -57.929220
129990, -57.075858
130200, -56.196763
130410, -55.269259
130620, -54.269663
130830, -53.150475
131040, -51.842425
131250, -50.207170
131460, -47.984018
131670, -44.596526
131880, -38.632040
132090, -26.367146
132300, -0.394394
132510, 27.587248
132720, 5.771771
132930, -7.753202
133140, -19.336772
133350, -29.842048
133560, -39.902598
133770, -51.056233
133980, -63.908530
134190, -70.755944
134400, -70.505637
134610, -69.912792
134820, -69.275014
135030, -68.599807
135240, -67.896241
135450, -67.163492
135660, -66.408647
135870, -65.631561
136080, -64.840023
136290, -64.034234
136500, -63.221763
136710, -62.401709
136920, -61.580536
137130, -60.756118
137340, -59.932673
137550, -59.105244
137760, -58.273399
137970, -57.426384
138180, -56.558168
138390, -55.650065
138600, -54.682923
138810, -53.616458
139020, -52.394000
139230, -50.906386
139440, -48.960187
139650, -46.132937
139860, -41.446440
140070, -32.349734
140280, -12.612648
140490, 20.114202
140700, 19.753069
140910, -7.560538
141120, -14.162207
141330, -25.929446
141540, -35.754762
141750, -46.219913
141960, -58.571154
142170, -69.413831
142380, -70.661487
142590, -70.142085
142800, -69.522428
143010, -68.859927
143220, -68.167658
143430, -67.444914
143640, -66.698739
143850, -65.928990
144060, -65.143362
144270, -64.341838
144480, -63.532001
144690, -62.713653
144900, -61.893577
145110, -61.070138
145320, -60.247708
145530, -59.421101
145740, -58.591471
145950, -57.750127
146160, -56.892847
146370, -56.003427
146580, -55.066429
146790, -54.046438
147000, -52.898990
147210, -51.536386
147420, -49.807005
147630, -47.402440
147840, -43.635443
148050, -36.776834
148260, -22.308516
148470, 6.919836
148680, 27.654712
148890, -1.157670
149100, -9.005573
149310, -21.695775
149520, -31.768123
149730, -41.934548
149940, -53.479987
150150, -66.127894
150360, -70.806188
150570, -70.391976
150780, -69.787403
150990, -69.139428
151200, -68.459745
151410, -67.748444
151620, -67.012405
151830, -66.251318
152040, -65.472490
152250, -64.676178
152460, -63.870143
152670, -63.054381
152880, -62.235790
153090, -61.412560
153300, -60.589853
153510, -59.763971
153720, -58.937091
153930, -58.101784
154140, -57.254088
154350, -56.378660
154560, -55.462884
154770, -54.477931
154980, -53.387626
155190, -52.121631
155400, -50.567075
155610, -48.487086
155820, -45.395153
156030, -40.110463
156240, -29.545272
156450, -6.699590
156660, 24.967079
156870, 12.920449
157080, -7.729980
157290, -16.883290
157500, -27.985300
157710, -37.907501
157920, -48.698392
158130, -61.413788
158340, -70.382858
158550, -70.588658
158760, -70.024932
158970, -69.394042
159180, -68.726742
159390, -68.026686
159600, -67.300620
159810, -66.547968
160020, -65.776223
160230, -64.985561
160440, -64.183765
160650, -63.370525
160860, -62.553048
161070, -61.730412
161280, -60.908275
161490, -60.083601
161700, -59.258675
161910, -58.425892
162120, -57.583350
162330, -56.718407
162540, -55.821141
162750, -54.866703
162960, -53.825452
163170, -52.638581
163380, -51.214480
163590, -49.375145
163800, -46.761107
164010, -42.541273
164220, -34.596647
164430, -17.499776
164640, 14.268747
164850, 24.652995
165060, -5.817514
165270, -11.554408
165480, -23.937480
165690, -33.793335
165900, -44.069288
166110, -56.020107
166320, -68.016345
166530, -70.733418
166740, -70.261963
166950, -69.647771
167160, -68.993877
167370, -68.305668
167580, -67.590133
167790, -66.846801
168000, -66.082961
168210, -65.298633
168420, -64.501345
168630, -63.691339
168840, -62.876030
169050, -62.054840
169260, -61.233615
169470, -60.409103
169680, -59.584668
169890, -58.754497
170100, -57.918028
170310, -57.064339
170520, -56.184832
170730, -55.256694
170940, -54.255972
171150, -53.135002
171360, -51.823984
171570, -50.183154
171780, -47.949978
171990, -44.540765
172200, -38.526163
172410, -26.136847
172620, 0.047347
172830, 27.682929
173040, 5.298774
173250, -7.785009
173460, -19.492203
173670, -29.963099
173880, -40.030214
174090, -51.208141
174300, -64.057828
174510, -70.766456
174720, -70.499399
174930, -69.905379
175140, -69.267041
175350, -68.591469
175560, -67.887529
175770, -67.154489
175980, -66.399358
176190, -65.622073
176400, -64.830336
176610, -64.024436
176820, -63.211876
177030, -62.391806
177240, -61.570588
177450, -60.746172
177660, -59.922666
177870, -59.095174
178080, -58.263251
178290, -57.416102
178500, -56.547539
178710, -55.638881
178920, -54.670765
179130, -53.602790
179340, -52.377841
179550, -50.886176
179760, -48.932182
179970, -46.089291
180180, -41.369451
180390, -32.190143
180600, -12.269045
180810, 20.462472
181020, 19.368974
181230, -7.606890
181440, -14.333696
181650, -26.060552
181860, -35.887965
182070, -46.368890
182280, -58.745810
182490, -69.491676
182700, -70.656991
182910, -70.134464
183120, -69.514237
183330, -68.851325
183540, -68.158653
183750, -67.435591
183960, -66.689095
184170, -65.919113
184380, -65.133256
184590, -64.331611
184800, -63.521650
185010, -62.703253
185220, -61.883110
185430, -61.059654
185640, -60.237219
185850, -59.410619
186060, -58.580881
186270, -57.739360
186480, -56.881692
186690, -55.991683
186900, -55.053776
187110, -54.032595
187320, -52.883199
187530, -51.516944
187740, -49.781193
187950, -47.364247
188160, -43.571476
188370, -36.651055
188580, -22.031001
188790, 7.389960
189000, 27.553876
189210, -1.528849
189420, -9.136075
189630, -21.837406
189840, -31.889082
190050, -42.060147
190260, -53.629635
190470, -66.252151
190680, -70.803371
190890, -70.384259
191100, -69.779110
191310, -69.130666
191520, -68.450556
191730, -67.738905
191940, -67.002514
192150, -66.241173
192360, -65.462094
192570, -64.665624
192780, -63.859435
192990, -63.043605
193200, -62.224974
193410, -61.401764
193620, -60.579030
193830, -59.753140
194040, -58.926155
194250, -58.090694
194460, -57.242809
194670, -56.367070
194880, -55.450664
195090, -54.464708
195300, -53.372713
195510, -52.104027
195720, -50.544956
195930, -48.456340
196140, -45.346856
196350, -40.022536
196560, -29.359761
196770, -6.320000
196980, 25.194520
197190, 12.473573
197400, -7.718548
197610, -17.044770
197820, -28.105801
198030, -38.038132
198240, -48.850662
198450, -61.583033
198660, -70.421138
198870, -70.583809
199080, -70.017778
199290, -69.386321
199500, -68.718602
199710, -68.018214
199920, -67.291817
200130, -66.538914
200340, -65.766919
200550, -64.976094
200760, -64.174136
200970, -63.360839
201180, -62.543292
201390, -61.720646
201600, -60.898459
201810, -60.073762
202020, -59.248810
202230, -58.415986
202440, -57.573247
202650, -56.707986
202860, -55.810118
203070, -54.854761
203280, -53.811991
203490, -52.622742
203700, -51.194685
203910, -49.348676
204120, -46.721487
204330, -42.472417
204540, -34.456951
204750, -17.192932
204960, 14.687660
205170, 24.384669
205380, -6.001718
205590, -11.725144
205800, -24.070813
206010, -33.920472
206220, -44.204455
206430, -56.181230
206640, -68.118165
206850, -70.728314
207060, -70.253977
207270, -69.639368
207480, -68.985001
207690, -68.296413
207900, -67.580497
208110, -66.836865
208320, -66.072730
208530, -65.288212
208740, -64.490738
208950, -63.680631
209160, -62.865219
209370, -62.043996
209580, -61.222762
209790, -60.398278
210000, -59.573794
210210, -58.743551
210420, -57.906863
210630, -57.052839
210840, -56.172912
211050, -55.244126
211260, -54.242262
211470, -53.119482
211680, -51.805454
211890, -50.158972
212100, -47.915632
212310, -44.484386
212520, -38.418937
212730, -25.903482
212940, 0.490346
213150, 27.760451
213360, 4.838092
213570, -7.823118
213780, -19.644520
213990, -30.082121
214200, -40.157821
214410, -51.360662
214620, -64.206672
214830, -70.775316
215040, -70.492941
215250, -69.897815
215460, -69.258917
215670, -68.582974
215880, -67.878655
216090, -67.145318
216300, -66.389899
216510, -65.612409
216720, -64.820472
216930, -64.014458
217140, -63.201808
217350, -62.381720
217560, -61.560458
217770, -60.736041
217980, -59.912473
218190, -59.084914
218400, -58.252909
218610, -57.405620
218820, -56.536698
219030, -55.627465
219240, -54.658347
219450, -53.588816
219660, -52.361302
219870, -50.865465
220080, -48.903441
220290, -46.044432
220500, -41.290229
220710, -32.025832
220920, -11.915646
221130, 20.813719
221340, 18.969815
221550, -7.650202
221760, -14.510066
221970, -26.194993
222180, -36.026972
222390, -46.524505
222600, -58.928039
222810, -69.570936
223020, -70.652384
223230, -70.126588
223440, -69.505762
223650, -68.842424
223860, -68.149336
224070, -67.425945
224280, -66.679118
224490, -65.908894
224700, -65.122802
224910, -64.321032
225120, -63.510944
225330, -62.692497
225540, -61.872286
225750, -61.048811
225960, -60.226372
226170, -59.399778
226380, -58.569928
226590, -57.728222
226800, -56.870154
227010, -55.979532
227220, -55.040586
227430, -54.018138
227640, -52.866703
227850, -51.496624
228060, -49.754204
228270, -47.324285
228480, -43.504499
228690, -36.519294
228900, -21.740467
229110, 7.867198
229320, 27.441487
229530, -1.900839
229740, -9.273492
229950, -21.982464
230160, -32.013390
230370, -42.189600
230580, -53.784457
230790, -66.379802
231000, -70.800353
231210, -70.376385
231420, -69.770661
231630, -69.121740
231840, -68.441198
232050, -67.729188
232260, -66.992440
232470, -66.230834
232680, -65.451506
232890, -64.654877
233100, -63.848534
233310, -63.032634
233520, -62.213962
233730, -61.390771
233940, -60.568011
234150, -59.742110
234360, -58.915016
234570, -58.079394
234780, -57.231312
234990, -56.355249
235200, -55.438194
235410, -54.451203
235620, -53.357468
235830, -52.086009
236040, -50.522286
236250, -48.424783
236460, -45.297213
236670, -39.932049
236880, -29.166808
237090, -5.924225
237300, 25.427065
237510, 12.006740
237720, -7.706510
237930, -17.211875
238140, -28.232336
238350, -38.174085
238560, -49.010656
238770, -61.759795
238980, -70.459307
239190, -70.578668
239400, -70.010278
239610, -69.378226
239820, -68.710069
240030, -68.009333
240240, -67.282590
240450, -66.529424
240660, -65.757168
240870, -64.966171
241080, -64.164045
241290, -63.350688
241500, -62.533069
241710, -61.710410
241920, -60.888171
242130, -60.063447
242340, -59.238468
242550, -58.405596
242760, -57.562649
242970, -56.697048
243180, -55.798543
243390, -54.842210
243600, -53.797833
243810, -52.606064
244020, -51.173817
244230, -49.320733
244440, -46.679606
244650, -42.399531
244860, -34.308970
245070, -16.868084
245280, 15.122187
245490, 24.094489
245700, -6.185280
245910, -11.907190
246120, -24.209731
246330, -34.055108
246540, -44.348321
246750, -56.352357
246960, -68.224693
247170, -70.722860
247380, -70.245464
247590, -69.630406
247800, -68.975536
248010, -68.286545
248220, -67.570224
248430, -66.826273
248640, -66.061826
248850, -65.277104
249060, -64.479433
249270, -63.669219
249480, -62.853699
249690, -62.032439
249900, -61.211198
250110, -67.868620
250320, -71.149832
250530, -72.696259
250740, -73.407210
250950, -73.704642
251160, -73.785508
251370, -73.747458
251580, -73.639775
251790, -73.489620
252000, -73.311528
252210, -73.114758
252420, -72.904328
252630, -72.684208
252840, -72.456406
253050, -72.223224
253260, -71.985657
253470, -71.745316
253680, -71.502607
253890, -71.258935
254100, -71.014665
254310, -70.770987
254520, -70.527883
254730, -70.286491
254940, -70.046971
255150, -69.810318
255360, -69.576294
255570, -69.345800
255780, -69.118859
255990, -68.896326
256200, -68.677900
256410, -68.464119
256620, -68.254910
256830, -68.051017
257040, -67.852280
257250, -67.658907
257460, -67.470564
257670, -67.287929
257880, -67.110781
258090, -66.939750
258300, -66.774310
258510, -66.614583
258720, -66.460307
258930, -66.312086
259140, -66.169638
259350, -66.033538
259560, -65.903471
259770, -65.779409
259980, -65.660817
260190, -65.548249
260400, -65.441386
260610, -65.340769
260820, -65.246049
261030, -65.157729
261240, -65.075421
261450, -64.999590
261660, -64.929799
261870, -64.865925
262080, -64.807494
262290, -64.754938
262500, -64.707800
262710, -64.666469
262920, -64.630435
263130, -64.600034
263340, -64.574702
263550, -64.554721
263760, -64.539473
263970, -64.529187
264180, -64.523196
264390, -64.521682
264600, -64.523936
264810, -64.530102
265020, -64.539438
265230, -64.552062
265440, -64.567213
265650, -64.584997
265860, -64.604645
266070, -64.626265
266280, -64.649097
266490, -64.673262
266700, -64.698020
266910, -64.723518
267120, -64.749047
267330, -64.774789
267540, -64.800073
267750, -64.825121
267960, -64.849305
268170, -64.872890
268380, -64.895295
268590, -64.916826
268800, -64.936945
269010, -64.956002
269220, -64.973498
269430, -64.989820
269640, -65.004506
269850, -65.017941
270060, -65.029624
270270, -65.040015
270480, -65.048725
270690, -65.056244
270900, -65.062202
271110, -65.067101
271320, -65.070582
271530, -65.073157
271740, -65.074472
271950, -65.075043
272160, -65.074520
272370, -65.073419
272580, -65.071388
272790, -65.068940
273000, -65.065722
273210, -65.062241
273420, -65.058138
273630, -65.053917
273840, -65.049209
274050, -65.044510
274260, -65.039447
274470, -65.034506
274680, -65.029305
274890, -65.024325
275100, -65.019173
275310, -65.014321
275520, -65.009370
275730, -65.004784
275940, -65.000155
276150, -64.995939
276360, -64.991690
276570, -64.987855
276780, -64.984017
276990, -64.980621
277200, -64.977247
277410, -64.974334
277620, -64.971454
277830, -64.969045
278040, -64.966672
278250, -64.964767
278460, -64.962894
278670, -64.961481
278880, -64.960088
279090, -64.959139
279300, -64.958192
279510, -64.957669
279720, -64.957127
279930, -64.956985
280140, -64.956798
280350, -64.956985
280560, -64.957102
280770, -64.957566
280980, -64.957931
281190, -64.958617
281400, -64.959177
281610, -64.960031
281820, -64.960734
282030, -64.961706
282240, -64.962504
282450, -64.963547
282660, -64.964395
282870, -64.965468
283080, -64.966325
283290, -64.967392
283500, -64.968227
283710, -64.969256
283920, -64.970040
284130, -64.971007
284340, -64.971719
284550, -64.972605
284760, -64.973230
284970, -64.974021
285180, -64.974547
285390, -64.975236
285600, -64.975656
285810, -64.976239
286020, -64.976553
286230, -64.977031
286440, -64.977241
286650, -64.977616
286860, -64.977727
287070, -64.978007
287280, -64.978026
287490, -64.978219
287700, -64.978157
287910, -64.978272
288120, -64.978139
288330, -64.978189
288540, -64.977995
288750, -64.977991
288960, -64.977748
289170, -64.977701
289380, -64.977421
289590, -64.977342
289800, -64.977036
290010, -64.976936
290220, -64.976614
290430, -64.976502
290640, -64.976172
290850, -64.976057
291060, -64.975728
291270, -64.975617
291480, -64.975296
291690, -64.975195
291900, -64.974886
292110, -64.974801
292320, -64.974509
292530, -64.974442
292740, -64.974170
292950, -64.974124
293160, -64.973875
293370, -64.973852
293580, -64.973625
293790, -64.973625
294000, -64.973422
294210, -64.973445
294420, -64.973264
294630, -64.973309
294840, -64.973149
295050, -64.973214
295260, -64.973074
295470, -64.973158
295680, -64.973035
295890, -64.973135
296100, -64.973027
296310, -64.973141
296520, -64.973046
296730, -64.973171
296940, -64.973086
297150, -64.973220
297360, -64.973143
297570, -64.973284
297780, -64.973212
297990, -64.973357
298200, -64.973289
298410, -64.973436
298620, -64.973369
298830, -64.973517
299040, -64.973450
299250, -64.973597
299460, -64.973529
299670, -64.973673
299880, -64.973602
300090, -64.973744
