# ./result/hh_impl_0110.txt
# dt = 110 [usec]
# t [usec], V [mV]
0, -65.000000
110, -64.996896
220, -64.993966
330, -64.991176
440, -64.988503
550, -64.985934
660, -64.983458
770, -64.981073
880, -64.978775
990, -64.976562
1100, -64.974435
1210, -64.972392
1320, -64.970435
1430, -64.968562
1540, -64.966775
1650, -64.965073
1760, -64.963456
1870, -64.961924
1980, -64.960477
2090, -64.959114
2200, -64.957835
2310, -64.956639
2420, -64.955525
2530, -64.954492
2640, -64.953539
2750, -64.952665
2860, -64.951868
2970, -64.951147
3080, -64.950501
3190, -64.949928
3300, -64.949426
3410, -64.948993
3520, -64.948628
3630, -64.948328
3740, -64.948092
3850, -64.947917
3960, -64.947802
4070, -64.947744
4180, -64.947742
4290, -64.947792
4400, -64.947894
4510, -64.948044
4620, -64.948240
4730, -64.948481
4840, -64.948763
4950, -64.949085
5060, -64.949445
5170, -64.949839
5280, -64.950267
5390, -64.950726
5500, -64.951213
5610, -64.951726
5720, -64.952264
5830, -64.952824
5940, -64.953405
6050, -64.954004
6160, -64.954619
6270, -64.955249
6380, -64.955891
6490, -64.956543
6600, -64.957205
6710, -64.957874
6820, -64.958549
6930, -64.959227
7040, -64.959908
7150, -64.960589
7260, -64.961271
7370, -64.961950
7480, -64.962626
7590, -64.963297
7700, -64.963963
7810, -64.964622
7920, -64.965273
8030, -64.965915
8140, -64.966547
8250, -64.967168
8360, -64.967778
8470, -64.968375
8580, -64.968959
8690, -64.969529
8800, -64.970085
8910, -64.970625
9020, -64.971150
9130, -64.971659
9240, -64.972152
9350, -64.972628
9460, -64.973086
9570, -64.973528
9680, -64.973952
9790, -64.974358
9900, -64.974746
10010, -64.975117
10120, -64.975469
10230, -64.975804
10340, -64.976120
10450, -64.976419
10560, -64.976700
10670, -64.976963
10780, -64.977209
10890, -64.977438
11000, -64.977649
11110, -64.977844
11220, -64.978022
11330, -64.978184
11440, -64.978331
11550, -64.978461
11660, -64.978577
11770, -64.978677
11880, -64.978764
11990, -64.978836
12100, -64.978894
12210, -64.978940
12320, -64.978972
12430, -64.978993
12540, -64.979001
12650, -64.978998
12760, -64.978985
12870, -64.978960
12980, -64.978926
13090, -64.978882
13200, -64.978830
13310, -64.978768
13420, -64.978699
13530, -64.978622
13640, -64.978538
13750, -64.978447
13860, -64.978349
13970, -64.978246
14080, -64.978138
14190, -64.978025
14300, -64.977907
14410, -64.977786
14520, -64.977660
14630, -64.977531
14740, -64.977400
14850, -64.977266
14960, -64.977130
15070, -64.976992
15180, -64.976853
15290, -64.976713
15400, -64.976572
15510, -64.976431
15620, -64.976290
15730, -64.976149
15840, -64.976008
15950, -64.975868
16060, -64.975730
16170, -64.975592
16280, -64.975456
16390, -64.975322
16500, -64.975190
16610, -64.975060
16720, -64.974932
16830, -64.974806
16940, -64.974683
17050, -64.974564
17160, -64.974446
17270, -64.974332
17380, -64.974222
17490, -64.974114
17600, -64.974010
17710, -64.973909
17820, -64.973812
17930, -64.973718
18040, -64.973628
18150, -64.973541
18260, -64.973459
18370, -64.973380
18480, -64.973304
18590, -64.973233
18700, -64.973165
18810, -64.973101
18920, -64.973040
19030, -64.972983
19140, -64.972930
19250, -64.972881
19360, -64.972835
19470, -64.972792
19580, -64.972753
19690, -64.972718
19800, -64.972686
19910, -64.972657
20020, -64.972631
20130, -64.972608
20240, -64.972589
20350, -64.972572
20460, -64.972559
20570, -64.972548
20680, -64.972540
20790, -64.972534
20900, -64.972531
21010, -64.972531
21120, -64.972532
21230, -64.972536
21340, -64.972542
21450, -64.972551
21560, -64.972561
21670, -64.972573
21780, -64.972587
21890, -64.972602
22000, -64.972619
22110, -64.972637
22220, -64.972657
22330, -64.972678
22440, -64.972701
22550, -64.972724
22660, -64.972748
22770, -64.972773
22880, -64.972799
22990, -64.972826
23100, -64.972854
23210, -64.972882
23320, -64.972910
23430, -64.972939
23540, -64.972968
23650, -64.972998
23760, -64.973027
23870, -64.973057
23980, -64.973087
24090, -64.973117
24200, -64.973146
24310, -64.973176
24420, -64.973205
24530, -64.973235
24640, -64.973264
24750, -64.973292
24860, -64.973320
24970, -64.973348
25080, -64.973375
25190, -64.973402
25300, -64.973429
25410, -64.973454
25520, -64.973479
25630, -64.973504
25740, -64.973528
25850, -64.973551
25960, -64.973573
26070, -64.973595
26180, -64.973616
26290, -64.973637
26400, -64.973656
26510, -64.973675
26620, -64.973693
26730, -64.973710
26840, -64.973727
26950, -64.973743
27060, -64.973758
27170, -64.973772
27280, -64.973785
27390, -64.973798
27500, -64.973810
27610, -64.973821
27720, -64.973831
27830, -64.973841
27940, -64.973849
28050, -64.973857
28160, -64.973865
28270, -64.973872
28380, -64.973878
28490, -64.973883
28600, -64.973888
28710, -64.973892
28820, -64.973895
28930, -64.973898
29040, -64.973900
29150, -64.973902
29260, -64.973903
29370, -64.973904
29480, -64.973904
29590, -64.973904
29700, -64.973903
29810, -64.973902
29920, -64.973900
30030, -64.973898
30140, -64.973895
30250, -64.973893
30360, -64.973889
30470, -64.973886
30580, -64.973882
30690, -64.973878
30800, -64.973874
30910, -64.973869
31020, -64.973864
31130, -64.973859
31240, -64.973854
31350, -64.973849
31460, -64.973843
31570, -64.973838
31680, -64.973832
31790, -64.973826
31900, -64.973820
32010, -64.973814
32120, -64.973808
32230, -64.973802
32340, -64.973796
32450, -64.973790
32560, -64.973784
32670, -64.973778
32780, -64.973772
32890, -64.973766
33000, -64.973760
33110, -64.973754
33220, -64.973748
33330, -64.973743
33440, -64.973737
33550, -64.973731
33660, -64.973726
33770, -64.973721
33880, -64.973715
33990, -64.973710
34100, -64.973705
34210, -64.973700
34320, -64.973696
34430, -64.973691
34540, -64.973687
34650, -64.973683
34760, -64.973678
34870, -64.973674
34980, -64.973671
35090, -64.973667
35200, -64.973664
35310, -64.973660
35420, -64.973657
35530, -64.973654
35640, -64.973651
35750, -64.973649
35860, -64.973646
35970, -64.973644
36080, -64.973642
36190, -64.973640
36300, -64.973638
36410, -64.973636
36520, -64.973635
36630, -64.973633
36740, -64.973632
36850, -64.973631
36960, -64.973630
37070, -64.973629
37180, -64.973628
37290, -64.973628
37400, -64.973627
37510, -64.973627
37620, -64.973626
37730, -64.973626
37840, -64.973626
37950, -64.973626
38060, -64.973626
38170, -64.973627
38280, -64.973627
38390, -64.973628
38500, -64.973628
38610, -64.973629
38720, -64.973629
38830, -64.973630
38940, -64.973631
39050, -64.973632
39160, -64.973633
39270, -64.973634
39380, -64.973635
39490, -64.973636
39600, -64.973637
39710, -64.973638
39820, -64.973639
39930, -64.973640
40040, -64.973642
40150, -64.973643
40260, -64.973644
40370, -64.973645
40480, -64.973647
40590, -64.973648
40700, -64.973649
40810, -64.973651
40920, -64.973652
41030, -64.973653
41140, -64.973655
41250, -64.973656
41360, -64.973657
41470, -64.973658
41580, -64.973660
41690, -64.973661
41800, -64.973662
41910, -64.973663
42020, -64.973665
42130, -64.973666
42240, -64.973667
42350, -64.973668
42460, -64.973669
42570, -64.973670
42680, -64.973671
42790, -64.973672
42900, -64.973673
43010, -64.973674
43120, -64.973675
43230, -64.973676
43340, -64.973677
43450, -64.973678
43560, -64.973678
43670, -64.973679
43780, -64.973680
43890, -64.973681
44000, -64.973681
44110, -64.973682
44220, -64.973682
44330, -64.973683
44440, -64.973683
44550, -64.973684
44660, -64.973684
44770, -64.973685
44880, -64.973685
44990, -64.973685
45100, -64.973686
45210, -64.973686
45320, -64.973686
45430, -64.973687
45540, -64.973687
45650, -64.973687
45760, -64.973687
45870, -64.973687
45980, -64.973687
46090, -64.973687
46200, -64.973687
46310, -64.973687
46420, -64.973687
46530, -64.973687
46640, -64.973687
46750, -64.973687
46860, -64.973687
46970, -64.973687
47080, -64.973687
47190, -64.973687
47300, -64.973687
47410, -64.973687
47520, -64.973686
47630, -64.973686
47740, -64.973686
47850, -64.973686
47960, -64.973686
48070, -64.973685
48180, -64.973685
48290, -64.973685
48400, -64.973685
48510, -64.973685
48620, -64.973684
48730, -64.973684
48840, -64.973684
48950, -64.973684
49060, -64.973683
49170, -64.973683
49280, -64.973683
49390, -64.973682
49500, -64.973682
49610, -64.973682
49720, -64.973682
49830, -64.973681
49940, -64.973681
50050, -64.973681
50160, -61.715690
50270, -58.640966
50380, -55.678806
50490, -52.712408
50600, -49.533205
50710, -45.760173
50820, -40.672896
50930, -32.851031
51040, -19.674565
51150, 1.226094
51260, 23.589074
51370, 35.784606
51480, 38.700240
51590, 37.366563
51700, 34.201845
51810, 30.046469
51920, 25.265897
52030, 20.100557
52140, 14.739174
52250, 9.328010
52360, 3.972287
52470, -1.259309
52580, -6.328034
52690, -11.217193
52800, -15.926120
52910, -20.466337
53020, -24.861798
53130, -29.148983
53240, -33.384409
53350, -37.647708
53460, -42.039109
53570, -46.663371
53680, -51.580191
53790, -56.705323
53900, -61.694349
54010, -65.974291
54120, -69.079332
54230, -70.976468
54340, -71.969414
54450, -72.405838
54560, -72.533107
54670, -72.495155
54780, -72.368466
54890, -72.192266
55000, -71.986516
55110, -71.761451
55220, -71.522403
55330, -71.272231
55440, -71.012525
55550, -70.744225
55660, -70.467930
55770, -70.184072
55880, -69.893009
55990, -69.595060
56100, -69.290529
56210, -68.979737
56320, -68.663023
56430, -68.340720
56540, -68.013195
56650, -67.680847
56760, -67.344050
56870, -67.003218
56980, -66.658800
57090, -66.311183
57200, -65.960805
57310, -65.608126
57420, -65.253517
57530, -64.897406
57640, -64.540209
57750, -64.182243
57860, -63.823895
57970, -63.465466
58080, -63.107185
58190, -62.749363
58300, -62.392112
58410, -62.035541
58520, -61.679859
58630, -61.324910
58740, -60.970653
58850, -60.617128
58960, -60.263886
59070, -59.910710
59180, -59.557344
59290, -59.203063
59400, -58.847425
59510, -58.489738
59620, -58.128928
59730, -57.764245
59840, -57.394293
59950, -57.017511
60060, -56.632678
60170, -56.237108
60280, -55.828486
60390, -55.403855
60500, -54.959149
60610, -54.490351
60720, -53.990744
60830, -53.453719
60940, -52.868439
61050, -52.222618
61160, -51.498549
61270, -50.672014
61380, -49.709691
61490, -48.563431
61600, -47.161878
61710, -45.397987
61820, -43.104403
61930, -40.019960
62040, -35.738499
62150, -29.680693
62260, -21.241761
62370, -10.465279
62480, 0.837218
62590, 9.512692
62700, 13.771355
62810, 14.088323
62920, 11.766064
63030, 7.909751
63140, 3.250209
63250, -1.762394
63360, -6.859025
63470, -11.886244
63580, -16.764736
63690, -21.463266
63800, -25.983592
63910, -30.353613
64020, -34.629087
64130, -38.888731
64240, -43.227746
64350, -47.734263
64460, -52.437535
64570, -57.224205
64680, -61.769815
64790, -65.610577
64900, -68.412718
65010, -70.176678
65120, -71.145637
65230, -71.599853
65340, -71.749586
65450, -71.725637
65560, -71.602588
65670, -71.421485
65780, -71.204717
65890, -70.964574
66000, -70.707908
66110, -70.438635
66220, -70.159075
66330, -69.870679
66440, -69.574409
66550, -69.270959
66660, -68.960889
66770, -68.644685
66880, -68.322779
66990, -67.995605
67100, -67.663604
67210, -67.327183
67320, -66.986785
67430, -66.642872
67540, -66.295856
67650, -65.946192
67760, -65.594350
67870, -65.240723
67980, -64.885758
68090, -64.529881
68200, -64.173436
68310, -63.816826
68420, -63.460374
68530, -63.104337
68640, -62.749047
68750, -62.394653
68860, -62.041294
68970, -61.689207
69080, -61.338294
69190, -60.988555
69300, -60.640090
69410, -60.292515
69520, -59.945663
69630, -59.599400
69740, -59.253084
69850, -58.906335
69960, -58.558711
70070, -58.209240
70180, -57.857267
70290, -57.501875
70400, -57.141651
70510, -56.775543
70620, -56.401782
70730, -56.018309
70840, -55.623416
70950, -55.213635
71060, -54.785840
71170, -54.335834
71280, -53.858205
71390, -53.346703
71500, -52.792361
71610, -52.184337
71720, -51.507872
71830, -50.742484
71940, -49.860860
72050, -48.824269
72160, -47.576055
72270, -46.032105
72380, -44.066939
72490, -41.485077
72600, -37.985036
72710, -33.123326
72820, -26.342051
72930, -17.279167
73040, -6.597758
73150, 3.365304
73260, 9.978841
73370, 12.443593
73480, 11.592232
73590, 8.608782
73700, 4.415784
73810, -0.381505
73920, -5.409901
74030, -10.449470
74140, -15.379358
74250, -20.142435
74360, -24.723672
74470, -29.140325
74580, -33.436801
74690, -37.684440
74800, -41.973694
74910, -46.396898
75020, -51.006093
75130, -55.742407
75240, -60.352199
75350, -64.407901
75460, -67.518184
75570, -69.577836
75680, -70.767918
75790, -71.365091
75900, -71.600441
76010, -71.625985
76120, -71.531164
76230, -71.366085
76340, -71.158374
76450, -70.923289
76560, -70.669366
76670, -70.401478
76780, -70.122505
76890, -69.834222
77000, -69.537784
77110, -69.234009
77220, -68.923529
77330, -68.606875
77440, -68.284514
77550, -67.956900
77660, -67.624487
77770, -67.287695
77880, -66.946975
77990, -66.602791
78100, -66.255562
78210, -65.905753
78320, -65.553823
78430, -65.200177
78540, -64.845266
78650, -64.489503
78760, -64.133243
78870, -63.776897
78980, -63.420766
79090, -63.065121
79200, -62.710303
79310, -62.356432
79420, -62.003667
79530, -61.652254
79640, -61.302060
79750, -60.953110
79860, -60.605463
79970, -60.258769
80080, -59.912884
80190, -59.567626
80300, -59.222390
80410, -58.876827
80520, -58.530437
80630, -58.182298
80740, -57.831794
80850, -57.477952
80960, -57.119424
81070, -56.755206
81180, -56.383491
81290, -56.002303
81400, -55.610003
81510, -55.203133
81620, -54.778679
81730, -54.332519
81840, -53.859410
81950, -53.353295
82060, -52.805467
82170, -52.205497
82280, -51.539071
82390, -50.786567
82500, -49.921925
82610, -48.908284
82720, -47.691817
82830, -46.192716
82940, -44.292001
83050, -41.806127
83160, -38.453129
83270, -33.813409
83380, -27.345506
83490, -18.638649
83600, -8.163392
83710, 1.974438
83820, 9.076606
83930, 12.057139
84040, 11.586639
84150, 8.839249
84260, 4.777186
84370, 0.043486
84480, -4.961848
84590, -10.001415
84700, -14.943155
84810, -19.723047
84920, -24.321984
85030, -28.753162
85140, -33.058248
85250, -37.305387
85360, -41.584406
85470, -45.988169
85580, -50.575504
85690, -55.299301
85800, -59.928496
85910, -64.048310
86020, -67.252685
86130, -69.404751
86240, -70.665056
86350, -71.307914
86460, -71.570659
86570, -71.612067
86680, -71.526375
86790, -71.366611
86900, -71.162067
87010, -70.928934
87120, -70.676265
87230, -70.409224
87340, -70.130855
87450, -69.843028
87560, -69.546953
87670, -69.243477
87780, -68.933255
87890, -68.616828
88000, -68.294669
88110, -67.967237
88220, -67.634989
88330, -67.298345
88440, -66.957759
88550, -66.613695
88660, -66.266574
88770, -65.916857
88880, -65.565010
88990, -65.211434
89100, -64.856582
89210, -64.500870
89320, -64.144652
89430, -63.788339
89540, -63.432238
89650, -63.076618
89760, -62.721821
89870, -62.367974
89980, -62.015236
90090, -61.663848
90200, -61.313695
90310, -60.964794
90420, -60.617221
90530, -60.270620
90640, -59.924842
90750, -59.579728
90860, -59.234666
90970, -58.889301
91080, -58.543165
91190, -58.195328
91300, -57.845167
91410, -57.491753
91520, -57.133728
91630, -56.770082
91740, -56.399073
91850, -56.018712
91960, -55.627359
92070, -55.221652
92180, -54.798574
92290, -54.354131
92400, -53.883084
92510, -53.379567
92620, -52.834909
92730, -52.238987
92840, -51.577592
92950, -50.831625
93060, -49.975707
93170, -48.973931
93280, -47.773863
93390, -46.297762
93500, -44.429681
93610, -41.991815
93720, -38.711340
93830, -34.179086
93940, -27.859546
94050, -19.316788
94160, -8.928931
94270, 1.311977
94380, 8.676132
94490, 11.931861
94600, 11.664045
94710, 9.041803
94820, 5.048697
94930, 0.347893
95040, -4.646642
95150, -9.688070
95260, -14.638370
95370, -19.429625
95480, -24.039902
95590, -28.480055
95700, -32.791194
95810, -37.039480
95920, -41.313065
96030, -45.705900
96140, -50.280080
96250, -54.998664
96360, -59.644516
96470, -63.808644
96580, -67.077605
96690, -69.293863
96800, -70.602925
96910, -71.277342
97020, -71.558885
97130, -71.611124
97240, -71.531673
97350, -71.375587
97460, -71.173302
97570, -70.941634
97680, -70.689981
97790, -70.423697
97900, -70.145928
98010, -69.858602
98120, -69.562965
98230, -69.259882
98340, -68.950015
98450, -68.633915
98560, -68.312057
98670, -67.984900
98780, -67.652902
98890, -67.316486
99000, -66.976102
99110, -66.632218
99220, -66.285252
99330, -65.935665
99440, -65.583926
99550, -65.230435
99660, -64.875643
99770, -64.519974
99880, -64.163778
99990, -63.807464
100100, -63.451351
100210, -63.095704
100320, -62.740860
100430, -62.386966
100540, -62.034171
100650, -61.682714
100760, -61.332501
100870, -60.983541
100980, -60.635933
101090, -60.289309
101200, -59.943513
101310, -59.598417
101420, -59.253396
101530, -58.908087
101640, -58.562063
101750, -58.214378
101860, -57.864398
101970, -57.511251
102080, -57.153558
102190, -56.790296
102300, -56.419801
102410, -56.040061
102520, -55.649423
102630, -55.244636
102740, -54.822659
102850, -54.379637
102960, -53.910312
103070, -53.409009
103180, -52.867063
103290, -52.274642
103400, -51.617596
103510, -50.877303
103620, -50.028989
103730, -49.037296
103840, -47.850943
103950, -46.394324
104060, -44.553945
104170, -42.156778
104280, -38.936450
104390, -34.493453
104500, -28.297072
104610, -19.891424
104720, -9.576478
104830, 0.751410
104940, 8.343227
105050, 11.840739
105160, 11.751616
105270, 9.239805
105380, 5.307463
105490, 0.635570
105600, -4.349392
105710, -9.392510
105820, -14.350547
105930, -19.152122
106040, -23.772769
106150, -28.222426
106260, -32.539442
106370, -36.789261
106480, -41.058821
106590, -45.442354
106700, -50.005254
106810, -54.719956
106920, -59.379077
107030, -63.583995
107140, -66.913178
107250, -69.189854
107360, -70.545298
107470, -71.249856
107580, -71.549362
107690, -71.611942
107800, -71.538447
107910, -71.385876
108020, -71.185758
108130, -70.955511
108240, -70.704856
108350, -70.439326
108460, -70.162165
108570, -69.875355
108680, -69.580174
108790, -69.277502
108900, -68.968011
109010, -68.652258
109120, -68.330719
109230, -68.003855
109340, -67.672126
109450, -67.335952
109560, -66.995784
109670, -66.652091
109780, -66.305291
109890, -65.955842
110000, -65.604218
110110, -65.250817
110220, -64.896087
110330, -64.540461
110440, -64.184286
110550, -63.827967
110660, -63.471836
110770, -63.116155
110880, -62.761255
110990, -62.407301
111100, -62.054437
111210, -61.702896
111320, -61.352608
111430, -61.003572
111540, -60.655906
111650, -60.309238
111760, -59.963401
111870, -59.618302
111980, -59.273301
112090, -58.928024
112200, -58.582091
112310, -58.234536
112420, -57.884711
112530, -57.531807
112640, -57.174422
112750, -56.811515
112860, -56.441508
112970, -56.062360
113080, -55.672402
113190, -55.268500
113300, -54.847586
113410, -54.405944
113520, -53.938295
113630, -53.439155
113740, -52.899860
113850, -52.310866
113960, -51.658077
114070, -50.923341
114180, -50.082476
114290, -49.100425
114400, -47.927047
114510, -46.489074
114620, -44.675313
114730, -42.317307
114840, -39.154844
114950, -34.797209
115060, -28.719050
115170, -20.446973
115280, -10.209883
115390, 0.195562
115500, 8.007276
115610, 11.744691
115720, 11.834833
115830, 9.434425
115940, 5.563681
116050, 0.921351
116160, -4.053527
116270, -9.097931
116380, -14.063385
116490, -18.875024
116600, -23.506424
116710, -27.965729
116820, -32.288793
116930, -36.540286
117040, -40.806217
117150, -45.180838
117260, -49.732968
117370, -54.441744
117480, -59.113195
117590, -63.358051
117700, -66.746986
117810, -69.084097
117920, -70.486514
118030, -71.221787
118140, -71.539646
118250, -71.612797
118360, -71.545383
118470, -71.396397
118580, -71.198487
118690, -70.969685
118800, -70.720045
118910, -70.455282
119020, -70.178740
119130, -69.892457
119240, -69.597740
119350, -69.295488
119460, -68.986382
119570, -68.670984
119680, -68.349772
119790, -68.023208
119900, -67.691751
120010, -67.355826
120120, -67.015879
120230, -66.672381
120340, -66.325751
120450, -65.976444
120560, -65.624940
120670, -65.271632
120780, -64.916968
120890, -64.561388
121000, -64.205235
121110, -63.848912
121220, -63.492765
121330, -63.137049
121440, -62.782093
121550, -62.428079
121660, -62.075143
121770, -61.723516
121880, -61.373150
121990, -61.024035
122100, -60.676282
122210, -60.329550
122320, -59.983660
122430, -59.638551
122540, -59.293566
122650, -58.948317
122760, -58.602472
122870, -58.255045
122980, -57.905376
123090, -57.552714
123200, -57.195635
123310, -56.833084
123420, -56.463563
123530, -56.085007
123640, -55.695730
123750, -55.292714
123860, -54.872864
123970, -54.432604
124080, -53.966633
124190, -53.469660
124300, -52.933020
124410, -52.347458
124520, -51.698930
124630, -50.969757
124740, -50.136346
124850, -49.163941
124960, -48.003540
125070, -46.584173
125180, -44.796992
125290, -42.478109
125400, -39.373522
125510, -35.101212
125620, -29.141882
125730, -21.006253
125840, -10.852634
125950, -0.378462
126060, 7.651044
126170, 11.633613
126280, 11.910356
126390, 9.627002
126500, 5.821477
126610, 1.210843
126720, -3.752997
126830, -8.798416
126940, -13.771299
127050, -18.593367
127160, -23.235803
127270, -27.704338
127380, -32.034268
127490, -36.287345
127600, -40.549475
127710, -44.915023
127820, -49.455967
127930, -54.158499
128040, -58.841935
128150, -63.125200
128260, -66.574282
128370, -68.973337
128480, -70.424429
128590, -71.191768
128700, -71.528856
128810, -71.613092
128920, -71.552052
129030, -71.406814
129140, -71.211206
129250, -70.983902
129360, -70.735311
129470, -70.471336
129580, -70.195427
129690, -69.909680
129800, -69.615436
129910, -69.313610
130020, -69.004894
130130, -68.689856
130240, -68.368976
130350, -68.042717
130460, -67.711537
130570, -67.375864
130680, -67.036143
130790, -66.692842
130900, -66.346384
131010, -65.997223
131120, -65.645841
131230, -65.292630
131340, -64.938034
131450, -64.582503
131560, -64.226374
131670, -63.870050
131780, -63.513888
131890, -63.158138
132000, -62.803127
132110, -62.449054
132220, -62.096048
132330, -61.744335
132440, -61.393892
132550, -61.044698
132660, -60.696859
132770, -60.350065
132880, -60.004122
132990, -59.658995
133100, -59.314021
133210, -58.968799
133320, -58.623043
133430, -58.275746
133540, -57.926233
133650, -57.573817
133760, -57.217048
133870, -56.854858
133980, -56.485830
134090, -56.107872
134200, -55.719285
134310, -55.317163
134420, -54.898388
134530, -54.459524
134640, -53.995248
134750, -53.500461
134860, -52.966498
134970, -52.384395
135080, -51.740164
135190, -51.016595
135300, -50.190540
135410, -49.227728
135520, -48.080276
135630, -46.678749
135740, -44.917482
135850, -42.636981
135960, -39.589348
136070, -35.401239
136180, -29.559995
136290, -21.563109
136400, -11.503000
136510, -0.971488
136620, 7.273924
136730, 11.507888
136840, 11.978731
136950, 9.818042
137060, 6.081295
137170, 1.504397
137280, -3.447305
137390, -8.493182
137500, -13.473398
137610, -18.305928
137720, -22.959275
137830, -27.437175
137940, -31.774023
138050, -36.029876
138160, -40.288581
138270, -44.645286
138380, -49.174370
138490, -53.870468
138600, -58.564425
138710, -62.884746
138820, -66.393962
138930, -68.856732
139040, -70.358489
139150, -71.159550
139260, -71.516955
139370, -71.612921
139480, -71.558623
139590, -71.417343
139700, -71.224158
139810, -70.998427
139920, -70.750930
140030, -70.487775
140140, -70.212523
140250, -69.927331
140360, -69.633575
140470, -69.332190
140580, -69.023876
140690, -68.709208
140800, -68.388670
140910, -68.062724
141020, -67.731832
141130, -67.396419
141240, -67.056931
141350, -66.713835
141460, -66.367556
141570, -66.018546
141680, -65.667286
141790, -65.314174
141900, -64.959648
142010, -64.604168
142120, -64.248067
142230, -63.891744
142340, -63.535569
142450, -63.179787
142560, -62.824721
142670, -62.470589
142780, -62.117512
142890, -61.765713
143000, -61.415191
143110, -61.065917
143220, -60.717989
143330, -60.371130
143440, -60.025133
143550, -59.679953
143660, -59.334968
143770, -58.989760
143880, -58.644085
143990, -58.296915
144100, -57.947560
144210, -57.595392
144320, -57.238939
144430, -56.877116
144540, -56.508588
144650, -56.131240
144760, -55.743353
144870, -55.342142
144980, -54.924459
145090, -54.487012
145200, -54.024456
145310, -53.531724
145420, -53.000358
145530, -52.421665
145640, -51.781695
145750, -51.063707
145860, -50.244711
145970, -49.291249
146080, -48.156506
146190, -46.772539
146300, -45.036806
146410, -42.793790
146520, -39.802022
146630, -35.696744
146740, -29.972140
146850, -22.113392
146960, -12.150499
147070, -1.571249
147180, 6.881615
147290, 11.367301
147400, 12.036065
147510, 10.001572
147620, 6.336112
147730, 1.794476
147840, -3.143974
147950, -8.189556
148060, -13.176604
148170, -18.019255
148280, -22.683289
148390, -27.171660
148500, -31.515524
148610, -35.774316
148720, -40.030509
148830, -44.378897
148940, -48.896581
149050, -53.585651
149160, -58.287831
149270, -62.643622
149380, -66.211195
149490, -68.737520
149600, -70.290524
149710, -71.125970
149820, -71.504172
149930, -71.612161
150040, -71.564768
150150, -71.427534
150260, -71.236817
150370, -71.012681
150480, -70.766289
150590, -70.503959
150700, -70.229364
150810, -69.944726
150920, -69.651456
151030, -69.350508
151140, -69.042594
151250, -68.728293
151360, -68.408094
151470, -68.082461
151580, -67.751853
151690, -67.416700
151800, -67.077444
151910, -66.734551
152020, -66.388451
152130, -66.039592
152240, -65.688454
152350, -65.335439
152460, -64.980986
152570, -64.625558
152680, -64.269486
152790, -63.913165
152900, -63.556979
153010, -63.201166
153120, -62.846048
153230, -62.491859
153340, -62.138714
153450, -61.786830
153560, -61.436232
153670, -61.086880
153780, -60.738866
153890, -60.391944
154000, -60.045894
154110, -59.700662
154220, -59.355666
154330, -59.010473
154440, -58.664852
154550, -58.317789
154660, -57.968579
154770, -57.616649
154880, -57.260504
154990, -56.899040
155100, -56.531005
155210, -56.154256
155320, -55.767059
155430, -55.366743
155540, -54.950136
155650, -54.514084
155760, -54.053220
155870, -53.562477
155980, -53.033641
156090, -52.458027
156200, -51.822038
156310, -51.109345
156420, -50.297093
156530, -49.352591
156640, -48.230044
156750, -46.862938
156860, -45.151726
156970, -42.943956
157080, -40.005169
157190, -35.978741
157300, -30.365641
157410, -22.642722
157520, -12.781994
157630, -2.167738
157740, 6.482453
157850, 11.215898
157960, 12.083150
158070, 10.176369
158180, 6.583483
158290, 2.078252
158400, -2.846115
158510, -7.890899
158620, -12.884358
158730, -17.736864
158840, -22.412124
158950, -26.910442
159060, -31.261280
159170, -35.522795
159280, -39.776560
159390, -44.116973
159500, -48.623680
159610, -53.304520
159720, -58.014050
159830, -62.403932
159940, -66.028406
160050, -68.617536
160160, -70.221698
160270, -71.091699
160380, -71.490871
160490, -71.610993
160600, -71.570563
160710, -71.437402
160820, -71.249163
160930, -71.026623
161040, -70.781334
161150, -70.519822
161260, -70.245878
161370, -69.961787
161480, -69.668998
161590, -69.368481
161700, -69.060961
161810, -68.747023
161920, -68.427159
162030, -68.101834
162140, -67.771507
162250, -67.436610
162360, -67.097584
162470, -66.754893
162580, -66.408970
162690, -66.060260
162800, -65.709244
162910, -65.356328
163020, -65.001946
163130, -64.646571
163240, -64.290528
163350, -63.934211
163460, -63.578016
163570, -63.222175
163680, -62.867006
163790, -62.512763
163900, -62.159552
164010, -61.807587
164120, -61.456914
164230, -61.107487
164340, -60.759389
164450, -60.412405
164560, -60.066304
164670, -59.721021
164780, -59.376016
164890, -59.030837
165000, -58.685241
165110, -58.338268
165220, -57.989189
165330, -57.637487
165440, -57.281639
165550, -56.920525
165660, -56.552972
165770, -56.176810
165880, -55.790288
165990, -55.390849
166100, -54.975294
166210, -54.540606
166320, -54.081397
166430, -53.592598
166540, -53.066236
166650, -52.493632
166760, -51.861531
166870, -51.154008
166980, -50.348340
167090, -49.412583
167200, -48.301935
167310, -46.951282
167420, -45.263988
167530, -43.090616
167640, -40.202810
167750, -36.251781
167860, -30.746231
167970, -23.155182
168080, -13.397018
168190, -2.757113
168300, 6.079840
168410, 11.057346
168520, 12.123077
168630, 10.344908
168740, 6.825468
168850, 2.357348
168960, -2.552557
169070, -7.596197
169180, -12.595911
169290, -17.458224
169400, -22.144144
169510, -26.651799
169620, -31.010135
169730, -35.274351
169840, -39.525763
169950, -43.858497
170060, -48.354186
170170, -53.026929
170280, -57.743460
170390, -62.164002
170500, -65.843871
170610, -68.495048
170720, -70.150843
170830, -71.056088
170940, -71.476754
171050, -71.609334
171160, -71.576052
171270, -71.447065
171380, -71.261359
171490, -71.040445
171600, -70.796273
171710, -70.535588
171820, -70.262300
171930, -69.978760
172040, -69.686451
172150, -69.386367
172260, -69.079242
172370, -68.765666
172480, -68.446138
172590, -68.121121
172700, -67.791075
172810, -67.456436
172920, -67.117640
173030, -66.775151
173140, -66.429406
173250, -66.080848
173360, -65.729953
173470, -65.377137
173580, -65.022828
173690, -64.667498
173800, -64.311482
173910, -63.955169
174020, -63.598964
174130, -63.243097
174240, -62.887881
174350, -62.533585
174460, -62.180311
174570, -61.828266
174680, -61.477521
174790, -61.128019
174900, -60.779838
175010, -60.432794
175120, -60.086642
175230, -59.741309
175340, -59.396293
175450, -59.051127
175560, -58.705556
175670, -58.358671
175780, -58.009720
175890, -57.658210
176000, -57.302633
176110, -56.941851
176220, -56.574763
176330, -56.199172
176440, -55.813312
176550, -55.414734
176660, -55.000213
176770, -54.566865
176880, -54.109282
176990, -53.622396
177100, -53.098466
177210, -52.528820
177320, -51.900542
177430, -51.198100
177540, -50.398900
177650, -49.471733
177760, -48.372772
177870, -47.038271
177980, -45.374064
178090, -43.234118
178200, -40.395552
178310, -36.517762
178420, -31.117153
178530, -23.656369
178640, -14.005385
178750, -3.348516
178860, 5.666802
178970, 10.886318
179080, 12.152877
179190, 10.506290
179300, 7.062550
179410, 2.633028
179520, -2.261393
179630, -7.303202
179740, -12.308707
179850, -17.180501
179960, -21.876854
180070, -26.394338
180180, -30.760195
180290, -35.028389
180400, -39.277881
180510, -43.603323
180620, -48.088000
180730, -52.752826
180840, -57.473611
180950, -61.923145
181060, -65.656933
181170, -68.369907
181280, -70.077921
181390, -71.019114
181500, -71.461796
181610, -71.607155
181720, -71.581202
181830, -71.456488
181940, -71.273367
182050, -71.054107
182160, -70.811067
182270, -70.551217
182380, -70.278588
182490, -69.995599
182600, -69.703772
182710, -69.404120
182820, -69.097389
182930, -68.784175
183040, -68.464982
183150, -68.140273
183260, -67.810509
183370, -67.476126
183480, -67.137560
183590, -66.795275
183700, -66.449708
183810, -66.101302
183920, -65.750530
184030, -65.397814
184140, -65.043580
184250, -64.688296
184360, -64.332307
184470, -63.975999
184580, -63.619787
184690, -63.263895
184800, -62.908632
184910, -62.554285
185020, -62.200948
185130, -61.848825
185240, -61.498009
185350, -61.148433
185460, -60.800171
185570, -60.453066
185680, -60.106863
185790, -59.761479
185900, -59.416453
186010, -59.071298
186120, -58.725752
186230, -58.378952
186340, -58.030128
186450, -57.678770
186560, -57.323438
186670, -56.962967
186780, -56.596328
186890, -56.221295
187000, -55.836082
187110, -55.438349
187220, -55.024845
187330, -54.592674
187440, -54.136590
187550, -53.651508
187660, -53.129902
187770, -52.563101
187880, -51.938510
187990, -51.240975
188100, -50.448026
188210, -49.529161
188320, -48.441493
188430, -47.122603
188540, -45.480221
188650, -43.372151
188760, -40.580717
188870, -36.773210
188980, -31.473639
189090, -24.140695
189200, -14.597869
189310, -3.935928
189420, 5.247205
189530, 10.704697
189640, 12.172276
189750, 10.658660
189860, 7.291920
189970, 2.901915
190080, -1.976163
190190, -7.015470
190300, -12.026185
190410, -16.906980
190520, -21.613766
190630, -26.141520
190740, -30.514731
190850, -34.786819
190960, -39.035312
191070, -43.354022
191180, -47.828255
191290, -52.484313
191400, -57.208437
191510, -61.685547
191620, -65.470490
191730, -68.244057
191840, -70.004066
191950, -70.981363
192060, -71.446246
192170, -71.604513
192280, -71.585964
192390, -71.465558
192500, -71.285039
192610, -71.067436
192720, -70.825527
192830, -70.566507
192940, -70.294532
193050, -70.012088
193160, -69.720736
193270, -69.421510
193380, -69.115167
193490, -68.802310
193600, -68.483447
193710, -68.159043
193820, -67.829556
193930, -67.495426
194040, -67.157089
194150, -66.815003
194260, -66.469614
194370, -66.121357
194480, -65.770708
194590, -65.418092
194700, -65.063932
194810, -64.708695
194920, -64.352735
195030, -63.996434
195140, -63.640216
195250, -63.284300
195360, -62.928993
195470, -62.574597
195580, -62.221199
195690, -61.869000
195800, -61.518114
195910, -61.168467
196020, -60.820124
196130, -60.472961
196240, -60.126707
196350, -59.781274
196460, -59.436236
196570, -59.091094
196680, -58.745570
196790, -58.398853
196900, -58.050152
197010, -57.698943
197120, -57.343850
197230, -56.983683
197340, -56.617482
197450, -56.242992
197560, -55.858411
197670, -55.461503
197780, -55.048991
197890, -54.617968
198000, -54.163348
198110, -53.680026
198220, -53.160688
198330, -52.596664
198440, -51.975669
198550, -51.282919
198660, -50.496064
198770, -49.585291
198880, -48.508629
198990, -47.204948
199100, -45.583835
199210, -43.506830
199320, -40.761368
199430, -37.022513
199540, -31.821898
199650, -24.614968
199760, -15.184593
199870, -4.525887
199980, 4.814994
200090, 10.508375
200200, 12.179721
200310, 10.802349
200420, 7.515071
200530, 3.166236
200640, -1.694557
200750, -6.730929
200860, -11.746724
200970, -16.636570
201080, -21.353753
201190, -25.891002
201300, -30.271464
201410, -34.547071
201520, -38.794440
201630, -43.106664
201740, -47.570656
201850, -52.217364
201960, -56.944290
202070, -61.447471
202180, -65.282407
202290, -68.116159
202400, -69.928432
202510, -70.942248
202620, -71.429716
202730, -71.601153
202840, -71.590160
202950, -71.474146
203060, -71.296270
203170, -71.080345
203280, -70.839574
203390, -70.581385
203500, -70.310060
203610, -70.028156
203720, -69.737272
203830, -69.438466
203940, -69.132505
204050, -68.819999
204160, -68.501460
204270, -68.177355
204380, -67.848141
204490, -67.514260
204600, -67.176147
204710, -66.834259
204820, -66.489044
204930, -66.140936
205040, -65.790408
205150, -65.437891
205260, -65.083806
205370, -64.728617
205480, -64.372687
205590, -64.016393
205700, -63.660161
205810, -63.304218
205920, -62.948867
206030, -62.594424
206140, -62.240970
206250, -61.888699
206360, -61.537749
206470, -61.188035
206580, -60.839618
206690, -60.492401
206800, -60.146101
206910, -59.800624
207020, -59.455578
207130, -59.110450
207240, -58.764952
207350, -58.418319
207460, -58.069742
207570, -57.718683
207680, -57.363826
207790, -57.003960
207900, -56.638175
208010, -56.264210
208120, -55.880244
208230, -55.484142
208340, -55.072602
208450, -54.642704
208560, -54.189517
208670, -53.707922
208780, -53.190806
208890, -52.629500
209000, -52.012026
209110, -51.323857
209220, -50.542886
209330, -49.639956
209440, -48.573974
209550, -47.285063
209660, -45.684613
209770, -43.637798
209880, -40.937043
209990, -37.265046
210100, -32.160852
210210, -25.078186
210320, -15.760778
210430, -5.113950
210540, 4.376256
210650, 10.301915
210760, 12.178002
210870, 10.938813
210980, 7.732602
211090, 3.426077
211200, -1.416713
211310, -6.449536
211420, -11.469961
211530, -16.368556
211640, -21.095826
211750, -25.642343
211860, -30.030718
211970, -34.309989
212080, -38.556415
212190, -42.862526
212300, -47.316422
212410, -51.954050
212520, -56.683214
212630, -61.209528
212740, -65.092996
212850, -67.986493
212960, -69.851280
213070, -70.902088
213180, -71.412533
213290, -71.597392
213400, -71.594099
213510, -71.482554
213620, -71.307362
213730, -71.093135
213840, -70.853512
213950, -70.596159
214060, -70.325486
214170, -70.044123
214280, -69.753708
214390, -69.455321
214500, -69.149742
214610, -68.837587
214720, -68.519372
214830, -68.195564
214940, -67.866623
215050, -67.532992
215160, -67.195103
215270, -66.853414
215380, -66.508373
215490, -66.160415
215600, -65.810009
215710, -65.457592
215820, -65.103583
215930, -64.748443
216040, -64.392544
216150, -64.036259
216260, -63.680011
216370, -63.324042
216480, -62.968648
216590, -62.614159
216700, -62.260649
216810, -61.908308
216920, -61.557295
217030, -61.207515
217140, -60.859025
217250, -60.511753
217360, -60.165409
217470, -59.819887
217580, -59.474834
217690, -59.129719
217800, -58.784247
217910, -58.437697
218020, -58.089241
218130, -57.738330
218240, -57.383707
218350, -57.024139
218460, -56.658698
218570, -56.285209
218680, -55.901821
218790, -55.506495
218900, -55.095897
219010, -54.667098
219120, -54.215314
219230, -53.735410
219340, -53.220472
219450, -52.661833
219560, -52.047811
219670, -51.363932
219780, -50.588572
219890, -49.693182
220000, -48.637507
220110, -47.362867
220220, -45.782396
220330, -43.764777
220440, -41.107287
220550, -37.499378
220660, -32.488174
220770, -25.527012
220880, -16.325224
220990, -5.698655
221100, 3.930438
221210, 10.085195
221320, 12.167380
221430, 11.068610
221540, 7.945236
221650, 3.682316
221760, -1.141576
221870, -6.170228
221980, -11.194841
222090, -16.101860
222200, -20.838979
222310, -25.395393
222420, -29.791665
222530, -34.075675
222640, -38.321467
222750, -42.621762
222860, -47.065674
222970, -51.694510
223080, -56.423736
223190, -60.971888
223300, -64.902611
223410, -67.854978
223520, -69.772270
223630, -70.860603
223740, -71.394518
223850, -71.593125
223960, -71.597723
224070, -71.490754
224180, -71.318304
224290, -71.105807
224400, -70.867349
224510, -70.610840
224620, -70.340825
224730, -70.060005
224840, -69.770060
224950, -69.472093
225060, -69.166896
225170, -68.855092
225280, -68.537201
225390, -68.213692
225500, -67.885024
225610, -67.551643
225720, -67.213979
225830, -66.872488
225940, -66.527623
226050, -66.179815
226160, -65.829532
226270, -65.477217
226380, -65.123284
226490, -64.768194
226600, -64.412326
226710, -64.056052
226820, -63.699790
226930, -63.343795
227040, -62.988359
227150, -62.633825
227260, -62.280259
227370, -61.927849
227480, -61.576772
227590, -61.226927
227700, -60.878363
227810, -60.531037
227920, -60.184647
228030, -59.839079
228140, -59.494017
228250, -59.148915
228360, -58.803465
228470, -58.456996
228580, -58.108659
228690, -57.757891
228800, -57.403498
228910, -57.044222
229020, -56.679121
229130, -56.306098
229240, -55.923280
229350, -55.528717
229460, -55.119050
229570, -54.691333
229680, -54.240933
229790, -53.762696
229900, -53.249906
230010, -52.693896
230120, -52.083278
230230, -51.403628
230340, -50.633799
230450, -49.745840
230560, -48.700318
230670, -47.439734
230780, -45.878940
230890, -43.890076
231000, -41.275211
231110, -37.730152
231220, -32.810537
231330, -25.969724
231440, -16.884014
231550, -6.284394
231660, 3.475152
231770, 9.855436
231880, 12.145482
231990, 11.190189
232100, 8.152074
232210, 3.934374
232320, -0.869439
232430, -5.893286
232540, -10.921703
232650, -15.836869
232760, -20.584029
232870, -25.150422
232980, -29.554233
233090, -33.842851
233200, -38.088619
233310, -42.383370
233420, -46.817575
233530, -51.436666
233640, -56.165419
233750, -60.734537
233860, -64.709979
233970, -67.720268
234080, -69.690533
234190, -70.817195
234300, -71.375236
234410, -71.588017
234520, -71.600754
234630, -71.498499
234740, -71.328866
234850, -71.118137
234960, -70.880864
235070, -70.625209
235180, -70.355854
235290, -70.075577
235400, -69.786099
235510, -69.488549
235620, -69.183730
235730, -68.872273
235840, -68.554703
235950, -68.231489
236060, -67.903091
236170, -67.569957
236280, -67.232515
236390, -66.891221
236500, -66.546530
236610, -66.198871
236720, -65.848711
236830, -65.496496
236940, -65.142640
237050, -64.787601
237160, -64.431767
237270, -64.075503
237380, -63.719230
237490, -63.363211
237600, -63.007734
237710, -62.653150
237820, -62.299528
237930, -61.947049
238040, -61.595910
238150, -61.246001
238260, -60.897366
238370, -60.549989
238480, -60.203556
238590, -59.857945
238700, -59.512876
238810, -59.167787
238920, -58.822362
239030, -58.475973
239140, -58.127754
239250, -57.777129
239360, -57.422963
239470, -57.063975
239580, -56.699209
239690, -56.326647
239800, -55.944390
239910, -55.550578
240020, -55.141826
240130, -54.715173
240240, -54.266135
240350, -53.789537
240460, -53.278857
240570, -52.725430
240680, -52.118155
240790, -51.442658
240900, -50.678258
241010, -49.797592
241120, -48.762031
241230, -47.515232
241340, -45.973736
241450, -44.013072
241560, -41.439907
241670, -37.956490
241780, -33.126952
241890, -26.405657
242000, -17.440742
242110, -6.878361
242220, 3.003745
242330, 9.610139
242440, 12.112690
242550, 11.305668
242660, 8.356239
242770, 4.185900
242880, -0.596644
242990, -5.614994
243100, -10.646937
243210, -15.570314
243320, -20.327450
243430, -24.903367
243540, -29.314851
243650, -33.607907
243760, -37.853845
243870, -42.143398
243980, -46.568070
244090, -51.177052
244200, -55.905087
244310, -60.493805
244420, -64.513400
244530, -67.581887
244640, -69.606029
244750, -70.772001
244860, -71.354901
244970, -71.582316
245080, -71.603457
245190, -71.506062
245300, -71.339326
245410, -71.130412
245520, -70.894349
245630, -70.639563
245740, -70.370878
245850, -70.091149
245960, -69.802142
246070, -69.505012
246180, -69.200574
246290, -68.889466
246400, -68.572219
246510, -68.249302
246620, -67.921176
246730, -67.588291
246840, -67.251073
246950, -66.909978
247060, -66.565463
247170, -66.217954
247280, -65.867918
247390, -65.515806
247500, -65.162029
247610, -64.807042
247720, -64.451242
247830, -64.094991
247940, -63.738707
248050, -63.382666
248160, -63.027150
248270, -62.672507
248380, -62.318824
248490, -61.966274
248600, -61.615073
248710, -61.265102
248820, -60.916398
248930, -60.568972
249040, -60.222498
249150, -59.876847
249260, -59.531772
249370, -59.186700
249480, -58.841301
249590, -58.494995
249700, -58.146896
249810, -57.796416
249920, -57.442479
250030, -57.083781
250140, -59.561264
250250, -61.607790
250360, -63.355827
250470, -64.865863
250580, -66.164130
250690, -67.266617
250800, -68.189851
250910, -68.953103
251020, -69.577061
251130, -70.081978
251240, -70.486561
251350, -70.807189
251460, -71.057896
251570, -71.250450
251680, -71.394605
251790, -71.498426
251900, -71.568562
252010, -71.610491
252120, -71.628726
252230, -71.626998
252340, -71.608398
252450, -71.575498
252560, -71.530442
252670, -71.475031
252780, -71.410781
252890, -71.338972
253000, -71.260696
253110, -71.176883
253220, -71.088332
253330, -70.995734
253440, -70.899684
253550, -70.800690
253660, -70.699197
253770, -70.595604
253880, -70.490261
253990, -70.383483
254100, -70.275549
254210, -70.166711
254320, -70.057195
254430, -69.947207
254540, -69.836917
254650, -69.726473
254760, -69.616016
254870, -69.505678
254980, -69.395584
255090, -69.285851
255200, -69.176587
255310, -69.067892
255420, -68.959860
255530, -68.852565
255640, -68.746052
255750, -68.640376
255860, -68.535594
255970, -68.431766
256080, -68.328947
256190, -68.227193
256300, -68.126556
256410, -68.027087
256520, -67.928831
256630, -67.831797
256740, -67.735987
256850, -67.641418
256960, -67.548112
257070, -67.456096
257180, -67.365397
257290, -67.276046
257400, -67.188069
257510, -67.101495
257620, -67.016350
257730, -66.932659
257840, -66.850396
257950, -66.769540
258060, -66.690084
258170, -66.612033
258280, -66.535397
258390, -66.460189
258500, -66.386424
258610, -66.314118
258720, -66.243288
258830, -66.173949
258940, -66.106117
259050, -66.039806
259160, -65.975031
259270, -65.911778
259380, -65.850003
259490, -65.789681
259600, -65.730803
259710, -65.673365
259820, -65.617370
259930, -65.562824
260040, -65.509734
260150, -65.458108
260260, -65.407955
260370, -65.359282
260480, -65.312098
260590, -65.266407
260700, -65.222216
260810, -65.179530
260920, -65.138351
261030, -65.098683
261140, -65.060525
261250, -65.023878
261360, -64.988740
261470, -64.955092
261580, -64.922888
261690, -64.892097
261800, -64.862698
261910, -64.834678
262020, -64.808024
262130, -64.782727
262240, -64.758778
262350, -64.736169
262460, -64.714891
262570, -64.694932
262680, -64.676282
262790, -64.658928
262900, -64.642857
263010, -64.628053
263120, -64.614500
263230, -64.602181
263340, -64.591074
263450, -64.581161
263560, -64.572419
263670, -64.564825
263780, -64.558353
263890, -64.552978
264000, -64.548673
264110, -64.545409
264220, -64.543156
264330, -64.541885
264440, -64.541564
264550, -64.542160
264660, -64.543640
264770, -64.545969
264880, -64.549114
264990, -64.553038
265100, -64.557705
265210, -64.563080
265320, -64.569125
265430, -64.575803
265540, -64.583077
265650, -64.590910
265760, -64.599265
265870, -64.608103
265980, -64.617389
266090, -64.627085
266200, -64.637155
266310, -64.647562
266420, -64.658272
266530, -64.669248
266640, -64.680458
266750, -64.691866
266860, -64.703440
266970, -64.715149
267080, -64.726960
267190, -64.738844
267300, -64.750771
267410, -64.762713
267520, -64.774643
267630, -64.786535
267740, -64.798364
267850, -64.810106
267960, -64.821738
268070, -64.833239
268180, -64.844588
268290, -64.855767
268400, -64.866757
268510, -64.877542
268620, -64.888106
268730, -64.898435
268840, -64.908515
268950, -64.918335
269060, -64.927884
269170, -64.937151
269280, -64.946129
269390, -64.954808
269500, -64.963183
269610, -64.971248
269720, -64.978998
269830, -64.986430
269940, -64.993540
270050, -65.000326
270160, -65.006787
270270, -65.012914
270380, -65.018701
270490, -65.024147
270600, -65.029253
270710, -65.034021
270820, -65.038455
270930, -65.042561
271040, -65.046343
271150, -65.049809
271260, -65.052964
271370, -65.055816
271480, -65.058373
271590, -65.060642
271700, -65.062632
271810, -65.064352
271920, -65.065809
272030, -65.067013
272140, -65.067973
272250, -65.068698
272360, -65.069196
272470, -65.069478
272580, -65.069553
272690, -65.069429
272800, -65.069116
272910, -65.068624
273020, -65.067961
273130, -65.067137
273240, -65.066160
273350, -65.065040
273460, -65.063785
273570, -65.062404
273680, -65.060906
273790, -65.059300
273900, -65.057592
274010, -65.055792
274120, -65.053907
274230, -65.051946
274340, -65.049915
274450, -65.047822
274560, -65.045674
274670, -65.043478
274780, -65.041241
274890, -65.038968
275000, -65.036668
275110, -65.034345
275220, -65.032005
275330, -65.029654
275440, -65.027297
275550, -65.024940
275660, -65.022586
275770, -65.020242
275880, -65.017911
275990, -65.015598
276100, -65.013306
276210, -65.011040
276320, -65.008803
276430, -65.006598
276540, -65.004428
276650, -65.002296
276760, -65.000206
276870, -64.998159
276980, -64.996155
277090, -64.994195
277200, -64.992278
277310, -64.990407
277420, -64.988583
277530, -64.986806
277640, -64.985079
277750, -64.983403
277860, -64.981779
277970, -64.980208
278080, -64.978691
278190, -64.977228
278300, -64.975821
278410, -64.974471
278520, -64.973177
278630, -64.971939
278740, -64.970759
278850, -64.969636
278960, -64.968570
279070, -64.967561
279180, -64.966608
279290, -64.965712
279400, -64.964871
279510, -64.964086
279620, -64.963355
279730, -64.962679
279840, -64.962055
279950, -64.961483
280060, -64.960963
280170, -64.960492
280280, -64.960071
280390, -64.959698
280500, -64.959371
280610, -64.959090
280720, -64.958854
280830, -64.958660
280940, -64.958507
281050, -64.958395
281160, -64.958322
281270, -64.958286
281380, -64.958286
281490, -64.958320
281600, -64.958387
281710, -64.958486
281820, -64.958614
281930, -64.958771
282040, -64.958955
282150, -64.959164
282260, -64.959398
282370, -64.959653
282480, -64.959930
282590, -64.960227
282700, -64.960541
282810, -64.960873
282920, -64.961220
283030, -64.961580
283140, -64.961954
283250, -64.962339
283360, -64.962734
283470, -64.963138
283580, -64.963549
283690, -64.963967
283800, -64.964391
283910, -64.964818
284020, -64.965249
284130, -64.965682
284240, -64.966115
284350, -64.966549
284460, -64.966983
284570, -64.967414
284680, -64.967843
284790, -64.968269
284900, -64.968690
285010, -64.969107
285120, -64.969518
285230, -64.969923
285340, -64.970321
285450, -64.970712
285560, -64.971095
285670, -64.971470
285780, -64.971836
285890, -64.972192
286000, -64.972539
286110, -64.972876
286220, -64.973203
286330, -64.973519
286440, -64.973824
286550, -64.974118
286660, -64.974401
286770, -64.974673
286880, -64.974933
286990, -64.975182
287100, -64.975419
287210, -64.975644
287320, -64.975857
287430, -64.976059
287540, -64.976250
287650, -64.976428
287760, -64.976595
287870, -64.976751
287980, -64.976895
288090, -64.977029
288200, -64.977151
288310, -64.977262
288420, -64.977363
288530, -64.977454
288640, -64.977534
288750, -64.977604
288860, -64.977665
288970, -64.977716
289080, -64.977757
289190, -64.977790
289300, -64.977814
289410, -64.977830
289520, -64.977838
289630, -64.977838
289740, -64.977830
289850, -64.977815
289960, -64.977794
290070, -64.977765
290180, -64.977731
290290, -64.977690
290400, -64.977644
290510, -64.977593
290620, -64.977536
290730, -64.977475
290840, -64.977409
290950, -64.977339
291060, -64.977265
291170, -64.977188
291280, -64.977108
291390, -64.977024
291500, -64.976938
291610, -64.976849
291720, -64.976759
291830, -64.976666
291940, -64.976572
292050, -64.976476
292160, -64.976380
292270, -64.976282
292380, -64.976184
292490, -64.976085
292600, -64.975986
292710, -64.975887
292820, -64.975788
292930, -64.975690
293040, -64.975592
293150, -64.975494
293260, -64.975398
293370, -64.975302
293480, -64.975208
293590, -64.975115
293700, -64.975023
293810, -64.974933
293920, -64.974845
294030, -64.974758
294140, -64.974673
294250, -64.974591
294360, -64.974510
294470, -64.974431
294580, -64.974355
294690, -64.974280
294800, -64.974208
294910, -64.974139
295020, -64.974072
295130, -64.974007
295240, -64.973945
295350, -64.973885
295460, -64.973828
295570, -64.973773
295680, -64.973720
295790, -64.973671
295900, -64.973623
296010, -64.973578
296120, -64.973536
296230, -64.973496
296340, -64.973459
296450, -64.973424
296560, -64.973391
296670, -64.973361
296780, -64.973333
296890, -64.973307
297000, -64.973284
297110, -64.973263
297220, -64.973243
297330, -64.973226
297440, -64.973211
297550, -64.973198
297660, -64.973187
297770, -64.973178
297880, -64.973170
297990, -64.973164
298100, -64.973160
298210, -64.973158
298320, -64.973157
298430, -64.973157
298540, -64.973159
298650, -64.973162
298760, -64.973167
298870, -64.973172
298980, -64.973179
299090, -64.973187
299200, -64.973196
299310, -64.973206
299420, -64.973217
299530, -64.973229
299640, -64.973241
299750, -64.973254
299860, -64.973268
299970, -64.973283
300080, -64.973298
