# hh_impl_0330.txt
# dt = 330 [usec]
# t [usec], V [mV]
0, -65.000000
330, -64.991821
660, -64.984665
990, -64.978266
1320, -64.972545
1650, -64.967483
1980, -64.963074
2310, -64.959312
2640, -64.956184
2970, -64.953668
3300, -64.951739
3630, -64.950363
3960, -64.949501
4290, -64.949112
4620, -64.949150
4950, -64.949568
5280, -64.950319
5610, -64.951354
5940, -64.952627
6270, -64.954091
6600, -64.955703
6930, -64.957420
7260, -64.959206
7590, -64.961022
7920, -64.962839
8250, -64.964627
8579, -64.966360
8909, -64.968018
9239, -64.969582
9569, -64.971039
9899, -64.972376
10229, -64.973586
10559, -64.974664
10889, -64.975607
11219, -64.976416
11549, -64.977091
11879, -64.977638
12209, -64.978061
12539, -64.978368
12869, -64.978566
13199, -64.978665
13529, -64.978673
13859, -64.978602
14189, -64.978459
14519, -64.978256
14849, -64.978003
15179, -64.977708
15509, -64.977382
15839, -64.977032
16169, -64.976667
16499, -64.976295
16829, -64.975922
17159, -64.975553
17489, -64.975195
17819, -64.974852
18149, -64.974527
18479, -64.974224
18809, -64.973945
19139, -64.973693
19469, -64.973467
19799, -64.973269
20129, -64.973098
20459, -64.972956
20789, -64.972839
21119, -64.972749
21449, -64.972683
21779, -64.972639
22109, -64.972616
22439, -64.972612
22769, -64.972625
23099, -64.972654
23429, -64.972694
23759, -64.972746
24089, -64.972807
24419, -64.972874
24749, -64.972946
25079, -64.973022
25409, -64.973100
25739, -64.973178
26069, -64.973256
26399, -64.973331
26729, -64.973403
27059, -64.973472
27389, -64.973536
27719, -64.973595
28049, -64.973649
28379, -64.973698
28709, -64.973740
29039, -64.973777
29369, -64.973808
29699, -64.973834
30029, -64.973854
30359, -64.973869
30689, -64.973879
31019, -64.973885
31349, -64.973887
31679, -64.973886
32009, -64.973881
32339, -64.973873
32669, -64.973863
32999, -64.973851
33329, -64.973838
33659, -64.973824
33989, -64.973808
34319, -64.973793
34649, -64.973777
34979, -64.973761
35309, -64.973746
35639, -64.973731
35969, -64.973717
36299, -64.973704
36629, -64.973691
36959, -64.973680
37289, -64.973670
37619, -64.973662
37949, -64.973654
38279, -64.973648
38609, -64.973642
38939, -64.973638
39269, -64.973635
39599, -64.973633
39929, -64.973632
40259, -64.973631
40589, -64.973632
40919, -64.973633
41249, -64.973634
41579, -64.973636
41909, -64.973639
42239, -64.973642
42569, -64.973645
42899, -64.973648
43229, -64.973651
43559, -64.973655
43889, -64.973658
44219, -64.973661
44549, -64.973665
44879, -64.973668
45209, -64.973670
45539, -64.973673
45869, -64.973675
46199, -64.973678
46529, -64.973680
46859, -64.973681
47189, -64.973683
47519, -64.973684
47849, -64.973685
48179, -64.973686
48509, -64.973686
48839, -64.973687
49169, -64.973687
49499, -64.973687
49829, -64.973687
50159, -64.973686
50489, -52.101859
50819, -39.470336
51149, -13.299964
51479, 27.805935
51809, 34.760027
52139, 25.341495
52469, 11.205805
52799, -3.339676
53129, -16.519215
53459, -28.078487
53789, -38.469022
54119, -48.585024
54449, -58.795179
54779, -66.688579
55109, -69.912905
55439, -70.356777
55769, -69.827973
56099, -68.962906
56429, -67.948141
56759, -66.844711
57089, -65.680614
57419, -64.475421
57749, -63.246299
58079, -62.008595
58409, -60.774684
58739, -59.551110
59069, -58.338206
59399, -57.128444
59729, -55.904815
60059, -54.636771
60389, -53.273792
60719, -51.737806
61049, -49.892560
61379, -47.486486
61709, -44.007482
62039, -38.399204
62369, -28.733830
62699, -14.310635
63029, -2.880284
63359, -3.046693
63689, -11.429207
64019, -22.254637
64349, -32.724018
64679, -42.373595
65009, -51.734906
65339, -60.504102
65669, -66.367627
65999, -68.516151
66329, -68.641301
66659, -67.981671
66989, -67.016516
67319, -65.913701
67649, -64.739873
67979, -63.529292
68309, -62.304660
68639, -61.082680
68969, -59.874756
69299, -58.685512
69629, -57.512142
69959, -56.344222
70289, -55.162489
70619, -53.936773
70949, -52.620246
71279, -51.135323
71610, -49.359677
71940, -47.065301
72270, -43.822217
72600, -38.772203
72930, -30.452877
73260, -18.208188
73590, -7.407929
73920, -6.046151
74250, -12.964183
74580, -22.996124
74910, -33.078677
75240, -42.494355
75570, -51.636200
75900, -60.179549
76230, -65.952197
76560, -68.135813
76890, -68.297164
77220, -67.650195
77550, -66.684493
77880, -65.577054
78210, -64.399369
78540, -63.187970
78870, -61.966371
79200, -60.751100
79530, -59.551973
79860, -58.372525
80190, -57.209129
80520, -56.050277
80850, -54.875653
81180, -53.651677
81510, -52.327659
81840, -50.826312
82170, -49.017811
82500, -46.667227
82830, -43.315834
83160, -38.081993
83490, -29.542324
83820, -17.428525
84150, -7.556601
84480, -7.114878
84810, -14.357037
85140, -24.334035
85470, -34.258883
85800, -43.565498
86130, -52.643754
86460, -60.956162
86790, -66.278844
87120, -68.149070
87450, -68.181172
87780, -67.484399
88110, -66.496660
88440, -65.377906
88770, -64.194403
89100, -62.980985
89430, -61.760356
89760, -60.547797
90090, -59.352605
90420, -58.177471
90750, -57.017775
91080, -55.860966
91410, -54.683329
91740, -53.449734
92070, -52.107915
92400, -50.577119
92730, -48.712854
93060, -46.259428
93390, -42.720949
93720, -37.142879
94050, -28.091347
94380, -15.837163
94710, -7.026983
95040, -7.887410
95370, -15.731737
95700, -25.779672
96030, -35.600110
96360, -44.840622
96690, -53.883637
97020, -61.915941
97350, -66.700750
97680, -68.215037
98010, -68.100097
98340, -67.346310
98670, -66.333922
99000, -65.203109
99330, -64.013677
99660, -62.798201
99990, -61.577941
100320, -60.367558
100650, -59.175566
100980, -58.003746
101310, -56.846497
101640, -55.688197
101970, -54.504432
102300, -53.258715
102630, -51.896207
102960, -50.328723
103290, -48.400234
103620, -45.829485
103950, -42.072994
104280, -36.093825
104610, -26.472499
104940, -14.166029
105270, -6.572268
105600, -8.735171
105930, -17.136703
106260, -27.233951
106590, -36.955007
106920, -46.146366
107250, -55.144718
107580, -62.838494
107910, -67.076745
108240, -68.262687
108570, -68.015120
108900, -67.209477
109230, -66.174371
109560, -65.032416
109890, -63.837624
110220, -62.620243
110550, -61.400583
110880, -60.192541
111210, -59.003796
111540, -57.835215
111870, -56.678508
112200, -55.517645
112530, -54.327123
112860, -53.068664
113190, -51.684664
113520, -50.075760
113850, -48.078713
114180, -45.384347
114510, -41.389987
114840, -34.976108
115170, -24.788708
115500, -12.586176
115830, -6.313299
116160, -9.684908
116490, -18.551443
116820, -28.663343
117150, -38.287394
117480, -47.441541
117810, -56.373435
118140, -63.677283
118470, -67.387864
118800, -68.283819
119130, -67.921708
119460, -67.070790
119790, -66.015514
120120, -64.863606
120450, -63.664015
120780, -62.445170
121110, -61.226464
121440, -60.021006
121770, -58.835644
122100, -57.669024
122430, -56.512385
122760, -55.348772
123090, -54.151354
123420, -52.879985
123750, -51.470970
124080, -49.818212
124410, -47.743111
124740, -44.905359
125070, -40.646092
125400, -33.756901
125730, -23.015373
126060, -11.103123
126390, -6.251590
126720, -10.751763
127050, -20.004220
127380, -30.098258
127710, -39.628258
128040, -48.755694
128370, -57.593617
128700, -64.451938
129030, -67.648809
129360, -68.283391
129690, -67.819288
130020, -66.927509
130350, -65.853693
130680, -64.692537
131010, -63.488642
131340, -62.268772
131670, -61.051396
132000, -59.848829
132330, -58.666163
132660, -57.501319
132990, -56.344706
133320, -55.178268
133650, -53.973776
133980, -52.688581
134310, -51.251595
134640, -49.552372
134970, -47.392427
135300, -44.399287
135630, -39.845200
135960, -32.444596
136290, -21.189680
136620, -9.775609
136950, -6.396777
137280, -11.916011
137610, -21.471403
137940, -31.522197
138270, -40.964266
138600, -50.071471
138930, -58.777315
139260, -65.145136
139590, -67.857826
139920, -68.261769
140250, -67.708353
140580, -66.780227
140910, -65.689592
141240, -64.520040
141570, -63.312403
141900, -62.091947
142230, -60.876259
142560, -59.676315
142890, -58.496249
143220, -57.333227
143550, -56.176675
143880, -55.007387
144210, -53.795733
144540, -52.492847
144870, -51.025499
145200, -49.277273
145530, -47.028439
145860, -43.873745
146190, -39.014004
146520, -31.097399
146850, -19.424461
147180, -8.698843
147510, -6.748786
147840, -13.134918
148170, -22.906304
148500, -32.889295
148830, -42.252174
149160, -51.339812
149490, -59.869679
149820, -65.731153
150150, -68.011119
150480, -68.220599
150810, -67.592188
151140, -66.632999
151470, -65.527721
151800, -64.350863
152130, -63.140146
152460, -61.919549
152790, -60.705600
153120, -59.508177
153450, -58.330758
153780, -57.169625
154110, -56.013202
154440, -54.841164
154770, -53.619327
155100, -52.297560
155430, -50.799152
155760, -48.994363
156090, -46.650547
156420, -43.312533
156750, -38.109255
157080, -29.637443
157410, -17.623521
157740, -7.775150
158070, -7.254568
158400, -14.419776
158730, -24.354053
159060, -34.258513
159390, -43.552893
159720, -52.619879
160050, -60.924911
160380, -66.251397
160710, -68.128949
161040, -68.165065
161370, -67.469797
161700, -66.482457
162030, -65.363731
162360, -64.180213
162690, -62.966875
163020, -61.746442
163350, -60.534207
163680, -59.339447
164010, -58.164811
164340, -57.005636
164670, -55.849328
165000, -54.671951
165330, -53.438438
165660, -52.096525
165990, -50.565456
166320, -48.700354
166650, -46.245253
166980, -42.704139
167310, -37.122248
167640, -28.069719
167970, -15.830565
168300, -7.052441
168630, -7.933006
168960, -15.779529
169290, -25.821951
169620, -35.636183
169950, -44.873056
170280, -53.913227
170610, -61.936304
170940, -66.707165
171270, -68.213207
171600, -68.095020
171930, -67.339950
172260, -66.326961
172589, -65.195828
172919, -64.006240
173249, -62.790732
173579, -61.570525
173909, -60.360266
174239, -59.168445
174569, -57.996809
174899, -56.839696
175229, -55.681404
175559, -54.497507
175889, -53.251472
176219, -51.888386
176549, -50.319702
176879, -48.389220
177209, -45.814863
177539, -42.051441
177869, -36.060247
178199, -26.423501
178529, -14.121380
178859, -6.568398
179189, -8.769019
179519, -17.184582
179849, -27.281688
180179, -36.998930
180509, -46.188397
180839, -55.184254
181169, -62.865641
181499, -67.086800
181829, -68.263000
182159, -68.011571
182489, -67.204405
182819, -66.168616
183149, -65.026319
183479, -63.831365
183809, -62.613934
184139, -61.394309
184469, -60.186361
184799, -58.997743
185129, -57.829275
185459, -56.672595
185789, -55.511658
186119, -54.320921
186449, -53.062046
186779, -51.677338
187109, -50.067053
187439, -48.067723
187769, -45.369255
188099, -41.367059
188429, -34.939101
188759, -24.734742
189089, -12.539739
189419, -6.310390
189749, -9.718145
190079, -18.597379
190409, -28.708845
190739, -38.329650
191069, -47.482702
191399, -56.411985
191729, -63.702484
192059, -67.396673
192389, -68.283976
192719, -67.918472
193049, -67.066202
193379, -66.010317
193709, -64.858107
194039, -63.658372
194369, -62.439488
194699, -61.220819
195029, -60.015451
195359, -58.830204
195689, -57.663650
196019, -56.507015
196349, -55.343315
196679, -54.145676
197009, -52.873894
197339, -51.464012
197669, -49.809807
197999, -47.732059
198329, -44.889448
198659, -40.620904
198989, -33.715387
199319, -22.956126
199649, -11.056812
199979, -6.252352
200309, -10.787750
200639, -20.051537
200969, -30.144895
201299, -39.672032
201629, -48.798716
201959, -57.633232
202289, -64.476190
202619, -67.656570
202949, -68.283060
203279, -67.815815
203609, -66.922767
203939, -65.848370
204269, -64.686924
204599, -63.482897
204929, -62.263000
205259, -61.045674
205589, -59.843205
205919, -58.660626
206249, -57.495839
206579, -56.339225
206909, -55.172692
207239, -53.967966
207569, -52.682195
207899, -51.244223
208229, -49.543406
208559, -47.380567
208889, -44.382149
209219, -39.818126
209549, -32.400261
209879, -21.129555
210209, -9.734814
210539, -6.404929
210869, -11.955777
211199, -21.519747
211529, -31.568777
211859, -41.008131
212189, -50.114862
212519, -58.815135
212849, -65.166440
213179, -67.863818
213509, -68.260724
213839, -67.704593
214169, -66.775353
214499, -65.684198
214829, -64.514386
215159, -63.306636
215489, -62.086167
215819, -60.870540
216149, -59.670678
216479, -58.490698
216809, -57.327736
217139, -56.171185
217469, -55.001802
217799, -53.789911
218129, -52.486440
218459, -51.018088
218789, -49.268246
219119, -47.016484
219449, -43.856491
219779, -38.986361
220109, -31.052735
220439, -19.367426
220769, -8.667031
221099, -6.763081
221429, -13.175493
221759, -22.952909
222089, -32.933225
222419, -42.293647
222749, -51.380605
223079, -59.903951
223409, -65.748894
223739, -68.015471
224069, -68.219046
224399, -67.588357
224729, -66.628217
225059, -65.522488
225389, -64.345405
225719, -63.134597
226049, -61.914002
226379, -60.700105
226709, -59.502765
227039, -58.325434
227369, -57.164365
227699, -56.007949
228029, -54.835824
228359, -53.613653
228689, -52.291274
229019, -50.791863
229349, -48.985216
229679, -46.637970
230009, -43.293670
230339, -38.078832
230669, -29.588873
230999, -17.566098
231329, -7.749377
231659, -7.274169
231989, -14.462478
232319, -24.400857
232649, -34.302527
232979, -43.594842
233309, -52.661081
233639, -60.958084
233969, -66.267142
234299, -68.132173
234629, -68.163005
234959, -67.465695
235289, -66.477486
235619, -65.358343
235949, -64.174619
236279, -62.961204
236609, -61.740773
236939, -60.528598
237269, -59.333931
237599, -58.159391
237929, -57.000284
238259, -55.843985
238589, -54.666427
238919, -53.432530
239249, -52.089959
239579, -50.557824
239909, -48.690754
240239, -46.232022
240569, -42.684319
240899, -37.089979
241229, -28.019163
241559, -15.775217
241889, -7.034291
242219, -7.957825
242549, -15.823825
242879, -25.868586
243209, -35.679688
243539, -44.914962
243869, -53.954357
244199, -61.967838
244529, -66.720881
244859, -68.215493
245189, -68.092613
245519, -67.335717
245849, -66.321938
246179, -65.190421
246509, -64.000647
246839, -62.785076
247169, -61.564883
247499, -60.354693
247829, -59.162971
248159, -57.991436
248489, -56.834339
248819, -55.675968
249149, -54.491861
249479, -53.245427
249809, -51.881667
250139, -50.311683
250469, -56.387065
250799, -61.511309
251129, -65.988164
251459, -69.079683
251789, -70.870555
252119, -71.803537
252449, -72.228481
252779, -72.355695
253109, -72.304592
253439, -72.143513
253769, -71.912766
254099, -71.637071
254429, -71.332263
254759, -71.009041
255089, -70.674966
255419, -70.335405
255749, -69.994550
256079, -69.655736
256409, -69.321293
256739, -68.993309
257069, -68.673557
257399, -68.363007
257729, -68.062734
258059, -67.773735
258389, -67.496320
258719, -67.230875
259049, -66.977914
259379, -66.737858
259709, -66.510330
260039, -66.295441
260369, -66.093448
260699, -65.904621
261029, -65.728723
261359, -65.565346
261689, -65.414471
262019, -65.276183
262349, -65.150565
262679, -65.037645
263009, -64.937383
263339, -64.849227
263669, -64.772641
263999, -64.707314
264329, -64.652958
264659, -64.609237
264989, -64.575739
265319, -64.551968
265649, -64.537345
265979, -64.531211
266309, -64.532844
266639, -64.541462
266969, -64.556240
267299, -64.576328
267629, -64.600862
267959, -64.628984
268289, -64.659852
268619, -64.692659
268949, -64.726646
269279, -64.761108
269609, -64.795406
269939, -64.828973
270269, -64.861317
270599, -64.892022
270929, -64.920751
271259, -64.947239
271589, -64.971292
271919, -64.992783
272249, -65.011646
272579, -65.027785
272909, -65.041184
273239, -65.051926
273569, -65.060152
273899, -65.066033
274229, -65.069760
274559, -65.071539
274889, -65.071580
275219, -65.070097
275549, -65.067301
275879, -65.063396
276209, -65.058583
276539, -65.053048
276869, -65.046967
277199, -65.040503
277529, -65.033806
277859, -65.027010
278189, -65.020234
278519, -65.013584
278849, -65.007148
279179, -65.001004
279509, -64.995213
279839, -64.989791
280169, -64.984761
280499, -64.980150
280829, -64.975980
281159, -64.972265
281489, -64.969013
281819, -64.966222
282149, -64.963883
282479, -64.961984
282809, -64.960504
283139, -64.959420
283469, -64.958705
283799, -64.958329
284129, -64.958259
284459, -64.958463
284789, -64.958906
285119, -64.959555
285449, -64.960376
285779, -64.961335
286109, -64.962404
286439, -64.963551
286769, -64.964749
287099, -64.965974
287429, -64.967201
287759, -64.968412
288089, -64.969588
288419, -64.970713
288750, -64.971776
289080, -64.972765
289410, -64.973673
289740, -64.974493
290070, -64.975222
290400, -64.975858
290730, -64.976400
291060, -64.976850
291390, -64.977211
291720, -64.977486
292050, -64.977681
292380, -64.977799
292710, -64.977848
293040, -64.977834
293370, -64.977764
293700, -64.977645
294030, -64.977484
294360, -64.977287
294690, -64.977062
295020, -64.976815
295350, -64.976552
295680, -64.976278
296010, -64.975999
296340, -64.975719
296670, -64.975444
297000, -64.975176
297330, -64.974918
297660, -64.974674
297990, -64.974446
298320, -64.974235
298650, -64.974042
298980, -64.973869
299310, -64.973716
299640, -64.973583
299970, -64.973469
300300, -64.973375
