# ./result/hh_impl_0790.txt
# dt = 790 [usec]
# t [usec], V [mV]
0, -65.000000
790, -64.984394
1580, -64.972331
2370, -64.963159
3160, -64.956740
3950, -64.952880
4740, -64.951272
5530, -64.951529
6320, -64.953221
7110, -64.955918
7900, -64.959214
8690, -64.962755
9480, -64.966244
10270, -64.969458
11060, -64.972239
11850, -64.974495
12640, -64.976190
13430, -64.977334
14220, -64.977973
15010, -64.978175
15800, -64.978025
16590, -64.977612
17380, -64.977021
18170, -64.976334
18960, -64.975617
19750, -64.974927
20540, -64.974304
21330, -64.973775
22120, -64.973357
22910, -64.973051
23700, -64.972855
24490, -64.972758
25280, -64.972743
26070, -64.972794
26860, -64.972893
27650, -64.973023
28440, -64.973167
29230, -64.973313
30020, -64.973452
30810, -64.973574
31600, -64.973675
32390, -64.973754
33180, -64.973810
33970, -64.973844
34760, -64.973859
35550, -64.973858
36340, -64.973845
37130, -64.973824
37920, -64.973797
38710, -64.973767
39500, -64.973738
40290, -64.973712
41080, -64.973689
41870, -64.973670
42660, -64.973655
43450, -64.973646
44240, -64.973640
45030, -64.973639
45820, -64.973640
46610, -64.973643
47400, -64.973649
48190, -64.973654
48980, -64.973660
49770, -64.973666
50560, -48.608493
51350, -25.158277
52140, 24.301415
52930, 16.559178
53720, -11.921829
54510, -34.750575
55300, -52.086748
56090, -66.498568
56880, -71.254209
57670, -70.658858
58460, -68.825061
59250, -66.550930
60040, -64.095753
60830, -61.643279
61620, -59.307459
62410, -57.090709
63200, -54.874454
63990, -52.403243
64780, -49.160633
65570, -43.907184
66360, -33.437488
67150, -15.176721
67940, -9.267888
68730, -25.076459
69520, -42.597121
70310, -57.642636
71100, -68.027741
71890, -69.912029
72680, -68.623309
73470, -66.485409
74260, -64.077552
75050, -61.654754
75840, -59.355781
76630, -57.201505
77420, -55.098740
78210, -52.852981
79000, -50.106778
79790, -46.092866
80580, -38.919118
81370, -25.259761
82160, -11.834565
82950, -19.005240
83740, -36.093297
84530, -51.521379
85320, -64.541322
86110, -69.518088
86900, -69.076813
87690, -67.177491
88480, -64.840306
89270, -62.410309
90060, -60.070391
90850, -57.885907
91640, -55.799214
92430, -53.652746
93220, -51.169452
94010, -47.803596
94800, -42.247465
95590, -31.592334
96380, -15.921654
97170, -14.234945
97960, -29.590862
98750, -45.754770
99540, -60.051180
100330, -68.575819
101120, -69.495246
101910, -67.956631
102700, -65.732243
103490, -63.310938
104280, -60.924512
105070, -58.684114
105860, -56.574425
106650, -54.475232
107440, -52.164716
108230, -49.234808
109020, -44.756901
109810, -36.502073
110600, -21.757886
111390, -12.080002
112180, -23.070244
112970, -39.902567
113760, -54.859578
114550, -66.488163
115340, -69.622150
116130, -68.659922
116920, -66.610351
117710, -64.229335
118500, -61.810763
119290, -59.510135
120080, -57.359587
120870, -55.277059
121660, -53.082975
122450, -50.462791
123240, -46.741545
124030, -40.313183
124820, -28.019381
125610, -13.460995
126400, -17.172459
127190, -33.692660
127980, -49.317427
128770, -62.919935
129560, -69.232239
130350, -69.233431
131140, -67.453216
131930, -65.152737
132720, -62.723938
133510, -60.367456
134300, -58.163787
135090, -56.073193
135880, -53.953700
136670, -51.553223
137460, -48.374836
138250, -43.283763
139040, -33.636680
139830, -18.071628
140620, -13.075111
141410, -27.080679
142200, -43.535579
142990, -58.110320
143780, -67.930780
144570, -69.584732
145360, -68.235038
146150, -66.069083
146940, -63.659300
147730, -61.258473
148520, -58.994627
149310, -56.874280
150100, -54.788352
150890, -52.532118
151680, -49.732296
152470, -45.580383
153260, -38.099762
154050, -24.218396
154840, -12.189931
155630, -20.656050
156420, -37.544083
157210, -52.734298
158000, -65.275553
158790, -69.547018
159580, -68.900640
160370, -66.942053
161160, -64.587068
161950, -62.161343
162740, -59.838399
163530, -57.669593
164320, -55.586387
165110, -53.423322
165900, -50.889211
166690, -47.398837
167480, -41.529489
168270, -30.263958
169060, -14.888696
169850, -15.311876
170640, -31.210068
171430, -47.147382
172220, -61.209345
173010, -68.874326
173800, -69.401609
174590, -67.760749
175380, -65.504079
176170, -63.078432
176960, -60.703782
177750, -58.477657
178540, -56.375569
179330, -54.268583
180120, -51.924020
180910, -48.906072
181700, -44.211353
182490, -35.450965
183280, -20.315523
184070, -12.332571
184860, -24.610920
185650, -41.318217
186440, -56.128016
187230, -67.107097
188020, -69.625178
188810, -68.499487
189600, -66.401400
190390, -64.007590
191180, -61.595524
191970, -59.308651
192760, -57.169687
193550, -55.087868
194340, -52.875327
195130, -50.193811
195920, -46.326596
196710, -39.534898
197500, -26.644386
198290, -12.856713
199080, -18.407002
199870, -35.135389
200660, -50.587231
201450, -63.847991
202240, -69.379850
203030, -69.117543
203820, -67.265856
204610, -64.943164
205400, -62.514553
206190, -60.169756
206980, -57.979895
207770, -55.895612
208560, -53.763422
209350, -51.316059
210140, -48.030126
210930, -42.683493
211720, -32.478446
212510, -16.847671
213300, -13.761586
214090, -28.571351
214880, -44.842242
215670, -59.256822
216460, -68.324671
217250, -69.532259
218040, -68.067846
218830, -65.866423
219620, -63.449442
220410, -61.057051
221200, -58.807937
221990, -56.694281
222780, -54.600820
223570, -52.312769
224360, -49.436210
225150, -45.090893
225940, -37.157736
226730, -22.741027
227520, -12.067386
228310, -22.101121
229100, -38.973227
229890, -54.020880
230680, -66.036346
231470, -69.602731
232260, -68.757463
233050, -66.741937
233840, -64.370421
234630, -61.948560
235420, -59.639575
236210, -57.481813
237000, -55.399025
237790, -53.217239
238580, -50.631019
239370, -47.000512
240160, -40.805042
240950, -28.923811
241740, -13.985223
242530, -16.413836
243320, -32.725400
244110, -48.467519
244900, -62.264418
245690, -69.106355
246480, -69.302582
247270, -67.574398
248060, -65.290219
248850, -62.862144
249640, -60.498508
250430, -67.880340
251220, -70.651340
252010, -71.392446
252800, -71.275347
253590, -70.787300
254380, -70.139886
255170, -69.435951
255960, -68.730512
256750, -68.055157
257540, -67.428049
258330, -66.857810
259120, -66.350195
259910, -65.906137
260700, -65.527092
261490, -65.210490
262280, -64.956534
263070, -64.763705
263860, -64.626619
264650, -64.541544
265440, -64.503410
266230, -64.505462
267020, -64.539592
267810, -64.596949
268600, -64.668659
269390, -64.746510
270180, -64.823514
270970, -64.894248
271760, -64.954982
272550, -65.003607
273340, -65.039358
274130, -65.062108
274920, -65.073330
275710, -65.075060
276500, -65.069516
277290, -65.058869
278080, -65.045101
278870, -65.029920
279660, -65.014706
280450, -65.000507
281240, -64.988049
282030, -64.977555
282820, -64.969239
283610, -64.963161
284400, -64.959224
285190, -64.957212
285980, -64.956828
286770, -64.957732
287560, -64.959572
288350, -64.962009
289140, -64.964743
289930, -64.967517
290720, -64.970131
291510, -64.972439
292300, -64.974349
293090, -64.975818
293880, -64.976842
294670, -64.977448
295460, -64.977686
296250, -64.977620
297040, -64.977320
297830, -64.976857
298620, -64.976297
299410, -64.975698
300200, -64.975109
