# hh_impl_0540.txt
# dt = 540 [usec]
# t [usec], V [mV]
0, -65.000000
540, -64.988010
1080, -64.978116
1620, -64.969843
2160, -64.963106
2700, -64.957870
3240, -64.954072
3780, -64.951614
4320, -64.950366
4859, -64.950175
5399, -64.950875
5939, -64.952294
6479, -64.954261
7019, -64.956615
7559, -64.959205
8099, -64.961896
8639, -64.964573
9179, -64.967140
9719, -64.969520
10259, -64.971656
10799, -64.973511
11339, -64.975062
11879, -64.976303
12419, -64.977240
12959, -64.977888
13499, -64.978272
14039, -64.978422
14579, -64.978371
15119, -64.978154
15659, -64.977807
16199, -64.977365
16739, -64.976858
17279, -64.976318
17819, -64.975768
18359, -64.975232
18899, -64.974726
19439, -64.974265
19979, -64.973857
20519, -64.973510
21059, -64.973225
21599, -64.973004
22139, -64.972843
22679, -64.972739
23219, -64.972686
23759, -64.972678
24299, -64.972707
24839, -64.972767
25379, -64.972850
25919, -64.972949
26459, -64.973058
26999, -64.973171
27539, -64.973285
28079, -64.973393
28619, -64.973494
29159, -64.973584
29699, -64.973663
30239, -64.973729
30779, -64.973782
31319, -64.973822
31859, -64.973850
32399, -64.973867
32939, -64.973874
33479, -64.973872
34019, -64.973863
34559, -64.973849
35099, -64.973831
35640, -64.973810
36180, -64.973788
36720, -64.973765
37260, -64.973742
37800, -64.973721
38340, -64.973702
38880, -64.973685
39420, -64.973670
39960, -64.973658
40500, -64.973649
41040, -64.973642
41580, -64.973638
42120, -64.973635
42660, -64.973635
43200, -64.973636
43740, -64.973639
44280, -64.973642
44820, -64.973647
45360, -64.973651
45900, -64.973656
46440, -64.973661
46980, -64.973665
47520, -64.973670
48060, -64.973674
48600, -64.973677
49140, -64.973680
49680, -64.973682
50220, -64.973684
50760, -46.109052
51300, -20.856438
51840, 27.428477
52380, 27.918762
52920, 8.066582
53460, -13.179369
54000, -30.498122
54540, -44.749166
55080, -58.030775
55620, -67.585037
56160, -69.958672
56700, -69.296335
57240, -67.804547
57780, -66.006705
58320, -64.062648
58860, -62.064238
59400, -60.079127
59940, -58.142364
60480, -56.241814
61020, -54.308752
61560, -52.203853
62100, -49.667066
62640, -46.155389
63180, -40.439077
63720, -30.001350
64260, -14.617572
64800, -8.070800
65340, -17.203346
65880, -31.243144
66420, -44.194190
66960, -56.059389
67500, -65.034029
68040, -67.949561
68580, -67.520468
69120, -66.032051
69660, -64.193447
70200, -62.240308
70740, -60.284884
71280, -58.384376
71820, -56.546539
72360, -54.729003
72900, -52.838711
73440, -50.713638
73980, -48.054662
74520, -44.265120
75060, -38.072160
75600, -27.584507
76140, -15.263039
76680, -13.261787
77220, -23.158042
77760, -36.029758
78300, -48.056423
78840, -59.100116
79380, -66.064711
79920, -67.574757
80460, -66.697423
81000, -65.061293
81540, -63.172977
82080, -61.221755
82620, -59.300320
83160, -57.445469
83700, -55.642597
84240, -53.828503
84780, -51.888039
85320, -49.621491
85860, -46.648377
86400, -42.193012
86940, -34.732214
87479, -23.083341
88019, -13.590602
88559, -16.785272
89099, -28.402746
89639, -40.863453
90179, -52.490044
90719, -62.436260
91259, -67.023443
91799, -67.297546
92339, -66.027626
92879, -64.261378
93419, -62.335140
93959, -60.391202
94499, -58.498735
95039, -56.673319
95579, -54.880399
96119, -53.037940
96659, -51.002936
97199, -48.523218
97739, -45.096527
98279, -39.701223
98819, -30.603091
99359, -18.465266
99899, -13.429020
100439, -21.029949
100979, -33.484247
101519, -45.554223
102059, -56.815002
102599, -64.972485
103139, -67.427916
103679, -66.874165
104219, -65.342055
104759, -63.488227
105299, -61.543486
105839, -59.615661
106379, -57.751967
106919, -55.947785
107459, -54.150382
107999, -52.252781
108539, -50.076142
109079, -47.297964
109619, -43.249513
110159, -36.591650
110699, -25.770850
111239, -14.883831
111779, -15.317463
112319, -25.915563
112859, -38.453571
113399, -50.195547
113939, -60.737832
114479, -66.540147
115019, -67.402360
115559, -66.319537
116099, -64.615390
116639, -62.707043
117179, -60.760175
117719, -58.855818
118259, -57.020212
118799, -55.229143
119339, -53.406117
119879, -51.421329
120419, -49.050781
120959, -45.868926
121499, -40.978116
122039, -32.739679
122579, -20.737699
123119, -13.353728
123659, -18.916434
124199, -31.040458
124739, -43.279860
125279, -54.728410
125819, -63.844233
126359, -67.282990
126899, -67.089345
127439, -65.671912
127979, -63.856184
128519, -61.918615
129059, -59.982745
129599, -58.106619
130139, -56.294603
130679, -54.500753
131219, -52.630690
131759, -50.524638
132299, -47.893019
132839, -44.162620
133379, -38.141052
133919, -28.113476
134459, -16.370575
134999, -14.190821
135539, -23.569481
136079, -36.138433
136619, -48.022436
137159, -58.974625
137699, -65.922275
138239, -67.457852
138779, -66.592839
139319, -64.960144
139859, -63.073933
140399, -61.126506
140939, -59.210749
141479, -57.362316
142019, -55.565020
142559, -53.754243
143099, -51.813684
143640, -49.542470
144180, -46.559135
144720, -42.084998
145260, -34.609093
145800, -23.025949
146340, -13.755511
146880, -17.084216
147420, -28.673068
147960, -41.075416
148500, -52.666935
149040, -62.538850
149580, -67.027444
150120, -67.261902
150660, -65.979652
151200, -64.209253
151740, -62.282358
152280, -60.339829
152820, -58.449769
153360, -56.626556
153900, -54.834390
154440, -52.989943
154980, -50.950144
155520, -48.457427
156060, -45.004692
156600, -39.559634
157140, -30.387147
157680, -18.287359
158220, -13.515867
158760, -21.286893
159300, -33.747759
159840, -45.791921
160380, -57.025430
160920, -65.072231
161460, -67.431498
162000, -66.844558
162540, -65.301788
163080, -63.444498
163620, -61.499403
164160, -59.572819
164700, -57.710786
165240, -55.907494
165780, -54.108987
166320, -52.208318
166860, -50.023949
167400, -47.229803
167940, -43.147191
168480, -36.423485
169020, -25.534880
169560, -14.776080
170100, -15.472938
170640, -26.168074
171180, -38.692331
171720, -50.418138
172260, -60.906614
172800, -66.590928
173340, -67.390960
173880, -66.288278
174420, -64.577559
174960, -62.667288
175500, -60.720709
176040, -58.817642
176580, -56.983230
177120, -55.192570
177660, -53.368289
178200, -51.378887
178740, -48.997912
179280, -45.795329
179820, -40.858281
180360, -32.538097
180900, -20.509358
181440, -13.341842
181980, -19.117552
182520, -31.282593
183060, -43.504587
183600, -54.935908
184140, -63.966700
184680, -67.302660
185220, -67.069422
185760, -65.639428
186300, -63.819494
186840, -61.881009
187380, -59.945839
187920, -58.070926
188460, -56.260124
189000, -54.466175
189540, -52.593506
190080, -50.480621
190620, -47.834712
191160, -44.073002
191700, -37.991126
192240, -27.881978
192780, -16.205426
193320, -14.289729
193860, -23.806642
194400, -36.375857
194940, -48.243925
195480, -59.157694
196020, -65.991321
196560, -67.454435
197100, -66.565596
197640, -64.925118
198180, -63.036436
198720, -61.089039
199260, -59.174532
199800, -57.327542
200340, -55.530857
200880, -53.718811
201420, -51.773760
201960, -49.492462
202500, -46.488830
203040, -41.972234
203580, -34.417924
204120, -22.777645
204660, -13.688203
205200, -17.265237
205740, -28.923400
206280, -41.308764
206820, -52.884937
207360, -62.687579
207900, -67.061275
208440, -67.245953
208980, -65.947998
209520, -64.172335
210060, -62.244118
210600, -60.302188
211140, -58.413528
211680, -56.591459
212220, -54.799124
212760, -52.952022
213300, -50.905318
213840, -48.398053
214380, -44.916632
214920, -39.410238
215460, -30.141135
216000, -18.053873
216540, -13.560307
217080, -21.532239
217620, -34.015914
218160, -46.042213
218700, -57.251811
219240, -65.178773
219780, -67.439179
220320, -66.818236
220860, -65.264553
221400, -63.403701
221940, -61.458145
222480, -59.532632
223020, -57.672041
223560, -55.869398
224100, -54.069547
224640, -52.165516
225180, -49.973039
225720, -47.160696
226260, -43.041136
226800, -36.246190
227340, -25.282836
227880, -14.655821
228420, -15.629368
228960, -26.427978
229500, -38.940756
230040, -50.652058
230580, -61.085231
231120, -66.644033
231660, -67.379689
232200, -66.256476
232740, -64.538960
233280, -62.626703
233820, -60.680415
234360, -58.778658
234900, -56.945438
235440, -55.154697
235980, -53.328957
236520, -51.334643
237060, -48.942649
237600, -45.714766
238140, -40.725203
238680, -32.312675
239220, -20.253862
239760, -13.327643
240300, -19.339431
240840, -31.550445
241380, -43.753783
241920, -55.167852
242460, -64.098599
243000, -67.322370
243540, -67.047032
244080, -65.603701
244620, -63.779307
245160, -61.839885
245700, -59.905506
246240, -58.031918
246780, -56.222422
247320, -54.428314
247860, -52.552704
248400, -50.432193
248940, -47.770379
249480, -43.973904
250020, -37.824016
250560, -34.102577
251100, -27.743558
251640, -23.943407
252180, -27.057509
252720, -35.906211
253260, -47.406354
253800, -60.518219
254340, -70.740091
254880, -74.276329
255420, -75.015154
255960, -74.972473
256500, -74.675100
257040, -74.264575
257580, -73.786500
258120, -73.260977
258660, -72.701123
259200, -72.118125
259740, -71.522478
260280, -70.923900
260820, -70.331392
261360, -69.752465
261900, -69.193554
262440, -68.659657
262980, -68.154285
263520, -67.680233
264060, -67.238753
264600, -66.830978
265140, -66.457334
265680, -66.117376
266220, -65.811796
266760, -65.539637
267300, -65.300132
267840, -65.093430
268380, -64.919586
268920, -64.777265
269460, -64.664616
270000, -64.580459
270540, -64.523356
271080, -64.491370
271620, -64.482050
272160, -64.492487
272700, -64.519428
273240, -64.559415
273780, -64.608936
274320, -64.664588
274860, -64.723208
275400, -64.781992
275940, -64.838573
276480, -64.891065
277020, -64.938072
277560, -64.978672
278100, -65.012368
278640, -65.038889
279180, -65.058237
279720, -65.070924
280260, -65.077683
280800, -65.079354
281340, -65.076817
281880, -65.070946
282420, -65.062576
282960, -65.052481
283500, -65.041352
284040, -65.029794
284580, -65.018315
285120, -65.007325
285660, -64.997146
286200, -64.987973
286740, -64.979879
287280, -64.972953
287820, -64.967247
288360, -64.962763
288900, -64.959460
289440, -64.957262
289980, -64.956064
290520, -64.955745
291060, -64.956168
291600, -64.957195
292140, -64.958685
292680, -64.960506
293220, -64.962534
293760, -64.964660
294300, -64.966786
294840, -64.968834
295380, -64.970740
295920, -64.972455
296460, -64.973948
297000, -64.975198
297540, -64.976199
298080, -64.976956
298620, -64.977478
299160, -64.977787
299700, -64.977904
300240, -64.977857
