# hh_impl_0210.txt
# dt = 210 [usec]
# t [usec], V [mV]
0, -65.000000
210, -64.994425
420, -64.989359
630, -64.984672
840, -64.980308
1050, -64.976243
1260, -64.972468
1470, -64.968982
1680, -64.965784
1890, -64.962874
2100, -64.960250
2310, -64.957909
2520, -64.955846
2730, -64.954056
2940, -64.952531
3150, -64.951262
3360, -64.950240
3570, -64.949454
3780, -64.948892
3989, -64.948542
4200, -64.948390
4410, -64.948425
4620, -64.948631
4830, -64.948996
5040, -64.949504
5250, -64.950143
5460, -64.950897
5670, -64.951755
5880, -64.952701
6090, -64.953724
6300, -64.954810
6510, -64.955947
6720, -64.957124
6930, -64.958329
7140, -64.959552
7350, -64.960784
7560, -64.962014
7770, -64.963235
7980, -64.964439
8190, -64.965618
8400, -64.966767
8610, -64.967879
8820, -64.968949
9030, -64.969974
9240, -64.970948
9450, -64.971870
9660, -64.972736
9870, -64.973544
10080, -64.974294
10290, -64.974984
10500, -64.975614
10710, -64.976184
10920, -64.976694
11130, -64.977146
11340, -64.977540
11550, -64.977877
11760, -64.978160
11970, -64.978391
12180, -64.978572
12390, -64.978705
12600, -64.978793
12810, -64.978839
13020, -64.978845
13230, -64.978814
13440, -64.978750
13650, -64.978655
13860, -64.978532
14070, -64.978383
14280, -64.978213
14490, -64.978023
14700, -64.977817
14910, -64.977597
15120, -64.977365
15330, -64.977125
15540, -64.976878
15750, -64.976626
15960, -64.976372
16170, -64.976118
16380, -64.975865
16590, -64.975616
16800, -64.975371
17010, -64.975131
17220, -64.974899
17430, -64.974676
17640, -64.974461
17850, -64.974257
18060, -64.974063
18270, -64.973881
18480, -64.973710
18690, -64.973552
18900, -64.973406
19110, -64.973272
19320, -64.973151
19530, -64.973042
19740, -64.972945
19950, -64.972860
20160, -64.972787
20370, -64.972725
20580, -64.972675
20790, -64.972635
21000, -64.972605
21210, -64.972584
21420, -64.972573
21630, -64.972569
21840, -64.972574
22050, -64.972586
22260, -64.972604
22470, -64.972629
22680, -64.972659
22890, -64.972693
23100, -64.972732
23310, -64.972775
23520, -64.972820
23730, -64.972868
23940, -64.972918
24150, -64.972970
24360, -64.973022
24570, -64.973076
24780, -64.973129
24990, -64.973182
25200, -64.973235
25410, -64.973287
25620, -64.973338
25830, -64.973387
26040, -64.973434
26250, -64.973480
26460, -64.973524
26670, -64.973565
26880, -64.973605
27090, -64.973641
27300, -64.973676
27510, -64.973707
27720, -64.973736
27930, -64.973763
28140, -64.973787
28350, -64.973808
28560, -64.973827
28770, -64.973843
28980, -64.973857
29190, -64.973869
29400, -64.973878
29610, -64.973886
29820, -64.973891
30030, -64.973894
30240, -64.973896
30450, -64.973896
30660, -64.973894
30870, -64.973891
31080, -64.973887
31290, -64.973881
31500, -64.973874
31710, -64.973867
31920, -64.973859
32130, -64.973850
32340, -64.973840
32550, -64.973830
32760, -64.973820
32970, -64.973809
33180, -64.973798
33390, -64.973787
33600, -64.973777
33810, -64.973766
34020, -64.973755
34230, -64.973745
34440, -64.973735
34650, -64.973725
34860, -64.973715
35070, -64.973706
35280, -64.973698
35490, -64.973690
35700, -64.973682
35910, -64.973675
36119, -64.973668
36329, -64.973662
36539, -64.973657
36749, -64.973652
36959, -64.973647
37169, -64.973643
37379, -64.973640
37589, -64.973637
37799, -64.973634
38009, -64.973632
38219, -64.973631
38429, -64.973630
38639, -64.973629
38849, -64.973629
39059, -64.973629
39269, -64.973629
39479, -64.973630
39689, -64.973631
39899, -64.973632
40109, -64.973633
40319, -64.973635
40529, -64.973637
40739, -64.973638
40949, -64.973640
41159, -64.973643
41369, -64.973645
41579, -64.973647
41789, -64.973649
41999, -64.973652
42209, -64.973654
42419, -64.973656
42629, -64.973659
42839, -64.973661
43049, -64.973663
43259, -64.973665
43469, -64.973667
43679, -64.973669
43889, -64.973671
44099, -64.973673
44309, -64.973675
44519, -64.973676
44729, -64.973678
44939, -64.973679
45149, -64.973680
45359, -64.973681
45569, -64.973682
45779, -64.973683
45989, -64.973684
46199, -64.973685
46409, -64.973685
46619, -64.973686
46829, -64.973686
47039, -64.973687
47249, -64.973687
47459, -64.973687
47669, -64.973687
47879, -64.973687
48089, -64.973687
48299, -64.973687
48509, -64.973687
48719, -64.973686
48929, -64.973686
49139, -64.973686
49349, -64.973685
49559, -64.973685
49769, -64.973685
49979, -64.973684
50189, -56.198070
50399, -48.058138
50609, -38.365057
50819, -19.968541
51029, 14.235222
51239, 35.476518
51449, 36.624423
51659, 30.666376
51869, 21.984403
52079, 12.240657
52289, 2.427032
52499, -6.918552
52709, -15.597905
52919, -23.616523
53129, -31.100981
53339, -38.302935
53549, -45.598565
53759, -53.262540
53969, -60.808604
54179, -66.590624
54389, -69.575560
54599, -70.559559
54809, -70.602019
55019, -70.257621
55229, -69.747637
55439, -69.154946
55649, -68.511626
55859, -67.831531
56069, -67.122057
56279, -66.388323
56489, -65.634688
56699, -64.865354
56909, -64.084460
57119, -63.295928
57329, -62.503235
57539, -61.709438
57749, -60.916939
57959, -60.127285
58169, -59.340490
58379, -58.555047
58589, -57.768162
58799, -56.975439
59009, -56.170495
59219, -55.342585
59429, -54.477572
59639, -53.556196
59849, -52.550830
60059, -51.420172
60269, -50.100239
60479, -48.488969
60689, -46.407758
60899, -43.543769
61109, -39.327314
61319, -32.782082
61529, -22.769951
61739, -10.088214
61949, -0.055667
62159, 2.678374
62369, -0.857361
62579, -7.658984
62789, -15.546466
62999, -23.411996
63209, -30.855632
63419, -37.896178
63629, -44.794766
63839, -51.794628
64049, -58.632818
64259, -64.201913
64469, -67.521409
64679, -68.890527
64889, -69.156330
65099, -68.902299
65309, -68.409397
65519, -67.799110
65729, -67.124116
65939, -66.408878
66149, -65.666314
66359, -64.904604
66569, -64.129881
66779, -63.347152
66989, -62.560685
67199, -61.774165
67409, -60.990591
67619, -60.212160
67829, -59.439423
68039, -58.671972
68249, -57.908297
68459, -57.145653
68669, -56.378804
68879, -55.600278
69089, -54.800711
69299, -53.967742
69509, -53.084347
69719, -52.124794
69929, -51.052443
70139, -49.813040
70349, -48.318828
70559, -46.426831
70769, -43.893227
70979, -40.294179
71189, -34.916615
71399, -26.847261
71609, -16.085963
71819, -5.850822
72029, -0.969594
72239, -2.425178
72449, -7.968278
72659, -15.255982
72869, -22.879657
73079, -30.226378
73289, -37.194262
73499, -43.980048
73709, -50.825027
73919, -57.564192
74129, -63.244667
74339, -66.836319
74549, -68.439724
74759, -68.839411
74969, -68.649490
75179, -68.184245
75389, -67.584379
75599, -66.912016
75809, -66.196204
76019, -65.452085
76229, -64.688910
76439, -63.913341
76649, -63.130751
76859, -62.345524
77069, -61.561218
77279, -60.780662
77489, -60.005829
77699, -59.237718
77909, -58.475311
78119, -57.716635
78329, -56.958557
78539, -56.196594
78749, -55.422832
78959, -54.627235
79169, -53.796991
79379, -52.914719
79589, -51.955686
79799, -50.883268
80009, -49.641383
80219, -48.141809
80429, -46.243303
80639, -43.701752
80849, -40.096253
81059, -34.733985
81269, -26.753044
81479, -16.229182
81689, -6.322594
81899, -1.644006
82109, -3.131941
82319, -8.623835
82529, -15.839301
82739, -23.392137
82949, -30.679491
83159, -37.603632
83369, -44.362452
83579, -51.181581
83789, -57.861179
83999, -63.425138
84209, -66.890812
84419, -68.414681
84629, -68.776308
84839, -68.569174
85049, -68.095339
85259, -67.490363
85469, -66.814437
85679, -66.095940
85889, -65.349828
86100, -64.585263
86310, -63.808869
86520, -63.025978
86730, -62.241053
86940, -61.457503
87150, -60.678015
87360, -59.904409
87570, -59.137534
87780, -58.376576
87990, -57.619166
88200, -56.861850
88410, -56.099849
88620, -55.325800
88830, -54.528951
89040, -53.695890
89250, -52.808578
89460, -51.841410
89670, -50.756479
89880, -49.495724
90090, -47.967849
90300, -46.026288
90510, -43.416128
90720, -39.696177
90930, -34.153991
91140, -25.952049
91350, -15.356180
91560, -5.791241
91770, -1.684430
91980, -3.603927
92190, -9.302709
92400, -16.571299
92610, -24.103182
92820, -31.346900
93030, -38.239241
93240, -44.991700
93450, -51.812811
93660, -58.434484
93870, -63.827219
94080, -67.088023
94290, -68.472140
94500, -68.762450
94710, -68.522004
94920, -68.032166
95130, -67.418768
95340, -66.737871
95550, -66.016144
95760, -65.267864
95970, -64.501861
96180, -63.724603
96390, -62.941322
96600, -62.156428
96810, -61.373317
97020, -60.594509
97230, -59.821665
97440, -59.055469
97650, -58.295293
97860, -57.538407
98070, -56.781062
98280, -56.018189
98490, -55.242861
98700, -54.443641
98910, -53.606498
99120, -52.712668
99330, -51.735537
99540, -50.635671
99750, -49.352621
99960, -47.791313
100170, -45.795312
100380, -43.095816
100590, -39.230359
100800, -33.456844
101010, -24.968107
101220, -14.270802
101430, -5.101058
101640, -1.652797
101850, -4.068873
102060, -10.009433
102270, -17.346266
102480, -24.862588
102690, -32.066449
102900, -38.930979
103110, -45.684006
103320, -52.507961
103530, -59.059586
103740, -64.260651
103950, -67.300065
104160, -68.537520
104370, -68.753764
104580, -68.478700
104790, -67.972208
105000, -67.350071
105210, -66.664074
105420, -65.939084
105630, -65.188619
105840, -64.421202
106050, -63.643108
106260, -62.859456
106470, -62.074560
106680, -61.291860
106890, -60.513689
107100, -59.741544
107310, -58.975937
107520, -58.216317
107730, -57.459768
107940, -56.702207
108150, -55.938253
108360, -55.160815
108570, -54.358644
108780, -53.516887
108990, -52.615926
109200, -51.628028
109410, -50.512101
109620, -49.205108
109830, -47.607909
110040, -45.553498
110250, -42.757607
110460, -38.731838
110670, -32.706760
110880, -23.918206
111090, -13.150150
111300, -4.432142
111510, -1.663290
111720, -4.567863
111930, -10.738997
112140, -18.136698
112350, -25.632866
112560, -32.796776
112770, -39.636896
112980, -46.393033
113190, -53.217955
113400, -59.687700
113610, -64.680939
113820, -67.498878
114030, -68.595370
114240, -68.741387
114450, -68.433511
114660, -67.911134
114870, -67.280584
115080, -66.589642
115290, -65.861478
115500, -65.108883
115710, -64.340101
115920, -63.561221
116130, -62.777242
116340, -61.992381
116550, -61.210113
116760, -60.432603
116970, -59.661171
117180, -58.896154
117390, -58.136814
117600, -57.380475
117810, -56.622623
118020, -55.857521
118230, -55.077702
118440, -54.272381
118650, -53.425800
118860, -52.517429
119070, -51.518360
119280, -50.385772
119490, -49.053946
119700, -47.419542
119910, -45.304613
120120, -42.409107
120330, -38.216865
120540, -31.933712
120750, -22.854499
120960, -12.064624
121170, -3.842008
121380, -1.738926
121590, -5.098926
121800, -11.475554
122010, -18.921616
122220, -26.393832
122430, -33.518080
122640, -40.336822
122850, -47.098359
123060, -53.921457
123270, -60.296903
123480, -65.075828
123690, -67.679393
123900, -68.643938
124110, -68.724975
124320, -68.386717
124530, -67.849524
124740, -67.211045
124950, -66.515403
125160, -65.784205
125370, -65.029576
125580, -64.259505
125790, -63.479900
126000, -62.695649
126210, -61.910867
126420, -61.128925
126630, -60.352061
126840, -59.581363
127050, -58.816966
127260, -58.057934
127470, -57.301831
127680, -56.543712
127890, -55.777475
128100, -54.995281
128310, -54.186775
128520, -53.335360
128730, -52.419578
128940, -51.409337
129150, -50.260083
129360, -48.903419
129570, -47.229704
129780, -45.052643
129990, -42.055833
130200, -37.695810
130410, -31.155769
130620, -21.807372
130830, -11.046896
131040, -3.345041
131250, -1.875663
131460, -5.647420
131670, -12.201731
131880, -19.682568
132090, -27.127926
132300, -34.213271
132510, -41.013307
132720, -47.782171
132930, -54.596969
133140, -60.865524
133350, -65.431599
133560, -67.834849
133770, -68.680827
133980, -68.704212
134190, -68.338981
134400, -67.788526
134610, -67.142865
134820, -66.442915
135030, -65.708915
135240, -64.952405
135450, -64.181125
135660, -63.400871
135870, -62.616410
136080, -61.831756
136290, -61.050172
136500, -60.273974
136710, -59.504019
136920, -58.740245
137130, -57.981518
137340, -57.225542
137550, -56.467117
137760, -55.699748
137970, -54.915217
138180, -54.102711
138390, -53.246112
138600, -52.322777
138810, -51.301314
139020, -50.135386
139230, -48.753903
139440, -47.039699
139650, -44.799702
139860, -41.696656
140070, -37.160204
140280, -30.356450
140490, -20.751346
140700, -10.065561
140910, -2.911252
141120, -2.055346
141330, -6.210380
141540, -12.923461
141750, -20.430843
141960, -27.847261
142170, -34.896390
142380, -41.681358
142590, -48.458044
142800, -55.258699
143010, -61.410995
143220, -65.761050
143430, -67.973913
143640, -68.710181
143850, -68.680660
144060, -68.290621
144270, -67.727875
144480, -67.075491
144689, -66.371476
144899, -65.634823
145109, -64.876535
145319, -64.104103
145529, -63.323257
145739, -62.538635
145949, -61.754146
146159, -60.972947
146369, -60.197362
146579, -59.428133
146789, -58.664977
146999, -57.906551
147209, -57.150349
147419, -56.391466
147629, -55.622909
147839, -54.836020
148049, -54.019507
148259, -53.157726
148469, -52.226841
148679, -51.194155
148889, -50.011544
149099, -48.605237
149309, -46.850515
149519, -44.544232
149729, -41.331086
149939, -36.613837
150149, -29.544923
150359, -19.702124
150569, -9.137703
150779, -2.548068
150989, -2.278736
151199, -6.784758
151409, -13.636287
151619, -21.161827
151829, -28.546506
152039, -35.561464
152249, -42.334574
152459, -49.119767
152669, -55.901973
152879, -61.928626
153089, -66.064716
153299, -68.097583
153509, -68.732537
153719, -68.654584
153929, -68.241789
154139, -67.667679
154349, -67.009021
154559, -66.301182
154769, -65.562024
154979, -64.802060
155189, -64.028554
155399, -63.247178
155609, -62.462443
155819, -61.678156
156029, -60.897365
156239, -60.122275
156449, -59.353736
156659, -58.591194
156869, -57.833082
157079, -57.076670
157289, -56.317352
157499, -55.547636
157709, -54.758430
157919, -53.937965
158129, -53.070237
158339, -52.131447
158549, -51.087345
158759, -49.887911
158969, -48.454278
159179, -46.657035
159389, -44.281061
159599, -40.953564
159809, -36.049954
160019, -28.713253
160229, -18.654300
160439, -8.261714
160649, -2.256006
160859, -2.550001
161069, -7.379724
161279, -14.352824
161489, -21.888198
161699, -29.239436
161909, -36.220919
162119, -42.984437
162329, -49.779489
162539, -56.534748
162749, -62.422105
162959, -66.342740
163169, -68.205086
163379, -68.746986
163589, -68.624942
163799, -68.191374
164009, -67.606796
164219, -66.942287
164429, -66.230829
164639, -65.489297
164849, -64.727750
165059, -63.953241
165269, -63.171349
165479, -62.386541
165689, -61.602499
165899, -60.822156
166109, -60.047590
166319, -59.279765
166529, -58.517855
166739, -57.760061
166949, -57.003433
167159, -56.243674
167369, -55.472786
167579, -54.681242
167789, -53.856788
167999, -52.982791
168209, -52.035626
168419, -50.979765
168629, -49.762767
168839, -48.300750
169049, -46.459729
169259, -44.012236
169469, -40.568003
169679, -35.471325
169889, -27.865489
170099, -17.612515
170309, -7.436160
170519, -2.023403
170729, -2.854640
170939, -7.981961
171149, -15.061323
171359, -22.600501
171569, -29.918885
171779, -36.869327
171989, -43.626505
172199, -50.429615
172409, -57.150155
172619, -62.891239
172829, -66.600079
173039, -68.301205
173249, -68.756646
173459, -68.593772
173669, -68.140886
173879, -67.546496
174089, -66.876456
174299, -66.161553
174509, -65.417760
174719, -64.654713
174929, -63.879266
175139, -63.096884
175349, -62.312036
175559, -61.528270
175769, -60.748400
175979, -59.974373
176189, -59.207181
176399, -58.445871
176609, -57.688387
176819, -56.931543
177029, -56.170825
177239, -55.398543
177449, -54.604571
177659, -53.776095
177869, -52.895808
178079, -51.939139
178289, -50.869760
178499, -49.632116
178709, -48.138920
178919, -46.250622
179129, -43.726337
179339, -40.151859
179549, -34.845390
179759, -26.954907
179969, -16.525052
180179, -6.623737
180389, -1.841089
180599, -3.210869
180809, -8.625166
181019, -15.801718
181229, -23.338786
181439, -30.620368
181649, -37.540899
181859, -44.293750
182069, -51.104977
182279, -57.782407
182489, -63.358558
182699, -66.846751
182909, -68.388787
183119, -68.760651
183329, -68.558469
183539, -68.086897
183749, -67.482924
183959, -66.807423
184169, -66.089091
184379, -65.343040
184589, -64.578501
184799, -63.802133
185009, -63.019287
185219, -62.234441
185429, -61.451002
185639, -60.671654
185849, -59.898211
186059, -59.131516
186269, -58.370776
186479, -57.613603
186689, -56.856534
186899, -56.094780
187109, -55.321027
187319, -54.524502
187529, -53.691793
187739, -52.804878
187949, -51.838185
188159, -50.753867
188369, -49.493971
188579, -47.967391
188789, -46.027900
188999, -43.421255
189209, -39.707624
189419, -34.176871
189629, -25.993104
189839, -15.414602
190049, -5.848401
190259, -1.720298
190469, -3.617534
190679, -9.302118
190889, -16.563743
191099, -24.092838
191309, -31.335505
191519, -38.227108
191729, -44.978365
191939, -51.797882
192149, -58.419166
192359, -63.814647
192569, -67.079832
192779, -68.467354
192989, -68.759533
193199, -68.519983
193409, -68.030553
193619, -67.417335
193829, -66.736514
194039, -66.014817
194249, -65.266548
194459, -64.500550
194669, -63.723298
194879, -62.940026
195089, -62.155146
195299, -61.372057
195509, -60.593277
195719, -59.820466
195929, -59.054305
196139, -58.294173
196349, -57.537334
196559, -56.780038
196769, -56.017215
196979, -55.241945
197189, -54.442789
197399, -53.605717
197609, -52.711966
197819, -51.734932
198029, -50.635192
198239, -49.352318
198449, -47.791278
198659, -45.795707
198869, -43.096951
199079, -39.232813
199289, -33.461661
199499, -24.976567
199709, -14.282415
199919, -5.111899
200129, -1.659306
200339, -4.071109
200549, -10.009032
200759, -17.344596
200969, -24.860422
201179, -32.064110
201389, -38.928488
201599, -45.681264
201809, -52.504918
202019, -59.056544
202229, -64.258245
202439, -67.298543
202649, -68.536638
202859, -68.753226
203069, -68.478326
203279, -67.971908
203489, -67.349804
203699, -66.663821
203909, -65.938836
204119, -65.188374
204329, -64.420957
204539, -63.642865
204749, -62.859215
204959, -62.074321
205169, -61.291626
205379, -60.513461
205589, -59.741322
205799, -58.975722
206009, -58.216110
206219, -57.459570
206429, -56.702018
206639, -55.938075
206849, -55.160647
207059, -54.358488
207269, -53.516746
207479, -52.615802
207689, -51.627925
207899, -50.512025
208109, -49.205072
208319, -47.607934
208529, -45.553619
208739, -42.757894
208949, -38.732425
209159, -32.707875
209369, -23.920096
209579, -13.152617
209789, -4.434302
209999, -1.664473
210209, -4.568171
210419, -10.738789
210629, -18.136255
210839, -25.632337
211049, -32.796220
211259, -39.636315
211469, -46.392400
211679, -53.217266
211889, -59.687036
212099, -64.680433
212309, -67.498569
212519, -68.595198
212729, -68.741287
212939, -68.433445
213149, -67.911083
213359, -67.280540
213569, -66.589601
213779, -65.861438
213989, -65.108844
214199, -64.340063
214409, -63.561183
214619, -62.777205
214829, -61.992344
215039, -61.210077
215249, -60.432568
215459, -59.661137
215669, -58.896121
215879, -58.136783
216089, -57.380445
216299, -56.622596
216509, -55.857495
216719, -55.077679
216929, -54.272361
217139, -53.425784
217349, -52.517417
217559, -51.518354
217769, -50.385774
217979, -49.053959
218189, -47.419572
218399, -45.304671
218609, -42.409211
218819, -38.217052
219029, -31.934039
219239, -22.855013
219449, -12.065236
219659, -3.842479
219869, -1.739123
220079, -5.098906
220289, -11.475417
220499, -18.921433
220709, -26.393638
220919, -33.517886
221129, -40.336625
221339, -47.098150
221549, -53.921239
221759, -60.296703
221969, -65.075687
222179, -67.679316
222389, -68.643901
222599, -68.724958
222809, -68.386710
223019, -67.849521
223229, -67.211045
223439, -66.515404
223649, -65.784207
223859, -65.029578
224069, -64.259507
224279, -63.479902
224489, -62.695651
224699, -61.910869
224909, -61.128927
225119, -60.352063
225329, -59.581365
225539, -58.816969
225749, -58.057937
225959, -57.301835
226169, -56.543716
226379, -55.777479
226589, -54.995286
226799, -54.186781
227009, -53.335368
227219, -52.419588
227429, -51.409349
227639, -50.260099
227849, -48.903440
228059, -47.229734
228269, -45.052687
228479, -42.055898
228689, -37.695913
228899, -31.155933
229109, -21.807606
229319, -11.047137
229529, -3.345185
229739, -1.875676
229949, -5.647343
230159, -12.201613
230369, -19.682438
230579, -27.127798
230789, -34.213147
230999, -41.013185
231209, -47.782045
231419, -54.596843
231629, -60.865416
231839, -65.431530
232049, -67.834816
232259, -68.680816
232469, -68.704212
232679, -68.338986
232889, -67.788534
233099, -67.142874
233309, -66.442924
233519, -65.708925
233729, -64.952415
233939, -64.181135
234149, -63.400882
234359, -62.616420
234569, -61.831766
234779, -61.050182
234989, -60.273984
235199, -59.504030
235409, -58.740256
235619, -57.981529
235829, -57.225553
236039, -56.467128
236249, -55.699759
236459, -54.915228
236669, -54.102723
236879, -53.246125
237089, -52.322791
237299, -51.301330
237509, -50.135405
237719, -48.753926
237929, -47.039729
238139, -44.799743
238349, -41.696715
238559, -37.160293
238769, -30.356585
238979, -20.751525
239189, -10.065726
239399, -2.911327
239609, -2.055320
239819, -6.210292
240029, -12.923347
240239, -20.430724
240449, -27.847147
240659, -34.896281
240869, -41.681252
241079, -48.457936
241289, -55.258592
241499, -61.410909
241709, -65.760998
241919, -67.973891
242129, -68.710176
242339, -68.680663
242549, -68.290628
242759, -67.727884
242969, -67.075501
243179, -66.371487
243389, -65.634834
243599, -64.876546
243809, -64.104114
244019, -63.323268
244229, -62.538647
244439, -61.754158
244649, -60.972959
244859, -60.197373
245069, -59.428145
245279, -58.664988
245489, -57.906562
245699, -57.150360
245909, -56.391477
246119, -55.622920
246329, -54.836032
246539, -54.019520
246749, -53.157739
246959, -52.226856
247169, -51.194171
247379, -50.011563
247589, -48.605260
247799, -46.850544
248009, -44.544272
248219, -41.331143
248429, -36.613922
248639, -29.545049
248849, -19.702286
249059, -9.137843
249269, -2.548121
249479, -2.278700
249689, -6.784669
249899, -13.636179
250109, -23.526346
250319, -31.751991
250529, -39.489946
250739, -47.339480
250949, -55.690457
251159, -63.958283
251369, -70.217850
251579, -73.552036
251789, -74.963240
251999, -75.493569
252209, -75.658031
252419, -75.667693
252629, -75.607014
252839, -75.510663
253049, -75.393433
253259, -75.261910
253469, -75.119172
253679, -74.966747
253889, -74.805476
254099, -74.635891
254309, -74.458404
254519, -74.273392
254729, -74.081236
254939, -73.882341
255149, -73.677137
255359, -73.466092
255569, -73.249713
255779, -73.028540
255989, -72.803139
256199, -72.574067
256409, -72.341912
256619, -72.107281
256829, -71.870786
257039, -71.633005
257249, -71.394500
257459, -71.155848
257669, -70.917620
257879, -70.680335
258089, -70.444445
258299, -70.210424
258509, -69.978742
258719, -69.749835
258929, -69.523983
259139, -69.301520
259349, -69.082789
259559, -68.868124
259769, -68.657708
259979, -68.451689
260189, -68.250272
260399, -68.053676
260609, -67.862117
260819, -67.675598
261029, -67.494139
261239, -67.317837
261449, -67.146823
261659, -66.981231
261869, -66.821155
262079, -66.666411
262289, -66.516972
262499, -66.372886
262709, -66.234232
262919, -66.101101
263129, -65.973580
263339, -65.851676
263549, -65.735153
263759, -65.623940
263969, -65.518044
264179, -65.417505
264389, -65.322372
264599, -65.232691
264809, -65.148502
265019, -65.069833
265229, -64.996697
265439, -64.929079
265649, -64.866705
265859, -64.809442
266069, -64.757215
266279, -64.709969
266489, -64.667651
266699, -64.630198
266909, -64.597533
267119, -64.569561
267329, -64.546172
267539, -64.527234
267749, -64.512600
267959, -64.502104
268169, -64.495564
268379, -64.492780
268589, -64.493541
268799, -64.497621
269009, -64.504784
269219, -64.514784
269429, -64.527370
269639, -64.542284
269849, -64.559266
270059, -64.578056
270269, -64.598395
270479, -64.620029
270689, -64.642708
270899, -64.666191
271109, -64.690245
271319, -64.714651
271529, -64.739198
271739, -64.763691
271949, -64.787949
272159, -64.811806
272369, -64.835110
272579, -64.857726
272789, -64.879534
272999, -64.900430
273209, -64.920326
273419, -64.939148
273629, -64.956836
273839, -64.973344
274049, -64.988639
274259, -65.002702
274469, -65.015511
274679, -65.027025
274889, -65.037242
275099, -65.046182
275309, -65.053881
275519, -65.060382
275729, -65.065736
275939, -65.070000
276149, -65.073233
276359, -65.075498
276569, -65.076859
276779, -65.077381
276989, -65.077131
277199, -65.076174
277409, -65.074576
277619, -65.072402
277829, -65.069714
278039, -65.066575
278249, -65.063043
278459, -65.059176
278669, -65.055030
278879, -65.050656
279089, -65.046103
279299, -65.041420
279509, -65.036648
279719, -65.031830
279929, -65.027003
280139, -65.022201
280349, -65.017457
280559, -65.012799
280769, -65.008252
280979, -65.003841
281189, -64.999585
281399, -64.995500
281609, -64.991585
281819, -64.987849
282029, -64.984299
282239, -64.980944
282449, -64.977792
282659, -64.974849
282869, -64.972121
283079, -64.969609
283289, -64.967315
283499, -64.965239
283709, -64.963379
283919, -64.961732
284129, -64.960293
284339, -64.959058
284549, -64.958020
284759, -64.957171
284969, -64.956504
285179, -64.956010
285389, -64.955679
285599, -64.955502
285809, -64.955469
286019, -64.955569
286229, -64.955792
286439, -64.956128
286649, -64.956565
286859, -64.957093
287069, -64.957702
287279, -64.958381
287489, -64.959121
287699, -64.959911
287909, -64.960743
288119, -64.961608
288329, -64.962496
288539, -64.963401
288749, -64.964314
288959, -64.965229
289169, -64.966139
289379, -64.967037
289589, -64.967919
289799, -64.968779
290009, -64.969613
290219, -64.970416
290429, -64.971187
290639, -64.971920
290849, -64.972615
291059, -64.973268
291269, -64.973879
291479, -64.974446
291689, -64.974969
291899, -64.975446
292109, -64.975878
292319, -64.976266
292529, -64.976608
292739, -64.976908
292949, -64.977165
293159, -64.977381
293369, -64.977557
293579, -64.977695
293789, -64.977797
293999, -64.977864
294209, -64.977899
294419, -64.977904
294629, -64.977880
294839, -64.977831
295049, -64.977758
295259, -64.977664
295469, -64.977550
295679, -64.977419
295889, -64.977273
296099, -64.977114
296309, -64.976944
296519, -64.976765
296729, -64.976579
296939, -64.976388
297149, -64.976193
297359, -64.975996
297569, -64.975799
297779, -64.975602
297989, -64.975408
298199, -64.975216
298409, -64.975029
298619, -64.974848
298829, -64.974672
299039, -64.974504
299249, -64.974343
299459, -64.974190
299669, -64.974045
299879, -64.973910
300089, -64.973783
