# hh_impl_0160.txt
# dt = 160 [usec]
# t [usec], V [mV]
0, -65.000000
160, -64.995623
320, -64.991573
480, -64.987774
640, -64.984184
799, -64.980783
959, -64.977561
1119, -64.974514
1280, -64.971641
1440, -64.968941
1600, -64.966414
1760, -64.964061
1920, -64.961881
2080, -64.959874
2240, -64.958037
2400, -64.956368
2560, -64.954865
2720, -64.953526
2880, -64.952345
3040, -64.951320
3200, -64.950445
3360, -64.949717
3520, -64.949129
3680, -64.948676
3840, -64.948352
4000, -64.948153
4160, -64.948070
4320, -64.948099
4480, -64.948232
4640, -64.948464
4800, -64.948788
4960, -64.949197
5120, -64.949685
5280, -64.950244
5440, -64.950870
5600, -64.951555
5760, -64.952294
5920, -64.953079
6080, -64.953906
6240, -64.954768
6400, -64.955660
6560, -64.956577
6720, -64.957512
6880, -64.958462
7040, -64.959421
7200, -64.960384
7360, -64.961348
7520, -64.962309
7680, -64.963262
7840, -64.964204
8000, -64.965132
8160, -64.966042
8320, -64.966932
8480, -64.967800
8640, -64.968642
8800, -64.969457
8960, -64.970243
9120, -64.970998
9280, -64.971721
9440, -64.972410
9600, -64.973065
9760, -64.973685
9920, -64.974270
10080, -64.974818
10240, -64.975330
10400, -64.975805
10560, -64.976245
10720, -64.976648
10880, -64.977015
11040, -64.977347
11200, -64.977645
11360, -64.977908
11520, -64.978139
11680, -64.978338
11840, -64.978505
12000, -64.978643
12160, -64.978751
12320, -64.978832
12480, -64.978887
12640, -64.978916
12800, -64.978922
12960, -64.978905
13120, -64.978867
13280, -64.978809
13440, -64.978733
13600, -64.978640
13760, -64.978531
13920, -64.978408
14080, -64.978272
14240, -64.978124
14400, -64.977966
14560, -64.977799
14720, -64.977623
14880, -64.977442
15040, -64.977254
15200, -64.977063
15360, -64.976867
15520, -64.976670
15680, -64.976471
15840, -64.976272
16000, -64.976072
16160, -64.975875
16320, -64.975679
16480, -64.975485
16639, -64.975295
16799, -64.975109
16959, -64.974928
17119, -64.974751
17279, -64.974580
17439, -64.974415
17599, -64.974256
17759, -64.974103
17919, -64.973957
18079, -64.973819
18239, -64.973687
18399, -64.973563
18559, -64.973446
18719, -64.973337
18879, -64.973235
19039, -64.973141
19199, -64.973054
19359, -64.972975
19519, -64.972903
19679, -64.972839
19839, -64.972781
19999, -64.972731
20159, -64.972687
20319, -64.972649
20479, -64.972618
20639, -64.972594
20799, -64.972575
20959, -64.972561
21119, -64.972553
21279, -64.972550
21439, -64.972552
21599, -64.972559
21759, -64.972569
21919, -64.972584
22079, -64.972602
22239, -64.972624
22399, -64.972649
22559, -64.972676
22719, -64.972706
22879, -64.972739
23039, -64.972773
23199, -64.972810
23359, -64.972847
23519, -64.972886
23679, -64.972926
23839, -64.972967
23999, -64.973008
24159, -64.973050
24319, -64.973092
24479, -64.973134
24639, -64.973176
24799, -64.973218
24959, -64.973259
25119, -64.973299
25279, -64.973338
25439, -64.973377
25599, -64.973415
25759, -64.973452
25919, -64.973487
26079, -64.973521
26239, -64.973554
26399, -64.973585
26559, -64.973615
26719, -64.973644
26879, -64.973671
27039, -64.973696
27199, -64.973720
27359, -64.973743
27519, -64.973763
27679, -64.973782
27839, -64.973800
27999, -64.973816
28159, -64.973830
28319, -64.973843
28479, -64.973855
28639, -64.973865
28799, -64.973874
28959, -64.973881
29119, -64.973887
29279, -64.973892
29439, -64.973896
29599, -64.973898
29759, -64.973900
29919, -64.973900
30079, -64.973899
30239, -64.973898
30399, -64.973895
30559, -64.973892
30719, -64.973888
30879, -64.973884
31039, -64.973878
31199, -64.973873
31359, -64.973866
31519, -64.973859
31679, -64.973852
31839, -64.973845
31999, -64.973837
32159, -64.973829
32319, -64.973821
32479, -64.973812
32639, -64.973804
32799, -64.973795
32959, -64.973787
33119, -64.973778
33279, -64.973770
33439, -64.973761
33599, -64.973753
33759, -64.973745
33919, -64.973737
34079, -64.973729
34239, -64.973721
34399, -64.973714
34559, -64.973707
34719, -64.973700
34879, -64.973694
35039, -64.973687
35199, -64.973681
35359, -64.973676
35519, -64.973670
35679, -64.973665
35839, -64.973661
35999, -64.973656
36159, -64.973652
36319, -64.973649
36479, -64.973645
36639, -64.973642
36799, -64.973639
36959, -64.973637
37119, -64.973635
37279, -64.973633
37439, -64.973631
37599, -64.973630
37759, -64.973629
37919, -64.973628
38079, -64.973628
38239, -64.973628
38399, -64.973627
38559, -64.973628
38719, -64.973628
38879, -64.973628
39039, -64.973629
39199, -64.973630
39359, -64.973631
39519, -64.973632
39679, -64.973633
39839, -64.973635
39999, -64.973636
40159, -64.973638
40319, -64.973639
40479, -64.973641
40639, -64.973643
40799, -64.973644
40959, -64.973646
41119, -64.973648
41279, -64.973650
41439, -64.973652
41599, -64.973653
41759, -64.973655
41919, -64.973657
42079, -64.973659
42239, -64.973661
42399, -64.973662
42559, -64.973664
42719, -64.973666
42879, -64.973667
43039, -64.973669
43199, -64.973670
43359, -64.973672
43519, -64.973673
43679, -64.973675
43839, -64.973676
43999, -64.973677
44159, -64.973678
44319, -64.973679
44479, -64.973680
44639, -64.973681
44799, -64.973682
44959, -64.973683
45119, -64.973683
45279, -64.973684
45439, -64.973685
45599, -64.973685
45759, -64.973686
45919, -64.973686
46079, -64.973686
46239, -64.973687
46399, -64.973687
46559, -64.973687
46719, -64.973687
46879, -64.973687
47039, -64.973687
47199, -64.973687
47359, -64.973687
47519, -64.973687
47679, -64.973687
47839, -64.973687
47999, -64.973687
48159, -64.973686
48319, -64.973686
48479, -64.973686
48639, -64.973686
48799, -64.973685
48959, -64.973685
49119, -64.973685
49279, -64.973684
49439, -64.973684
49599, -64.973684
49759, -64.973683
49919, -64.973683
50079, -64.973683
50239, -58.082581
50399, -51.668272
50559, -45.063162
50719, -36.282542
50879, -20.369112
51039, 7.934304
51199, 32.085307
51359, 38.490896
51519, 36.422215
51679, 31.229192
51839, 24.532872
51999, 17.084789
52159, 9.400112
52319, 1.824027
52479, -5.448770
52639, -12.336966
52799, -18.832244
52959, -24.973699
53119, -30.844143
53279, -36.584244
53439, -42.394306
53599, -48.481013
53759, -54.869516
53919, -61.064082
54079, -66.009290
54239, -69.003250
54399, -70.357493
54559, -70.761667
54719, -70.704645
54879, -70.433356
55039, -70.058018
55199, -69.626315
55359, -69.159198
55519, -68.666410
55679, -68.152951
55839, -67.621850
55999, -67.075295
56159, -66.515201
56319, -65.943321
56479, -65.361476
56639, -64.771380
56799, -64.174809
56959, -63.573472
57119, -62.968899
57279, -62.362666
57439, -61.755800
57599, -61.149311
57759, -60.543870
57919, -59.939505
58079, -59.336298
58239, -58.733123
58399, -58.128748
58559, -57.521379
58719, -56.907805
58879, -56.284920
59039, -55.647349
59199, -54.988761
59359, -54.301926
59519, -53.574673
59679, -52.792245
59839, -51.934888
59999, -50.974329
60159, -49.868461
60319, -48.552958
60479, -46.927791
60639, -44.834959
60799, -42.009162
60959, -38.013414
61119, -32.175243
61279, -23.758574
61439, -12.970231
61599, -2.542986
61759, 3.641178
61919, 4.434286
62079, 1.262873
62239, -4.079896
62399, -10.330189
62559, -16.766122
62719, -23.035758
62879, -29.015682
63039, -34.731274
63199, -40.312115
63359, -45.933614
63519, -51.698907
63679, -57.422721
63839, -62.480204
63999, -66.137186
64159, -68.218610
64319, -69.125748
64479, -69.346601
64639, -69.207875
64799, -68.884687
64959, -68.463405
65119, -67.985969
65279, -67.473269
65439, -66.936254
65599, -66.381271
65759, -65.812392
65919, -65.232669
66079, -64.644583
66239, -64.050307
66399, -63.451899
66559, -62.851049
66719, -62.249450
66879, -61.648429
67039, -61.049055
67199, -60.452296
67359, -59.858280
67519, -59.267223
67679, -58.678526
67839, -58.091208
67999, -57.504077
68159, -56.914516
68319, -56.320261
68479, -55.717107
68639, -55.100504
68799, -54.464944
68959, -53.801889
69119, -53.101868
69279, -52.351794
69439, -51.532525
69599, -50.618721
69759, -49.574176
69919, -48.345079
70079, -46.849779
70239, -44.961031
70399, -42.474495
70559, -39.060667
70719, -34.224292
70879, -27.370923
71039, -18.346180
71199, -8.616852
71359, -1.350455
71519, 1.284799
71679, -0.342919
71839, -4.706922
71999, -10.425309
72159, -16.601794
72319, -22.753431
72479, -28.675128
72639, -34.343680
72799, -39.858623
72959, -45.380862
73119, -51.018295
73279, -56.634412
73439, -61.681769
73599, -65.453331
73759, -67.696203
73919, -68.734012
74079, -69.036419
74239, -68.942145
74399, -68.640887
74559, -68.229049
74719, -67.754476
74879, -67.241291
75039, -66.702269
75199, -66.144726
75359, -65.573348
75519, -64.991465
75679, -64.401818
75839, -63.806614
75999, -63.207935
76159, -62.607586
76319, -62.007102
76479, -61.407980
76639, -60.811002
76799, -60.216984
76959, -59.626209
77119, -59.038471
77279, -58.453547
77439, -57.869863
77599, -57.286164
77759, -56.699925
77919, -56.108215
78079, -55.507638
78239, -54.892700
78399, -54.257990
78559, -53.595026
78719, -52.893292
78879, -52.139932
79039, -51.315877
79199, -50.394351
79359, -49.337878
79519, -48.091308
79679, -46.571541
79839, -44.645573
79999, -42.104357
80159, -38.616464
80319, -33.689229
80479, -26.767848
80639, -17.808606
80799, -8.398891
80959, -1.614062
81119, 0.621286
81279, -1.228052
81439, -5.672793
81599, -11.389584
81759, -17.523762
81919, -23.617762
82079, -29.482414
82239, -35.105973
82399, -40.595416
82559, -46.110132
82719, -51.737007
82879, -57.290858
83039, -62.187150
83199, -65.751638
83359, -67.815238
83519, -68.739325
83679, -68.980244
83839, -68.854247
83999, -68.536087
84159, -68.114455
84319, -67.633555
84479, -67.115836
84639, -66.573343
84799, -66.013039
84959, -65.439492
85119, -64.855932
85279, -64.265050
85439, -63.669089
85599, -63.070048
85759, -62.469789
85919, -61.869713
86079, -61.271213
86239, -60.675161
86399, -60.082159
86559, -59.492625
86719, -58.906046
86879, -58.322084
87039, -57.739235
87199, -57.155861
87359, -56.569761
87519, -55.977453
87679, -55.375791
87839, -54.758756
87999, -54.120291
88159, -53.452487
88319, -52.743694
88479, -51.979939
88639, -51.142477
88799, -50.202655
88959, -49.120423
89119, -47.837235
89279, -46.262681
89439, -44.255027
89599, -41.589340
89759, -37.910772
89919, -32.708070
90079, -25.457966
90239, -16.307404
90399, -7.154817
90559, -1.068085
90719, 0.428530
90879, -1.932262
91039, -6.645222
91199, -12.462294
91359, -18.601840
91519, -24.657350
91679, -30.473003
91839, -36.059955
91999, -41.538934
92159, -47.067225
92319, -52.700836
92479, -58.187892
92639, -62.892480
92799, -66.191484
92959, -68.026739
93119, -68.805319
93279, -68.966391
93439, -68.798643
93599, -68.458310
93759, -68.024217
93919, -67.535726
94079, -67.012958
94239, -66.466867
94399, -65.903867
94559, -65.328258
94719, -64.743167
94879, -64.151181
95039, -63.554543
95199, -62.955164
95359, -62.354894
95519, -61.755082
95679, -61.157000
95839, -60.561602
95999, -59.969290
96159, -59.380519
96319, -58.794619
96479, -58.211012
96639, -57.628407
96799, -57.044787
96959, -56.458208
97119, -55.864672
97279, -55.260608
97439, -54.640399
97599, -53.997220
97759, -53.323535
97919, -52.606558
98079, -51.831127
98239, -50.977032
98399, -50.015451
98559, -48.903516
98719, -47.577110
98879, -45.937766
99039, -43.834088
99199, -41.021037
99359, -37.117524
99519, -31.590104
99679, -23.965164
99839, -14.627409
99999, -5.810915
100159, -0.502931
100319, 0.218803
100479, -2.661627
100639, -7.642492
100799, -13.557301
100959, -19.700298
101119, -25.717086
101279, -31.486080
101439, -37.041847
101599, -42.517963
101759, -48.065741
101919, -53.702506
102079, -59.103561
102239, -63.591214
102399, -66.613857
102559, -68.225232
102719, -68.865541
102879, -68.951706
103039, -68.744813
103199, -68.383587
103359, -67.937678
103519, -67.441948
103679, -66.914366
103839, -66.364839
103999, -65.799289
104159, -65.221747
104319, -64.635239
104479, -64.042246
104639, -63.445012
104799, -62.845354
104959, -62.245046
105119, -61.645490
105279, -61.047818
105439, -60.453055
105599, -59.861400
105759, -59.273139
105919, -58.687755
106079, -58.104382
106239, -57.521917
106399, -56.937947
106559, -56.350449
106719, -55.755390
106879, -55.148694
107039, -54.525103
107199, -53.876992
107359, -53.196067
107519, -52.469932
107679, -51.681950
107839, -50.810241
107999, -49.823757
108159, -48.676620
108319, -47.299565
108479, -45.586912
108639, -43.371346
108799, -40.386540
108959, -36.220653
109119, -30.323105
109279, -22.297806
109439, -12.827936
109599, -4.467659
109759, -0.019924
109919, -0.086469
110079, -3.473029
110239, -8.705171
110399, -14.705229
110559, -20.843816
110719, -26.818136
110879, -32.540882
111039, -38.069920
111199, -43.549817
111359, -49.120583
111519, -54.750955
111679, -60.038289
111839, -64.278141
111999, -67.013686
112159, -68.405884
112319, -68.914715
112479, -68.930358
112639, -68.686569
112799, -68.305502
112959, -67.848251
113119, -67.345492
113279, -66.813197
113439, -66.260286
113599, -65.692226
113759, -65.112789
113919, -64.524906
114079, -63.930953
114239, -63.333129
114399, -62.733229
114559, -62.132930
114719, -61.533687
114879, -60.936476
115039, -60.342280
115199, -59.751268
115359, -59.163517
115519, -58.578657
115679, -57.995511
115839, -57.413151
115999, -56.828776
116159, -56.240022
116319, -55.643187
116479, -55.033609
116639, -54.406380
116799, -53.753009
116959, -53.064384
117119, -52.328530
117279, -51.527231
117439, -50.636831
117599, -49.623902
117759, -48.439117
117919, -47.008049
118079, -45.217387
118239, -42.883016
118399, -39.715447
118559, -35.272111
118719, -28.993981
118879, -20.594773
119039, -11.090939
119199, -3.292534
119359, 0.284547
119519, -0.515704
119679, -4.348892
119839, -9.790322
119999, -15.851650
120159, -21.974416
120319, -27.902931
120479, -33.581475
120639, -39.088965
120799, -44.577669
120959, -50.170533
121119, -55.780298
121279, -60.927993
121439, -64.904152
121599, -67.361786
121759, -68.553401
121919, -68.945734
122079, -68.899561
122239, -68.623383
122399, -68.224733
122559, -67.757284
122719, -67.248098
122879, -66.711428
123039, -66.155344
123199, -65.584922
123359, -65.003701
123519, -64.414541
123679, -63.819713
123839, -63.221345
123999, -62.621264
124159, -62.021037
124319, -61.422169
124479, -60.825475
124639, -60.231802
124799, -59.641432
124959, -59.054206
125119, -58.469894
125279, -57.886994
125439, -57.304314
125599, -56.719318
125759, -56.129190
125919, -55.530526
126079, -54.918020
126239, -54.286468
126399, -53.627408
126559, -52.930733
126719, -52.184094
126879, -51.368621
127039, -50.458618
127199, -49.418080
127359, -48.194035
127519, -46.706690
127679, -44.830257
127839, -42.366286
127999, -38.998325
128159, -34.255349
128319, -27.581204
128479, -18.840633
128639, -9.405904
128799, -2.265850
128959, 0.436996
129119, -1.047708
129279, -5.278031
129439, -10.895823
129599, -17.000165
129759, -23.098856
129919, -28.980583
130079, -34.617904
130239, -40.109455
130399, -45.611827
130559, -51.224538
130719, -56.796830
130879, -61.777881
131039, -65.476801
131199, -67.665798
131359, -68.673919
131519, -68.962230
131679, -68.861236
131839, -68.556228
131999, -68.141762
132159, -67.665007
132319, -67.149867
132479, -66.609095
132639, -66.050010
132799, -65.477349
132959, -64.894446
133119, -64.304046
133279, -63.708407
133439, -63.109566
133599, -62.509378
133759, -61.909292
133919, -61.310739
134079, -60.714566
134239, -60.121444
134399, -59.531758
134559, -58.945091
134719, -58.361184
134879, -57.778465
135039, -57.195428
135199, -56.609794
135359, -56.018269
135519, -55.417750
135679, -54.802270
135839, -54.166043
135999, -53.501035
136159, -52.796055
136319, -52.037621
136479, -51.207163
136639, -50.276700
136799, -49.207473
136959, -47.942694
137119, -46.396160
137279, -44.430057
137439, -41.828002
137599, -38.248547
137759, -33.191640
137919, -26.121119
138079, -17.088868
138239, -7.832956
138399, -1.417048
138559, 0.439650
138719, -1.665216
138879, -6.239327
139039, -11.999789
139199, -18.129625
139359, -24.198024
139519, -30.032671
139679, -35.632877
139839, -41.114149
139999, -46.633685
140159, -52.261180
140319, -57.777174
140479, -62.568444
140639, -65.986810
140799, -67.924824
140959, -68.768712
141119, -68.965674
141279, -68.816728
141439, -68.486365
141599, -68.057830
141759, -67.572672
141919, -67.052074
142079, -66.507495
142239, -65.945606
142399, -65.370836
142559, -64.786363
142719, -64.194821
142879, -63.598459
143039, -62.999225
143200, -62.399002
143360, -61.799119
143520, -61.200903
143680, -60.605281
143840, -60.012738
144000, -59.423761
144160, -58.837674
144320, -58.254004
144480, -57.671385
144640, -57.087955
144800, -56.501674
144960, -55.908749
145120, -55.305785
145280, -54.687010
145440, -54.045912
145600, -53.374832
145760, -52.661433
145920, -51.891055
146080, -51.044116
146240, -50.092077
146400, -48.993048
146560, -47.686093
146720, -46.075328
146880, -44.014348
147040, -41.267719
147200, -37.464681
147360, -32.082010
147520, -24.622219
147680, -15.364542
147840, -6.396612
148000, -0.749783
148160, 0.304516
148320, -2.354294
148480, -7.221243
148640, -13.094277
148800, -19.235206
148960, -25.268001
149120, -31.056222
149280, -36.623792
149440, -42.100331
149600, -47.639429
149760, -53.274511
149920, -58.714206
150080, -63.296085
150240, -66.436566
150400, -68.142026
150560, -68.840039
150720, -68.957401
150880, -68.766819
151040, -68.414311
151200, -67.973337
151360, -67.480631
151520, -66.955056
151680, -66.406958
151840, -65.842464
152000, -65.265720
152160, -64.679795
152320, -64.087214
152480, -63.490223
152640, -62.890676
152800, -62.290382
152960, -61.690720
153120, -61.092879
153280, -60.497856
153440, -59.905934
153600, -59.317471
153760, -58.731885
153920, -58.148430
154080, -57.565925
154240, -56.982123
154400, -56.395132
154560, -55.800789
154720, -55.195251
154880, -54.573124
155040, -53.927126
155200, -53.249287
155360, -52.527053
155520, -51.744410
155680, -50.880191
155840, -49.904292
156000, -48.772217
156160, -47.416770
156320, -45.735362
156480, -43.567458
156640, -40.655732
156800, -36.601283
156960, -30.860056
157120, -22.999189
157280, -13.572464
157440, -5.009179
157600, -0.200132
157760, 0.055166
157920, -3.127942
158080, -8.260588
158240, -14.228238
158400, -20.370099
158560, -26.362828
158720, -32.104818
158880, -37.643869
159040, -43.121628
159200, -48.683141
159360, -54.317048
159520, -59.654426
159680, -63.998645
159840, -66.853392
160000, -68.334632
160160, -68.896332
160320, -68.940234
160480, -68.711232
160640, -68.338137
160800, -67.885460
160960, -67.385549
161120, -66.855170
161280, -66.303638
161440, -65.736603
161600, -65.157938
161760, -64.570614
161920, -63.977049
162080, -63.379472
162240, -62.779669
162400, -62.179359
162560, -61.579978
162720, -60.982569
162880, -60.388168
163040, -59.796900
163200, -59.208939
163360, -58.623858
163520, -58.040613
163680, -57.458214
163840, -56.874007
164000, -56.285775
164160, -55.689677
164320, -55.081297
164480, -54.455580
164640, -53.804397
164800, -53.118976
164960, -52.387166
165120, -51.591410
165280, -50.708793
165440, -49.706879
165600, -48.537779
165760, -47.129215
165920, -45.371035
166080, -43.086095
166240, -39.995277
166400, -35.668784
166560, -29.549195
166720, -21.301771
166880, -11.800386
167040, -3.759288
167200, 0.177157
167360, -0.327037
167520, -3.982554
167680, -9.341696
167840, -15.380293
168000, -21.510886
168160, -27.459022
168320, -33.155718
168480, -38.670864
168640, -44.155167
168800, -49.739296
168960, -55.359002
169120, -60.566786
169280, -64.652240
169440, -67.223059
169600, -68.495376
169760, -68.934302
169920, -68.912814
170080, -68.649584
170240, -68.257983
170400, -67.794636
170560, -67.288044
170720, -66.753143
170880, -66.198344
171040, -65.628878
171200, -65.048378
171360, -64.459732
171520, -63.865253
171680, -63.267100
171840, -62.667085
172000, -62.066821
172160, -61.467792
172320, -60.870881
172480, -60.276989
172640, -59.686352
172800, -59.098908
172960, -58.514369
173120, -57.931367
173280, -57.348819
173440, -56.764078
173600, -56.174515
173760, -55.576602
173920, -54.965299
174080, -54.335633
174240, -53.678973
174400, -52.985646
174560, -52.243758
174720, -51.434322
174880, -50.532558
175040, -49.503569
175200, -48.295921
175360, -46.832061
175520, -44.991467
175680, -42.582900
175840, -39.299580
176000, -34.682329
176160, -28.172602
176320, -19.567627
176480, -10.091304
176640, -2.668759
176800, 0.393508
176960, -0.815679
177120, -4.888465
177280, -10.437452
177440, -16.526587
177600, -22.636695
177760, -28.538265
177920, -34.192587
178080, -39.689508
178240, -45.185423
178400, -50.790486
178560, -56.380430
178720, -61.432835
178880, -65.246727
179040, -67.545090
179200, -68.626938
179360, -68.956797
179520, -68.877671
179680, -68.584179
179840, -68.176050
180000, -67.703038
180160, -67.190301
180320, -66.651189
180480, -66.093321
180640, -65.521567
180800, -64.939345
180960, -64.349446
181120, -63.754131
181280, -63.155475
181440, -62.555323
181600, -61.955172
181760, -61.356495
181920, -60.760107
182080, -60.166755
182240, -59.576782
182400, -58.989881
182560, -58.405877
182720, -57.823115
182880, -57.240238
183040, -56.654868
183200, -56.063915
183360, -55.464154
183520, -54.849893
183680, -54.215588
183840, -53.553026
184000, -52.851464
184160, -52.097892
184320, -51.273609
184480, -50.351581
184640, -49.294184
184800, -48.046203
184960, -46.524590
185120, -44.595872
185280, -42.051178
185440, -38.560424
185600, -33.633990
185760, -26.725979
185920, -17.806623
186080, -8.464236
186240, -1.744226
186400, 0.456101
186560, -1.401598
186720, -5.840718
186880, -11.546189
187040, -17.667848
187200, -23.749686
187360, -29.603579
187520, -35.218942
187680, -40.703355
187840, -46.215156
188000, -51.837354
188160, -57.379193
188320, -62.250644
188480, -65.784414
188640, -67.823328
188800, -68.732470
188960, -68.965544
189120, -68.835539
189280, -68.515209
189440, -68.092261
189600, -67.610453
189760, -67.092039
189920, -66.548988
190080, -65.988227
190240, -65.414311
190400, -64.830469
190560, -64.239383
190720, -63.643306
190880, -63.044223
191040, -62.444005
191200, -61.844031
191360, -61.245670
191520, -60.649818
191680, -60.057033
191840, -59.467763
192000, -58.881436
192160, -58.297668
192320, -57.715008
192480, -57.131740
192640, -56.545723
192800, -55.953372
192960, -55.351460
193120, -54.734063
193280, -54.094977
193440, -53.426393
193600, -52.716450
193760, -51.950974
193920, -51.110988
194080, -50.167928
194240, -49.081237
194400, -47.791766
194560, -46.207572
194720, -44.185787
194880, -41.498782
195040, -37.787708
195200, -32.538670
195360, -25.236123
195520, -16.061338
195680, -6.962322
195840, -0.997567
196000, 0.377592
196160, -2.064304
196320, -6.818348
196480, -12.649465
196640, -18.788283
196800, -24.836290
196960, -30.643131
197120, -36.224026
197280, -41.701766
197440, -47.232552
197600, -52.865731
197760, -58.339572
197920, -63.008534
198080, -66.261835
198240, -68.059128
198400, -68.814061
198560, -68.962306
198720, -68.787864
198880, -68.443958
199040, -68.007836
199200, -67.518093
199360, -66.994480
199520, -66.447780
199680, -65.884321
199840, -65.308361
200000, -64.723010
200160, -64.130838
200320, -63.534091
200480, -62.934661
200640, -62.334387
200800, -61.734627
200960, -61.136628
201120, -60.541356
201280, -59.949177
201440, -59.360516
201600, -58.774730
201760, -58.191189
201920, -57.608637
202080, -57.024985
202240, -56.438335
202400, -55.844596
202560, -55.240119
202720, -54.619361
202880, -53.975359
203040, -53.300448
203200, -52.581917
203360, -51.804346
203520, -50.947240
203680, -49.981393
203840, -48.863614
204000, -47.528672
204160, -45.876922
204320, -43.754285
204480, -40.912102
204640, -36.964159
204800, -31.373774
204960, -23.678805
205120, -14.314376
205280, -5.571049
205440, -0.411812
205600, 0.169633
205760, -2.802258
205920, -7.829070
206080, -13.759828
206240, -19.902462
206400, -25.911623
206560, -31.671991
206720, -37.222687
206880, -42.699214
207040, -48.251089
207200, -53.886838
207360, -59.270259
207520, -63.715209
207680, -66.687136
207840, -68.258843
208000, -68.875074
208160, -68.948276
208320, -68.734605
208480, -68.369745
208640, -67.921767
208800, -67.424760
208960, -66.896324
209120, -66.346185
209280, -65.780181
209440, -65.202295
209600, -64.615536
209760, -64.022367
209920, -63.425032
210080, -62.825330
210240, -62.225020
210400, -61.625516
210560, -61.027923
210720, -60.433279
210880, -59.841746
211040, -59.253579
211200, -58.668288
211360, -58.084957
211520, -57.502513
211680, -56.918475
211840, -56.330758
212000, -55.735389
212160, -55.128189
212320, -54.503961
212480, -53.854928
212640, -53.172652
212800, -52.444812
212960, -51.654492
213120, -50.779503
213280, -49.788378
213440, -48.634637
213600, -47.248107
213760, -45.521760
213920, -43.285320
214080, -40.268576
214240, -36.054189
214400, -30.089202
214560, -21.994430
214720, -12.509989
214880, -4.244818
215040, 0.045801
215200, -0.157365
215360, -3.628723
215520, -8.901364
215680, -14.913769
215840, -21.049918
216000, -27.016006
216160, -32.730272
216320, -38.255026
216480, -43.736313
216640, -49.311448
216800, -54.938625
216960, -60.203294
217120, -64.395864
217280, -67.080113
217440, -68.434624
217600, -68.921378
217760, -68.925278
217920, -68.675345
218080, -68.290956
218240, -67.831788
218400, -67.327828
218560, -66.794719
218720, -66.241219
218880, -65.672721
219040, -65.092952
219200, -64.504831
219360, -63.910713
219520, -63.312785
219680, -62.712847
219840, -62.112558
220000, -61.513378
220160, -60.916258
220320, -60.322155
220480, -59.731258
220640, -59.143602
220800, -58.558841
220960, -57.975740
221120, -57.393323
221280, -56.808838
221440, -56.219837
221600, -55.622673
221760, -55.012568
221920, -54.384676
222080, -53.730347
222240, -53.040314
222400, -52.302681
222560, -51.498944
222720, -50.605117
222880, -49.587334
223040, -48.395634
223200, -46.954644
223360, -45.148967
223520, -42.792239
223680, -39.589707
223840, -35.093674
224000, -28.744699
224160, -20.281843
224320, -10.782357
224480, -3.096044
224640, 0.323715
224800, -0.603622
224960, -4.512066
225120, -9.987755
225280, -16.057936
225440, -22.176944
225600, -28.097637
225760, -33.768642
225920, -39.272709
226080, -44.763489
226240, -50.360409
226400, -55.964288
226560, -61.084757
226720, -65.011852
226880, -67.420279
227040, -68.577387
227200, -68.949944
227360, -68.893316
227520, -68.611647
227680, -68.209999
227840, -67.740797
228000, -67.230498
228160, -66.693066
228320, -66.136426
228480, -65.565591
228640, -64.984059
228800, -64.394671
228960, -63.799691
229120, -63.201233
229280, -62.601127
229440, -62.000921
229600, -61.402127
229760, -60.805532
229920, -60.211958
230080, -59.621708
230240, -59.034577
230400, -58.450366
230560, -57.867510
230720, -57.284771
230880, -56.699661
231040, -56.109282
231200, -55.510283
231360, -54.897243
231520, -54.264854
231680, -53.604730
231840, -52.906571
232000, -52.157827
232160, -51.339680
232320, -50.426027
232480, -49.380372
232640, -48.149063
232800, -46.651316
232960, -44.759010
233120, -42.270521
233280, -38.865192
233440, -34.066217
233600, -27.319673
233760, -18.521781
233920, -9.112096
234080, -2.098411
234240, 0.448846
234400, -1.153269
234560, -5.450079
234720, -11.096295
234880, -17.206517
235040, -23.300525
235200, -29.173939
235360, -34.804416
235520, -40.293336
235680, -45.798294
235840, -51.414319
236000, -56.977393
236160, -61.926363
236320, -65.574781
236480, -67.716545
236640, -68.693171
236800, -68.963825
236960, -68.853546
237120, -68.543640
237280, -68.126470
237440, -67.648109
237600, -67.131932
237760, -66.590441
237920, -66.030828
238080, -65.457773
238240, -64.874574
238400, -64.283958
238560, -63.688179
238720, -63.089260
238880, -62.489060
239040, -61.889007
239200, -61.290512
239360, -60.694438
239520, -60.101420
239680, -59.511862
239840, -58.925301
240000, -58.341438
240160, -57.758738
240320, -57.175632
240480, -56.589882
240640, -55.998103
240800, -55.397240
240960, -54.781216
241120, -54.144135
241280, -53.478042
241440, -52.771547
241600, -52.010957
241760, -51.177762
241920, -50.243562
242080, -49.169090
242240, -47.896867
242400, -46.338962
242560, -44.356035
242720, -41.728286
242880, -38.108962
243040, -32.993872
243200, -25.851770
243360, -16.773726
243520, -7.563094
243680, -1.284646
243840, 0.423338
244000, -1.786405
244160, -6.416833
244320, -12.199720
244480, -18.332734
244640, -24.395069
244800, -30.221192
244960, -35.815294
245120, -41.294959
245280, -46.817507
245440, -52.447182
245600, -57.950415
245760, -62.705591
245920, -66.073157
246080, -67.967259
246240, -68.783205
246400, -68.964807
246560, -68.807817
246720, -68.473185
246880, -68.042262
247040, -67.555664
247200, -67.034120
247360, -66.488876
247520, -65.926495
247680, -65.351351
247840, -64.766602
248000, -64.174861
248160, -63.578377
248320, -62.979080
248480, -62.378840
248640, -61.778994
248800, -61.180844
248960, -60.585331
249120, -59.992902
249280, -59.404047
249440, -58.818066
249600, -58.234442
249760, -57.651847
249920, -57.068350
250080, -61.780942
250240, -65.124105
250400, -67.555642
250560, -69.305736
250720, -70.540239
250880, -71.394210
251040, -71.973018
251200, -72.354442
251360, -72.594029
251520, -72.730997
251680, -72.792965
251840, -72.799474
252000, -72.764469
252160, -72.698007
252320, -72.607426
252480, -72.498154
252640, -72.374259
252800, -72.238835
252960, -72.094274
253120, -71.942452
253280, -71.784855
253440, -71.622676
253600, -71.456906
253760, -71.288377
253920, -71.117799
254080, -70.945781
254240, -70.772844
254400, -70.599416
254560, -70.425898
254720, -70.252655
254880, -70.080023
255040, -69.908310
255200, -69.737756
255360, -69.568565
255520, -69.400944
255680, -69.235099
255840, -69.071224
256000, -68.909501
256160, -68.750041
256320, -68.592926
256480, -68.438261
256640, -68.286162
256800, -68.136743
256960, -67.990116
257120, -67.846376
257280, -67.705490
257440, -67.567480
257600, -67.432395
257760, -67.300297
257920, -67.171250
258080, -67.045322
258240, -66.922574
258400, -66.802964
258560, -66.686432
258720, -66.572970
258880, -66.462597
259040, -66.355347
259200, -66.251256
259360, -66.150365
259520, -66.052713
259680, -65.958336
259840, -65.867189
260000, -65.779168
260160, -65.694228
260320, -65.612363
260480, -65.533579
260640, -65.457895
260800, -65.385329
260960, -65.315901
261120, -65.249626
261280, -65.186520
261440, -65.126590
261600, -65.069840
261760, -65.016270
261920, -64.965873
262080, -64.918549
262240, -64.874202
262400, -64.832771
262560, -64.794216
262720, -64.758508
262880, -64.725616
263040, -64.695512
263200, -64.668161
263360, -64.643524
263520, -64.621559
263680, -64.602215
263840, -64.585436
264000, -64.571162
264160, -64.559325
264320, -64.549852
264480, -64.542665
264640, -64.537680
264800, -64.534809
264960, -64.533960
265120, -64.535034
265280, -64.537932
265440, -64.542550
265600, -64.548781
265760, -64.556517
265920, -64.565647
266080, -64.576059
266240, -64.587642
266400, -64.600284
266560, -64.613873
266720, -64.628299
266880, -64.643452
267040, -64.659227
267200, -64.675518
267360, -64.692224
267520, -64.709246
267680, -64.726491
267840, -64.743868
268000, -64.761291
268160, -64.778678
268320, -64.795953
268480, -64.813042
268640, -64.829879
268800, -64.846403
268960, -64.862556
269120, -64.878287
269280, -64.893549
269440, -64.908300
269600, -64.922504
269760, -64.936129
269920, -64.949148
270080, -64.961538
270240, -64.973282
270400, -64.984365
270560, -64.994777
270720, -65.004512
270880, -65.013556
271040, -65.021891
271200, -65.029514
271360, -65.036432
271520, -65.042655
271680, -65.048199
271840, -65.053083
272000, -65.057327
272160, -65.060954
272320, -65.063987
272480, -65.066453
272640, -65.068376
272800, -65.069784
272960, -65.070704
273120, -65.071164
273280, -65.071190
273440, -65.070812
273600, -65.070056
273760, -65.068951
273920, -65.067524
274080, -65.065800
274240, -65.063808
274400, -65.061572
274560, -65.059117
274720, -65.056468
274880, -65.053649
275040, -65.050682
275200, -65.047590
275360, -65.044393
275520, -65.041111
275680, -65.037764
275840, -65.034370
276000, -65.030946
276160, -65.027509
276320, -65.024074
276480, -65.020655
276640, -65.017266
276800, -65.013918
276960, -65.010624
277120, -65.007394
277280, -65.004237
277440, -65.001162
277600, -64.998177
277760, -64.995283
277920, -64.992483
278080, -64.989778
278240, -64.987173
278400, -64.984672
278560, -64.982277
278720, -64.979993
278880, -64.977822
279040, -64.975766
279200, -64.973828
279360, -64.972008
279520, -64.970307
279680, -64.968726
279840, -64.967263
280000, -64.965918
280160, -64.964689
280320, -64.963576
280480, -64.962575
280640, -64.961685
280800, -64.960903
280960, -64.960226
281120, -64.959650
281280, -64.959172
281440, -64.958789
281600, -64.958496
281760, -64.958290
281920, -64.958165
282080, -64.958119
282240, -64.958147
282400, -64.958243
282560, -64.958405
282720, -64.958626
282880, -64.958904
283040, -64.959233
283200, -64.959609
283360, -64.960028
283520, -64.960485
283680, -64.960976
283840, -64.961497
284000, -64.962045
284160, -64.962614
284320, -64.963202
284480, -64.963805
284640, -64.964420
284800, -64.965042
284960, -64.965670
285120, -64.966299
285280, -64.966927
285440, -64.967552
285600, -64.968171
285760, -64.968782
285920, -64.969382
286080, -64.969969
286240, -64.970542
286400, -64.971099
286560, -64.971639
286720, -64.972160
286880, -64.972661
287040, -64.973141
287200, -64.973599
287360, -64.974034
287520, -64.974446
287680, -64.974835
287840, -64.975199
288000, -64.975539
288160, -64.975855
288320, -64.976147
288480, -64.976414
288640, -64.976658
288800, -64.976878
288960, -64.977074
289120, -64.977248
289280, -64.977399
289440, -64.977529
289600, -64.977637
289760, -64.977725
289920, -64.977794
290080, -64.977844
290240, -64.977875
290400, -64.977890
290560, -64.977888
290720, -64.977871
290880, -64.977840
291040, -64.977795
291200, -64.977737
291360, -64.977667
291520, -64.977587
291680, -64.977497
291840, -64.977398
292000, -64.977291
292160, -64.977177
292320, -64.977056
292480, -64.976930
292640, -64.976799
292800, -64.976664
292960, -64.976527
293120, -64.976386
293280, -64.976244
293440, -64.976101
293600, -64.975957
293760, -64.975814
293920, -64.975671
294080, -64.975530
294240, -64.975390
294400, -64.975252
294560, -64.975117
294720, -64.974985
294880, -64.974857
295040, -64.974732
295200, -64.974611
295360, -64.974494
295520, -64.974382
295680, -64.974274
295840, -64.974171
296000, -64.974073
296160, -64.973981
296320, -64.973893
296480, -64.973810
296640, -64.973733
296800, -64.973661
296960, -64.973594
297120, -64.973532
297280, -64.973476
297440, -64.973424
297600, -64.973378
297760, -64.973336
297920, -64.973299
298080, -64.973266
298240, -64.973238
298400, -64.973214
298560, -64.973195
298720, -64.973179
298880, -64.973167
299040, -64.973159
299200, -64.973154
299360, -64.973153
299520, -64.973154
299680, -64.973158
299840, -64.973165
300000, -64.973175
