# hh_impl_0150.txt
# dt = 150 [usec]
# t [usec], V [mV]
0, -65.000000
150, -64.995871
300, -64.992037
450, -64.988429
600, -64.985011
749, -64.981762
899, -64.978674
1049, -64.975741
1199, -64.972961
1349, -64.970336
1499, -64.967863
1649, -64.965545
1799, -64.963380
1949, -64.961368
2099, -64.959509
2250, -64.957800
2400, -64.956241
2550, -64.954828
2700, -64.953560
2850, -64.952433
3000, -64.951444
3150, -64.950589
3300, -64.949865
3450, -64.949266
3600, -64.948790
3750, -64.948430
3900, -64.948182
4050, -64.948042
4200, -64.948003
4350, -64.948061
4500, -64.948210
4650, -64.948445
4800, -64.948760
4950, -64.949151
5100, -64.949611
5250, -64.950135
5400, -64.950718
5550, -64.951355
5700, -64.952040
5850, -64.952768
6000, -64.953534
6150, -64.954333
6300, -64.955162
6450, -64.956014
6600, -64.956885
6750, -64.957772
6900, -64.958670
7050, -64.959576
7200, -64.960485
7350, -64.961393
7500, -64.962298
7650, -64.963197
7800, -64.964086
7950, -64.964962
8100, -64.965824
8250, -64.966668
8400, -64.967493
8550, -64.968295
8700, -64.969075
8850, -64.969829
9000, -64.970557
9150, -64.971257
9300, -64.971929
9450, -64.972570
9599, -64.973181
9749, -64.973760
9899, -64.974308
10049, -64.974824
10199, -64.975307
10349, -64.975759
10499, -64.976178
10649, -64.976565
10799, -64.976920
10949, -64.977244
11099, -64.977537
11249, -64.977800
11399, -64.978033
11549, -64.978237
11699, -64.978413
11849, -64.978562
11999, -64.978684
12149, -64.978782
12299, -64.978855
12449, -64.978904
12599, -64.978931
12749, -64.978938
12899, -64.978924
13049, -64.978891
13199, -64.978841
13349, -64.978774
13499, -64.978691
13649, -64.978594
13799, -64.978484
13949, -64.978362
14099, -64.978229
14249, -64.978086
14399, -64.977934
14549, -64.977775
14699, -64.977608
14849, -64.977436
14999, -64.977259
15149, -64.977079
15299, -64.976895
15449, -64.976709
15599, -64.976521
15749, -64.976333
15899, -64.976145
16049, -64.975958
16199, -64.975772
16349, -64.975589
16499, -64.975408
16649, -64.975230
16799, -64.975056
16949, -64.974886
17099, -64.974721
17249, -64.974560
17399, -64.974405
17549, -64.974255
17699, -64.974111
17849, -64.973973
17999, -64.973841
18149, -64.973716
18299, -64.973597
18449, -64.973485
18599, -64.973379
18749, -64.973280
18899, -64.973188
19049, -64.973102
19199, -64.973023
19349, -64.972950
19499, -64.972885
19649, -64.972825
19799, -64.972772
19949, -64.972725
20099, -64.972683
20249, -64.972648
20399, -64.972618
20549, -64.972594
20699, -64.972575
20849, -64.972561
20999, -64.972552
21149, -64.972547
21299, -64.972547
21449, -64.972551
21599, -64.972559
21749, -64.972570
21899, -64.972585
22049, -64.972603
22199, -64.972624
22349, -64.972648
22499, -64.972674
22649, -64.972702
22799, -64.972733
22949, -64.972765
23099, -64.972799
23249, -64.972834
23399, -64.972871
23549, -64.972908
23699, -64.972947
23849, -64.972985
23999, -64.973025
24149, -64.973064
24299, -64.973104
24449, -64.973143
24599, -64.973183
24749, -64.973222
24899, -64.973260
25049, -64.973298
25199, -64.973336
25349, -64.973372
25499, -64.973408
25649, -64.973443
25799, -64.973477
25949, -64.973509
26099, -64.973541
26249, -64.973571
26399, -64.973600
26549, -64.973628
26699, -64.973654
26849, -64.973679
26999, -64.973702
27149, -64.973725
27299, -64.973745
27449, -64.973765
27599, -64.973783
27749, -64.973799
27899, -64.973815
28049, -64.973829
28199, -64.973841
28349, -64.973852
28499, -64.973862
28649, -64.973871
28799, -64.973879
28949, -64.973885
29099, -64.973890
29249, -64.973894
29399, -64.973897
29549, -64.973899
29699, -64.973900
29849, -64.973901
29999, -64.973900
30149, -64.973899
30299, -64.973896
30449, -64.973893
30599, -64.973890
30749, -64.973886
30899, -64.973881
31049, -64.973875
31199, -64.973870
31349, -64.973863
31499, -64.973857
31649, -64.973850
31799, -64.973843
31949, -64.973835
32099, -64.973828
32249, -64.973820
32399, -64.973812
32549, -64.973804
32699, -64.973796
32849, -64.973788
32999, -64.973780
33149, -64.973772
33299, -64.973764
33449, -64.973756
33599, -64.973748
33749, -64.973741
33899, -64.973733
34049, -64.973726
34199, -64.973719
34349, -64.973712
34499, -64.973705
34649, -64.973699
34799, -64.973693
34949, -64.973687
35099, -64.973681
35249, -64.973676
35399, -64.973671
35549, -64.973666
35699, -64.973662
35849, -64.973657
35999, -64.973654
36149, -64.973650
36299, -64.973647
36449, -64.973644
36599, -64.973641
36749, -64.973638
36899, -64.973636
37049, -64.973634
37199, -64.973633
37349, -64.973631
37499, -64.973630
37650, -64.973629
37800, -64.973628
37950, -64.973628
38100, -64.973627
38250, -64.973627
38400, -64.973627
38550, -64.973628
38700, -64.973628
38850, -64.973628
39000, -64.973629
39150, -64.973630
39300, -64.973631
39450, -64.973632
39600, -64.973633
39750, -64.973635
39900, -64.973636
40050, -64.973637
40200, -64.973639
40350, -64.973640
40500, -64.973642
40650, -64.973644
40800, -64.973645
40950, -64.973647
41100, -64.973649
41250, -64.973651
41400, -64.973652
41550, -64.973654
41700, -64.973656
41850, -64.973658
42000, -64.973659
42150, -64.973661
42300, -64.973663
42450, -64.973664
42600, -64.973666
42750, -64.973667
42900, -64.973669
43050, -64.973670
43200, -64.973672
43350, -64.973673
43500, -64.973674
43650, -64.973675
43800, -64.973676
43950, -64.973678
44100, -64.973679
44250, -64.973680
44400, -64.973680
44550, -64.973681
44700, -64.973682
44850, -64.973683
45000, -64.973683
45150, -64.973684
45300, -64.973685
45450, -64.973685
45600, -64.973686
45750, -64.973686
45900, -64.973686
46050, -64.973687
46200, -64.973687
46350, -64.973687
46500, -64.973687
46650, -64.973687
46800, -64.973687
46950, -64.973687
47100, -64.973687
47250, -64.973687
47400, -64.973687
47550, -64.973687
47700, -64.973687
47850, -64.973687
48000, -64.973686
48150, -64.973686
48300, -64.973686
48450, -64.973686
48600, -64.973685
48750, -64.973685
48900, -64.973685
49050, -64.973685
49200, -64.973684
49350, -64.973684
49500, -64.973684
49650, -64.973683
49800, -64.973683
49950, -64.973683
50100, -58.473424
50250, -52.409723
50400, -46.274938
50550, -38.624936
50700, -25.829601
50850, -2.009691
51000, 25.748442
51150, 37.680009
51300, 38.143913
51450, 34.344906
51600, 28.687128
51750, 22.029773
51900, 14.895947
52050, 7.663559
52200, 0.581114
52350, -6.214414
52500, -12.667840
52650, -18.777742
52800, -24.578383
52950, -30.139357
53100, -35.574349
53250, -41.050456
53400, -46.754707
53550, -52.776255
53700, -58.851613
53850, -64.176175
54000, -67.875810
54150, -69.849500
54300, -70.642172
54450, -70.802550
54600, -70.656838
54750, -70.363620
54900, -69.994665
55050, -69.582092
55200, -69.140606
55350, -68.677370
55500, -68.196214
55650, -67.699547
55800, -67.189143
55950, -66.666555
56100, -66.133230
56250, -65.590637
56400, -65.040191
56550, -64.483399
56700, -63.921588
56850, -63.356203
57000, -62.788408
57150, -62.219374
57300, -61.650034
57450, -61.081043
57600, -60.513009
57750, -59.945808
57900, -59.379521
58050, -58.813162
58200, -58.245855
58350, -57.675923
58500, -57.101105
58650, -56.518900
58800, -55.925001
58950, -55.315338
59100, -54.683068
59250, -54.020300
59400, -53.317493
59550, -52.559328
59700, -51.726531
59850, -50.792431
60000, -49.718103
60150, -48.445005
60300, -46.883513
60450, -44.893549
60600, -42.246084
60750, -38.568687
60900, -33.291249
61050, -25.731088
61200, -15.755523
61350, -5.171735
61500, 2.465695
61650, 5.124173
61800, 3.495246
61950, -0.790096
62100, -6.388280
62250, -12.454475
62400, -18.527735
62550, -24.394611
62700, -29.996181
62850, -35.378776
63000, -40.667317
63150, -46.014805
63300, -51.506424
63450, -56.984403
63600, -61.921770
63750, -65.647832
63900, -67.912186
64050, -69.004043
64200, -69.365980
64350, -69.327969
64500, -69.079514
64650, -68.718447
64800, -68.293660
64950, -67.829810
65100, -67.339787
65250, -66.830765
65400, -66.307157
65550, -65.771982
65700, -65.227585
65850, -64.675947
66000, -64.118825
66150, -63.557884
66300, -62.994545
66450, -62.430279
66600, -61.866092
66750, -61.303072
66900, -60.741869
67050, -60.182982
67200, -59.626628
67350, -59.072501
67500, -58.520343
67650, -57.968813
67800, -57.417024
67950, -56.862497
68100, -56.303184
68250, -55.735645
68400, -55.156034
68550, -54.559604
68700, -53.939499
68850, -53.288505
69000, -52.595073
69150, -51.844959
69300, -51.019587
69450, -50.092579
69600, -49.024770
69750, -47.759996
69900, -46.211554
70050, -44.247215
70200, -41.658127
70350, -38.118122
70500, -33.154802
70650, -26.251041
70800, -17.383550
70950, -8.025816
71100, -1.033709
71250, 1.690550
71400, 0.438778
71550, -3.453820
71700, -8.733657
71850, -14.554080
72000, -20.433181
72150, -26.140816
72300, -31.611359
72450, -36.894234
72600, -42.112424
72750, -47.403609
72900, -52.803057
73050, -58.077873
73200, -62.661470
73350, -65.976892
73500, -67.918235
73650, -68.816938
73800, -69.078816
73950, -68.990263
74100, -68.714168
74250, -68.335520
74400, -67.897691
74550, -67.423087
74700, -66.923726
74850, -66.406541
75000, -65.875859
75150, -65.334763
75300, -64.785610
75450, -64.230425
75600, -63.670983
75750, -63.108865
75900, -62.545569
76050, -61.982255
76200, -61.420148
76350, -60.859862
76500, -60.302111
76650, -59.747059
76800, -59.194700
76950, -58.644685
77100, -58.096085
77250, -57.547996
77400, -56.998323
77550, -56.445544
77700, -55.886028
77850, -55.316826
78000, -54.733045
78150, -54.129255
78300, -53.498701
78450, -52.831445
78600, -52.116053
78750, -51.336336
78900, -50.469099
79050, -49.482777
79200, -48.331800
79350, -46.948499
79500, -45.230557
79650, -43.015623
79800, -40.052699
79950, -35.959855
80100, -30.237454
80250, -22.521873
80400, -13.359893
80550, -4.940354
80700, 0.096104
80850, 0.880278
81000, -1.693941
81150, -6.286536
81300, -11.836043
81450, -17.677133
81600, -23.454875
81750, -29.021619
81900, -34.368285
82050, -39.584814
82200, -44.808806
82350, -50.142577
82500, -55.505687
82650, -60.487205
82800, -64.458622
82950, -67.048851
83100, -68.409718
83250, -68.944920
83400, -69.005411
83550, -68.809255
83700, -68.474523
83850, -68.062061
84000, -67.603128
84150, -67.114163
84300, -66.604328
84450, -66.079093
84600, -65.542136
84750, -64.996120
84900, -64.443296
85050, -63.885477
85200, -63.324414
85350, -62.761569
85500, -62.198310
85650, -61.635803
85800, -61.074917
85950, -60.516482
86100, -59.960677
86250, -59.407872
86400, -58.857478
86550, -58.309113
86700, -57.761562
86850, -57.213453
87000, -56.662862
87150, -56.107098
87300, -55.543383
87450, -54.967108
87600, -54.374121
87750, -53.757035
87900, -53.108028
88050, -52.416839
88200, -51.668357
88350, -50.843521
88500, -49.915958
88650, -48.847374
88800, -47.580784
88950, -46.030339
89100, -44.066506
89250, -41.483494
89400, -37.963161
89550, -33.053970
89700, -26.275645
89850, -17.639203
90000, -8.571323
90150, -1.786106
90300, 0.884369
90450, -0.323971
90600, -4.143330
90750, -9.351121
90900, -15.109323
91050, -20.935398
91200, -26.598160
91350, -32.033084
91500, -37.288559
91650, -42.488613
91800, -47.764706
91950, -53.138838
92100, -58.357358
92250, -62.846329
92400, -66.058139
92550, -67.919943
92700, -68.771392
92850, -69.008512
93000, -68.907222
93150, -68.624064
93300, -68.240952
93450, -67.799880
93600, -67.322660
93750, -66.821089
93900, -66.302005
94050, -65.769726
94200, -65.227314
94350, -64.677158
94500, -64.121254
94650, -63.561415
94800, -62.999168
94950, -62.436055
95100, -61.873143
95250, -61.311578
95400, -60.752057
95550, -60.195144
95700, -59.641102
95850, -59.089716
96000, -58.540773
96150, -57.993076
96300, -57.445879
96450, -56.896792
96600, -56.344031
96750, -55.784275
96900, -55.214146
97050, -54.629082
97200, -54.023064
97350, -53.389717
97500, -52.718307
97650, -51.996668
97800, -51.209055
97950, -50.330972
98100, -49.329387
98250, -48.156847
98400, -46.743092
98550, -44.979264
98700, -42.697833
98850, -39.634118
99000, -35.394353
99150, -29.480223
99300, -21.587904
99450, -12.425901
99600, -4.316753
99750, 0.229196
99900, 0.583598
100050, -2.263268
100200, -6.990642
100350, -12.584526
100500, -18.420459
100650, -24.169882
100800, -29.702651
100950, -35.023711
101100, -40.229407
101250, -45.459174
101400, -50.800950
101550, -56.140402
101700, -61.027265
101850, -64.836513
102000, -67.258509
102150, -68.496168
102300, -68.957953
102450, -68.978463
102600, -68.760882
102750, -68.414294
102900, -67.994838
103050, -67.531428
103200, -67.039352
103350, -66.527217
103500, -66.000205
103650, -65.461870
103800, -64.914786
103950, -64.361154
104100, -63.802792
104250, -63.241401
104400, -62.678465
104550, -62.115280
104700, -61.553048
104850, -60.992533
105000, -60.434609
105150, -59.879333
105300, -59.326958
105450, -58.777002
105600, -58.228893
105750, -57.681541
105900, -57.133321
106050, -56.582469
106200, -56.025967
106350, -55.461241
106500, -54.883252
106650, -54.287481
106800, -53.666834
106950, -53.012833
107100, -52.315468
107250, -51.558606
107400, -50.722086
107550, -49.778124
107700, -48.686433
107850, -47.387100
108000, -45.789960
108150, -43.756395
108300, -41.068381
108450, -37.391649
108600, -32.258502
108750, -25.213429
108900, -16.403595
109050, -7.485140
109200, -1.197548
109350, 0.899658
109500, -0.737599
109650, -4.804592
109800, -10.124060
109950, -15.910820
110100, -21.722559
110250, -27.354723
110400, -32.759622
110550, -37.999017
110700, -43.201901
110850, -48.493837
111000, -53.868290
111150, -59.025172
111300, -63.365257
111450, -66.384133
111600, -68.083234
111750, -68.829746
111900, -69.007753
112050, -68.874693
112200, -68.574318
112350, -68.181448
112500, -67.734457
112650, -67.253349
112800, -66.749038
112950, -66.227907
113100, -65.694065
113250, -65.150442
113400, -64.599384
113550, -64.042827
113700, -63.482589
113850, -62.920139
114000, -62.356970
114150, -61.794187
114300, -61.232846
114450, -60.673691
114600, -60.117161
114750, -59.563582
114900, -59.012577
115050, -58.464021
115200, -57.916508
115350, -57.369123
115500, -56.819644
115650, -56.266008
115800, -55.705077
115950, -55.133082
116100, -54.545672
116250, -53.936292
116400, -53.298261
116550, -52.620826
116700, -51.890932
116850, -51.091822
117000, -50.199041
117150, -49.177499
117300, -47.977164
117450, -46.523897
117600, -44.700928
117750, -42.329597
117900, -39.130515
118050, -34.691210
118200, -28.512171
118350, -20.369425
118500, -11.186037
118650, -3.447442
118800, 0.508771
118950, 0.345178
119100, -2.834174
119250, -7.730891
119400, -13.386957
119550, -19.224574
119700, -24.947769
119850, -30.448018
120000, -35.745816
120150, -40.946688
120300, -46.189497
120450, -51.544716
120600, -56.855441
120750, -61.628874
120900, -65.251800
121050, -67.489509
121200, -68.595979
121350, -68.980331
121500, -68.958696
121650, -68.718477
121800, -68.359360
121950, -67.932551
122100, -67.464485
122250, -66.969232
122400, -66.454787
122550, -65.926024
122700, -65.386331
122850, -64.838217
123000, -64.283817
123150, -63.724944
123300, -63.163246
123450, -62.600223
123600, -62.037101
123750, -61.475112
123900, -60.914922
124050, -60.357319
124200, -59.802431
124350, -59.250368
124500, -58.700734
124650, -58.152760
124800, -57.605472
124950, -57.056992
125100, -56.505709
125250, -55.948278
125400, -55.382013
125550, -54.801888
125700, -54.202946
125850, -53.578334
126000, -52.918878
126150, -52.213992
126300, -51.447550
126450, -50.598045
126600, -49.636066
126750, -48.519097
126900, -47.183980
127050, -45.535816
127200, -43.425593
127350, -40.621638
127500, -36.770250
127650, -31.390530
127800, -24.062010
127950, -15.093816
128100, -6.378462
128250, -0.637124
128400, 0.871379
128550, -1.190970
128700, -5.497480
128850, -10.921800
129000, -16.732510
129150, -22.527508
129300, -28.127879
129450, -33.503355
129600, -38.729082
129750, -43.938403
129900, -49.247858
130050, -54.618628
130200, -59.699905
130350, -63.874625
130500, -66.696004
130650, -68.235758
130800, -68.881678
130950, -69.003562
131100, -68.840376
131250, -68.523609
131400, -68.121390
131550, -67.668685
131700, -67.183799
131850, -66.676815
132000, -66.153684
132150, -65.618316
132300, -65.073514
132450, -64.521584
132600, -63.964403
132750, -63.403772
132900, -62.841135
133050, -62.277931
133200, -61.715295
133350, -61.154195
133500, -60.595419
133650, -60.039278
133800, -59.486164
133950, -58.935531
134100, -58.387157
134250, -57.839709
134400, -57.292056
134550, -56.742127
134700, -56.187558
134850, -55.625389
135000, -55.051448
135150, -54.461597
135300, -53.848726
135450, -53.205633
135600, -52.521828
135750, -51.783290
135900, -50.972184
136050, -50.063755
136200, -49.021194
136350, -47.791703
136500, -46.294732
136650, -44.407999
136800, -41.940603
136950, -38.597259
137100, -33.945579
137250, -27.491452
137400, -19.110453
137550, -9.954418
137700, -2.639053
137850, 0.714756
138000, 0.049262
138150, -3.441975
138300, -8.492859
138450, -14.201333
138600, -20.035341
138750, -25.730083
138900, -31.198892
139050, -36.475116
139200, -41.673709
139350, -46.931021
139500, -52.297195
139650, -57.569885
139800, -62.215203
139950, -65.645770
140100, -67.702451
140250, -68.684201
140400, -68.996055
140550, -68.935136
140700, -68.673769
140850, -68.302871
141000, -67.869086
141150, -67.396559
141300, -66.898234
141450, -66.381536
141600, -65.851066
141750, -65.310051
141900, -64.760940
142050, -64.205802
142200, -63.646452
142350, -63.084476
142500, -62.521398
142650, -61.958366
142800, -61.396597
142950, -60.836733
143100, -60.279463
143250, -59.724980
143400, -59.173244
143550, -58.623945
143700, -58.076113
143850, -57.528892
144000, -56.980145
144150, -56.428326
144300, -55.869892
144450, -55.301860
144600, -54.719440
144750, -54.117186
144900, -53.488473
145050, -52.823399
145200, -52.110635
145350, -51.334250
145500, -50.471314
145650, -49.490719
145800, -48.347629
145950, -46.975544
146100, -45.274383
146250, -43.084868
146400, -40.161539
146550, -36.131032
146700, -30.501954
146850, -22.901988
147000, -13.819995
147150, -5.364971
147300, -0.184227
147450, 0.764576
147600, -1.685484
147750, -6.203199
147900, -11.714800
148050, -17.540862
148200, -23.315358
148350, -28.883320
148500, -34.231484
148650, -39.445976
148800, -44.663651
148950, -49.988746
149100, -55.349479
149250, -60.344541
149400, -64.348318
149550, -66.976856
149700, -68.368108
149850, -68.922442
150000, -68.993693
150150, -68.803339
150300, -68.471716
150450, -68.060946
150600, -67.602956
150749, -67.114536
150899, -66.605028
151049, -66.079999
151199, -65.543180
151349, -64.997259
151499, -64.444509
151649, -63.886747
151799, -63.325735
151949, -62.762937
152099, -62.199725
152249, -61.637268
152399, -61.076436
152549, -60.518063
152699, -59.962332
152849, -59.409616
152999, -58.859329
153149, -58.311094
153299, -57.763697
153449, -57.215778
153599, -56.665411
153749, -56.109923
153899, -55.546538
154049, -54.970671
154199, -54.378200
154349, -53.761744
154499, -53.113538
154649, -52.423338
154799, -51.676136
154949, -50.853008
155099, -49.927768
155249, -48.862409
155399, -47.600379
155549, -46.056493
155699, -44.102212
155849, -41.533681
155999, -38.035817
156149, -33.160111
156299, -26.425438
156449, -17.826130
156599, -8.753126
156749, -1.908151
156899, 0.842415
157049, -0.301244
157199, -4.080555
157349, -9.268195
157499, -15.018961
157649, -20.844373
157799, -26.509863
157949, -31.947687
158099, -37.204606
158249, -42.403632
158399, -47.676895
158549, -53.049213
158699, -58.273546
158849, -62.779091
158999, -66.013546
159149, -67.895520
159299, -68.760362
159449, -69.005169
159599, -68.908041
159749, -68.627126
159899, -68.245259
160049, -67.804916
160199, -67.328151
160349, -66.826885
160499, -66.308016
160649, -65.775895
160799, -65.233604
160949, -64.683537
161099, -64.127699
161249, -63.567905
161399, -63.005684
161549, -62.442581
161699, -61.879668
161849, -61.318096
161999, -60.758560
162149, -60.201632
162299, -59.647571
162449, -59.096178
162599, -58.547228
162749, -57.999547
162899, -57.452400
163049, -56.903387
163199, -56.350747
163349, -55.791146
163499, -55.221242
163649, -54.636455
163799, -54.030820
163949, -53.397940
164099, -52.727157
164249, -52.006384
164399, -51.219895
164549, -50.343304
164699, -49.343768
164849, -48.174094
164999, -46.764393
165149, -45.006660
165299, -42.734435
165449, -39.684747
165599, -35.465937
165749, -29.580338
165899, -21.716944
166049, -12.562113
166199, -4.418814
166349, 0.187929
166499, 0.598546
166649, -2.211043
166799, -6.918705
166949, -12.504894
167099, -18.339799
167249, -24.091331
167399, -29.626964
167549, -34.950421
167699, -40.156728
167849, -45.385168
167999, -50.725336
168149, -56.066660
168299, -60.964408
168449, -64.792070
168599, -67.232981
168749, -68.484500
168899, -68.954580
169049, -68.979630
169199, -68.764488
169349, -68.419241
169499, -68.000563
169649, -67.537639
169799, -67.045889
169949, -66.533987
170099, -66.007149
170249, -65.468947
170399, -64.921965
170549, -64.368410
170699, -63.810100
170849, -63.248742
170999, -62.685818
171149, -62.122632
171299, -61.560380
171449, -60.999839
171599, -60.441889
171749, -59.886580
171899, -59.334180
172049, -58.784199
172199, -58.236083
172349, -57.688732
172499, -57.140545
172649, -56.589743
172799, -56.033338
172949, -55.468740
173099, -54.890950
173249, -54.295486
173399, -53.675227
173549, -53.021759
173699, -52.325055
173849, -51.569082
173999, -50.733792
174149, -49.791549
174299, -48.702274
174449, -47.406363
174599, -45.814112
174749, -43.787898
174899, -41.111028
175049, -37.450854
175199, -32.341417
175349, -25.324553
175499, -16.532720
175649, -7.597819
175799, -1.258255
175949, 0.897483
176099, -0.696361
176249, -4.738407
176399, -10.046674
176549, -15.830387
176699, -21.643668
176849, -27.278961
176999, -32.686617
177149, -37.927513
177299, -43.129920
177449, -48.420240
177599, -53.794756
177749, -58.957924
177899, -63.313413
178049, -66.351806
178199, -68.067056
178349, -68.823901
178499, -69.007704
178649, -68.877759
178799, -68.579073
178949, -68.187162
179099, -67.740752
179249, -67.260024
179399, -66.755981
179549, -66.235049
179699, -65.701358
179849, -65.157852
179999, -64.606880
180149, -64.050386
180299, -63.490187
180449, -62.927755
180599, -62.364592
180749, -61.801796
180899, -61.240434
181049, -60.681244
181199, -60.124678
181349, -59.571056
181499, -59.020016
181649, -58.471425
181799, -57.923897
181949, -57.376534
182099, -56.827098
182249, -56.273553
182399, -55.712742
182549, -55.140936
182699, -54.553763
182849, -53.944720
182999, -53.307177
183149, -52.630355
183299, -51.901293
183449, -51.103336
183599, -50.212027
183749, -49.192482
183899, -47.994928
184049, -46.545832
184199, -44.728956
184349, -42.366817
184499, -39.181529
184649, -34.762477
184799, -28.610055
184949, -20.491629
185099, -11.308535
185249, -3.531441
185399, 0.483605
185549, 0.370604
185699, -2.776679
185849, -7.657276
185999, -13.307597
186149, -19.145127
186299, -24.870775
186449, -30.374381
186599, -35.674363
186749, -40.875633
186899, -46.117001
187049, -51.471193
187199, -56.785114
187349, -61.570036
187499, -65.211501
187649, -67.467324
187799, -68.586501
187949, -68.978302
188099, -68.960714
188249, -68.722671
188399, -68.364760
188549, -67.938662
188699, -67.471047
188849, -66.976102
188999, -66.461882
189149, -65.933289
189299, -65.393728
189449, -64.845713
189599, -64.291386
189749, -63.732563
189899, -63.170893
190049, -62.607878
190199, -62.044748
190349, -61.482734
190499, -60.922512
190649, -60.364877
190799, -59.809950
190949, -59.257857
191099, -58.708191
191249, -58.160204
191399, -57.612910
191549, -57.064457
191699, -56.513217
191849, -55.955878
191999, -55.389781
192149, -54.809876
192299, -54.211253
192449, -53.587036
192599, -52.928123
192749, -52.223996
192899, -51.458511
193049, -50.610300
193199, -49.650114
193349, -48.535659
193499, -47.204101
193649, -45.561010
193799, -43.458404
193949, -40.665952
194099, -36.831903
194249, -31.476532
194399, -24.175482
194549, -15.221612
194699, -6.484368
194849, -0.688438
194999, 0.877182
195149, -1.144653
195299, -5.428611
195449, -10.843293
195599, -16.652105
195749, -22.448972
195899, -28.052431
196049, -33.430426
196199, -38.657317
196349, -43.865893
196499, -49.173491
196649, -54.545144
196799, -59.634307
196949, -63.825527
197099, -66.666246
197249, -68.221377
197399, -68.876920
197549, -69.004155
197699, -68.843841
197849, -68.528641
197999, -68.127318
198149, -67.675164
198299, -67.190642
198449, -66.683917
198599, -66.160980
198749, -65.625760
198899, -65.081072
199049, -64.529226
199199, -63.972105
199349, -63.411514
199499, -62.848895
199649, -62.285693
199799, -61.723041
199949, -61.161916
200099, -60.603101
200249, -60.046920
200399, -59.493759
200549, -58.943088
200699, -58.394700
200849, -57.847247
200999, -57.299621
201149, -56.749736
201299, -56.195258
201449, -55.633210
201599, -55.059460
201749, -54.469849
201899, -53.857320
202049, -53.214726
202199, -52.531547
202349, -51.793859
202499, -50.983934
202649, -50.077155
202799, -49.036740
202949, -47.810191
203099, -46.317610
203249, -44.437270
203399, -41.979491
203549, -38.650889
203699, -34.020720
203849, -27.593949
203999, -19.235678
204149, -10.075236
204299, -2.716315
204449, 0.697188
204599, 0.080336
204749, -3.381083
204899, -8.417412
205049, -14.121085
205199, -19.955487
205349, -25.653087
205499, -31.125138
205649, -36.403242
205799, -41.601904
205949, -46.857659
206099, -52.222654
206249, -57.499757
206399, -62.158233
206549, -65.608108
206699, -67.682373
206849, -68.676057
206999, -68.994801
207149, -68.937608
207299, -68.678249
207449, -68.308473
207599, -67.875355
207749, -67.403257
207899, -66.905228
208049, -66.388749
208199, -65.858443
208349, -65.317556
208499, -64.768542
208649, -64.213475
208799, -63.654170
208949, -63.092220
209099, -62.529146
209249, -61.966104
209399, -61.404318
209549, -60.844423
209699, -60.287120
209849, -59.732596
209999, -59.180828
210149, -58.631495
210299, -58.083649
210449, -57.536421
210599, -56.987701
210749, -56.435962
210899, -55.877642
211049, -55.309794
211199, -54.727606
211349, -54.125683
211499, -53.497380
211649, -52.832866
211799, -52.120887
211949, -51.345493
212099, -50.483896
212249, -49.505157
212399, -48.364673
212549, -46.996276
212699, -45.300661
212849, -43.119267
212999, -40.208071
213149, -36.195682
213299, -30.591648
213449, -23.018196
213599, -13.945133
213749, -5.461288
213899, -0.224483
214049, 0.778440
214199, -1.634800
214349, -6.132793
214499, -11.636374
214649, -17.461374
214799, -23.238068
214949, -28.809119
215099, -34.160065
215249, -39.375457
215399, -44.592193
215549, -49.915669
215699, -55.277415
215849, -60.281678
215999, -64.302829
216149, -66.950289
216299, -68.355811
216449, -68.918856
216599, -68.994903
216749, -68.807123
216899, -68.476911
217049, -68.066957
217199, -67.609474
217349, -67.121394
217499, -66.612130
217649, -66.087285
217799, -65.550606
217949, -65.004794
218099, -64.452124
218249, -63.894419
218399, -63.333443
218549, -62.770659
218699, -62.207446
218849, -61.644970
218999, -61.084110
219149, -60.525697
219299, -59.969924
219449, -59.417177
219599, -58.866860
219749, -58.318612
219899, -57.771210
220049, -57.223317
220199, -56.672993
220349, -56.117595
220499, -55.554330
220649, -54.978653
220799, -54.386478
220949, -53.770398
221099, -53.122714
221249, -52.433159
221399, -51.686827
221549, -50.864904
221699, -49.941349
221849, -48.878360
221999, -47.619686
222149, -46.080591
222299, -44.133183
222449, -41.574919
222599, -38.092703
222749, -33.239553
222899, -26.532811
223049, -17.953874
223199, -8.869218
223349, -1.975383
223499, 0.834663
223649, -0.263252
223799, -4.015553
223949, -9.190599
224099, -14.937752
224249, -20.764454
224399, -26.433189
224549, -31.874091
224699, -37.132958
224849, -42.331782
224999, -47.603465
225149, -52.975216
225299, -58.205077
225449, -62.725168
225599, -65.978884
225749, -67.877662
225899, -68.753576
226049, -69.004689
226199, -68.910960
226349, -68.631882
226499, -68.251052
226649, -67.811331
226799, -67.334971
226949, -66.833988
227099, -66.315329
227249, -65.783369
227399, -65.241201
227549, -64.691227
227699, -64.135456
227849, -63.575704
227999, -63.013506
228149, -62.450404
228299, -61.887478
228449, -61.325885
228599, -60.766315
228749, -60.209352
228899, -59.655249
229049, -59.103820
229199, -58.554835
229349, -58.007138
229499, -57.459984
229649, -56.910997
229799, -56.358439
229949, -55.798953
230099, -55.229235
230249, -54.644683
230399, -54.039383
230549, -53.406916
230699, -52.736701
230849, -52.016723
230999, -51.231238
231149, -50.356002
231299, -49.358348
231449, -48.191315
231599, -46.785350
231749, -45.033236
231899, -42.769214
232049, -39.732136
232199, -35.532106
232349, -29.671832
232499, -21.833507
232649, -12.683364
232799, -4.507245
232949, 0.155765
233099, 0.617673
233249, -2.158273
233399, -6.848408
233549, -12.428024
233699, -18.262382
233849, -24.016175
233999, -29.554708
234149, -34.880604
234299, -40.087753
234449, -45.315159
234599, -50.654048
234749, -55.997377
234899, -60.905547
235049, -64.750471
235199, -67.209293
235349, -68.473953
235499, -68.951892
235649, -68.981239
235799, -68.768403
235949, -68.424428
236099, -68.006492
236249, -67.544034
236399, -67.052599
236549, -66.540925
236699, -66.014260
236849, -65.476191
236999, -64.929310
237149, -64.375831
237299, -63.817573
237449, -63.256248
237599, -62.693334
237749, -62.130144
237899, -61.567872
238049, -61.007302
238199, -60.449309
238349, -59.893958
238499, -59.341527
238649, -58.791516
238799, -58.243388
238949, -57.696033
239099, -57.147872
239249, -56.597112
239399, -56.040797
239549, -55.476318
239699, -54.898717
239849, -54.303546
239999, -53.683659
240149, -53.030707
240299, -52.334639
240449, -51.579525
240599, -50.745426
240749, -49.804848
240899, -48.717917
241049, -47.425326
241199, -45.837813
241349, -43.818722
241499, -41.152647
241649, -37.508500
241799, -32.422001
241949, -25.432405
242099, -16.657920
242249, -7.706962
242399, -1.316839
242549, 0.895874
242699, -0.655696
242849, -4.673455
242999, -9.970829
243149, -15.751689
243299, -21.566468
243449, -27.204795
243599, -32.615143
243749, -37.857531
243899, -43.059523
244049, -48.348341
244199, -53.722983
244349, -58.892300
244499, -63.262563
244649, -66.320038
244799, -68.051161
244949, -68.818183
245099, -69.007700
245249, -68.880825
245399, -68.583803
245549, -68.192837
245699, -67.746999
245849, -67.266648
245999, -66.762869
246149, -66.242134
246299, -65.708593
246449, -65.165202
246599, -64.614317
246749, -64.057884
246899, -63.497723
247049, -62.935310
247199, -62.372152
247349, -61.809344
247499, -61.247960
247649, -60.688736
247799, -60.132134
247949, -59.578468
248099, -59.027393
248249, -58.478766
248399, -57.931223
248549, -57.383881
248699, -56.834486
248849, -56.281028
248999, -55.720334
249149, -55.148713
249299, -54.561771
249449, -53.953059
249599, -53.315994
249749, -52.639776
249899, -51.911530
250049, -51.114705
250199, -55.232616
250349, -58.502432
250499, -61.441560
250649, -64.088207
250799, -66.343019
250949, -68.146477
251099, -69.519140
251249, -70.528797
251399, -71.253763
251549, -71.763219
251699, -72.111800
251849, -72.340580
251999, -72.479783
252149, -72.551542
252299, -72.572076
252449, -72.553336
252599, -72.504197
252749, -72.431311
252899, -72.339717
253049, -72.233270
253199, -72.114959
253349, -71.987126
253499, -71.851631
253649, -71.709952
253799, -71.563298
253949, -71.412674
254099, -71.258921
254249, -71.102750
254399, -70.944772
254549, -70.785505
254699, -70.625379
254849, -70.464787
254999, -70.304086
255149, -70.143600
255299, -69.983623
255449, -69.824416
255599, -69.666164
255749, -69.509060
255899, -69.353292
256049, -69.199041
256199, -69.046477
256349, -68.895759
256499, -68.746973
256649, -68.600196
256799, -68.455523
256949, -68.313053
257099, -68.172888
257249, -68.035123
257399, -67.899850
257549, -67.767071
257699, -67.636790
257849, -67.509040
257999, -67.383869
258149, -67.261331
258299, -67.141483
258449, -67.024379
258599, -66.910071
258749, -66.798500
258899, -66.689624
259049, -66.583438
259199, -66.479960
259349, -66.379215
259499, -66.281236
259649, -66.186055
259799, -66.093704
259949, -66.004215
260099, -65.917615
260249, -65.833792
260399, -65.752688
260549, -65.674280
260699, -65.598569
260849, -65.525564
260999, -65.455280
261149, -65.387732
261299, -65.322937
261449, -65.260907
261599, -65.201652
261749, -65.145181
261899, -65.091497
262049, -65.040599
262199, -64.992482
262349, -64.947121
262499, -64.904406
262649, -64.864270
262799, -64.826672
262949, -64.791582
263099, -64.758973
263249, -64.728821
263399, -64.701101
263549, -64.675784
263699, -64.652836
263849, -64.632222
263999, -64.613899
264149, -64.597824
264299, -64.583945
264449, -64.572208
264599, -64.562554
264749, -64.554920
264899, -64.549239
265049, -64.545441
265199, -64.543449
265349, -64.543188
265499, -64.544576
265649, -64.547529
265799, -64.551963
265949, -64.557789
266099, -64.564918
266249, -64.573260
266399, -64.582724
266549, -64.593218
266699, -64.604650
266849, -64.616930
266999, -64.629966
267149, -64.643669
267299, -64.657951
267449, -64.672726
267599, -64.687910
267749, -64.703421
267899, -64.719181
268049, -64.735112
268199, -64.751143
268349, -64.767204
268499, -64.783228
268649, -64.799153
268799, -64.814921
268949, -64.830476
269099, -64.845768
269249, -64.860749
269399, -64.875377
269549, -64.889612
269699, -64.903418
269849, -64.916765
269999, -64.929625
270149, -64.941972
270299, -64.953788
270449, -64.965054
270599, -64.975756
270749, -64.985885
270899, -64.995432
271049, -65.004392
271199, -65.012753
271349, -65.020500
271499, -65.027631
271649, -65.034149
271799, -65.040062
271949, -65.045383
272099, -65.050126
272249, -65.054306
272399, -65.057942
272549, -65.061052
272699, -65.063657
272849, -65.065777
272999, -65.067434
273149, -65.068649
273299, -65.069445
273449, -65.069844
273599, -65.069868
273749, -65.069541
273899, -65.068885
274049, -65.067922
274199, -65.066675
274349, -65.065165
274499, -65.063414
274649, -65.061444
274799, -65.059274
274949, -65.056925
275099, -65.054417
275249, -65.051768
275399, -65.048997
275549, -65.046121
275699, -65.043158
275849, -65.040124
275999, -65.037034
276149, -65.033903
276299, -65.030746
276449, -65.027575
276599, -65.024404
276749, -65.021243
276899, -65.018105
277049, -65.014999
277199, -65.011935
277349, -65.008923
277499, -65.005969
277649, -65.003082
277799, -65.000268
277949, -64.997534
278099, -64.994879
278249, -64.992304
278399, -64.989812
278549, -64.987406
278699, -64.985090
278849, -64.982866
278999, -64.980737
279149, -64.978706
279299, -64.976774
279449, -64.974943
279599, -64.973215
279749, -64.971589
279899, -64.970067
280049, -64.968647
280199, -64.967331
280349, -64.966116
280499, -64.965001
280649, -64.963986
280799, -64.963069
280949, -64.962247
281099, -64.961519
281249, -64.960881
281399, -64.960332
281549, -64.959868
281699, -64.959487
281849, -64.959185
281999, -64.958959
282149, -64.958806
282299, -64.958723
282449, -64.958705
282599, -64.958749
282749, -64.958853
282899, -64.959011
283049, -64.959220
283199, -64.959478
283349, -64.959779
283499, -64.960121
283649, -64.960500
283799, -64.960913
283949, -64.961356
284099, -64.961826
284249, -64.962319
284399, -64.962832
284549, -64.963363
284699, -64.963908
284849, -64.964465
284999, -64.965030
285149, -64.965601
285299, -64.966176
285449, -64.966751
285599, -64.967326
285749, -64.967897
285899, -64.968463
286049, -64.969022
286199, -64.969572
286349, -64.970111
286499, -64.970638
286649, -64.971152
286799, -64.971650
286949, -64.972134
287099, -64.972600
287249, -64.973048
287399, -64.973478
287549, -64.973889
287699, -64.974280
287849, -64.974651
287999, -64.975002
288149, -64.975331
288299, -64.975640
288449, -64.975928
288599, -64.976195
288749, -64.976441
288899, -64.976666
289049, -64.976870
289199, -64.977055
289349, -64.977220
289499, -64.977365
289649, -64.977491
289799, -64.977599
289949, -64.977689
290099, -64.977762
290249, -64.977817
290399, -64.977857
290549, -64.977882
290699, -64.977892
290849, -64.977887
290999, -64.977870
291149, -64.977840
291299, -64.977798
291449, -64.977746
291599, -64.977683
291749, -64.977610
291899, -64.977529
292049, -64.977440
292199, -64.977344
292349, -64.977240
292499, -64.977132
292649, -64.977017
292799, -64.976899
292949, -64.976776
293099, -64.976651
293249, -64.976522
293399, -64.976392
293549, -64.976260
293699, -64.976127
293849, -64.975994
293999, -64.975861
294149, -64.975728
294299, -64.975597
294449, -64.975466
294599, -64.975338
294749, -64.975211
294899, -64.975087
295049, -64.974966
295199, -64.974848
295349, -64.974733
295499, -64.974622
295649, -64.974514
295799, -64.974410
295949, -64.974311
296099, -64.974215
296249, -64.974124
296399, -64.974037
296549, -64.973955
296699, -64.973877
296849, -64.973803
296999, -64.973734
297149, -64.973670
297299, -64.973610
297449, -64.973554
297599, -64.973503
297749, -64.973456
297899, -64.973414
298049, -64.973376
298199, -64.973342
298349, -64.973311
298499, -64.973285
298649, -64.973262
298799, -64.973243
298949, -64.973228
299099, -64.973215
299249, -64.973206
299399, -64.973200
299549, -64.973197
299699, -64.973196
299849, -64.973198
299999, -64.973203
300149, -64.973210
