# hh_impl_0960.txt
# dt = 960 [usec]
# t [usec], V [mV]
0, -65.000000
960, -64.978031
1920, -64.963178
2880, -64.953815
3840, -64.949286
4800, -64.948722
5760, -64.951076
6720, -64.955269
7680, -64.960320
8640, -64.965424
9600, -64.969999
10560, -64.973685
11520, -64.976322
12480, -64.977914
13440, -64.978579
14400, -64.978507
15360, -64.977913
16320, -64.977013
17280, -64.975992
18240, -64.974999
19200, -64.974136
20160, -64.973464
21120, -64.973002
22080, -64.972743
23040, -64.972660
24000, -64.972711
24960, -64.972854
25920, -64.973046
26880, -64.973254
27840, -64.973448
28800, -64.973613
29760, -64.973737
30720, -64.973819
31680, -64.973861
32640, -64.973871
33600, -64.973856
34560, -64.973824
35520, -64.973785
36480, -64.973745
37440, -64.973708
38400, -64.973678
39360, -64.973656
40320, -64.973643
41280, -64.973637
42240, -64.973637
43200, -64.973641
44160, -64.973648
45120, -64.973657
46080, -64.973665
47040, -64.973672
48000, -64.973678
48960, -64.973682
49920, -64.973684
50880, -30.405767
51840, 65.500637
52800, -41.046177
53760, -22.993831
54720, -40.092194
55680, -59.825757
56640, -72.759641
57600, -64.001682
58560, -63.263785
59520, -59.173228
60480, -56.316951
61440, -53.316138
62400, -49.800082
63360, -44.374297
64320, -32.744853
65280, -10.324307
66240, -26.848245
67200, -48.872725
68160, -68.207369
69120, -66.722641
70080, -63.195905
71040, -60.044154
72000, -57.022847
72960, -54.216138
73920, -51.228502
74880, -47.348461
75840, -40.720652
76800, -26.771246
77760, -13.445424
78720, -40.297637
79680, -58.151145
80640, -70.380446
81600, -63.227834
82560, -61.573615
83520, -58.033779
84480, -55.275904
85440, -52.449072
86400, -49.123174
87360, -44.153013
88320, -34.460461
89280, -17.378528
90240, -25.613081
91200, -48.825326
92160, -67.244330
93120, -66.568013
94080, -62.737568
95040, -59.717308
96000, -56.725946
96960, -53.957460
97920, -51.009568
98880, -47.179075
99840, -40.707572
100800, -27.447338
101760, -14.916567
102720, -39.686504
103680, -57.714692
104640, -70.233265
105600, -63.239689
106560, -61.526997
107520, -58.014139
108480, -55.260478
109440, -52.449178
110400, -49.147843
111360, -44.250276
112320, -34.777301
113280, -18.001173
114240, -25.092486
115200, -48.589842
116160, -66.987314
117120, -66.691780
118080, -62.721645
119040, -59.751144
120000, -56.746182
120960, -53.982823
121920, -51.041662
122880, -47.233781
123840, -40.821468
124800, -27.712012
125760, -14.937787
126720, -39.311695
127680, -57.360010
128640, -70.247775
129600, -63.294693
130560, -61.579963
131520, -58.058815
132480, -55.305074
133440, -52.494989
134400, -49.211262
135360, -44.354523
136320, -35.001056
137280, -18.261265
138240, -24.600663
139200, -48.398430
140160, -66.810734
141120, -66.805963
142080, -62.732546
143040, -59.795675
144000, -56.780751
144960, -54.016084
145920, -51.081856
146880, -47.286740
147840, -40.920580
148800, -27.903348
149760, -14.891985
150720, -39.015700
151680, -57.086641
152640, -70.264439
153600, -63.343236
154560, -61.625311
155520, -58.099763
156480, -55.341993
157440, -52.536058
158400, -49.262592
159360, -44.441721
160320, -35.179324
161280, -18.468433
162240, -24.184449
163200, -48.243696
164160, -66.666805
165120, -66.902828
166080, -62.741457
167040, -59.835799
168000, -56.808736
168960, -54.046481
169920, -51.112882
170880, -47.331119
171840, -40.997160
172800, -28.054576
173760, -14.853736
174720, -38.777994
175680, -56.857676
176640, -70.270292
177600, -63.385625
178560, -61.663562
179520, -58.132194
180480, -55.374429
181440, -52.568169
182400, -49.306551
183360, -44.511100
184320, -35.326513
185280, -18.639547
186240, -23.848204
187200, -48.117795
188160, -66.552281
189120, -66.978640
190080, -62.750045
191040, -59.866098
192000, -56.832805
192960, -54.068918
193920, -51.139403
194880, -47.364759
195840, -41.060302
196800, -28.168875
197760, -14.821223
198720, -38.583571
199680, -56.676581
200640, -70.269113
201600, -63.424229
202560, -61.692803
203520, -58.160919
204480, -55.399385
205440, -52.596410
206400, -49.340779
207360, -44.569574
208320, -35.444964
209280, -18.784086
210240, -23.572957
211200, -48.018268
212160, -66.457259
213120, -67.041301
214080, -62.754606
215040, -59.892073
216000, -56.850138
216960, -54.088543
217920, -51.158714
218880, -47.393313
219840, -41.108862
220800, -28.262400
221760, -14.795713
222720, -38.428781
223680, -56.531503
224640, -70.269503
225600, -63.453444
226560, -61.717861
227520, -58.182092
228480, -55.421120
229440, -52.617223
230400, -49.370010
231360, -44.614829
232320, -35.542731
233280, -18.902862
234240, -23.354007
235200, -47.935812
236160, -66.375424
237120, -67.092824
238080, -62.759195
239040, -59.911748
240000, -56.866094
240960, -54.102800
241920, -51.176322
242880, -47.414889
243840, -41.150488
244800, -28.337789
245760, -14.778230
246720, -38.298900
247680, -56.415095
248640, -70.267740
249600, -63.479327
250560, -78.193567
251520, -73.909161
252480, -73.295266
253440, -72.327376
254400, -71.300744
255360, -70.275711
256320, -69.295452
257280, -68.389982
258240, -67.577052
259200, -66.864783
260160, -66.255920
261120, -65.747705
262080, -65.337734
263040, -65.022113
264000, -64.798974
264960, -64.657250
265920, -64.588384
266880, -64.580826
267840, -64.619839
268800, -64.688926
269760, -64.772122
270720, -64.855734
271680, -64.929769
272640, -64.988155
273600, -65.028590
274560, -65.050845
275520, -65.057688
276480, -65.053087
277440, -65.041181
278400, -65.025558
279360, -65.009168
280320, -64.994054
281280, -64.981404
282240, -64.971637
283200, -64.965011
284160, -64.961317
285120, -64.960162
286080, -64.960913
287040, -64.962975
288000, -64.965704
288960, -64.968638
289920, -64.971348
290880, -64.973625
291840, -64.975296
292800, -64.976379
293760, -64.976876
294720, -64.976932
295680, -64.976624
296640, -64.976124
297600, -64.975499
298560, -64.974891
299520, -64.974321
300480, -64.973879
