# hh_impl_0850.txt
# dt = 850 [usec]
# t [usec], V [mV]
0, -65.000000
850, -64.983642
1700, -64.971192
2550, -64.961961
3399, -64.955781
4249, -64.952390
5099, -64.951394
5949, -64.952310
6799, -64.954623
7649, -64.957833
8499, -64.961487
9350, -64.965204
10200, -64.968687
11050, -64.971727
11900, -64.974197
12750, -64.976043
13600, -64.977273
14450, -64.977938
15300, -64.978120
16150, -64.977920
17000, -64.977443
17850, -64.976790
18700, -64.976052
19550, -64.975305
20400, -64.974609
21250, -64.974003
22100, -64.973514
22950, -64.973150
23800, -64.972911
24650, -64.972784
25500, -64.972754
26350, -64.972801
27200, -64.972902
28050, -64.973037
28900, -64.973189
29750, -64.973341
30600, -64.973483
31450, -64.973606
32300, -64.973705
33150, -64.973778
34000, -64.973826
34850, -64.973852
35700, -64.973858
36550, -64.973848
37400, -64.973828
38249, -64.973801
39099, -64.973771
39949, -64.973740
40799, -64.973712
41649, -64.973688
42499, -64.973669
43349, -64.973654
44199, -64.973645
45049, -64.973640
45899, -64.973640
46749, -64.973642
47599, -64.973646
48449, -64.973652
49299, -64.973658
50149, -64.973665
50999, -39.243417
51849, 7.435634
52699, 26.740176
53549, -0.951134
54399, -27.814812
55249, -46.651964
56099, -62.039956
56949, -69.219384
57799, -68.735100
58649, -66.299490
59499, -63.311368
60349, -60.227944
61199, -57.289035
62049, -54.485911
62899, -51.542497
63749, -47.887988
64599, -42.325448
65449, -32.462939
66299, -18.962211
67149, -17.986887
67999, -32.249844
68849, -47.381386
69699, -60.359590
70549, -66.686456
71399, -66.284703
72249, -63.811836
73099, -60.867679
73949, -57.979978
74799, -55.290774
75649, -52.659307
76499, -49.754703
77349, -45.999545
78199, -40.301943
79049, -31.222916
79899, -21.982454
80749, -24.519579
81599, -37.229730
82449, -50.719129
83299, -62.123155
84149, -66.279860
84999, -65.154204
85849, -62.523368
86699, -59.615722
87549, -56.842140
88399, -54.243544
89249, -51.614282
90099, -48.576041
90949, -44.470187
91799, -38.116574
92649, -28.759049
93499, -22.281116
94349, -28.424956
95199, -41.403023
96049, -54.361099
96899, -64.034665
97749, -66.091852
98599, -64.315843
99449, -61.544140
100299, -58.668211
101149, -55.970425
101999, -53.405471
102849, -50.709311
103699, -47.449634
104549, -42.841641
105399, -35.622740
106249, -26.150383
107099, -23.009392
107949, -32.220580
108799, -45.397012
109649, -57.874224
110499, -65.335236
111349, -65.730976
112199, -63.495901
113049, -60.640698
113899, -57.810170
114749, -55.172346
115599, -52.603591
116449, -49.795172
117299, -46.238127
118149, -40.996392
118999, -32.847129
119849, -24.010215
120699, -24.815662
121549, -36.179502
122399, -49.321592
123249, -60.966084
124099, -65.964554
124949, -65.183970
125799, -62.647028
126649, -59.760070
127499, -56.987122
128349, -54.396021
129199, -51.793688
130049, -48.829205
130899, -44.891606
131749, -38.888699
132599, -29.926639
133449, -22.810623
134299, -27.603174
135149, -40.173124
135999, -53.137465
136849, -63.371150
137699, -66.079501
138549, -64.504897
139399, -61.779987
140249, -58.901045
141099, -56.190538
141949, -53.623288
142799, -50.956564
143649, -47.784620
144499, -43.366749
145349, -36.476327
146199, -27.070842
147049, -22.824706
147899, -31.067091
148749, -44.143857
149599, -56.772395
150450, -64.973439
151300, -65.846773
152150, -63.740626
153000, -60.907696
153850, -58.064049
154700, -55.411899
155550, -52.846093
156400, -50.081657
157250, -46.634044
158100, -41.616717
158950, -33.776357
159800, -24.650954
160650, -24.151131
161500, -34.906118
162350, -48.065171
163200, -60.031693
164050, -65.821981
164900, -65.372213
165750, -62.918309
166600, -60.037521
167450, -57.246727
168300, -54.640895
169150, -52.052054
170000, -49.147771
170850, -45.346817
171700, -39.606121
172550, -30.883182
173400, -23.080756
174250, -26.609157
175100, -38.876348
175950, -51.911735
176800, -62.676418
177650, -66.086914
178500, -64.736372
179350, -62.062514
180200, -59.177928
181050, -56.446908
181900, -53.871841
182750, -51.232782
183600, -48.131874
184450, -43.881834
185300, -37.292659
186150, -27.972896
187000, -22.681724
187850, -29.893435
188700, -42.862507
189550, -55.624711
190400, -64.540926
191250, -65.951486
192100, -63.994817
192950, -61.190042
193800, -58.332413
194650, -55.660531
195500, -53.096649
196350, -50.370347
197200, -47.013503
198050, -42.206775
198900, -34.678191
199750, -25.369370
200600, -23.598366
201450, -33.647720
202300, -46.804480
203150, -59.029916
204000, -65.618252
204850, -65.544448
205700, -63.187099
206550, -60.316460
207400, -57.506531
208250, -54.886132
209100, -52.311023
209950, -49.453135
210800, -45.767005
211650, -40.264421
212500, -31.793323
213350, -23.445341
214200, -25.728379
215050, -37.628079
215900, -50.718629
216750, -61.925719
217600, -66.055407
218450, -64.950116
219300, -62.334254
220150, -59.446260
221000, -56.695067
221850, -54.112653
222700, -51.494209
223550, -48.457256
224400, -44.350177
225250, -38.021852
226100, -28.821421
226950, -22.641878
227800, -28.822726
228650, -41.658118
229500, -54.524949
230350, -64.065139
231200, -66.029143
232050, -64.230277
232900, -61.456820
233750, -58.587657
234600, -55.897840
235450, -53.335644
236300, -50.636536
237150, -47.362309
238000, -42.724833
238850, -35.465582
239700, -26.048790
240550, -23.160643
241400, -32.503707
242250, -45.656287
243100, -58.081500
243950, -65.383467
244800, -65.690600
245650, -63.432704
246500, -60.574927
247350, -57.748823
248200, -55.114906
249050, -52.546519
249900, -49.729591
250750, -57.515813
251600, -65.656464
252450, -70.373684
253300, -71.790624
254150, -71.836989
255000, -71.345450
255850, -70.636008
256700, -69.849543
257550, -69.057978
258400, -68.301187
259250, -67.600933
260100, -66.969097
260950, -66.411993
261800, -65.929234
262650, -65.522387
263500, -65.187737
264350, -64.924994
265200, -64.731202
266050, -64.600054
266900, -64.526399
267750, -64.503275
268600, -64.521755
269450, -64.571566
270300, -64.641974
271150, -64.722749
272000, -64.804974
272850, -64.881613
273700, -64.947755
274550, -65.000570
275400, -65.039038
276250, -65.062911
277100, -65.073952
277950, -65.074608
278800, -65.067518
279650, -65.055234
280500, -65.040035
281350, -65.023832
282200, -65.008118
283050, -64.993966
283900, -64.981946
284750, -64.972294
285600, -64.965141
286450, -64.960425
287300, -64.957921
288150, -64.957289
289000, -64.958133
289850, -64.960033
290700, -64.962592
291550, -64.965455
292400, -64.968327
293250, -64.970982
294100, -64.973264
294950, -64.975085
295800, -64.976409
296650, -64.977250
297500, -64.977655
298350, -64.977691
299200, -64.977441
300050, -64.976987
