# hh_runge_0150.txt
# dt = 150 [usec]
# t [usec], V [mV]
0, -65.000000
150, -64.995871
300, -64.992016
450, -64.988368
600, -64.984894
749, -64.981582
899, -64.978426
1049, -64.975427
1199, -64.972585
1349, -64.969901
1499, -64.967377
1649, -64.965014
1799, -64.962811
1949, -64.960768
2099, -64.958885
2250, -64.957160
2400, -64.955591
2550, -64.954176
2700, -64.952911
2850, -64.951795
3000, -64.950822
3150, -64.949989
3300, -64.949292
3450, -64.948726
3600, -64.948286
3750, -64.947967
3900, -64.947764
4050, -64.947671
4200, -64.947683
4350, -64.947794
4500, -64.947999
4650, -64.948291
4800, -64.948664
4950, -64.949113
5100, -64.949633
5250, -64.950216
5400, -64.950858
5550, -64.951553
5700, -64.952295
5850, -64.953079
6000, -64.953900
6150, -64.954752
6300, -64.955631
6450, -64.956531
6600, -64.957448
6750, -64.958377
6900, -64.959315
7050, -64.960257
7200, -64.961199
7350, -64.962138
7500, -64.963069
7650, -64.963991
7800, -64.964900
7950, -64.965793
8100, -64.966667
8250, -64.967521
8400, -64.968351
8550, -64.969157
8700, -64.969935
8850, -64.970686
9000, -64.971407
9150, -64.972096
9300, -64.972755
9450, -64.973380
9599, -64.973973
9749, -64.974531
9899, -64.975056
10049, -64.975546
10199, -64.976002
10349, -64.976424
10499, -64.976812
10649, -64.977167
10799, -64.977488
10949, -64.977777
11099, -64.978034
11249, -64.978260
11399, -64.978456
11549, -64.978622
11699, -64.978760
11849, -64.978871
11999, -64.978955
12149, -64.979015
12299, -64.979050
12449, -64.979062
12599, -64.979052
12749, -64.979023
12899, -64.978973
13049, -64.978906
13199, -64.978823
13349, -64.978723
13499, -64.978610
13649, -64.978484
13799, -64.978345
13949, -64.978196
14099, -64.978038
14249, -64.977871
14399, -64.977697
14549, -64.977517
14699, -64.977331
14849, -64.977142
14999, -64.976949
15149, -64.976754
15299, -64.976557
15449, -64.976360
15599, -64.976164
15749, -64.975968
15899, -64.975774
16049, -64.975582
16199, -64.975393
16349, -64.975208
16499, -64.975027
16649, -64.974850
16799, -64.974679
16949, -64.974512
17099, -64.974352
17249, -64.974197
17399, -64.974049
17549, -64.973907
17699, -64.973772
17849, -64.973644
17999, -64.973523
18149, -64.973409
18299, -64.973302
18449, -64.973202
18599, -64.973109
18749, -64.973024
18899, -64.972946
19049, -64.972874
19199, -64.972810
19349, -64.972752
19499, -64.972701
19649, -64.972656
19799, -64.972618
19949, -64.972586
20099, -64.972559
20249, -64.972539
20399, -64.972523
20549, -64.972513
20699, -64.972508
20849, -64.972508
20999, -64.972512
21149, -64.972520
21299, -64.972532
21449, -64.972548
21599, -64.972568
21749, -64.972590
21899, -64.972615
22049, -64.972643
22199, -64.972674
22349, -64.972707
22499, -64.972741
22649, -64.972777
22799, -64.972815
22949, -64.972854
23099, -64.972894
23249, -64.972934
23399, -64.972975
23549, -64.973017
23699, -64.973059
23849, -64.973101
23999, -64.973143
24149, -64.973184
24299, -64.973225
24449, -64.973266
24599, -64.973306
24749, -64.973345
24899, -64.973383
25049, -64.973421
25199, -64.973457
25349, -64.973492
25499, -64.973526
25649, -64.973558
25799, -64.973589
25949, -64.973619
26099, -64.973647
26249, -64.973674
26399, -64.973700
26549, -64.973723
26699, -64.973746
26849, -64.973767
26999, -64.973786
27149, -64.973804
27299, -64.973820
27449, -64.973835
27599, -64.973848
27749, -64.973860
27899, -64.973871
28049, -64.973880
28199, -64.973888
28349, -64.973895
28499, -64.973900
28649, -64.973904
28799, -64.973907
28949, -64.973909
29099, -64.973910
29249, -64.973910
29399, -64.973910
29549, -64.973908
29699, -64.973905
29849, -64.973902
29999, -64.973898
30149, -64.973893
30299, -64.973888
30449, -64.973882
30599, -64.973876
30749, -64.973869
30899, -64.973862
31049, -64.973854
31199, -64.973846
31349, -64.973838
31499, -64.973830
31649, -64.973822
31799, -64.973813
31949, -64.973804
32099, -64.973796
32249, -64.973787
32399, -64.973779
32549, -64.973770
32699, -64.973762
32849, -64.973753
32999, -64.973745
33149, -64.973737
33299, -64.973729
33449, -64.973722
33599, -64.973714
33749, -64.973707
33899, -64.973700
34049, -64.973694
34199, -64.973687
34349, -64.973681
34499, -64.973676
34649, -64.973670
34799, -64.973665
34949, -64.973660
35099, -64.973656
35249, -64.973652
35399, -64.973648
35549, -64.973644
35699, -64.973641
35849, -64.973638
35999, -64.973636
36149, -64.973633
36299, -64.973631
36449, -64.973629
36599, -64.973628
36749, -64.973627
36899, -64.973626
37049, -64.973625
37199, -64.973625
37349, -64.973624
37499, -64.973624
37650, -64.973624
37800, -64.973625
37950, -64.973625
38100, -64.973626
38250, -64.973627
38400, -64.973628
38550, -64.973629
38700, -64.973630
38850, -64.973632
39000, -64.973633
39150, -64.973635
39300, -64.973636
39450, -64.973638
39600, -64.973640
39750, -64.973641
39900, -64.973643
40050, -64.973645
40200, -64.973647
40350, -64.973649
40500, -64.973651
40650, -64.973653
40800, -64.973654
40950, -64.973656
41100, -64.973658
41250, -64.973660
41400, -64.973662
41550, -64.973663
41700, -64.973665
41850, -64.973667
42000, -64.973668
42150, -64.973670
42300, -64.973671
42450, -64.973673
42600, -64.973674
42750, -64.973675
42900, -64.973677
43050, -64.973678
43200, -64.973679
43350, -64.973680
43500, -64.973681
43650, -64.973682
43800, -64.973683
43950, -64.973683
44100, -64.973684
44250, -64.973685
44400, -64.973685
44550, -64.973686
44700, -64.973686
44850, -64.973687
45000, -64.973687
45150, -64.973687
45300, -64.973687
45450, -64.973688
45600, -64.973688
45750, -64.973688
45900, -64.973688
46050, -64.973688
46200, -64.973688
46350, -64.973688
46500, -64.973688
46650, -64.973687
46800, -64.973687
46950, -64.973687
47100, -64.973687
47250, -64.973686
47400, -64.973686
47550, -64.973686
47700, -64.973686
47850, -64.973685
48000, -64.973685
48150, -64.973685
48300, -64.973684
48450, -64.973684
48600, -64.973683
48750, -64.973683
48900, -64.973683
49050, -64.973682
49200, -64.973682
49350, -64.973682
49500, -64.973681
49650, -64.973681
49800, -64.973681
49950, -64.973680
50100, -58.473421
50250, -52.360629
50400, -45.983215
50550, -37.440876
50700, -21.783867
50850, 7.719101
51000, 34.271867
51150, 40.550122
51300, 38.021247
51450, 32.403630
51600, 25.332787
51750, 17.599463
51900, 9.719996
52050, 2.011879
52200, -5.361569
52350, -12.342162
52500, -18.934082
52650, -25.183218
52800, -31.183837
52950, -37.097993
53100, -43.165685
53250, -49.634749
53400, -56.491003
53550, -62.962870
53700, -67.634111
53850, -70.012831
54000, -70.880054
54150, -71.026452
54300, -70.859133
54450, -70.551192
54600, -70.173599
54750, -69.755959
54900, -69.311169
55050, -68.845290
55200, -68.361551
55350, -67.861989
55500, -67.348203
55650, -66.821594
55800, -66.283572
55950, -65.735526
56100, -65.178887
56250, -64.615103
56400, -64.045535
56550, -63.471643
56700, -62.894509
56850, -62.315380
57000, -61.735023
57150, -61.154138
57300, -60.573166
57450, -59.991911
57600, -59.410408
57750, -58.827200
57900, -58.241196
58050, -57.650226
58200, -57.051370
58350, -56.441545
58500, -55.814938
58650, -55.165681
58800, -54.485286
58950, -53.761738
59100, -52.980018
59250, -52.119303
59400, -51.147328
59550, -50.017448
59700, -48.659032
59850, -46.955793
60000, -44.719882
60150, -41.624472
60300, -37.108912
60450, -30.278048
60600, -20.153645
60750, -7.273411
60900, 4.090021
61050, 9.178546
61200, 7.938360
61350, 2.887078
61500, -3.821639
61650, -10.949262
61800, -17.914661
61950, -24.506941
62100, -30.715154
62250, -36.656889
62400, -42.544081
62550, -48.600168
62700, -54.856819
62850, -60.820756
63000, -65.467652
63150, -68.195679
63300, -69.400669
63450, -69.749956
63600, -69.679151
63750, -69.404938
63900, -69.027365
64050, -68.592561
64200, -68.122422
64350, -67.627969
64500, -67.115197
64650, -66.587821
64800, -66.048411
64950, -65.499099
65100, -64.941647
65250, -64.377813
65400, -63.809090
65550, -63.237005
65700, -62.662881
65850, -62.087868
66000, -61.513072
66150, -60.939017
66300, -60.366409
66450, -59.795066
66600, -59.224892
66750, -58.655180
66900, -58.084665
67050, -57.512054
67200, -56.934455
67350, -56.349512
67500, -55.752554
67650, -55.138769
67800, -54.501858
67950, -53.832463
68100, -53.119833
68250, -52.348441
68400, -51.495709
68550, -50.530627
68700, -49.407553
68850, -48.056848
69000, -46.370156
69150, -44.166694
69300, -41.148954
69450, -36.821025
69600, -30.431191
69750, -21.220767
69900, -9.681123
70050, 0.754558
70200, 5.907953
70350, 5.185751
70500, 0.605966
70650, -5.785277
70800, -12.708470
70950, -19.530486
71100, -26.009159
71250, -32.123115
71400, -37.997369
71550, -43.844857
71700, -49.862017
71850, -55.998405
72000, -61.656600
72150, -65.859802
72300, -68.227069
72450, -69.236278
72600, -69.495959
72750, -69.383652
72900, -69.087316
73050, -68.695249
73200, -68.249074
73350, -67.769104
73500, -67.265820
73650, -66.745114
73800, -66.210696
73950, -65.665235
74100, -65.110853
74250, -64.549458
74400, -63.982682
74550, -63.412204
74700, -62.839302
74850, -62.265347
75000, -61.691364
75150, -61.118192
75300, -60.546539
75450, -59.976448
75600, -59.408205
75750, -58.840859
75900, -58.273783
76050, -57.705387
76200, -57.133695
76350, -56.556362
76500, -55.969433
76650, -55.369385
76800, -54.749475
76950, -54.102695
77100, -53.419827
77250, -52.686887
77400, -51.886430
77550, -50.994211
77700, -49.974551
77850, -48.773243
78000, -47.306250
78150, -45.441658
78300, -42.962989
78450, -39.511537
78600, -34.504491
78750, -27.152715
78900, -17.006388
79050, -5.587189
79200, 2.948381
79350, 5.624246
79500, 3.160584
79650, -2.271383
79800, -8.930312
79950, -15.821448
80100, -22.489161
80250, -28.790868
80400, -34.769223
80550, -40.592794
80700, -46.483839
80850, -52.564648
81000, -58.574102
81150, -63.678648
81300, -67.049629
81450, -68.738986
81600, -69.360468
81750, -69.426911
81900, -69.219702
82050, -68.874416
82200, -68.454792
82350, -67.991344
82500, -67.499355
82650, -66.986957
82800, -66.459006
82950, -65.918660
83100, -65.368386
83250, -64.810158
83400, -64.245806
83550, -63.676958
83700, -63.105106
83850, -62.531685
84000, -61.957739
84150, -61.384436
84300, -60.812247
84450, -60.241738
84600, -59.672952
84750, -59.105551
84900, -58.539094
85050, -57.972015
85200, -57.403234
85350, -56.829721
85500, -56.248897
85650, -55.656680
85800, -55.047951
85950, -54.417096
86100, -53.754536
86250, -53.049621
86400, -52.288046
86550, -51.447685
86700, -50.498713
86850, -49.397658
87000, -48.078607
87150, -46.439534
87300, -44.311671
87450, -41.419043
87600, -37.304742
87750, -31.272248
87900, -22.572450
88050, -11.466608
88200, -0.913702
88350, 4.891236
88500, 4.834956
88650, 0.680536
88800, -5.503665
88950, -12.351542
89100, -19.161386
89250, -25.650374
89400, -31.776664
89550, -37.650301
89700, -43.478223
89850, -49.460021
90000, -55.570437
90150, -61.259058
90300, -65.565425
90450, -68.045412
90600, -69.130331
90750, -69.430907
90900, -69.339111
91050, -69.052840
91200, -68.665640
91350, -68.221741
91500, -67.742748
91650, -67.239787
91800, -66.719089
91950, -66.184538
92100, -65.638905
92250, -65.084360
92400, -64.522853
92550, -63.956023
92700, -63.385552
92850, -62.812746
93000, -62.238956
93150, -61.665233
93300, -61.092387
93450, -60.521155
93600, -59.951537
93750, -59.383791
93900, -58.817022
94050, -58.250548
94200, -57.682847
94350, -57.111872
94500, -56.535363
94650, -55.949290
94800, -55.350093
94950, -54.731172
95100, -54.085463
95250, -53.403916
95400, -52.672525
95550, -51.873909
95700, -50.983982
95850, -49.967344
96000, -48.770277
96150, -47.309570
96300, -45.454732
96450, -42.991942
96600, -39.567601
96750, -34.607033
96900, -27.330072
97050, -17.277293
97200, -5.906422
97350, 2.693472
97500, 5.489436
97650, 3.124037
97800, -2.251454
97950, -8.884987
98100, -15.767901
98250, -22.434943
98400, -28.738025
98550, -34.717049
98700, -40.538694
98850, -46.424635
99000, -52.499073
99150, -58.506760
99300, -63.621085
99450, -67.009886
99600, -68.714552
99750, -69.345197
99900, -69.416421
100050, -69.211586
100200, -68.867446
100350, -68.448352
100500, -67.985125
100650, -67.493200
100800, -66.980792
100950, -66.452796
101100, -65.912395
101250, -65.362069
101400, -64.803798
101550, -64.239417
101700, -63.670560
101850, -63.098714
102000, -62.525320
102150, -61.951417
102300, -61.378168
102450, -60.806052
102600, -60.235627
102750, -59.666942
102900, -59.099649
103050, -58.533317
103200, -57.966366
103350, -57.397702
103500, -56.824318
103650, -56.243617
103800, -55.651540
103950, -55.042946
104100, -54.412250
104250, -53.749849
104400, -53.045084
104550, -52.283700
104700, -51.443557
104850, -50.494840
105000, -49.394109
105150, -48.075516
105300, -46.437152
105450, -44.310431
105600, -41.419793
105750, -37.309123
105900, -31.283272
106050, -22.594416
106200, -11.501160
106350, -0.953019
106500, 4.859349
106650, 4.814197
106800, 0.668289
106950, -5.510955
107100, -12.356327
107250, -19.164972
107400, -25.653334
107550, -31.779171
107700, -37.652361
107850, -43.479742
108000, -49.460787
108150, -55.570150
108300, -61.257579
108450, -65.563130
108600, -68.042908
108750, -69.127928
108900, -69.428638
109050, -69.336926
109200, -69.050687
109350, -68.663484
109500, -68.219561
109650, -67.740533
109800, -67.237534
109950, -66.716798
110100, -66.182211
110250, -65.636546
110400, -65.081976
110550, -64.520450
110700, -63.953607
110850, -63.383128
111000, -62.810321
111150, -62.236536
111300, -61.662825
111450, -61.089993
111600, -60.518782
111750, -59.949187
111900, -59.381461
112050, -58.814716
112200, -58.248262
112350, -57.680582
112500, -57.109622
112650, -56.533127
112800, -55.947059
112950, -55.347848
113100, -54.728906
113250, -54.083155
113400, -53.401555
113550, -52.670082
113700, -51.871337
113850, -50.981212
114000, -49.964283
114150, -48.766791
114300, -47.305465
114450, -45.449729
114600, -42.985558
114750, -39.559022
114900, -34.595139
115050, -27.313827
115200, -17.257721
115350, -5.889638
115500, 2.699659
115650, 5.484286
115800, 3.111686
115950, -2.267003
116100, -8.901310
116250, -15.783766
116400, -22.449906
116550, -28.752097
116700, -34.730460
116850, -40.551906
117000, -46.438101
117150, -52.512713
117300, -58.519310
117450, -63.630326
117600, -67.014896
117750, -68.716450
117900, -69.345404
118050, -69.415795
118200, -69.210547
118350, -68.866190
118500, -68.446970
118650, -67.983660
118800, -67.491676
118950, -66.979221
119100, -66.451188
119250, -65.910756
119400, -65.360405
119550, -64.802115
119700, -64.237719
119850, -63.668852
120000, -63.097000
120150, -62.523605
120300, -61.949704
120450, -61.376459
120600, -60.804350
120750, -60.233931
120900, -59.665255
121050, -59.097968
121200, -58.531644
121350, -57.964695
121500, -57.396024
121650, -56.822629
121800, -56.241905
121950, -55.649799
122100, -55.041159
122250, -54.410405
122400, -53.747921
122550, -53.043032
122700, -52.281491
122850, -51.441132
123000, -50.492106
123150, -49.390931
123300, -48.071695
123450, -46.432394
123600, -44.304213
123750, -41.411272
123900, -37.296928
124050, -31.265525
124200, -22.569934
124350, -11.473616
124500, -0.932830
124650, 4.864743
124800, 4.807032
124950, 0.654046
125100, -5.528026
125250, -12.373835
125400, -19.181854
125550, -25.669284
125700, -31.794245
125850, -37.666973
126000, -43.494488
126150, -49.476012
126300, -55.585226
126450, -61.270386
126600, -65.571449
126750, -68.046960
126900, -69.129330
127050, -69.428682
127200, -69.336303
127350, -69.049726
127500, -68.662340
127650, -68.218308
127800, -67.739208
127950, -67.236157
128100, -66.715380
128250, -66.180761
128400, -65.635070
128550, -65.080479
128700, -64.518937
128850, -63.952082
129000, -63.381596
129150, -62.808784
129300, -62.234998
129450, -61.661289
129600, -61.088461
129750, -60.517257
129900, -59.947667
130050, -59.379944
130200, -58.813201
130350, -58.246745
130500, -57.679062
130650, -57.108091
130800, -56.531581
130950, -55.945486
131100, -55.346231
131250, -54.727231
131400, -54.081396
131550, -53.399694
131700, -52.668079
131850, -51.869133
132000, -50.978720
132150, -49.961379
132300, -48.763292
132450, -47.301096
132600, -45.444075
132750, -42.977897
132900, -39.548104
133050, -34.579101
133200, -27.290570
133350, -17.227626
133500, -5.860672
133650, 2.715335
133800, 5.483880
133950, 3.100257
134100, -2.283797
134250, -8.919833
134400, -15.802116
134550, -22.467348
134700, -28.768570
134850, -34.746226
135000, -40.567538
135150, -46.454182
135300, -52.529208
135450, -58.534741
135600, -63.641977
135750, -67.021522
135900, -68.719302
136050, -69.346174
136200, -69.415531
136350, -69.209770
136500, -68.865147
136650, -68.445776
136800, -67.982373
136950, -67.490325
137100, -66.977823
137250, -66.449752
137400, -65.909290
137550, -65.358915
137700, -64.800606
137850, -64.236196
138000, -63.667320
138150, -63.095462
138300, -62.522065
138450, -61.948165
138600, -61.374921
138750, -60.802816
138900, -60.232400
139050, -59.663730
139200, -59.096446
139350, -58.530125
139500, -57.963173
139650, -57.394491
139800, -56.821081
139950, -56.240329
140100, -55.648188
140250, -55.039494
140400, -54.408676
140550, -53.746100
140700, -53.041077
140850, -52.279368
141000, -51.438775
141150, -50.489421
141300, -49.387776
141450, -48.067859
141600, -46.427563
141750, -44.297831
141900, -41.402438
142050, -37.284165
142200, -31.246783
142350, -22.543841
142500, -11.443917
142650, -0.910577
142800, 4.871435
142950, 4.800352
143100, 0.639754
143250, -5.545413
143400, -12.391762
143550, -19.199174
143700, -25.685663
143850, -31.809734
144000, -37.682001
144150, -43.509676
144300, -49.491726
144450, -55.600824
144600, -61.283678
144750, -65.580127
144900, -68.051236
145050, -69.130866
145200, -69.428809
145350, -69.335738
145500, -69.048812
145650, -68.661237
145800, -68.217092
145950, -67.737919
146100, -67.234815
146250, -66.713998
146400, -66.179347
146550, -65.633631
146700, -65.079019
146850, -64.517461
147000, -63.950595
147150, -63.380100
147300, -62.807284
147450, -62.233496
147600, -61.659789
147750, -61.086965
147900, -60.515766
148050, -59.946182
148200, -59.378461
148350, -58.811720
148500, -58.245261
148650, -57.677574
148800, -57.106591
148950, -56.530065
149100, -55.943942
149250, -55.344641
149400, -54.725582
149550, -54.079663
149700, -53.397857
149850, -52.666098
150000, -51.866948
150150, -50.976246
150300, -49.958490
150450, -48.759803
150600, -47.296732
150749, -45.438415
150899, -42.970213
151049, -39.537134
151199, -34.562964
151349, -27.267138
151499, -17.197263
151649, -5.831396
151799, 2.731255
151949, 5.483604
152099, 3.088871
152249, -2.300599
152399, -8.938385
152549, -15.820503
152699, -22.484829
152849, -28.785080
152999, -34.762029
153149, -40.583211
153299, -46.470313
153449, -52.545760
153599, -58.550232
153749, -63.653676
153899, -67.028182
154049, -68.722176
154199, -69.346960
154349, -69.415279
154499, -69.209005
154649, -68.864114
154799, -68.444593
154949, -67.981095
155099, -67.488984
155249, -66.976434
155399, -66.448326
155549, -65.907835
155699, -65.357436
155849, -64.799109
155999, -64.234685
156149, -63.665799
156299, -63.093934
156449, -62.520536
156599, -61.946636
156749, -61.373393
156899, -60.801292
157049, -60.230881
157199, -59.662215
157349, -59.094934
157499, -58.528616
157649, -57.961662
157799, -57.392969
157949, -56.819542
158099, -56.238762
158249, -55.646586
158399, -55.037839
158549, -54.406956
158699, -53.744287
158849, -53.039132
158999, -52.277254
159149, -51.436429
159299, -50.486747
159449, -49.384632
159599, -48.064035
159749, -46.422745
159899, -44.291464
160049, -41.393623
160199, -37.271426
160349, -31.228074
160499, -22.517792
160649, -11.414272
160799, -0.888373
160949, 4.878104
161099, 4.793681
161249, 0.625491
161399, -5.562762
161549, -12.409646
161699, -19.216453
161849, -25.702002
161999, -31.825186
162149, -37.696993
162299, -43.524831
162449, -49.507408
162599, -55.616391
162749, -61.296941
162899, -65.588785
163049, -68.055501
163199, -69.132398
163349, -69.428938
163499, -69.335177
163649, -69.047901
163799, -68.660138
163949, -68.215882
164099, -67.736636
164249, -67.233479
164399, -66.712622
164549, -66.177938
164699, -65.632197
164849, -65.077564
164999, -64.515991
165149, -63.949113
165299, -63.378610
165449, -62.805791
165599, -62.232001
165749, -61.658296
165899, -61.085474
166049, -60.514281
166199, -59.944702
166349, -59.376984
166499, -58.810245
166649, -58.243784
166799, -57.676092
166949, -57.105097
167099, -56.528555
167249, -55.942405
167399, -55.343057
167549, -54.723939
167699, -54.077937
167849, -53.396027
167999, -52.664125
168149, -51.864773
168299, -50.973781
168449, -49.955612
168599, -48.756327
168749, -47.292383
168899, -45.432775
169049, -42.962556
169199, -39.526203
169349, -34.546884
169499, -27.243792
169649, -17.167022
169799, -5.802256
169949, 2.747073
170099, 5.483291
170249, 3.077501
170399, -2.317354
170549, -8.956879
170699, -15.838828
170849, -22.502248
170999, -28.801531
171149, -34.777777
171299, -40.598830
171449, -46.486390
171599, -52.562260
171749, -58.565671
171899, -63.665331
172049, -67.034814
172199, -68.725038
172349, -69.347743
172499, -69.415029
172649, -69.208242
172799, -68.863085
172949, -68.443413
173099, -67.979823
173249, -67.487647
173399, -66.975051
173549, -66.446906
173699, -65.906386
173849, -65.355963
173999, -64.797617
174149, -64.233179
174299, -63.664283
174449, -63.092413
174599, -62.519012
174749, -61.945113
174899, -61.371872
175049, -60.799775
175199, -60.229367
175349, -59.660707
175499, -59.093428
175649, -58.527112
175799, -57.960156
175949, -57.391452
176099, -56.818009
176249, -56.237201
176399, -55.644990
176549, -55.036191
176699, -54.405242
176849, -53.742482
176999, -53.037194
177149, -52.275148
177299, -51.434093
177449, -50.484083
177599, -49.381500
177749, -48.060227
177899, -46.417947
178049, -44.285123
178199, -41.384844
178349, -37.258739
178499, -31.209444
178649, -22.491862
178799, -11.384778
178949, -0.866307
179099, 4.884699
179249, 4.787004
179399, 0.611268
179549, -5.580050
179699, -12.427463
179849, -19.233663
179999, -25.718275
180149, -31.840575
180299, -37.711927
180449, -43.539927
180599, -49.523030
180749, -55.631899
180899, -61.310151
181049, -65.597404
181199, -68.059746
181349, -69.133922
181499, -69.429065
181649, -69.334617
181799, -69.046994
181949, -68.659044
182099, -68.214676
182249, -67.735357
182399, -67.232148
182549, -66.711251
182699, -66.176536
182849, -65.630768
182999, -65.076115
183149, -64.514527
183299, -63.947638
183449, -63.377126
183599, -62.804303
183749, -62.230511
183899, -61.656808
184049, -61.083990
184199, -60.512803
184349, -59.943229
184499, -59.375513
184649, -58.808776
184799, -58.242312
184949, -57.674616
185099, -57.103609
185249, -56.527052
185399, -55.940874
185549, -55.341480
185699, -54.722304
185849, -54.076218
185999, -53.394205
186149, -52.662160
186299, -51.862606
186449, -50.971327
186599, -49.952745
186749, -48.752866
186899, -47.288052
187049, -45.427159
187199, -42.954932
187349, -39.515319
187499, -34.530876
187649, -27.220553
187799, -17.136932
187949, -5.773285
188099, 2.762769
188249, 5.482936
188399, 3.066153
188549, -2.334052
188699, -8.975300
188849, -15.857078
188999, -22.519594
189149, -28.817913
189299, -34.793458
189449, -40.614385
189599, -46.502403
189749, -52.578695
189899, -58.581047
190049, -63.676934
190199, -67.041412
190349, -68.727884
190499, -69.348520
190649, -69.414778
190799, -69.207482
190949, -68.862059
191099, -68.442239
191249, -67.978556
191399, -67.486317
191549, -66.973673
191699, -66.445492
191849, -65.904942
191999, -65.354496
192149, -64.796132
192299, -64.231679
192449, -63.662774
192599, -63.090898
192749, -62.517495
192899, -61.943596
193049, -61.370357
193199, -60.798263
193349, -60.227859
193499, -59.659204
193649, -59.091929
193799, -58.525615
193949, -57.958657
194099, -57.389941
194249, -56.816483
194399, -56.235647
194549, -55.643401
194699, -55.034550
194849, -54.403537
194999, -53.740685
195149, -53.035265
195299, -52.273052
195449, -51.431766
195599, -50.481432
195749, -49.378383
195899, -48.056435
196049, -46.413171
196199, -44.278812
196349, -41.376105
196499, -37.246112
196649, -31.190906
196799, -22.466066
196949, -11.355452
197099, -0.844393
197249, 4.891216
197399, 4.780325
197549, 0.597092
197699, -5.597267
197849, -12.445201
197999, -19.250795
198149, -25.734474
198299, -31.855894
198449, -37.726792
198599, -43.554956
198749, -49.538585
198899, -55.647340
199049, -61.323299
199199, -65.605978
199349, -68.063966
199499, -69.135437
199649, -69.429190
199799, -69.334059
199949, -69.046091
200099, -68.657954
200249, -68.213475
200399, -67.734084
200549, -67.230823
200699, -66.709886
200849, -66.175139
200999, -65.629346
201149, -65.074673
201299, -64.513069
201449, -63.946169
201599, -63.375649
201749, -62.802821
201899, -62.229028
202049, -61.655327
202199, -61.082512
202349, -60.511331
202499, -59.941762
202649, -59.374048
202799, -58.807313
202949, -58.240847
203099, -57.673146
203249, -57.102128
203399, -56.525555
203549, -55.939350
203699, -55.339910
203849, -54.720676
203999, -54.074507
204149, -53.392391
204299, -52.660205
204449, -51.860449
204599, -50.968884
204749, -49.949893
204899, -48.749421
205049, -47.283742
205199, -45.421570
205349, -42.947345
205499, -39.504488
205649, -34.514947
205799, -27.197436
205949, -17.107010
206099, -5.744498
206249, 2.778335
206399, 5.482538
206549, 3.054832
206699, -2.350684
206849, -8.993639
206999, -15.875243
207149, -22.536857
207299, -28.834216
207449, -34.809064
207599, -40.629866
207749, -46.518341
207899, -52.595054
208049, -58.596352
208199, -63.688478
208349, -67.047974
208499, -68.730712
208649, -69.349292
208799, -69.414527
208949, -69.206724
209099, -68.861039
209249, -68.441069
209399, -67.977294
209549, -67.484992
209699, -66.972302
209849, -66.444084
209999, -65.903505
210149, -65.353035
210299, -64.794653
210449, -64.230186
210599, -63.661272
210749, -63.089390
210899, -62.515985
211049, -61.942087
211199, -61.368849
211349, -60.796759
211499, -60.226359
211649, -59.657709
211799, -59.090436
211949, -58.524126
212099, -57.957165
212249, -57.388438
212399, -56.814964
212549, -56.234101
212699, -55.641820
212849, -55.032916
212999, -54.401839
213149, -53.738897
213299, -53.033346
213449, -52.270966
213599, -51.429452
213749, -50.478793
213899, -49.375281
214049, -48.052663
214199, -46.408419
214349, -44.272533
214499, -41.367412
214649, -37.233552
214799, -31.172468
214949, -22.440418
215099, -11.326310
215249, -0.822642
215399, 4.897652
215549, 4.773649
215699, 0.582970
215849, -5.614404
215999, -12.462852
216149, -19.267840
216299, -25.750589
216449, -31.871134
216599, -37.741581
216749, -43.569910
216899, -49.554064
217049, -55.662704
217199, -61.336379
217349, -65.614503
217499, -68.068161
217649, -69.136942
217799, -69.429314
217949, -69.333503
218099, -69.045192
218249, -68.656869
218399, -68.212281
218549, -67.732817
218699, -67.229505
218849, -66.708528
218999, -66.173749
219149, -65.627931
219299, -65.073238
219449, -64.511619
219599, -63.944707
219749, -63.374179
219899, -62.801348
220049, -62.227553
220199, -61.653854
220349, -61.081042
220499, -60.509866
220649, -59.940303
220799, -59.372591
220949, -58.805858
221099, -58.239389
221249, -57.671685
221399, -57.100654
221549, -56.524066
221699, -55.937833
221849, -55.338348
221999, -54.719056
222149, -54.072804
222299, -53.390586
222449, -52.658260
222599, -51.858304
222749, -50.966454
222899, -49.947055
223049, -48.745995
223199, -47.279456
223349, -45.416011
223499, -42.939799
223649, -39.493716
223799, -34.499106
223949, -27.174451
224099, -17.077272
224249, -5.715910
224399, 2.793762
224549, 5.482099
224699, 3.043546
224849, -2.367240
224999, -9.011886
225149, -15.893358
225299, -22.554056
225449, -28.850436
225599, -34.824575
225749, -40.645244
225899, -46.534169
226049, -52.611295
226199, -58.611538
226349, -63.699924
226499, -67.054472
226649, -68.733508
226799, -69.350048
226949, -69.414271
227099, -69.205966
227249, -68.860019
227399, -68.439902
227549, -67.976036
227699, -67.483671
227849, -66.970934
227999, -66.442680
228149, -65.902072
228299, -65.351578
228449, -64.793178
228599, -64.228697
228749, -63.659774
228899, -63.087885
229049, -62.514479
229199, -61.940581
229349, -61.367345
229499, -60.795259
229649, -60.224862
229799, -59.656218
229949, -59.088948
230099, -58.522640
230249, -57.955677
230399, -57.386939
230549, -56.813449
230699, -56.232559
230849, -55.640243
230999, -55.031288
231149, -54.400147
231299, -53.737115
231449, -53.031433
231599, -52.268887
231749, -51.427146
231899, -50.476165
232049, -49.372191
232199, -48.048906
232349, -46.403686
232499, -44.266280
232649, -41.358756
232799, -37.221048
232949, -31.154117
233099, -22.414900
233249, -11.297335
233399, -0.801045
233549, 4.904003
233699, 4.766962
233849, 0.568888
233999, -5.631479
234149, -12.480433
234299, -19.284815
234449, -25.766636
234599, -31.886309
234749, -37.756309
234899, -43.584802
235049, -49.569480
235199, -55.678007
235349, -61.349401
235499, -65.622987
235649, -68.072332
235799, -69.138436
235949, -69.429434
236099, -69.332948
236249, -69.044296
236399, -68.655788
236549, -68.211090
236699, -67.731555
236849, -67.228191
236999, -66.707175
237149, -66.172364
237299, -65.626522
237449, -65.071808
237599, -64.510174
237749, -63.943250
237899, -63.372715
238049, -62.799879
238199, -62.226083
238349, -61.652386
238499, -61.079577
238649, -60.508407
238799, -59.938849
238949, -59.371139
239099, -58.804409
239249, -58.237937
239399, -57.670228
239549, -57.099186
239699, -56.522582
239849, -55.936323
239999, -55.336792
240149, -54.717443
240299, -54.071109
240449, -53.388789
240599, -52.656322
240749, -51.856168
240899, -50.964034
241049, -49.944229
241199, -48.742583
241349, -47.275187
241499, -45.410476
241649, -42.932285
241799, -39.482991
241949, -34.483335
242099, -27.151573
242249, -17.047683
242399, -5.687488
242549, 2.809069
242699, 5.481618
242849, 3.032281
242999, -2.383740
243149, -9.030063
243299, -15.911422
243449, -22.571195
243599, -28.866590
243749, -34.840017
243899, -40.660549
244049, -46.549919
244199, -52.627456
244349, -58.626645
244499, -63.711303
244649, -67.060927
244799, -68.736282
244949, -69.350796
245099, -69.414011
245249, -69.205207
245399, -68.859000
245549, -68.438737
245699, -67.974780
245849, -67.482352
245999, -66.969570
246149, -66.441279
246299, -65.900642
246449, -65.350125
246599, -64.791707
246749, -64.227212
246899, -63.658279
247049, -63.086385
247199, -62.512977
247349, -61.939080
247499, -61.365845
247649, -60.793763
247799, -60.223370
247949, -59.654731
248099, -59.087463
248249, -58.521159
248399, -57.954194
248549, -57.385445
248699, -56.811939
248849, -56.231022
248999, -55.638671
249149, -55.029665
249299, -54.398460
249449, -53.735338
249599, -53.029526
249749, -52.266816
249899, -51.424847
250049, -50.473546
250199, -54.340783
250349, -57.518434
250499, -60.561349
250649, -63.431196
250799, -65.921128
250949, -67.906458
251099, -69.397408
251249, -70.478105
251399, -71.244639
251549, -71.778285
251699, -72.140845
251849, -72.377510
251999, -72.520896
252149, -72.594550
252299, -72.615546
252449, -72.596357
252599, -72.546182
252749, -72.471877
252899, -72.378608
253049, -72.270313
253199, -72.150036
253349, -72.020153
253499, -71.882549
253649, -71.738714
253799, -71.589868
253949, -71.437024
254099, -71.281030
254249, -71.122607
254399, -70.962373
254549, -70.800851
254699, -70.638464
254849, -70.475612
254999, -70.312658
255149, -70.149932
255299, -69.987737
255449, -69.826338
255599, -69.665908
255749, -69.506644
255899, -69.348743
256049, -69.192394
256199, -69.037774
256349, -68.885046
256499, -68.734281
256649, -68.585553
256799, -68.438965
256949, -68.294627
257099, -68.152650
257249, -68.013135
257399, -67.876181
257549, -67.741746
257699, -67.609842
257849, -67.480514
257999, -67.353825
258149, -67.229837
258299, -67.108616
258449, -66.990222
258599, -66.874697
258749, -66.761930
258899, -66.651894
259049, -66.544603
259199, -66.440090
259349, -66.338394
259499, -66.239554
259649, -66.143612
259799, -66.050604
259949, -65.960564
260099, -65.873444
260249, -65.789133
260399, -65.707595
260549, -65.628829
260699, -65.552850
260849, -65.479679
260999, -65.409339
261149, -65.341852
261299, -65.277237
261449, -65.215508
261599, -65.156679
261749, -65.100756
261899, -65.047742
262049, -64.997637
262199, -64.950427
262349, -64.905972
262499, -64.864203
262649, -64.825081
262799, -64.788581
262949, -64.754684
263099, -64.723369
263249, -64.694612
263399, -64.668387
263549, -64.644661
263699, -64.623398
263849, -64.604556
263999, -64.588086
264149, -64.573936
264299, -64.562049
264449, -64.552362
264599, -64.544807
264749, -64.539312
264899, -64.535801
265049, -64.534194
265199, -64.534405
265349, -64.536348
265499, -64.539932
265649, -64.545064
265799, -64.551649
265949, -64.559588
266099, -64.568786
266249, -64.579140
266399, -64.590554
266549, -64.602926
266699, -64.616157
266849, -64.630150
266999, -64.644808
267149, -64.660036
267299, -64.675740
267449, -64.691831
267599, -64.708222
267749, -64.724826
267899, -64.741564
268049, -64.758359
268199, -64.775136
268349, -64.791826
268499, -64.808364
268649, -64.824689
268799, -64.840744
268949, -64.856476
269099, -64.871837
269249, -64.886785
269399, -64.901279
269549, -64.915284
269699, -64.928770
269849, -64.941711
269999, -64.954082
270149, -64.965866
270299, -64.977047
270449, -64.987613
270599, -64.997557
270749, -65.006872
270899, -65.015538
271049, -65.023542
271199, -65.030882
271349, -65.037565
271499, -65.043603
271649, -65.049011
271799, -65.053804
271949, -65.058002
272099, -65.061624
272249, -65.064692
272399, -65.067227
272549, -65.069253
272699, -65.070792
272849, -65.071869
272999, -65.072509
273149, -65.072735
273299, -65.072573
273449, -65.072047
273599, -65.071181
273749, -65.070000
273899, -65.068528
274049, -65.066788
274199, -65.064804
274349, -65.062599
274499, -65.060194
274649, -65.057611
274799, -65.054871
274949, -65.051994
275099, -65.049000
275249, -65.045908
275399, -65.042735
275549, -65.039498
275699, -65.036215
275849, -65.032900
275999, -65.029568
276149, -65.026234
276299, -65.022909
276449, -65.019607
276599, -65.016339
276749, -65.013115
276899, -65.009946
277049, -65.006839
277199, -65.003803
277349, -65.000847
277499, -64.997975
277649, -64.995189
277799, -64.992489
277949, -64.989877
278099, -64.987358
278249, -64.984935
278399, -64.982611
278549, -64.980390
278699, -64.978273
278849, -64.976265
278999, -64.974364
279149, -64.972574
279299, -64.970895
279449, -64.969327
279599, -64.967869
279749, -64.966522
279899, -64.965284
280049, -64.964153
280199, -64.963129
280349, -64.962209
280499, -64.961391
280649, -64.960672
280799, -64.960050
280949, -64.959522
281099, -64.959084
281249, -64.958733
281399, -64.958466
281549, -64.958278
281699, -64.958167
281849, -64.958129
281999, -64.958158
282149, -64.958253
282299, -64.958407
282449, -64.958619
282599, -64.958883
282749, -64.959195
282899, -64.959552
283049, -64.959950
283199, -64.960385
283349, -64.960852
283499, -64.961350
283649, -64.961872
283799, -64.962418
283949, -64.962981
284099, -64.963561
284249, -64.964153
284399, -64.964754
284549, -64.965361
284699, -64.965972
284849, -64.966584
284999, -64.967195
285149, -64.967802
285299, -64.968402
285449, -64.968994
285599, -64.969577
285749, -64.970147
285899, -64.970704
286049, -64.971246
286199, -64.971771
286349, -64.972279
286499, -64.972768
286649, -64.973238
286799, -64.973688
286949, -64.974116
287099, -64.974523
287249, -64.974907
287399, -64.975270
287549, -64.975609
287699, -64.975926
287849, -64.976220
287999, -64.976491
288149, -64.976739
288299, -64.976965
288449, -64.977169
288599, -64.977352
288749, -64.977513
288899, -64.977653
289049, -64.977773
289199, -64.977873
289349, -64.977954
289499, -64.978017
289649, -64.978062
289799, -64.978090
289949, -64.978102
290099, -64.978099
290249, -64.978081
290399, -64.978050
290549, -64.978005
290699, -64.977949
290849, -64.977881
290999, -64.977803
291149, -64.977716
291299, -64.977620
291449, -64.977516
291599, -64.977404
291749, -64.977287
291899, -64.977163
292049, -64.977035
292199, -64.976903
292349, -64.976768
292499, -64.976629
292649, -64.976489
292799, -64.976347
292949, -64.976205
293099, -64.976062
293249, -64.975919
293399, -64.975777
293549, -64.975636
293699, -64.975497
293849, -64.975360
293999, -64.975225
294149, -64.975094
294299, -64.974965
294449, -64.974840
294599, -64.974719
294749, -64.974601
294899, -64.974488
295049, -64.974379
295199, -64.974275
295349, -64.974175
295499, -64.974081
295649, -64.973990
295799, -64.973905
295949, -64.973825
296099, -64.973750
296249, -64.973680
296399, -64.973614
296549, -64.973554
296699, -64.973498
296849, -64.973448
296999, -64.973402
297149, -64.973360
297299, -64.973323
297449, -64.973290
297599, -64.973262
297749, -64.973238
297899, -64.973218
298049, -64.973201
298199, -64.973188
298349, -64.973179
298499, -64.973173
298649, -64.973170
298799, -64.973170
298949, -64.973173
299099, -64.973178
299249, -64.973186
299399, -64.973196
299549, -64.973208
299699, -64.973222
299849, -64.973238
299999, -64.973255
300149, -64.973274
