# hh_runge_0940.txt
# dt = 940 [usec]
# t [usec], V [mV]
0, -65.000000
940, -64.982583
1880, -64.990591
2819, -65.067930
3759, -65.346617
4699, -65.868734
5639, -100.049619
6579, 50.000000
7519, 50.000000
8459, 50.000000
9399, 50.000000
10340, 50.000000
11280, 50.000000
12220, 50.000000
13160, 50.000000
14100, 50.000000
15040, 50.000000
15980, 50.000000
16920, 50.000000
17860, 50.000000
18800, 50.000000
19740, 50.000000
20679, 50.000000
21619, 50.000000
22559, 50.000000
23499, 50.000000
24439, 50.000000
25379, 50.000000
26319, 50.000000
27259, 50.000000
28199, 50.000000
29139, 50.000000
30079, 50.000000
31019, 50.000000
31959, 50.000000
32899, 50.000000
33839, 50.000000
34779, 50.000000
35719, 50.000000
36659, 50.000000
37599, 50.000000
38539, 50.000000
39479, 50.000000
40419, 50.000000
41359, 50.000000
42299, 50.000000
43239, 50.000000
44179, 50.000000
45119, 50.000000
46059, 50.000000
46999, 50.000000
47939, 50.000000
48879, 50.000000
49819, 50.000000
50759, nan
51699, nan
52639, nan
53579, nan
54519, nan
55459, nan
56399, nan
57339, nan
58279, nan
59219, nan
60159, nan
61099, nan
62039, nan
62979, nan
63919, nan
64859, nan
65799, nan
66739, nan
67679, nan
68619, nan
69559, nan
70499, nan
71439, nan
72379, nan
73319, nan
74259, nan
75199, nan
76139, nan
77079, nan
78019, nan
78959, nan
79899, nan
80839, nan
81779, nan
82719, nan
83659, nan
84599, nan
85539, nan
86479, nan
87419, nan
88359, nan
89299, nan
90239, nan
91179, nan
92119, nan
93059, nan
93999, nan
94939, nan
95879, nan
96819, nan
97759, nan
98699, nan
99639, nan
100579, nan
101519, nan
102459, nan
103399, nan
104339, nan
105279, nan
106219, nan
107159, nan
108099, nan
109039, nan
109979, nan
110919, nan
111859, nan
112799, nan
113739, nan
114679, nan
115619, nan
116559, nan
117499, nan
118439, nan
119379, nan
120319, nan
121259, nan
122199, nan
123139, nan
124079, nan
125019, nan
125959, nan
126899, nan
127839, nan
128779, nan
129719, nan
130659, nan
131599, nan
132539, nan
133479, nan
134419, nan
135359, nan
136299, nan
137239, nan
138179, nan
139119, nan
140059, nan
140999, nan
141939, nan
142879, nan
143819, nan
144759, nan
145699, nan
146639, nan
147579, nan
148519, nan
149459, nan
150399, nan
151339, nan
152279, nan
153219, nan
154159, nan
155099, nan
156039, nan
156979, nan
157919, nan
158859, nan
159799, nan
160739, nan
161679, nan
162619, nan
163559, nan
164499, nan
165439, nan
166379, nan
167319, nan
168259, nan
169199, nan
170139, nan
171079, nan
172019, nan
172959, nan
173899, nan
174839, nan
175779, nan
176719, nan
177659, nan
178599, nan
179539, nan
180479, nan
181419, nan
182359, nan
183299, nan
184239, nan
185179, nan
186119, nan
187059, nan
187999, nan
188939, nan
189879, nan
190819, nan
191759, nan
192699, nan
193639, nan
194579, nan
195519, nan
196459, nan
197399, nan
198339, nan
199279, nan
200219, nan
201159, nan
202099, nan
203039, nan
203979, nan
204919, nan
205859, nan
206799, nan
207739, nan
208679, nan
209619, nan
210559, nan
211499, nan
212439, nan
213379, nan
214319, nan
215259, nan
216199, nan
217139, nan
218079, nan
219019, nan
219959, nan
220899, nan
221839, nan
222779, nan
223719, nan
224659, nan
225599, nan
226539, nan
227479, nan
228419, nan
229359, nan
230299, nan
231239, nan
232179, nan
233119, nan
234059, nan
234999, nan
235939, nan
236879, nan
237819, nan
238759, nan
239699, nan
240639, nan
241579, nan
242519, nan
243459, nan
244399, nan
245339, nan
246279, nan
247219, nan
248159, nan
249099, nan
250039, nan
250979, nan
251919, nan
252859, nan
253799, nan
254739, nan
255679, nan
256619, nan
257559, nan
258499, nan
259439, nan
260379, nan
261319, nan
262259, nan
263199, nan
264139, nan
265080, nan
266020, nan
266960, nan
267900, nan
268840, nan
269780, nan
270720, nan
271660, nan
272600, nan
273540, nan
274480, nan
275420, nan
276360, nan
277300, nan
278240, nan
279180, nan
280120, nan
281060, nan
282000, nan
282940, nan
283880, nan
284820, nan
285760, nan
286700, nan
287640, nan
288580, nan
289520, nan
290460, nan
291400, nan
292340, nan
293280, nan
294220, nan
295160, nan
296100, nan
297040, nan
297980, nan
298920, nan
299860, nan
300800, nan
