# ./result/hh_runge_0070.txt
# dt = 70 [usec]
# t [usec], V [mV]
0, -65.000000
70, -64.997973
140, -64.996024
210, -64.994140
280, -64.992310
350, -64.990529
420, -64.988792
490, -64.987095
560, -64.985438
630, -64.983818
700, -64.982234
770, -64.980687
840, -64.979175
910, -64.977699
980, -64.976259
1050, -64.974854
1120, -64.973486
1190, -64.972153
1260, -64.970856
1330, -64.969595
1400, -64.968371
1470, -64.967183
1540, -64.966032
1610, -64.964917
1680, -64.963838
1750, -64.962796
1820, -64.961790
1890, -64.960821
1960, -64.959888
2030, -64.958991
2100, -64.958130
2170, -64.957304
2240, -64.956515
2310, -64.955760
2380, -64.955041
2450, -64.954356
2520, -64.953706
2590, -64.953090
2660, -64.952508
2730, -64.951959
2800, -64.951444
2870, -64.950961
2940, -64.950510
3010, -64.950091
3080, -64.949703
3150, -64.949346
3220, -64.949020
3290, -64.948723
3360, -64.948456
3430, -64.948218
3500, -64.948008
3570, -64.947826
3640, -64.947671
3710, -64.947542
3780, -64.947440
3850, -64.947363
3920, -64.947311
3990, -64.947283
4060, -64.947279
4130, -64.947298
4200, -64.947339
4270, -64.947403
4340, -64.947487
4410, -64.947592
4480, -64.947717
4550, -64.947862
4620, -64.948025
4690, -64.948206
4760, -64.948405
4830, -64.948620
4900, -64.948852
4970, -64.949100
5040, -64.949362
5110, -64.949639
5180, -64.949929
5250, -64.950233
5320, -64.950549
5390, -64.950877
5460, -64.951216
5530, -64.951566
5600, -64.951927
5670, -64.952296
5740, -64.952675
5810, -64.953062
5880, -64.953457
5950, -64.953860
6020, -64.954269
6090, -64.954685
6160, -64.955106
6230, -64.955532
6300, -64.955963
6370, -64.956398
6440, -64.956837
6510, -64.957279
6580, -64.957724
6650, -64.958172
6720, -64.958621
6790, -64.959071
6860, -64.959522
6930, -64.959974
7000, -64.960426
7070, -64.960878
7140, -64.961329
7210, -64.961779
7280, -64.962228
7350, -64.962675
7420, -64.963119
7490, -64.963562
7560, -64.964001
7630, -64.964438
7700, -64.964871
7770, -64.965300
7840, -64.965725
7910, -64.966147
7980, -64.966563
8050, -64.966975
8120, -64.967382
8190, -64.967784
8260, -64.968180
8330, -64.968571
8400, -64.968956
8470, -64.969335
8540, -64.969708
8610, -64.970074
8680, -64.970434
8750, -64.970787
8820, -64.971134
8890, -64.971473
8960, -64.971806
9030, -64.972131
9100, -64.972449
9170, -64.972760
9240, -64.973063
9310, -64.973359
9380, -64.973648
9450, -64.973928
9520, -64.974202
9590, -64.974467
9660, -64.974725
9730, -64.974975
9800, -64.975217
9870, -64.975452
9940, -64.975679
10010, -64.975898
10080, -64.976109
10150, -64.976312
10220, -64.976508
10290, -64.976697
10360, -64.976877
10430, -64.977050
10500, -64.977215
10570, -64.977373
10640, -64.977524
10710, -64.977667
10780, -64.977803
10850, -64.977931
10920, -64.978053
10990, -64.978167
11060, -64.978275
11130, -64.978375
11200, -64.978469
11270, -64.978556
11340, -64.978636
11410, -64.978710
11480, -64.978777
11550, -64.978839
11620, -64.978894
11690, -64.978943
11760, -64.978986
11830, -64.979023
11900, -64.979054
11970, -64.979080
12040, -64.979101
12110, -64.979116
12180, -64.979126
12250, -64.979130
12320, -64.979130
12390, -64.979125
12460, -64.979116
12530, -64.979102
12600, -64.979083
12670, -64.979060
12740, -64.979033
12810, -64.979002
12880, -64.978967
12950, -64.978928
13020, -64.978886
13090, -64.978840
13160, -64.978791
13230, -64.978738
13300, -64.978683
13370, -64.978624
13440, -64.978563
13510, -64.978499
13580, -64.978432
13650, -64.978363
13720, -64.978292
13790, -64.978218
13860, -64.978142
13930, -64.978064
14000, -64.977985
14070, -64.977904
14140, -64.977821
14210, -64.977736
14280, -64.977651
14350, -64.977564
14420, -64.977475
14490, -64.977386
14560, -64.977296
14630, -64.977205
14700, -64.977113
14770, -64.977021
14840, -64.976928
14910, -64.976834
14980, -64.976741
15050, -64.976647
15120, -64.976552
15190, -64.976458
15260, -64.976364
15330, -64.976270
15400, -64.976176
15470, -64.976082
15540, -64.975988
15610, -64.975895
15680, -64.975803
15750, -64.975710
15820, -64.975619
15890, -64.975528
15960, -64.975438
16030, -64.975349
16100, -64.975260
16170, -64.975173
16240, -64.975086
16310, -64.975000
16380, -64.974916
16450, -64.974832
16520, -64.974750
16590, -64.974669
16660, -64.974589
16730, -64.974510
16800, -64.974433
16870, -64.974357
16940, -64.974282
17010, -64.974209
17080, -64.974137
17150, -64.974067
17220, -64.973998
17290, -64.973930
17360, -64.973864
17430, -64.973800
17500, -64.973737
17570, -64.973676
17640, -64.973616
17710, -64.973558
17780, -64.973502
17850, -64.973447
17920, -64.973394
17990, -64.973342
18060, -64.973292
18130, -64.973243
18200, -64.973197
18270, -64.973152
18340, -64.973108
18410, -64.973066
18480, -64.973026
18550, -64.972987
18620, -64.972950
18690, -64.972914
18760, -64.972880
18830, -64.972848
18900, -64.972817
18970, -64.972788
19040, -64.972760
19110, -64.972734
19180, -64.972709
19250, -64.972686
19320, -64.972664
19390, -64.972643
19460, -64.972624
19530, -64.972607
19600, -64.972590
19670, -64.972576
19740, -64.972562
19810, -64.972550
19880, -64.972539
19950, -64.972529
20020, -64.972521
20090, -64.972513
20160, -64.972507
20230, -64.972503
20300, -64.972499
20370, -64.972496
20440, -64.972495
20510, -64.972494
20580, -64.972495
20650, -64.972496
20720, -64.972499
20790, -64.972502
20860, -64.972507
20930, -64.972512
21000, -64.972518
21070, -64.972525
21140, -64.972533
21210, -64.972541
21280, -64.972551
21350, -64.972561
21420, -64.972572
21490, -64.972583
21560, -64.972595
21630, -64.972608
21700, -64.972621
21770, -64.972635
21840, -64.972649
21910, -64.972664
21980, -64.972680
22050, -64.972695
22120, -64.972712
22190, -64.972728
22260, -64.972745
22330, -64.972763
22400, -64.972781
22470, -64.972799
22540, -64.972817
22610, -64.972835
22680, -64.972854
22750, -64.972873
22820, -64.972893
22890, -64.972912
22960, -64.972932
23030, -64.972951
23100, -64.972971
23170, -64.972991
23240, -64.973011
23310, -64.973031
23380, -64.973051
23450, -64.973071
23520, -64.973091
23590, -64.973111
23660, -64.973131
23730, -64.973151
23800, -64.973171
23870, -64.973190
23940, -64.973210
24010, -64.973230
24080, -64.973249
24150, -64.973268
24220, -64.973287
24290, -64.973306
24360, -64.973325
24430, -64.973344
24500, -64.973362
24570, -64.973380
24640, -64.973398
24710, -64.973416
24780, -64.973433
24850, -64.973450
24920, -64.973467
24990, -64.973484
25060, -64.973500
25130, -64.973516
25200, -64.973532
25270, -64.973548
25340, -64.973563
25410, -64.973578
25480, -64.973592
25550, -64.973607
25620, -64.973621
25690, -64.973634
25760, -64.973648
25830, -64.973661
25900, -64.973673
25970, -64.973686
26040, -64.973698
26110, -64.973709
26180, -64.973720
26250, -64.973731
26320, -64.973742
26390, -64.973752
26460, -64.973762
26530, -64.973772
26600, -64.973781
26670, -64.973790
26740, -64.973798
26810, -64.973807
26880, -64.973815
26950, -64.973822
27020, -64.973829
27090, -64.973836
27160, -64.973843
27230, -64.973849
27300, -64.973855
27370, -64.973860
27440, -64.973866
27510, -64.973871
27580, -64.973875
27650, -64.973880
27720, -64.973884
27790, -64.973888
27860, -64.973891
27930, -64.973894
28000, -64.973897
28070, -64.973900
28140, -64.973902
28210, -64.973904
28280, -64.973906
28350, -64.973908
28420, -64.973909
28490, -64.973910
28560, -64.973911
28630, -64.973912
28700, -64.973912
28770, -64.973912
28840, -64.973912
28910, -64.973912
28980, -64.973912
29050, -64.973911
29120, -64.973910
29190, -64.973909
29260, -64.973908
29330, -64.973906
29400, -64.973905
29470, -64.973903
29540, -64.973901
29610, -64.973899
29680, -64.973897
29750, -64.973895
29820, -64.973892
29890, -64.973890
29960, -64.973887
30030, -64.973884
30100, -64.973881
30170, -64.973878
30240, -64.973875
30310, -64.973872
30380, -64.973868
30450, -64.973865
30520, -64.973862
30590, -64.973858
30660, -64.973854
30730, -64.973851
30800, -64.973847
30870, -64.973843
30940, -64.973839
31010, -64.973835
31080, -64.973831
31150, -64.973827
31220, -64.973823
31290, -64.973819
31360, -64.973815
31430, -64.973811
31500, -64.973807
31570, -64.973803
31640, -64.973799
31710, -64.973795
31780, -64.973791
31850, -64.973786
31920, -64.973782
31990, -64.973778
32060, -64.973774
32130, -64.973770
32200, -64.973766
32270, -64.973762
32340, -64.973758
32410, -64.973754
32480, -64.973750
32550, -64.973746
32620, -64.973742
32690, -64.973739
32760, -64.973735
32830, -64.973731
32900, -64.973727
32970, -64.973724
33040, -64.973720
33110, -64.973717
33180, -64.973713
33250, -64.973710
33320, -64.973706
33390, -64.973703
33460, -64.973700
33530, -64.973697
33600, -64.973694
33670, -64.973691
33740, -64.973688
33810, -64.973685
33880, -64.973682
33950, -64.973679
34020, -64.973676
34090, -64.973674
34160, -64.973671
34230, -64.973669
34300, -64.973666
34370, -64.973664
34440, -64.973662
34510, -64.973659
34580, -64.973657
34650, -64.973655
34720, -64.973653
34790, -64.973651
34860, -64.973649
34930, -64.973648
35000, -64.973646
35070, -64.973644
35140, -64.973643
35210, -64.973641
35280, -64.973640
35350, -64.973638
35420, -64.973637
35490, -64.973636
35560, -64.973635
35630, -64.973633
35700, -64.973632
35770, -64.973631
35840, -64.973630
35910, -64.973630
35980, -64.973629
36050, -64.973628
36120, -64.973627
36190, -64.973627
36260, -64.973626
36330, -64.973626
36400, -64.973625
36470, -64.973625
36540, -64.973625
36610, -64.973624
36680, -64.973624
36750, -64.973624
36820, -64.973624
36890, -64.973624
36960, -64.973624
37030, -64.973624
37100, -64.973624
37170, -64.973624
37240, -64.973624
37310, -64.973624
37380, -64.973625
37450, -64.973625
37520, -64.973625
37590, -64.973625
37660, -64.973626
37730, -64.973626
37800, -64.973627
37870, -64.973627
37940, -64.973628
38010, -64.973628
38080, -64.973629
38150, -64.973629
38220, -64.973630
38290, -64.973631
38360, -64.973631
38430, -64.973632
38500, -64.973633
38570, -64.973633
38640, -64.973634
38710, -64.973635
38780, -64.973636
38850, -64.973636
38920, -64.973637
38990, -64.973638
39060, -64.973639
39130, -64.973640
39200, -64.973641
39270, -64.973641
39340, -64.973642
39410, -64.973643
39480, -64.973644
39550, -64.973645
39620, -64.973646
39690, -64.973647
39760, -64.973648
39830, -64.973648
39900, -64.973649
39970, -64.973650
40040, -64.973651
40110, -64.973652
40180, -64.973653
40250, -64.973654
40320, -64.973655
40390, -64.973656
40460, -64.973657
40530, -64.973657
40600, -64.973658
40670, -64.973659
40740, -64.973660
40810, -64.973661
40880, -64.973662
40950, -64.973662
41020, -64.973663
41090, -64.973664
41160, -64.973665
41230, -64.973666
41300, -64.973666
41370, -64.973667
41440, -64.973668
41510, -64.973669
41580, -64.973669
41650, -64.973670
41720, -64.973671
41790, -64.973672
41860, -64.973672
41930, -64.973673
42000, -64.973674
42070, -64.973674
42140, -64.973675
42210, -64.973675
42280, -64.973676
42350, -64.973677
42420, -64.973677
42490, -64.973678
42560, -64.973678
42630, -64.973679
42700, -64.973679
42770, -64.973680
42840, -64.973680
42910, -64.973681
42980, -64.973681
43050, -64.973681
43120, -64.973682
43190, -64.973682
43260, -64.973683
43330, -64.973683
43400, -64.973683
43470, -64.973684
43540, -64.973684
43610, -64.973684
43680, -64.973685
43750, -64.973685
43820, -64.973685
43890, -64.973685
43960, -64.973686
44030, -64.973686
44100, -64.973686
44170, -64.973686
44240, -64.973686
44310, -64.973687
44380, -64.973687
44450, -64.973687
44520, -64.973687
44590, -64.973687
44660, -64.973687
44730, -64.973687
44800, -64.973687
44870, -64.973688
44940, -64.973688
45010, -64.973688
45080, -64.973688
45150, -64.973688
45220, -64.973688
45290, -64.973688
45360, -64.973688
45430, -64.973688
45500, -64.973688
45570, -64.973688
45640, -64.973688
45710, -64.973688
45780, -64.973688
45850, -64.973688
45920, -64.973687
45990, -64.973687
46060, -64.973687
46130, -64.973687
46200, -64.973687
46270, -64.973687
46340, -64.973687
46410, -64.973687
46480, -64.973687
46550, -64.973687
46620, -64.973686
46690, -64.973686
46760, -64.973686
46830, -64.973686
46900, -64.973686
46970, -64.973686
47040, -64.973686
47110, -64.973685
47180, -64.973685
47250, -64.973685
47320, -64.973685
47390, -64.973685
47460, -64.973685
47530, -64.973685
47600, -64.973684
47670, -64.973684
47740, -64.973684
47810, -64.973684
47880, -64.973684
47950, -64.973683
48020, -64.973683
48090, -64.973683
48160, -64.973683
48230, -64.973683
48300, -64.973683
48370, -64.973682
48440, -64.973682
48510, -64.973682
48580, -64.973682
48650, -64.973682
48720, -64.973682
48790, -64.973681
48860, -64.973681
48930, -64.973681
49000, -64.973681
49070, -64.973681
49140, -64.973681
49210, -64.973680
49280, -64.973680
49350, -64.973680
49420, -64.973680
49490, -64.973680
49560, -64.973680
49630, -64.973679
49700, -64.973679
49770, -64.973679
49840, -64.973679
49910, -64.973679
49980, -64.973679
50050, -62.846640
50120, -60.801707
50190, -58.820446
50260, -56.879731
50330, -54.947142
50400, -52.975397
50470, -50.894337
50540, -48.598129
50610, -45.923580
50680, -42.612381
50750, -38.238883
50820, -32.092384
50890, -23.037846
50960, -9.690039
51030, 7.893036
51100, 25.074214
51170, 35.912738
51240, 40.205694
51310, 40.799220
51380, 39.674543
51450, 37.688200
51520, 35.175380
51590, 32.289695
51660, 29.126502
51730, 25.760095
51800, 22.253477
51870, 18.660334
51940, 15.025409
52010, 11.384841
52080, 7.766741
52150, 4.192164
52220, 0.676022
52290, -2.771931
52360, -6.145977
52430, -9.443755
52500, -12.665771
52570, -15.814498
52640, -18.894575
52710, -21.913113
52780, -24.880259
52850, -27.810021
52920, -30.721272
52990, -33.638743
53060, -36.593710
53130, -39.623842
53200, -42.771235
53270, -46.076965
53340, -49.569575
53410, -53.243588
53480, -57.030406
53550, -60.770091
53620, -64.216039
53690, -67.111380
53760, -69.303755
53830, -70.805185
53900, -71.746946
53970, -72.291613
54040, -72.576626
54110, -72.699072
54180, -72.721481
54250, -72.682297
54320, -72.604672
54390, -72.502457
54460, -72.383950
54530, -72.254152
54600, -72.116100
54670, -71.971660
54740, -71.821991
54810, -71.667823
54880, -71.509625
54950, -71.347708
55020, -71.182283
55090, -71.013500
55160, -70.841472
55230, -70.666287
55300, -70.488021
55370, -70.306745
55440, -70.122527
55510, -69.935436
55580, -69.745540
55650, -69.552905
55720, -69.357604
55790, -69.159716
55860, -68.959323
55930, -68.756511
56000, -68.551360
56070, -68.343961
56140, -68.134409
56210, -67.922808
56280, -67.709258
56350, -67.493852
56420, -67.276696
56490, -67.057900
56560, -66.837584
56630, -66.615846
56700, -66.392788
56770, -66.168523
56840, -65.943173
56910, -65.716852
56980, -65.489648
57050, -65.261662
57120, -65.033009
57190, -64.803812
57260, -64.574139
57330, -64.344070
57400, -64.113701
57470, -63.883139
57540, -63.652454
57610, -63.421683
57680, -63.190890
57750, -62.960157
57820, -62.729557
57890, -62.499068
57960, -62.268707
58030, -62.038516
58100, -61.808558
58170, -61.578767
58240, -61.349092
58310, -61.119520
58380, -60.890068
58450, -60.660669
58520, -60.431178
58590, -60.201504
58660, -59.971601
58730, -59.741417
58800, -59.510680
58870, -59.279197
58940, -59.046828
59010, -58.813478
59080, -58.578797
59150, -58.342439
59220, -58.104133
59290, -57.863665
59360, -57.620603
59430, -57.374384
59500, -57.124537
59570, -56.870660
59640, -56.612094
59710, -56.347958
59780, -56.077469
59850, -55.799906
59920, -55.514027
59990, -55.218447
60060, -54.911852
60130, -54.592667
60200, -54.258567
60270, -53.907269
60340, -53.536101
60410, -53.141250
60480, -52.718793
60550, -52.263371
60620, -51.768611
60690, -51.226544
60760, -50.627024
60830, -49.956910
60900, -49.199855
60970, -48.333318
61040, -47.327595
61110, -46.142755
61180, -44.724250
61250, -42.995740
61320, -40.851097
61390, -38.140905
61460, -34.660499
61530, -30.144990
61600, -24.299666
61670, -16.924883
61740, -8.196744
61810, 0.990710
61880, 9.117613
61950, 14.865074
62020, 17.850254
62090, 18.482698
62160, 17.423633
62230, 15.252493
62300, 12.386995
62370, 9.108591
62440, 5.603892
62510, 1.996261
62580, -1.633059
62650, -5.231929
62720, -8.767795
62790, -12.221974
62860, -15.585443
62930, -18.856240
63000, -22.037537
63070, -25.137628
63140, -28.170179
63210, -31.154031
63280, -34.113947
63350, -37.080734
63420, -40.090351
63490, -43.181184
63560, -46.388170
63630, -49.732114
63700, -53.202948
63770, -56.737217
63840, -60.200567
63910, -63.397344
63980, -66.124772
64050, -68.255028
64120, -69.780672
64190, -70.791808
64260, -71.415892
64330, -71.771061
64400, -71.947689
64470, -72.008246
64540, -71.993683
64610, -71.930163
64680, -71.834236
64750, -71.716351
64820, -71.583133
64890, -71.438811
64960, -71.286110
65030, -71.126804
65100, -70.962065
65170, -70.792679
65240, -70.619183
65310, -70.441955
65380, -70.261271
65450, -70.077339
65520, -69.890325
65590, -69.700364
65660, -69.507571
65730, -69.312056
65800, -69.113921
65870, -68.913270
65940, -68.710197
66010, -68.504798
66080, -68.297172
66150, -68.087422
66220, -67.875658
66290, -67.661980
66360, -67.446490
66430, -67.229298
66500, -67.010519
66570, -66.790277
66640, -66.568667
66710, -66.345800
66780, -66.121794
66850, -65.896772
66920, -65.670847
66990, -65.444114
67060, -65.216682
67130, -64.988670
67200, -64.760201
67270, -64.531345
67340, -64.302190
67410, -64.072840
67480, -63.843406
67550, -63.613952
67620, -63.384528
67690, -63.155209
67760, -62.926083
67830, -62.697214
67900, -62.468598
67970, -62.240266
68040, -62.012271
68110, -61.784680
68180, -61.557430
68250, -61.330487
68320, -61.103855
68390, -60.877561
68460, -60.651543
68530, -60.425683
68600, -60.199912
68670, -59.974198
68740, -59.748510
68810, -59.522610
68880, -59.296333
68950, -59.069566
69020, -58.842235
69090, -58.614070
69160, -58.384765
69230, -58.154085
69300, -57.921853
69370, -57.687792
69440, -57.451396
69510, -57.212253
69580, -56.970023
69650, -56.724349
69720, -56.474440
69790, -56.219615
69860, -55.959272
69930, -55.692755
70000, -55.418842
70070, -55.136426
70140, -54.844458
70210, -54.541429
70280, -54.225426
70350, -53.894582
70420, -53.546637
70490, -53.178417
70560, -52.786698
70630, -52.367238
70700, -51.914771
70770, -51.423317
70840, -50.884541
70910, -50.288819
70980, -49.623109
71050, -48.870875
71120, -48.010876
71190, -47.014719
71260, -45.843874
71330, -44.445674
71400, -42.747830
71470, -40.650808
71540, -38.016759
71610, -34.659533
71680, -30.341727
71750, -24.803640
71820, -17.869181
71890, -9.679936
71960, -0.984317
72030, 6.892812
72100, 12.692716
72170, 15.914714
72240, 16.818267
72310, 15.982546
72380, 13.968211
72450, 11.202869
72520, 7.984403
72590, 4.513853
72660, 0.925082
72730, -2.693602
72800, -6.285522
72870, -9.815491
72940, -13.263265
73010, -16.619224
73080, -19.881255
73150, -23.052943
73220, -26.143548
73290, -29.167999
73360, -32.146779
73430, -35.106423
73500, -38.079281
73570, -41.102057
73640, -44.212213
73710, -47.440827
73780, -50.800363
73850, -54.266767
73920, -57.757476
73990, -61.121308
74060, -64.159910
74130, -66.691441
74200, -68.624755
74270, -69.984390
74340, -70.872981
74410, -71.414252
74480, -71.716272
74550, -71.859530
74620, -71.899091
74690, -71.871011
74760, -71.798412
74830, -71.696014
74900, -71.573187
74970, -71.435924
75040, -71.288084
75110, -71.132180
75180, -70.969864
75250, -70.802239
75320, -70.630050
75390, -70.453817
75460, -70.273910
75530, -70.090601
75600, -69.904101
75670, -69.714573
75740, -69.522157
75810, -69.326975
75880, -69.129141
75950, -68.928764
76020, -68.725946
76090, -68.520786
76160, -68.313386
76230, -68.103850
76300, -67.892290
76370, -67.678809
76440, -67.463508
76510, -67.246499
76580, -67.027896
76650, -66.807823
76720, -66.586380
76790, -66.363676
76860, -66.139828
76930, -65.914962
77000, -65.689191
77070, -65.462611
77140, -65.235331
77210, -65.007471
77280, -64.779156
77350, -64.550456
77420, -64.321461
77490, -64.092274
77560, -63.863006
77630, -63.633728
77700, -63.404491
77770, -63.175368
77840, -62.946447
77910, -62.717801
77980, -62.489427
78050, -62.261353
78120, -62.033632
78190, -61.806332
78260, -61.579404
78330, -61.352814
78400, -61.126563
78470, -60.900678
78540, -60.675117
78610, -60.449759
78680, -60.224533
78750, -59.999406
78820, -59.774375
78890, -59.549198
78960, -59.323707
79030, -59.097788
79100, -58.871369
79170, -58.644222
79240, -58.416037
79310, -58.186578
79380, -57.955667
79450, -57.723089
79520, -57.488334
79590, -57.250989
79660, -57.010715
79730, -56.767225
79800, -56.519755
79870, -56.267628
79940, -56.010249
80010, -55.747080
80080, -55.476940
80150, -55.198737
80220, -54.911447
80290, -54.613808
80360, -54.303937
80430, -53.980022
80500, -53.640176
80570, -53.281310
80640, -52.900323
80710, -52.493596
80780, -52.056070
80850, -51.582414
80920, -51.064969
80990, -50.495161
81060, -49.861027
81130, -49.148198
81200, -48.337450
81270, -47.403252
81340, -46.311835
81410, -45.017616
81480, -43.458574
81550, -41.547792
81620, -39.166040
81690, -36.150529
81760, -32.287483
81830, -27.323964
81900, -21.033310
81970, -13.387591
82040, -4.844196
82110, 3.494249
82180, 10.257009
82250, 14.577888
82320, 16.422150
82390, 16.273414
82460, 14.718008
82530, 12.241962
82600, 9.195530
82670, 5.818128
82740, 2.270311
82810, -1.341514
82880, -4.948052
82950, -8.505438
83020, -11.987859
83090, -15.381153
83160, -18.680661
83230, -21.887694
83300, -25.009114
83370, -28.057413
83440, -31.051094
83510, -34.014456
83580, -36.977763
83650, -39.976404
83720, -43.048060
83790, -46.227199
83860, -49.534858
83930, -52.962780
84000, -56.453305
84070, -59.880194
84140, -63.058760
84210, -65.792617
84280, -67.950548
84350, -69.515427
84420, -70.566554
84490, -71.225030
84560, -71.606924
84630, -71.803015
84700, -71.877133
84770, -71.871674
84840, -71.814021
84910, -71.721654
84980, -71.605704
85050, -71.473284
85120, -71.328964
85190, -71.175712
85260, -71.015471
85330, -70.849534
85400, -70.678769
85470, -70.503776
85540, -70.324976
85610, -70.142678
85680, -69.957116
85750, -69.768471
85820, -69.576890
85890, -69.382503
85960, -69.185427
86030, -68.985774
86100, -68.783651
86170, -68.579156
86240, -68.372389
86310, -68.163456
86380, -67.952466
86450, -67.739528
86520, -67.524740
86590, -67.308211
86660, -67.090056
86730, -66.870396
86800, -66.649339
86870, -66.426989
86940, -66.203463
87010, -65.978884
87080, -65.753376
87150, -65.527031
87220, -65.299953
87290, -65.072261
87360, -64.844079
87430, -64.615494
87500, -64.386591
87570, -64.157467
87640, -63.928233
87710, -63.698981
87780, -63.469754
87850, -63.240621
87920, -63.011666
87990, -62.782986
88060, -62.554575
88130, -62.326455
88200, -62.098672
88270, -61.871293
88340, -61.644309
88410, -61.417674
88480, -61.191381
88550, -60.965448
88620, -60.739888
88690, -60.514562
88760, -60.289387
88830, -60.064322
88900, -59.839356
88970, -59.614319
89040, -59.389024
89110, -59.163341
89180, -58.937185
89250, -58.710418
89320, -58.482704
89390, -58.253788
89460, -58.023477
89530, -57.791625
89600, -57.557744
89670, -57.321399
89740, -57.082233
89810, -56.839948
89880, -56.593935
89950, -56.343487
90020, -56.087988
90090, -55.826884
90160, -55.559209
90230, -55.283837
90300, -54.999728
90370, -54.705885
90440, -54.400404
90510, -54.081469
90580, -53.747285
90650, -53.395108
90720, -53.021864
90790, -52.624388
90860, -52.197797
90930, -51.736896
91000, -51.234925
91070, -50.683561
91140, -50.072143
91210, -49.387506
91280, -48.611633
91350, -47.721549
91420, -46.686768
91490, -45.466018
91560, -44.002981
91630, -42.220835
91700, -40.012027
91770, -37.229717
91840, -33.677305
91910, -29.111926
91980, -23.285837
92050, -16.078812
92120, -7.752674
92190, 0.797747
92260, 8.213320
92330, 13.387601
92400, 16.019524
92470, 16.470528
92540, 15.325252
92610, 13.112317
92680, 10.225757
92750, 6.938269
92820, 3.433700
92890, -0.165680
92960, -3.779542
93030, -7.356657
93100, -10.865802
93170, -14.289394
93240, -17.619923
93310, -20.856841
93380, -24.005218
93450, -27.075689
93520, -30.084911
93590, -33.055192
93660, -36.014876
93730, -38.997824
93800, -42.041426
93870, -45.182058
93940, -48.446555
94010, -51.838256
94080, -55.317854
94150, -58.782369
94220, -62.063151
94290, -64.959912
94360, -67.312449
94430, -69.064923
94500, -70.270745
94570, -71.043451
94640, -71.504147
94710, -71.752592
94780, -71.860945
94850, -71.877841
94920, -71.834907
94990, -71.752390
95060, -71.643184
95130, -71.515517
95200, -71.374667
95270, -71.224046
95340, -71.065885
95410, -70.901659
95480, -70.732356
95550, -70.558650
95620, -70.381015
95690, -70.199791
95760, -70.015233
95830, -69.827538
95900, -69.636863
95970, -69.443340
96040, -69.247092
96110, -69.048233
96180, -68.846870
96250, -68.643104
96320, -68.437035
96390, -68.228767
96460, -68.018407
96530, -67.806067
96600, -67.591846
96670, -67.375849
96740, -67.158189
96810, -66.938986
96880, -66.718355
96950, -66.496398
97020, -66.273227
97090, -66.048964
97160, -65.823736
97230, -65.597641
97300, -65.370780
97370, -65.143268
97440, -64.915227
97510, -64.686763
97580, -64.457951
97650, -64.228888
97720, -63.999680
97790, -63.770442
97860, -63.541211
97930, -63.312048
98000, -63.083034
98070, -62.854263
98140, -62.625764
98210, -62.397550
98280, -62.169659
98350, -61.942150
98420, -61.715060
98490, -61.488330
98560, -61.261939
98630, -61.035901
98700, -60.810250
98770, -60.584872
98840, -60.359666
98910, -60.134580
98980, -59.909595
99050, -59.684616
99120, -59.459431
99190, -59.233895
99260, -59.007911
99330, -58.781418
99400, -58.554068
99470, -58.325584
99540, -58.095759
99610, -57.864433
99680, -57.631244
99750, -57.395725
99820, -57.157495
99890, -56.916240
99960, -56.671508
100030, -56.422554
100100, -56.168738
100170, -55.909491
100240, -55.644053
100310, -55.371263
100380, -55.090062
100450, -54.799443
100520, -54.497801
100590, -54.183296
100660, -53.854128
100730, -53.507958
100800, -53.141713
100870, -52.752265
100940, -52.335335
101010, -51.885801
101080, -51.397709
101150, -50.862930
101220, -50.271972
101290, -49.612103
101360, -48.867105
101430, -48.016222
101500, -47.031752
101570, -45.876151
101640, -44.498341
101710, -42.828154
101780, -40.769396
101850, -38.188882
101920, -34.906650
101990, -30.692796
102060, -25.292704
102130, -18.523445
102200, -10.492113
102270, -1.879593
102340, 6.045492
102410, 12.008726
102480, 15.435494
102550, 16.521788
102620, 15.823038
102690, 13.901691
102760, 11.195520
102830, 8.012530
102900, 4.561584
102970, 0.982108
103040, -2.633743
103110, -6.226762
103180, -9.759969
103250, -13.212060
103320, -16.572568
103390, -19.838987
103460, -23.014600
103530, -26.108303
103600, -29.134956
103670, -32.114933
103740, -35.074649
103810, -38.046332
103880, -41.066577
103950, -44.172769
104020, -47.396005
104090, -50.748985
104160, -54.208287
104230, -57.692900
104300, -61.053225
104370, -64.092774
104440, -66.629742
104510, -68.571365
104580, -69.940050
104650, -70.836747
104720, -71.384470
104790, -71.691261
104860, -71.837884
104930, -71.879744
105000, -71.853192
105070, -71.781576
105140, -71.679782
105210, -71.557296
105280, -71.420191
105350, -71.272384
105420, -71.116426
105490, -70.953996
105560, -70.786215
105630, -70.613843
105700, -70.437408
105770, -70.257287
105840, -70.073758
105910, -69.887035
105980, -69.697284
106050, -69.504646
106120, -69.309246
106190, -69.111198
106260, -68.910614
106330, -68.707595
106400, -68.502242
106470, -68.294655
106540, -68.084943
106610, -67.873216
106680, -67.659576
106750, -67.444127
106820, -67.226979
106890, -67.008250
106960, -66.788061
107030, -66.566512
107100, -66.343713
107170, -66.119781
107240, -65.894844
107310, -65.669011
107380, -65.442379
107450, -65.215060
107520, -64.987172
107590, -64.758839
107660, -64.530131
107730, -64.301139
107800, -64.071966
107870, -63.842725
107940, -63.613479
108010, -63.384283
108080, -63.155210
108150, -62.926350
108220, -62.697768
108290, -62.469462
108360, -62.241465
108430, -62.013831
108500, -61.786628
108570, -61.559795
108640, -61.333303
108710, -61.107155
108780, -60.881381
108850, -60.655923
108920, -60.430667
108990, -60.205545
109060, -59.980528
109130, -59.755593
109200, -59.530506
109270, -59.305105
109340, -59.079279
109410, -58.852957
109480, -58.625891
109550, -58.397776
109620, -58.168385
109690, -57.937541
109760, -57.705004
109830, -57.470272
109900, -57.232941
109970, -56.992677
110040, -56.749184
110110, -56.501679
110180, -56.249496
110250, -55.992049
110320, -55.728784
110390, -55.458503
110460, -55.180124
110530, -54.892634
110600, -54.594719
110670, -54.284512
110740, -53.960211
110810, -53.619866
110880, -53.260405
110950, -52.878734
111020, -52.471155
111090, -52.032619
111160, -51.557801
111230, -51.038925
111300, -50.467421
111370, -49.831180
111440, -49.115672
111510, -48.301647
111580, -47.363323
111650, -46.266640
111720, -44.965645
111790, -43.397689
111860, -41.475169
111930, -39.077853
112000, -36.041886
112070, -32.152425
112140, -27.156649
112210, -20.831506
112280, -13.160292
112350, -4.616786
112420, 3.682311
112490, 10.374614
112560, 14.618078
112630, 16.397556
112700, 16.202374
112770, 14.616371
112840, 12.121182
112910, 9.063429
112980, 5.679954
113050, 2.129544
113120, -1.482474
113190, -5.087699
113260, -8.642811
113330, -12.122337
113400, -15.512564
113470, -18.808867
113540, -22.012677
113610, -25.131103
113680, -28.177262
113750, -31.169622
113820, -34.132641
113890, -37.096778
113960, -40.097490
114030, -43.172462
114100, -46.355837
114170, -49.667863
114240, -53.098888
114310, -56.588593
114380, -60.008405
114450, -63.172319
114520, -65.884632
114590, -68.018616
114660, -69.561453
114730, -70.595044
114800, -71.240900
114870, -71.614247
114940, -71.804731
115010, -71.875210
115080, -71.867382
115150, -71.808162
115220, -71.714733
115290, -71.598040
115360, -71.465078
115430, -71.320347
115500, -71.166766
115570, -71.006251
115640, -70.840076
115710, -70.669098
115780, -70.493908
115850, -70.314925
115920, -70.132454
115990, -69.946726
116060, -69.757922
116130, -69.566188
116200, -69.371653
116270, -69.174435
116340, -68.974645
116410, -68.772390
116480, -68.567768
116550, -68.360880
116620, -68.151832
116690, -67.940733
116760, -67.727691
116830, -67.512805
116900, -67.296185
116970, -67.077945
117040, -66.858207
117110, -66.637077
117180, -66.414661
117250, -66.191076
117320, -65.966444
117390, -65.740889
117460, -65.514501
117530, -65.287389
117600, -65.059670
117670, -64.831467
117740, -64.602866
117810, -64.373951
117880, -64.144823
117950, -63.915590
118020, -63.686342
118090, -63.457123
118160, -63.228002
118230, -62.999065
118300, -62.770408
118370, -62.542021
118440, -62.313926
118510, -62.086173
118580, -61.858826
118650, -61.631872
118720, -61.405266
118790, -61.179002
118860, -60.953101
118930, -60.727565
119000, -60.502259
119070, -60.277103
119140, -60.052057
119210, -59.827111
119280, -59.602083
119350, -59.376789
119420, -59.151103
119490, -58.924941
119560, -58.698150
119630, -58.470398
119700, -58.241435
119770, -58.011071
119840, -57.779161
119910, -57.545197
119980, -57.308748
120050, -57.069462
120120, -56.827044
120190, -56.580860
120260, -56.330208
120330, -56.074477
120400, -55.813118
120470, -55.545129
120540, -55.269390
120610, -54.984868
120680, -54.690522
120750, -54.384453
120820, -54.064852
120890, -53.729919
120960, -53.376847
121030, -53.002562
121100, -52.603895
121170, -52.175868
121240, -51.713276
121310, -51.209236
121380, -50.655399
121450, -50.040925
121520, -49.352589
121590, -48.572104
121660, -47.676159
121730, -46.633839
121800, -45.403309
121870, -43.927504
121940, -42.128284
122010, -39.896794
122080, -37.083888
122150, -33.490815
122220, -28.873183
122290, -22.985432
122360, -15.717844
122430, -7.358575
122500, 1.168689
122570, 8.499112
122640, 13.556098
122710, 16.076796
122780, 16.441871
122850, 15.237392
122920, 12.986290
122990, 10.076398
123060, 6.775642
123130, 3.264486
123200, -0.336975
123270, -3.950070
123340, -7.524488
123410, -11.029948
123480, -14.449230
123550, -17.775405
123620, -21.007978
123690, -24.152259
123760, -27.219663
123830, -30.226800
123900, -33.196182
123970, -36.156416
124040, -39.141568
124110, -42.189056
124180, -45.335005
124250, -48.605531
124320, -52.002570
124390, -55.484508
124460, -58.944402
124530, -62.211548
124600, -65.085045
124670, -67.409065
124740, -69.133451
124810, -70.315778
124880, -71.070984
124950, -71.519555
125020, -71.759934
125090, -71.863017
125160, -71.876475
125230, -71.831282
125300, -71.747255
125370, -71.637016
125440, -71.508621
125510, -71.367237
125580, -71.216211
125650, -71.057728
125720, -70.893236
125790, -70.723703
125860, -70.549794
125930, -70.371975
126000, -70.190580
126070, -70.005862
126140, -69.818015
126210, -69.627194
126280, -69.433532
126350, -69.237151
126420, -69.038163
126490, -68.836678
126560, -68.632794
126630, -68.426612
126700, -68.218236
126770, -68.007774
126840, -67.795338
126910, -67.581025
126980, -67.364942
127050, -67.147202
127120, -66.927924
127190, -66.707224
127260, -66.485203
127330, -66.261975
127400, -66.037661
127470, -65.812387
127540, -65.586252
127610, -65.359356
127680, -65.131815
127750, -64.903751
127820, -64.675267
127890, -64.446441
127960, -64.217368
128030, -63.988156
128100, -63.758916
128170, -63.529686
128240, -63.300528
128310, -63.071524
128380, -62.842769
128450, -62.614286
128520, -62.386088
128590, -62.158215
128660, -61.930729
128730, -61.703658
128800, -61.476945
128870, -61.250573
128940, -61.024555
129010, -60.798926
129080, -60.573562
129150, -60.348367
129220, -60.123290
129290, -59.898313
129360, -59.673329
129430, -59.448132
129500, -59.222578
129570, -58.996571
129640, -58.770050
129710, -58.542654
129780, -58.314113
129850, -58.084221
129920, -57.852821
129990, -57.619532
130060, -57.383891
130130, -57.145522
130200, -56.904113
130270, -56.659189
130340, -56.410011
130410, -56.155941
130480, -55.896413
130550, -55.630636
130620, -55.357455
130690, -55.075812
130760, -54.784704
130830, -54.482478
130900, -54.167300
130970, -53.837369
131040, -53.490285
131110, -53.122974
131180, -52.732304
131250, -52.313903
131320, -51.862639
131390, -51.372433
131460, -50.835130
131530, -50.241059
131600, -49.577423
131670, -48.827730
131740, -47.970890
131810, -46.978850
131880, -45.813562
131950, -44.423006
132020, -42.736024
132090, -40.654722
132160, -38.043848
132230, -34.721078
132300, -30.454251
132370, -24.989178
132440, -18.150384
132510, -10.067596
132580, -1.455070
132650, 6.398579
132720, 12.240985
132790, 15.541076
132860, 16.523958
132930, 15.751686
133000, 13.781985
133070, 11.045696
133140, 7.845109
133210, 4.384902
133280, 0.801759
133350, -2.814182
133420, -6.404879
133490, -9.934461
133560, -13.382031
133630, -16.737898
133700, -19.999605
133770, -23.170660
133840, -26.260812
133910, -29.284859
133980, -32.263393
134050, -35.223124
134120, -38.196535
134190, -41.220332
134260, -44.331748
134330, -47.561307
134400, -50.920491
134470, -54.383769
134540, -57.866113
134610, -61.215386
134680, -64.233305
134750, -66.741389
134820, -68.652836
134890, -69.995058
134960, -70.871374
135030, -71.404674
135100, -71.701754
135170, -71.841997
135240, -71.879696
135310, -71.850416
135380, -71.776990
135450, -71.673968
135520, -71.550626
135590, -71.412904
135660, -71.264636
135730, -71.108318
135800, -70.945595
135870, -70.777567
135940, -70.604979
136010, -70.428349
136080, -70.248050
136150, -70.064355
136220, -69.877474
136290, -69.687574
136360, -69.494793
136430, -69.299256
136500, -69.101077
136570, -68.900367
136640, -68.697227
136710, -68.491758
136780, -68.284061
136850, -68.074244
136920, -67.862417
136990, -67.648683
137060, -67.433145
137130, -67.215914
137200, -66.997108
137270, -66.776848
137340, -66.555233
137410, -66.332373
137480, -66.108388
137550, -65.883402
137620, -65.657526
137690, -65.430857
137760, -65.203506
137830, -64.975592
137900, -64.747237
137970, -64.518512
138040, -64.289507
138110, -64.060328
138180, -63.831087
138250, -63.601843
138320, -63.372651
138390, -63.143587
138460, -62.914741
138530, -62.686171
138600, -62.457880
138670, -62.229900
138740, -62.002285
138810, -61.775106
138880, -61.548294
138950, -61.321821
139020, -61.095692
139090, -60.869938
139160, -60.644494
139230, -60.419246
139300, -60.194130
139370, -59.969117
139440, -59.744175
139510, -59.519072
139580, -59.293649
139650, -59.067797
139720, -58.841448
139790, -58.614336
139860, -58.386162
139930, -58.156701
140000, -57.925780
140070, -57.693139
140140, -57.458281
140210, -57.220806
140280, -56.980384
140350, -56.736693
140420, -56.488957
140490, -56.236514
140560, -55.978779
140630, -55.715167
140700, -55.444486
140770, -55.165657
140840, -54.877668
140910, -54.579159
140980, -54.268267
141050, -53.943190
141120, -53.601918
141190, -53.241375
141260, -52.858466
141330, -52.449399
141400, -52.009113
141470, -51.532261
141540, -51.010921
141610, -50.436483
141680, -49.796627
141750, -49.076570
141820, -48.256943
141890, -47.311548
141960, -46.205796
142030, -44.893050
142100, -43.309397
142170, -41.366025
142240, -38.940691
142310, -35.867075
142380, -31.927814
142450, -26.869185
142520, -20.473294
142590, -12.741493
142660, -4.179110
142730, 4.070024
142800, 10.651647
142870, 14.764420
142940, 16.429852
143010, 16.150519
143080, 14.507982
143150, 11.976968
143220, 8.897775
143290, 5.502532
143360, 1.946816
143430, -1.666229
143500, -5.269764
143570, -8.821617
143640, -12.296793
143710, -15.682394
143780, -18.973881
143850, -22.172927
143920, -25.287497
143990, -28.330649
144060, -31.321075
144130, -34.283548
144200, -37.248821
144270, -40.252527
144340, -43.332301
144410, -46.521863
144480, -49.840459
144550, -53.276602
144620, -56.766168
144690, -60.177834
144760, -63.322835
144830, -66.007611
144900, -68.110860
144970, -69.625194
145040, -70.636046
145110, -71.265453
145180, -71.627588
145250, -71.810668
145320, -71.876316
145390, -71.865329
145460, -71.804023
145530, -71.709190
145600, -71.591528
145670, -71.457876
145740, -71.312634
145810, -71.158660
145880, -70.997830
145950, -70.831392
146020, -70.660186
146090, -70.484793
146160, -70.305625
146230, -70.122981
146300, -69.937092
146370, -69.748133
146440, -69.556253
146510, -69.361577
146580, -69.164224
146650, -68.964305
146720, -68.761926
146790, -68.557185
146860, -68.350183
146930, -68.141027
147000, -67.929825
147070, -67.716686
147140, -67.501708
147210, -67.285002
147280, -67.066682
147350, -66.846870
147420, -66.625671
147490, -66.403193
147560, -66.179551
147630, -65.954869
147700, -65.729267
147770, -65.502840
147840, -65.275693
147910, -65.047946
147980, -64.819721
148050, -64.591103
148120, -64.362175
148190, -64.133038
148260, -63.903804
148330, -63.674555
148400, -63.445339
148470, -63.216225
148540, -62.987300
148610, -62.758654
148680, -62.530279
148750, -62.302200
148820, -62.074465
148890, -61.847141
148960, -61.620206
149030, -61.393618
149100, -61.167372
149170, -60.941491
149240, -60.715968
149310, -60.490670
149380, -60.265519
149450, -60.040477
149520, -59.815536
149590, -59.590501
149660, -59.365191
149730, -59.139483
149800, -58.913296
149870, -58.686461
149940, -58.458651
150010, -58.229619
150080, -57.999177
150150, -57.767182
150220, -57.533106
150290, -57.296523
150360, -57.057086
150430, -56.814502
150500, -56.568110
150570, -56.317216
150640, -56.061211
150710, -55.799551
150780, -55.531197
150850, -55.255038
150920, -54.970041
150990, -54.675125
151060, -54.368394
151130, -54.048040
151200, -53.712264
151270, -53.358187
151340, -52.982735
151410, -52.582664
151480, -52.152977
151550, -51.688449
151620, -51.182058
151690, -50.625420
151760, -50.007495
151830, -49.314984
151900, -48.529295
151970, -47.626740
152040, -46.575919
152110, -45.334355
152180, -43.844132
152250, -42.025602
152320, -39.768437
152390, -36.920819
152460, -33.281510
152530, -28.604361
152600, -22.646789
152670, -15.312454
152740, -6.916876
152810, 1.583824
152880, 8.818356
152950, 13.745218
153020, 16.143269
153090, 16.413845
153160, 15.144334
153230, 12.851340
153300, 9.915849
153370, 6.600586
153440, 3.082321
153510, -0.521301
153580, -4.133449
153650, -7.704993
153720, -11.206348
153790, -14.621107
153860, -17.942457
153930, -21.170154
154000, -24.310356
154070, -27.374421
154140, -30.379183
154210, -33.347481
154280, -36.308242
154350, -39.295762
154420, -42.347497
154490, -45.499289
154560, -48.776463
154630, -52.179406
154700, -55.663032
154770, -59.117617
154840, -62.369309
154910, -65.217621
154980, -67.511080
155050, -69.205690
155120, -70.363260
155190, -71.100091
155260, -71.535951
155330, -71.767877
155400, -71.865434
155470, -71.875287
155540, -71.827723
155610, -71.742111
155680, -71.630787
155750, -71.501627
155820, -71.359686
155890, -71.208235
155960, -71.049416
156030, -70.884647
156100, -70.714877
156170, -70.540758
156240, -70.362749
156310, -70.181179
156380, -69.996295
156450, -69.808293
156520, -69.617323
156590, -69.423519
156660, -69.227002
156730, -69.027883
156800, -68.826273
156870, -68.622269
156940, -68.415971
157010, -68.207486
157080, -67.996919
157150, -67.784385
157220, -67.569978
157290, -67.353807
157360, -67.135985
157430, -66.916632
157500, -66.695861
157570, -66.473775
157640, -66.250488
157710, -66.026121
157780, -65.800802
157850, -65.574625
157920, -65.347694
157990, -65.120123
158060, -64.892035
158130, -64.663531
158200, -64.434690
158270, -64.205607
158340, -63.976390
158410, -63.747148
158480, -63.517918
158550, -63.288766
158620, -63.059772
158690, -62.831031
158760, -62.602563
158830, -62.374381
158900, -62.146527
158970, -61.919062
159040, -61.692010
159110, -61.465313
159180, -61.238958
159250, -61.012958
159320, -60.787350
159390, -60.561999
159460, -60.336813
159530, -60.111743
159600, -59.886771
159670, -59.661780
159740, -59.436567
159810, -59.210990
159880, -58.984958
159950, -58.758392
160020, -58.530937
160090, -58.302327
160160, -58.072357
160230, -57.840873
160300, -57.607473
160370, -57.371701
160440, -57.133182
160510, -56.891609
160580, -56.646480
160650, -56.397061
160720, -56.142721
160790, -55.882896
160860, -55.616759
160930, -55.343163
161000, -55.061053
161070, -54.769427
161140, -54.466584
161210, -54.150693
161280, -53.819955
161350, -53.471905
161420, -53.103468
161490, -52.711507
161560, -52.291552
161630, -51.838460
161700, -51.346022
161770, -50.806052
161840, -50.208692
161910, -49.541074
161980, -48.786421
162050, -47.923283
162120, -46.923150
162190, -45.747364
162260, -44.343092
162330, -42.638097
162400, -40.532655
162470, -37.889300
162540, -34.523028
162610, -30.199420
162680, -24.664779
162750, -17.753755
162820, -9.619512
162890, -1.011830
162960, 6.764113
163030, 12.479189
163100, 15.647439
163170, 16.523399
163240, 15.675380
163310, 13.655969
163380, 10.888783
163450, 7.670177
163520, 4.200586
163590, 0.613837
163660, -3.002031
163730, -6.590185
163800, -10.115889
163870, -13.558895
163940, -16.909884
164010, -20.166592
164080, -23.333347
164150, -26.419838
164220, -29.441091
164290, -32.418031
164360, -35.377721
164430, -38.352924
164500, -41.380463
164570, -44.497408
164640, -47.733667
164710, -51.099416
164780, -54.566361
164850, -58.046062
164920, -61.383286
164990, -64.378358
165060, -66.856274
165130, -68.736435
165200, -70.051382
165270, -70.906756
165340, -71.425290
165410, -71.712444
165480, -71.846172
165550, -71.879620
165620, -71.847554
165690, -71.772276
165760, -71.667997
165830, -71.543779
165900, -71.405425
165970, -71.256684
166040, -71.099996
166110, -70.936973
166180, -70.768690
166250, -70.595880
166320, -70.419051
166390, -70.238569
166460, -70.054703
166530, -69.867662
166600, -69.677608
166670, -69.484681
166740, -69.289003
166810, -69.090689
166880, -68.889850
166950, -68.686587
167020, -68.480999
167090, -68.273189
167160, -68.063264
167230, -67.851336
167300, -67.637506
167370, -67.421876
167440, -67.204560
167510, -66.985675
167580, -66.765342
167650, -66.543659
167720, -66.320737
167790, -66.096696
167860, -65.871663
167930, -65.645743
168000, -65.419035
168070, -65.191651
168140, -64.963712
168210, -64.735335
168280, -64.506592
168350, -64.277575
168420, -64.048389
168490, -63.819148
168560, -63.589906
168630, -63.360719
168700, -63.131665
168770, -62.902833
168840, -62.674277
168910, -62.446000
168980, -62.218037
169050, -61.990442
169120, -61.763282
169190, -61.536486
169260, -61.310029
169330, -61.083919
169400, -60.858185
169470, -60.632753
169540, -60.407513
169610, -60.182403
169680, -59.957396
169750, -59.732446
169820, -59.507326
169890, -59.281881
169960, -59.056003
170030, -58.829625
170100, -58.602466
170170, -58.374231
170240, -58.144698
170310, -57.913698
170380, -57.680949
170450, -57.445961
170520, -57.208338
170590, -56.967752
170660, -56.723857
170730, -56.475881
170800, -56.223168
170870, -55.965136
170940, -55.701166
171010, -55.430071
171080, -55.150777
171150, -54.862272
171220, -54.563148
171290, -54.251547
171360, -53.925668
171430, -53.583435
171500, -53.221775
171570, -52.837585
171640, -52.426977
171710, -51.984879
171780, -51.505859
171850, -50.981914
171920, -50.404308
171990, -49.760593
172060, -49.035714
172130, -48.210168
172200, -47.257315
172270, -46.142010
172340, -44.816891
172410, -43.216713
172480, -41.251393
172550, -38.796584
172620, -35.683195
172690, -31.691411
172760, -26.567037
172830, -20.098025
172900, -12.303696
172970, -3.724130
173040, 4.469301
173110, 10.933250
173180, 14.910547
173250, 16.459092
173320, 16.094019
173390, 14.394072
173460, 11.826774
173530, 8.725904
173600, 5.318854
173670, 1.757940
173740, -1.856046
173810, -5.457664
173880, -9.005991
173950, -12.476558
174020, -15.857279
174090, -19.143715
174160, -22.338232
174230, -25.448869
174300, -28.488863
174370, -31.477229
174440, -34.439101
174510, -37.405547
174580, -40.412387
174650, -43.497200
174720, -46.693254
174790, -50.018735
174860, -53.460115
174930, -56.949449
175000, -60.352480
175070, -63.477653
175140, -66.133752
175210, -68.204954
175280, -69.689970
175350, -70.677604
175420, -71.290286
175490, -71.641047
175560, -71.816623
175630, -71.877374
175700, -71.863186
175770, -71.799763
175840, -71.703504
175910, -71.584857
175980, -71.450503
176050, -71.304741
176120, -71.150367
176190, -70.989215
176260, -70.822508
176330, -70.651069
176400, -70.475468
176470, -70.296111
176540, -70.113292
176610, -69.927237
176680, -69.738121
176750, -69.546091
176820, -69.351271
176890, -69.153781
176960, -68.953730
177030, -68.751224
177100, -68.546362
177170, -68.339244
177240, -68.129978
177310, -67.918672
177380, -67.705433
177450, -67.490362
177520, -67.273568
177590, -67.055166
177660, -66.835279
177730, -66.614011
177800, -66.391468
177870, -66.167768
177940, -65.943035
178010, -65.717388
178080, -65.490919
178150, -65.263738
178220, -65.035962
178290, -64.807716
178360, -64.579080
178430, -64.350138
178500, -64.120994
178570, -63.891757
178640, -63.662509
178710, -63.433296
178780, -63.204189
178850, -62.975276
178920, -62.746642
178990, -62.518281
179060, -62.290217
179130, -62.062501
179200, -61.835200
179270, -61.608285
179340, -61.381715
179410, -61.155488
179480, -60.929628
179550, -60.704117
179620, -60.478826
179690, -60.253681
179760, -60.028643
179830, -59.803707
179900, -59.578665
179970, -59.353339
180040, -59.127609
180110, -58.901396
180180, -58.674516
180250, -58.446645
180320, -58.217542
180390, -57.987021
180460, -57.754919
180530, -57.520713
180600, -57.283983
180670, -57.044383
180740, -56.801622
180810, -56.555013
180880, -56.303866
180950, -56.047578
181020, -55.785607
181090, -55.516877
181160, -55.240283
181230, -54.954798
181300, -54.659294
181370, -54.351881
181440, -54.030752
181510, -53.694107
181580, -53.338994
181650, -52.962340
181720, -52.560812
181790, -52.129404
181860, -51.662874
181930, -51.154051
182000, -50.594517
182070, -49.973025
182140, -49.276067
182210, -48.484886
182280, -47.575392
182350, -46.515671
182420, -45.262570
182490, -43.757285
182560, -41.918588
182630, -39.634304
182700, -36.750160
182770, -33.062233
182840, -28.322608
182910, -22.291890
182980, -14.887980
183050, -6.456278
183120, 2.012276
183190, 9.144559
183260, 13.935510
183330, 16.207137
183400, 16.380971
183470, 15.045130
183540, 12.709511
183610, 9.748038
183680, 6.418094
183750, 2.892733
183820, -0.713000
183890, -4.324006
183960, -7.892493
184030, -11.389479
184100, -14.799439
184170, -18.115693
184240, -21.338608
184310, -24.474591
184380, -27.535132
184450, -30.537368
184520, -33.504505
184590, -36.465815
184660, -39.455835
184730, -42.512060
184800, -45.670027
184870, -48.954214
184940, -52.363353
185010, -55.848711
185080, -59.297600
185150, -62.532616
185220, -65.354371
185290, -67.615947
185360, -69.279726
185430, -70.411807
185500, -71.129788
185570, -71.552637
185640, -71.775920
185710, -71.867826
185780, -71.873992
185850, -71.824001
185920, -71.736764
185990, -71.624328
186060, -71.494383
186130, -71.351868
186200, -71.199981
186270, -71.040816
186340, -70.875760
186410, -70.705746
186480, -70.531411
186550, -70.353205
186620, -70.171453
186690, -69.986400
186760, -69.798237
186830, -69.607113
186900, -69.413163
186970, -69.216504
187040, -69.017251
187110, -68.815511
187180, -68.611383
187250, -68.404967
187320, -68.196368
187390, -67.985695
187460, -67.773058
187530, -67.558555
187600, -67.342293
187670, -67.124387
187740, -66.904956
187810, -66.684113
187880, -66.461960
187950, -66.238613
188020, -66.014192
188090, -65.788826
188160, -65.562607
188230, -65.335639
188300, -65.108038
188370, -64.879926
188440, -64.651402
188510, -64.422545
188580, -64.193452
188650, -63.964231
188720, -63.734987
188790, -63.505758
188860, -63.276611
188930, -63.047628
189000, -62.818903
189070, -62.590450
189140, -62.362285
189210, -62.134451
189280, -61.907009
189350, -61.679975
189420, -61.453296
189490, -61.226958
189560, -61.000978
189630, -60.775392
189700, -60.550055
189770, -60.324878
189840, -60.099815
189910, -59.874849
189980, -59.649851
190050, -59.424621
190120, -59.199022
190190, -58.972963
190260, -58.746351
190330, -58.518837
190400, -58.290155
190470, -58.060105
190540, -57.828535
190610, -57.595021
190680, -57.359112
190750, -57.120439
190820, -56.878696
190890, -56.633354
190960, -56.383689
191030, -56.129070
191100, -55.868937
191170, -55.602430
191240, -55.328404
191310, -55.045811
191380, -54.753650
191450, -54.450170
191520, -54.133543
191590, -53.801971
191660, -53.452922
191730, -53.083321
191800, -52.690025
191870, -52.268464
191940, -51.813481
192010, -51.318734
192080, -50.776006
192150, -50.175243
192220, -49.503506
192290, -48.743718
192360, -47.874062
192430, -46.865550
192500, -45.678893
192570, -44.260418
192640, -42.536774
192710, -40.406343
192780, -37.729378
192850, -34.318054
192920, -29.935727
192990, -24.329568
193060, -17.344534
193130, -9.159587
193200, -0.559921
193270, 7.131784
193340, 12.714725
193410, 15.748823
193480, 16.517051
193550, 15.593115
193620, 13.524050
193690, 10.726096
193760, 7.489612
193830, 4.010814
193900, 0.420647
193970, -3.194959
194040, -6.780598
194110, -10.302237
194180, -13.740563
194250, -17.086442
194320, -20.338145
194390, -23.500425
194460, -26.583053
194530, -29.601342
194600, -32.576584
194670, -35.536206
194740, -38.513261
194810, -41.544691
194880, -44.667389
194950, -47.910612
195020, -51.283155
195090, -54.753436
195160, -58.230113
195230, -61.553884
195300, -64.525025
195370, -66.971924
195440, -68.820244
195510, -70.107636
195580, -70.941955
195650, -71.445690
195720, -71.722915
195790, -71.850128
195860, -71.879327
195930, -71.844473
196000, -71.767340
196070, -71.661801
196140, -71.536702
196210, -71.397713
196280, -71.248494
196350, -71.091432
196420, -70.928104
196490, -70.759564
196560, -70.586527
196630, -70.409495
196700, -70.228826
196770, -70.044785
196840, -69.857579
196910, -69.667368
196980, -69.474291
197050, -69.278469
197120, -69.080018
197190, -68.879047
197260, -68.675657
197330, -68.469947
197400, -68.262022
197470, -68.051987
197540, -67.839955
197610, -67.626026
197680, -67.410303
197750, -67.192900
197820, -66.973935
197890, -66.753526
197960, -66.531774
198030, -66.308789
198100, -66.084692
198170, -65.859609
198240, -65.633644
198310, -65.406897
198380, -65.179481
198450, -64.951516
198520, -64.723116
198590, -64.494356
198660, -64.265327
198730, -64.036135
198800, -63.806894
198870, -63.577654
198940, -63.348473
199010, -63.119428
199080, -62.890611
199150, -62.662070
199220, -62.433808
199290, -62.205863
199360, -61.978290
199430, -61.751147
199500, -61.524368
199570, -61.297927
199640, -61.071835
199710, -60.846122
199780, -60.620704
199850, -60.395473
199920, -60.170368
199990, -59.945367
200060, -59.720410
200130, -59.495274
200200, -59.269806
200270, -59.043902
200340, -58.817496
200410, -58.590289
200480, -58.361992
200550, -58.132386
200620, -57.901305
200690, -57.668446
200760, -57.433325
200830, -57.195550
200900, -56.954797
200970, -56.710693
201040, -56.462473
201110, -56.209484
201180, -55.951148
201250, -55.686811
201320, -55.415292
201390, -55.135521
201460, -54.846488
201530, -54.546734
201600, -54.234407
201670, -53.907705
201740, -53.564489
201810, -53.201683
201880, -52.816179
201950, -52.403991
202020, -51.960036
202090, -51.478750
202160, -50.952100
202230, -50.371161
202300, -49.723414
202370, -48.993515
202440, -48.161787
202510, -47.201166
202580, -46.075925
202650, -44.737948
202720, -43.120603
202790, -41.132496
202860, -38.647098
202930, -35.492455
203000, -31.446243
203070, -26.253852
203140, -19.709465
203210, -11.853531
203280, -3.260078
203350, 4.872154
203420, 11.213776
203490, 15.052360
203560, 16.482636
203630, 16.031422
203700, 14.274035
203770, 11.670546
203840, 8.548140
203910, 5.129445
203980, 1.563509
204050, -2.051239
204120, -5.650809
204190, -9.195425
204260, -12.661510
204330, -16.037185
204400, -19.318418
204470, -22.508258
204540, -25.614757
204610, -28.651409
204680, -31.637587
204750, -34.598805
204820, -37.566461
204890, -40.576562
204960, -43.666626
205030, -46.869443
205100, -50.202071
205170, -53.648076
205240, -57.136758
205310, -60.529788
205380, -63.634087
205450, -66.260649
205520, -68.299216
205590, -69.754610
205660, -70.718912
205730, -71.314847
205800, -71.654243
205870, -71.822329
205940, -71.878192
206010, -71.860807
206080, -71.795269
206150, -71.697584
206220, -71.577949
206290, -71.442888
206360, -71.296603
206430, -71.141824
206500, -70.980347
206570, -70.813366
206640, -70.641691
206710, -70.465879
206780, -70.286328
206850, -70.103329
206920, -69.917105
206990, -69.727829
207060, -69.535644
207130, -69.340678
207200, -69.143046
207270, -68.942860
207340, -68.740225
207410, -68.535238
207480, -68.328002
207550, -68.118623
207620, -67.907210
207690, -67.693869
207760, -67.478702
207830, -67.261818
207900, -67.043334
207970, -66.823370
208040, -66.602031
208110, -66.379423
208180, -66.155664
208250, -65.930878
208320, -65.705183
208390, -65.478673
208460, -65.251457
208530, -65.023652
208600, -64.795384
208670, -64.566730
208740, -64.337776
208810, -64.108623
208880, -63.879385
208950, -63.650137
209020, -63.420927
209090, -63.191829
209160, -62.962929
209230, -62.734307
209300, -62.505959
209370, -62.277912
209440, -62.050216
209510, -61.822940
209580, -61.596045
209650, -61.369494
209720, -61.143287
209790, -60.917448
209860, -60.691950
209930, -60.466668
210000, -60.241528
210070, -60.016496
210140, -59.791565
210210, -59.566515
210280, -59.341173
210350, -59.115420
210420, -58.889181
210490, -58.662254
210560, -58.434323
210630, -58.205147
210700, -57.974545
210770, -57.742333
210840, -57.507995
210910, -57.271113
210980, -57.031345
211050, -56.788404
211120, -56.541572
211190, -56.290166
211260, -56.033588
211330, -55.771297
211400, -55.502182
211470, -55.225143
211540, -54.939156
211610, -54.643048
211680, -54.334935
211750, -54.013011
211820, -53.675473
211890, -53.319297
211960, -52.941408
212030, -52.538383
212100, -52.105208
212170, -51.636619
212240, -51.125298
212310, -50.562789
212380, -49.937629
212450, -49.236060
212520, -48.439200
212590, -47.522540
212660, -46.453632
212730, -45.188628
212800, -43.667808
212870, -41.808312
212940, -39.495962
213010, -36.574078
213080, -32.835979
213150, -28.032344
213220, -21.926686
213290, -14.452401
213360, -5.987660
213430, 2.444798
213500, 9.469247
213570, 14.121049
213640, 16.265253
213710, 16.342538
213780, 14.940859
213850, 12.563072
213920, 9.576018
213990, 6.231717
214060, 2.699526
214130, -0.908151
214200, -4.517818
214270, -8.083058
214340, -11.575639
214410, -14.980651
214480, -18.291637
214550, -21.509784
214620, -24.641449
214690, -27.698351
214760, -30.697977
214830, -33.663918
214900, -36.625802
214970, -39.618412
215040, -42.679283
215110, -45.843629
215180, -49.135043
215250, -52.549952
215320, -56.036789
215390, -59.479388
215460, -62.697086
215530, -65.491628
215600, -67.720828
215670, -69.353525
215740, -70.460057
215810, -71.159216
215880, -71.569101
215950, -71.783781
216020, -71.870064
216090, -71.872559
216160, -71.820150
216230, -71.731294
216300, -71.617747
216370, -71.487017
216440, -71.343927
216510, -71.191602
216580, -71.032089
216650, -70.866746
216720, -70.696484
216790, -70.521931
216860, -70.343527
216930, -70.161592
217000, -69.976367
217070, -69.788041
217140, -69.596762
217210, -69.402663
217280, -69.205862
217350, -69.006473
217420, -68.804603
217490, -68.600349
217560, -68.393813
217630, -68.185100
217700, -67.974318
217770, -67.761578
217840, -67.546978
217910, -67.330625
217980, -67.112633
218050, -66.893124
218120, -66.672207
218190, -66.449988
218260, -66.226579
218330, -66.002104
218400, -65.776691
218470, -65.550430
218540, -65.323426
218610, -65.095794
218680, -64.867659
218750, -64.639114
218820, -64.410242
218890, -64.181139
218960, -63.951915
219030, -63.722668
219100, -63.493442
219170, -63.264301
219240, -63.035328
219310, -62.806620
219380, -62.578183
219450, -62.350035
219520, -62.122221
219590, -61.894803
219660, -61.667789
219730, -61.441128
219800, -61.214808
219870, -60.988847
219940, -60.763274
220010, -60.537945
220080, -60.312774
220150, -60.087714
220220, -59.862754
220290, -59.637748
220360, -59.412502
220430, -59.186880
220500, -58.960795
220570, -58.734138
220640, -58.506563
220710, -58.277809
220780, -58.047680
220850, -57.816024
220920, -57.582396
220990, -57.346350
221060, -57.107522
221130, -56.865608
221200, -56.620053
221270, -56.370137
221340, -56.115237
221410, -55.854794
221480, -55.587912
221550, -55.313453
221620, -55.030372
221690, -54.737670
221760, -54.433545
221830, -54.116173
221900, -53.783758
221970, -53.433697
222040, -53.062918
222110, -52.668270
222180, -52.245081
222250, -51.788183
222320, -51.291097
222390, -50.745573
222460, -50.141359
222530, -49.465446
222600, -48.700452
222670, -47.824184
222740, -46.807172
222810, -45.609486
222880, -44.176599
222950, -42.434035
223020, -40.278261
223090, -37.567227
223160, -34.110264
223230, -29.668536
223300, -23.991024
223370, -16.932252
223440, -8.698131
223510, -0.110872
223580, 7.493461
223650, 12.942645
223720, 15.843280
223790, 16.505276
223860, 15.506849
223930, 13.389208
224000, 10.561243
224070, 7.307398
224140, 3.819744
224210, 0.226293
224280, -3.388859
224350, -6.971808
224420, -10.489238
224490, -13.922767
224560, -17.263443
224630, -20.510327
224700, -23.668123
224770, -26.746828
224840, -29.762098
224910, -32.735612
224980, -35.695173
225050, -38.674126
225120, -41.709533
225190, -44.838104
225260, -48.088420
225330, -51.467514
225400, -54.940999
225470, -58.414430
225540, -61.724391
225610, -64.671193
225680, -67.086794
225750, -68.903069
225820, -70.163014
225890, -70.976491
225960, -71.465628
226030, -71.733075
226100, -71.853877
226170, -71.878894
226240, -71.841296
226310, -71.762335
226380, -71.655553
226450, -71.529584
226520, -71.389965
226590, -71.240272
226660, -71.082839
226730, -70.919208
226800, -70.750410
226870, -70.577148
226940, -70.399913
227010, -70.219057
227080, -70.034842
227150, -69.847471
227220, -69.657103
227290, -69.463876
227360, -69.267911
227430, -69.069322
227500, -68.868219
227570, -68.664702
227640, -68.458871
227710, -68.250830
227780, -68.040685
227850, -67.828549
227920, -67.614521
227990, -67.398706
228060, -67.181217
228130, -66.962171
228200, -66.741687
228270, -66.519865
228340, -66.296818
228410, -66.072665
228480, -65.847532
228550, -65.621523
228620, -65.394738
228690, -65.167289
228760, -64.939298
228830, -64.710877
228900, -64.482099
228970, -64.253058
229040, -64.023861
229110, -63.794621
229180, -63.565384
229250, -63.336209
229320, -63.107174
229390, -62.878373
229460, -62.649846
229530, -62.421600
229600, -62.193673
229670, -61.966122
229740, -61.738997
229810, -61.512234
229880, -61.285811
229950, -61.059737
230020, -60.834046
230090, -60.608641
230160, -60.383419
230230, -60.158322
230300, -59.933326
230370, -59.708362
230440, -59.483211
230510, -59.257721
230580, -59.031790
230650, -58.805356
230720, -58.578102
230790, -58.349744
230860, -58.120065
230930, -57.888903
231000, -57.655934
231070, -57.420681
231140, -57.182755
231210, -56.941835
231280, -56.697522
231350, -56.449058
231420, -56.195794
231490, -55.937154
231560, -55.672450
231630, -55.400508
231700, -55.120260
231770, -54.830698
231840, -54.530315
231910, -54.217262
231980, -53.889738
232050, -53.545537
232120, -53.181584
232190, -52.794765
232260, -52.380996
232330, -51.935182
232400, -51.451627
232470, -50.922268
232540, -50.337990
232610, -49.686205
232680, -48.951276
232750, -48.113169
232820, -47.144606
232890, -46.009255
232960, -44.658228
233030, -43.023483
233100, -41.012299
233170, -38.495948
233240, -35.299587
233310, -31.198395
233380, -25.937420
233450, -19.317692
233520, -11.401553
233590, -2.798589
233660, 5.268096
233730, 11.484977
233800, 15.185453
233870, 16.499375
233940, 15.964057
234010, 14.150826
234080, 11.512287
234150, 8.369123
234220, 4.939301
234290, 1.368649
234360, -2.246632
234430, -5.844146
234500, -9.384936
234570, -12.846412
234640, -16.216931
234710, -19.493262
234780, -22.678425
234850, -25.780699
234920, -28.813914
234990, -31.797834
235060, -34.758363
235130, -37.727227
235200, -40.740624
235270, -43.836002
235340, -47.045658
235410, -50.385339
235480, -53.835911
235550, -57.323792
235620, -60.706254
235690, -63.789251
235760, -66.386044
235830, -68.392014
235900, -69.818028
235970, -70.759307
236040, -71.338771
236110, -71.667010
236180, -71.827747
236250, -71.878816
236320, -71.858294
236390, -71.790678
236460, -71.691589
236530, -71.570982
236600, -71.435224
236670, -71.288421
236740, -71.133242
236810, -70.971441
236880, -70.804189
236950, -70.632277
237020, -70.456254
237090, -70.276510
237160, -70.093332
237230, -69.906938
237300, -69.717501
237370, -69.525163
237440, -69.330050
237510, -69.132277
237580, -68.931956
237650, -68.729191
237720, -68.524080
237790, -68.316725
237860, -68.107233
237930, -67.895713
238000, -67.682271
238070, -67.467008
238140, -67.250035
238210, -67.031467
238280, -66.811427
238350, -66.590017
238420, -66.367343
238490, -66.143526
238560, -65.918689
238630, -65.692947
238700, -65.466395
238770, -65.239144
238840, -65.011311
238910, -64.783022
238980, -64.554350
239050, -64.325383
239120, -64.096223
239190, -63.866984
239260, -63.637737
239330, -63.408531
239400, -63.179441
239470, -62.950555
239540, -62.721946
239610, -62.493612
239680, -62.265582
239750, -62.037906
239820, -61.810655
239890, -61.583781
239960, -61.357250
240030, -61.131063
240100, -60.905246
240170, -60.679762
240240, -60.454489
240310, -60.229356
240380, -60.004329
240450, -59.779405
240520, -59.554348
240590, -59.328990
240660, -59.103215
240730, -58.876951
240800, -58.649979
240870, -58.421987
240940, -58.192739
241010, -57.962057
241080, -57.729736
241150, -57.495266
241220, -57.258233
241290, -57.018299
241360, -56.775178
241430, -56.528124
241500, -56.276461
241570, -56.019593
241640, -55.756984
241710, -55.487485
241780, -55.210002
241850, -54.923516
241920, -54.626806
241990, -54.317994
242060, -53.995277
242130, -53.656831
242200, -53.299582
242270, -52.920449
242340, -52.515921
242410, -52.080971
242480, -51.610318
242550, -51.096492
242620, -50.530998
242690, -49.902162
242760, -49.195968
242830, -48.393413
242900, -47.469566
242970, -46.391444
243040, -45.114501
243110, -43.578100
243180, -41.697747
243250, -39.357257
243320, -36.397559
243390, -32.609239
243460, -27.741763
243530, -21.562859
243600, -14.021951
243670, -5.527175
243740, 2.864498
243810, 9.780482
243880, 14.295664
243950, 16.316132
244020, 16.300312
244090, 14.835390
244160, 12.417203
244230, 9.405736
244300, 6.047824
244370, 2.509257
244440, -1.100104
244510, -4.708399
244580, -8.270335
244650, -11.758656
244720, -15.158726
244790, -18.464834
244860, -21.678252
244930, -24.805537
245000, -27.858723
245070, -30.855674
245140, -33.820368
245210, -36.782785
245280, -39.777952
245350, -42.843431
245420, -46.014112
245490, -49.312654
245560, -52.733068
245630, -56.221215
245700, -59.656547
245770, -62.856681
245840, -65.624280
245910, -67.821794
245980, -69.424316
246050, -70.506191
246120, -71.187257
246190, -71.584709
246260, -71.791146
246330, -71.872044
246400, -71.871022
246470, -71.816295
246540, -71.725884
246610, -71.611269
246680, -71.479783
246750, -71.336138
246820, -71.183389
246890, -71.023540
246960, -70.857917
247030, -70.687416
247100, -70.512650
247170, -70.334053
247240, -70.151940
247310, -69.966547
247380, -69.778062
247450, -69.586632
247520, -69.392388
247590, -69.195448
247660, -68.995926
247730, -68.793928
247800, -68.589552
247870, -68.382899
247940, -68.174075
248010, -67.963187
248080, -67.750347
248150, -67.535651
248220, -67.319209
248290, -67.101135
248360, -66.881549
248430, -66.660562
248500, -66.438276
248570, -66.214809
248640, -65.990282
248710, -65.764821
248780, -65.538518
248850, -65.311478
248920, -65.083816
248990, -64.855658
249060, -64.627095
249130, -64.398208
249200, -64.169096
249270, -63.939869
249340, -63.710621
249410, -63.481397
249480, -63.252262
249550, -63.023301
249620, -62.794610
249690, -62.566189
249760, -62.338059
249830, -62.110264
249900, -61.882870
249970, -61.655875
250040, -63.338762
250110, -64.763734
250180, -65.977361
250250, -67.014537
250320, -67.901796
250390, -68.660246
250460, -69.307447
250530, -69.858478
250600, -70.326439
250670, -70.722728
250740, -71.057263
250810, -71.338628
250880, -71.574200
250950, -71.770320
251020, -71.932422
251090, -72.065149
251160, -72.172464
251230, -72.257753
251300, -72.323911
251370, -72.373419
251440, -72.408403
251510, -72.430689
251580, -72.441845
251650, -72.443225
251720, -72.435999
251790, -72.421176
251860, -72.399636
251930, -72.372141
252000, -72.339357
252070, -72.301867
252140, -72.260179
252210, -72.214743
252280, -72.165953
252350, -72.114159
252420, -72.059670
252490, -72.002761
252560, -71.943677
252630, -71.882634
252700, -71.819825
252770, -71.755427
252840, -71.689597
252910, -71.622479
252980, -71.554205
253050, -71.484891
253120, -71.414649
253190, -71.343575
253260, -71.271763
253330, -71.199296
253400, -71.126252
253470, -71.052702
253540, -70.978714
253610, -70.904348
253680, -70.829654
253750, -70.754683
253820, -70.679484
253890, -70.604101
253960, -70.528580
254030, -70.452963
254100, -70.377288
254170, -70.301593
254240, -70.225915
254310, -70.150288
254380, -70.074744
254450, -69.999314
254520, -69.924028
254590, -69.848903
254660, -69.773959
254730, -69.699217
254800, -69.624698
254870, -69.550424
254940, -69.476417
255010, -69.402698
255080, -69.329287
255150, -69.256204
255220, -69.183469
255290, -69.111099
255360, -69.039113
255430, -68.967528
255500, -68.896355
255570, -68.825595
255640, -68.755257
255710, -68.685349
255780, -68.615881
255850, -68.546866
255920, -68.478314
255990, -68.410238
256060, -68.342649
256130, -68.275560
256200, -68.208981
256270, -68.142924
256340, -68.077399
256410, -68.012418
256480, -67.947990
256550, -67.884110
256620, -67.820774
256690, -67.757980
256760, -67.695730
256830, -67.634030
256900, -67.572885
256970, -67.512299
257040, -67.452281
257110, -67.392838
257180, -67.333975
257250, -67.275700
257320, -67.218021
257390, -67.160944
257460, -67.104475
257530, -67.048622
257600, -66.993389
257670, -66.938782
257740, -66.884784
257810, -66.831386
257880, -66.778583
257950, -66.726373
258020, -66.674757
258090, -66.623736
258160, -66.573315
258230, -66.523495
258300, -66.474282
258370, -66.425680
258440, -66.377693
258510, -66.330326
258580, -66.283583
258650, -66.237470
258720, -66.191989
258790, -66.147146
258860, -66.102945
258930, -66.059390
259000, -66.016484
259070, -65.974231
259140, -65.932621
259210, -65.891638
259280, -65.851271
259350, -65.811514
259420, -65.772365
259490, -65.733821
259560, -65.695884
259630, -65.658554
259700, -65.621834
259770, -65.585725
259840, -65.550230
259910, -65.515352
259980, -65.481093
260050, -65.447457
260120, -65.414445
260190, -65.382061
260260, -65.350307
260330, -65.319185
260400, -65.288698
260470, -65.258847
260540, -65.229633
260610, -65.201060
260680, -65.173127
260750, -65.145837
260820, -65.119189
260890, -65.093186
260960, -65.067826
261030, -65.043111
261100, -65.019041
261170, -64.995615
261240, -64.972829
261310, -64.950667
261380, -64.929117
261450, -64.908169
261520, -64.887818
261590, -64.868059
261660, -64.848889
261730, -64.830304
261800, -64.812303
261870, -64.794884
261940, -64.778046
262010, -64.761785
262080, -64.746101
262150, -64.730991
262220, -64.716455
262290, -64.702488
262360, -64.689089
262430, -64.676256
262500, -64.663984
262570, -64.652272
262640, -64.641116
262710, -64.630511
262780, -64.620454
262850, -64.610941
262920, -64.601967
262990, -64.593527
263060, -64.585617
263130, -64.578231
263200, -64.571363
263270, -64.565009
263340, -64.559160
263410, -64.553812
263480, -64.548958
263550, -64.544590
263620, -64.540702
263690, -64.537287
263760, -64.534336
263830, -64.531842
263900, -64.529797
263970, -64.528193
264040, -64.527022
264110, -64.526274
264180, -64.525941
264250, -64.526014
264320, -64.526483
264390, -64.527340
264460, -64.528575
264530, -64.530178
264600, -64.532140
264670, -64.534450
264740, -64.537099
264810, -64.540076
264880, -64.543371
264950, -64.546974
265020, -64.550874
265090, -64.555062
265160, -64.559526
265230, -64.564256
265300, -64.569242
265370, -64.574472
265440, -64.579937
265510, -64.585625
265580, -64.591526
265650, -64.597629
265720, -64.603925
265790, -64.610402
265860, -64.617050
265930, -64.623859
266000, -64.630818
266070, -64.637917
266140, -64.645146
266210, -64.652495
266280, -64.659954
266350, -64.667514
266420, -64.675165
266490, -64.682896
266560, -64.690700
266630, -64.698566
266700, -64.706486
266770, -64.714451
266840, -64.722451
266910, -64.730479
266980, -64.738527
267050, -64.746585
267120, -64.754646
267190, -64.762703
267260, -64.770747
267330, -64.778772
267400, -64.786770
267470, -64.794734
267540, -64.802658
267610, -64.810535
267680, -64.818359
267750, -64.826123
267820, -64.833822
267890, -64.841451
267960, -64.849004
268030, -64.856475
268100, -64.863860
268170, -64.871155
268240, -64.878354
268310, -64.885453
268380, -64.892448
268450, -64.899336
268520, -64.906113
268590, -64.912775
268660, -64.919319
268730, -64.925742
268800, -64.932042
268870, -64.938215
268940, -64.944260
269010, -64.950174
269080, -64.955955
269150, -64.961602
269220, -64.967113
269290, -64.972485
269360, -64.977719
269430, -64.982813
269500, -64.987766
269570, -64.992578
269640, -64.997247
269710, -65.001773
269780, -65.006155
269850, -65.010389
269920, -65.014475
269990, -65.018409
270060, -65.022193
270130, -65.025827
270200, -65.029310
270270, -65.032643
270340, -65.035828
270410, -65.038866
270480, -65.041759
270550, -65.044507
270620, -65.047112
270690, -65.049577
270760, -65.051903
270830, -65.054092
270900, -65.056147
270970, -65.058069
271040, -65.059860
271110, -65.061524
271180, -65.063061
271250, -65.064476
271320, -65.065769
271390, -65.066943
271460, -65.068001
271530, -65.068946
271600, -65.069779
271670, -65.070504
271740, -65.071123
271810, -65.071639
271880, -65.072054
271950, -65.072371
272020, -65.072592
272090, -65.072721
272160, -65.072760
272230, -65.072711
272300, -65.072577
272370, -65.072361
272440, -65.072065
272510, -65.071693
272580, -65.071246
272650, -65.070728
272720, -65.070140
272790, -65.069486
272860, -65.068768
272930, -65.067989
273000, -65.067151
273070, -65.066256
273140, -65.065308
273210, -65.064308
273280, -65.063258
273350, -65.062162
273420, -65.061022
273490, -65.059840
273560, -65.058618
273630, -65.057359
273700, -65.056064
273770, -65.054736
273840, -65.053377
273910, -65.051990
273980, -65.050575
274050, -65.049136
274120, -65.047675
274190, -65.046192
274260, -65.044691
274330, -65.043173
274400, -65.041640
274470, -65.040093
274540, -65.038535
274610, -65.036967
274680, -65.035391
274750, -65.033808
274820, -65.032221
274890, -65.030630
274960, -65.029037
275030, -65.027444
275100, -65.025851
275170, -65.024261
275240, -65.022675
275310, -65.021094
275380, -65.019519
275450, -65.017951
275520, -65.016392
275590, -65.014842
275660, -65.013304
275730, -65.011777
275800, -65.010263
275870, -65.008763
275940, -65.007278
276010, -65.005808
276080, -65.004355
276150, -65.002919
276220, -65.001501
276290, -65.000102
276360, -64.998722
276430, -64.997361
276500, -64.996019
276570, -64.994697
276640, -64.993393
276710, -64.992109
276780, -64.990845
276850, -64.989602
276920, -64.988379
276990, -64.987177
277060, -64.985997
277130, -64.984839
277200, -64.983703
277270, -64.982589
277340, -64.981499
277410, -64.980433
277480, -64.979390
277550, -64.978370
277620, -64.977375
277690, -64.976405
277760, -64.975459
277830, -64.974537
277900, -64.973641
277970, -64.972769
278040, -64.971923
278110, -64.971101
278180, -64.970305
278250, -64.969534
278320, -64.968788
278390, -64.968068
278460, -64.967372
278530, -64.966702
278600, -64.966056
278670, -64.965436
278740, -64.964840
278810, -64.964269
278880, -64.963722
278950, -64.963200
279020, -64.962701
279090, -64.962227
279160, -64.961776
279230, -64.961349
279300, -64.960945
279370, -64.960564
279440, -64.960205
279510, -64.959869
279580, -64.959555
279650, -64.959262
279720, -64.958991
279790, -64.958742
279860, -64.958513
279930, -64.958304
280000, -64.958115
280070, -64.957946
280140, -64.957797
280210, -64.957666
280280, -64.957554
280350, -64.957460
280420, -64.957384
280490, -64.957325
280560, -64.957283
280630, -64.957257
280700, -64.957248
280770, -64.957254
280840, -64.957276
280910, -64.957312
280980, -64.957363
281050, -64.957428
281120, -64.957506
281190, -64.957597
281260, -64.957701
281330, -64.957818
281400, -64.957946
281470, -64.958085
281540, -64.958236
281610, -64.958397
281680, -64.958568
281750, -64.958749
281820, -64.958939
281890, -64.959138
281960, -64.959346
282030, -64.959561
282100, -64.959785
282170, -64.960015
282240, -64.960252
282310, -64.960496
282380, -64.960745
282450, -64.961001
282520, -64.961261
282590, -64.961527
282660, -64.961797
282730, -64.962071
282800, -64.962349
282870, -64.962631
282940, -64.962916
283010, -64.963203
283080, -64.963493
283150, -64.963785
283220, -64.964079
283290, -64.964374
283360, -64.964671
283430, -64.964968
283500, -64.965267
283570, -64.965565
283640, -64.965863
283710, -64.966162
283780, -64.966459
283850, -64.966756
283920, -64.967052
283990, -64.967347
284060, -64.967640
284130, -64.967932
284200, -64.968222
284270, -64.968509
284340, -64.968795
284410, -64.969077
284480, -64.969357
284550, -64.969635
284620, -64.969909
284690, -64.970180
284760, -64.970447
284830, -64.970711
284900, -64.970972
284970, -64.971228
285040, -64.971481
285110, -64.971729
285180, -64.971973
285250, -64.972214
285320, -64.972449
285390, -64.972680
285460, -64.972907
285530, -64.973129
285600, -64.973346
285670, -64.973558
285740, -64.973766
285810, -64.973968
285880, -64.974166
285950, -64.974358
286020, -64.974546
286090, -64.974728
286160, -64.974905
286230, -64.975077
286300, -64.975244
286370, -64.975405
286440, -64.975562
286510, -64.975713
286580, -64.975859
286650, -64.975999
286720, -64.976135
286790, -64.976265
286860, -64.976390
286930, -64.976510
287000, -64.976625
287070, -64.976735
287140, -64.976839
287210, -64.976939
287280, -64.977034
287350, -64.977123
287420, -64.977208
287490, -64.977288
287560, -64.977363
287630, -64.977434
287700, -64.977500
287770, -64.977561
287840, -64.977617
287910, -64.977669
287980, -64.977717
288050, -64.977760
288120, -64.977800
288190, -64.977834
288260, -64.977865
288330, -64.977892
288400, -64.977915
288470, -64.977933
288540, -64.977948
288610, -64.977960
288680, -64.977967
288750, -64.977971
288820, -64.977972
288890, -64.977969
288960, -64.977963
289030, -64.977954
289100, -64.977942
289170, -64.977926
289240, -64.977908
289310, -64.977887
289380, -64.977863
289450, -64.977836
289520, -64.977807
289590, -64.977776
289660, -64.977742
289730, -64.977705
289800, -64.977667
289870, -64.977626
289940, -64.977583
290010, -64.977539
290080, -64.977492
290150, -64.977444
290220, -64.977394
290290, -64.977342
290360, -64.977289
290430, -64.977234
290500, -64.977178
290570, -64.977121
290640, -64.977063
290710, -64.977003
290780, -64.976943
290850, -64.976881
290920, -64.976819
290990, -64.976755
291060, -64.976692
291130, -64.976627
291200, -64.976562
291270, -64.976496
291340, -64.976430
291410, -64.976363
291480, -64.976296
291550, -64.976229
291620, -64.976162
291690, -64.976095
291760, -64.976027
291830, -64.975959
291900, -64.975892
291970, -64.975825
292040, -64.975757
292110, -64.975690
292180, -64.975624
292250, -64.975557
292320, -64.975491
292390, -64.975425
292460, -64.975360
292530, -64.975295
292600, -64.975231
292670, -64.975168
292740, -64.975105
292810, -64.975042
292880, -64.974981
292950, -64.974920
293020, -64.974859
293090, -64.974800
293160, -64.974741
293230, -64.974683
293300, -64.974626
293370, -64.974570
293440, -64.974515
293510, -64.974461
293580, -64.974408
293650, -64.974356
293720, -64.974304
293790, -64.974254
293860, -64.974205
293930, -64.974157
294000, -64.974110
294070, -64.974064
294140, -64.974019
294210, -64.973975
294280, -64.973932
294350, -64.973890
294420, -64.973850
294490, -64.973810
294560, -64.973772
294630, -64.973735
294700, -64.973698
294770, -64.973663
294840, -64.973630
294910, -64.973597
294980, -64.973565
295050, -64.973535
295120, -64.973505
295190, -64.973477
295260, -64.973450
295330, -64.973424
295400, -64.973399
295470, -64.973375
295540, -64.973352
295610, -64.973330
295680, -64.973309
295750, -64.973289
295820, -64.973271
295890, -64.973253
295960, -64.973236
296030, -64.973221
296100, -64.973206
296170, -64.973192
296240, -64.973179
296310, -64.973168
296380, -64.973157
296450, -64.973147
296520, -64.973137
296590, -64.973129
296660, -64.973122
296730, -64.973115
296800, -64.973109
296870, -64.973104
296940, -64.973100
297010, -64.973097
297080, -64.973094
297150, -64.973092
297220, -64.973091
297290, -64.973090
297360, -64.973090
297430, -64.973091
297500, -64.973092
297570, -64.973094
297640, -64.973097
297710, -64.973100
297780, -64.973104
297850, -64.973108
297920, -64.973113
297990, -64.973118
298060, -64.973124
298130, -64.973130
298200, -64.973137
298270, -64.973144
298340, -64.973152
298410, -64.973160
298480, -64.973168
298550, -64.973176
298620, -64.973185
298690, -64.973195
298760, -64.973204
298830, -64.973214
298900, -64.973224
298970, -64.973235
299040, -64.973245
299110, -64.973256
299180, -64.973267
299250, -64.973278
299320, -64.973290
299390, -64.973301
299460, -64.973313
299530, -64.973325
299600, -64.973337
299670, -64.973349
299740, -64.973361
299810, -64.973373
299880, -64.973385
299950, -64.973398
300020, -64.973410
