# hh_runge_0120.txt
# dt = 120 [usec]
# t [usec], V [mV]
0, -65.000000
120, -64.996503
240, -64.993215
360, -64.990085
480, -64.987089
600, -64.984213
720, -64.981448
840, -64.978794
960, -64.976248
1080, -64.973811
1200, -64.971483
1320, -64.969265
1440, -64.967157
1560, -64.965159
1680, -64.963273
1800, -64.961497
1920, -64.959831
2040, -64.958275
2160, -64.956827
2280, -64.955487
2400, -64.954254
2520, -64.953125
2640, -64.952099
2760, -64.951175
2880, -64.950349
3000, -64.949621
3120, -64.948986
3240, -64.948444
3360, -64.947991
3480, -64.947624
3600, -64.947341
3720, -64.947138
3840, -64.947013
3960, -64.946962
4080, -64.946983
4200, -64.947071
4320, -64.947225
4440, -64.947439
4560, -64.947713
4680, -64.948041
4800, -64.948420
4920, -64.948848
5040, -64.949321
5160, -64.949836
5280, -64.950390
5400, -64.950979
5520, -64.951601
5640, -64.952252
5760, -64.952929
5880, -64.953630
6000, -64.954351
6120, -64.955090
6240, -64.955844
6360, -64.956610
6480, -64.957386
6600, -64.958170
6720, -64.958958
6840, -64.959749
6960, -64.960541
7080, -64.961331
7200, -64.962118
7320, -64.962899
7440, -64.963673
7560, -64.964438
7680, -64.965193
7800, -64.965936
7920, -64.966665
8040, -64.967379
8160, -64.968078
8280, -64.968759
8400, -64.969423
8520, -64.970068
8640, -64.970693
8760, -64.971297
8880, -64.971880
9000, -64.972442
9120, -64.972981
9240, -64.973497
9360, -64.973991
9480, -64.974462
9600, -64.974909
9720, -64.975332
9840, -64.975732
9960, -64.976109
10080, -64.976462
10200, -64.976792
10320, -64.977099
10440, -64.977383
10560, -64.977644
10680, -64.977883
10800, -64.978100
10920, -64.978296
11040, -64.978471
11160, -64.978625
11280, -64.978760
11400, -64.978875
11520, -64.978971
11640, -64.979049
11760, -64.979109
11880, -64.979152
12000, -64.979179
12120, -64.979191
12240, -64.979187
12360, -64.979169
12480, -64.979137
12600, -64.979093
12720, -64.979036
12840, -64.978968
12960, -64.978889
13080, -64.978800
13200, -64.978701
13320, -64.978594
13440, -64.978478
13560, -64.978356
13680, -64.978226
13800, -64.978090
13920, -64.977949
14040, -64.977803
14160, -64.977653
14280, -64.977499
14400, -64.977342
14520, -64.977182
14640, -64.977020
14760, -64.976857
14880, -64.976692
15000, -64.976528
15120, -64.976363
15240, -64.976198
15360, -64.976034
15480, -64.975871
15600, -64.975710
15720, -64.975551
15840, -64.975393
15960, -64.975239
16080, -64.975087
16200, -64.974938
16320, -64.974792
16440, -64.974650
16560, -64.974512
16680, -64.974378
16800, -64.974248
16920, -64.974122
17040, -64.974000
17160, -64.973883
17280, -64.973771
17400, -64.973663
17520, -64.973561
17640, -64.973463
17760, -64.973370
17880, -64.973281
18000, -64.973198
18120, -64.973120
18240, -64.973046
18360, -64.972978
18480, -64.972914
18600, -64.972855
18720, -64.972801
18840, -64.972751
18960, -64.972706
19080, -64.972665
19200, -64.972629
19320, -64.972597
19440, -64.972569
19560, -64.972546
19680, -64.972526
19800, -64.972510
19920, -64.972498
20040, -64.972489
20160, -64.972484
20280, -64.972482
20400, -64.972483
20520, -64.972487
20640, -64.972494
20760, -64.972504
20880, -64.972516
21000, -64.972531
21120, -64.972548
21240, -64.972567
21360, -64.972588
21480, -64.972611
21600, -64.972636
21720, -64.972662
21840, -64.972690
21960, -64.972719
22080, -64.972749
22200, -64.972780
22320, -64.972812
22440, -64.972844
22560, -64.972878
22680, -64.972912
22800, -64.972946
22920, -64.972981
23040, -64.973015
23160, -64.973050
23280, -64.973085
23400, -64.973120
23520, -64.973155
23640, -64.973190
23760, -64.973224
23880, -64.973258
24000, -64.973291
24120, -64.973324
24240, -64.973356
24360, -64.973388
24480, -64.973419
24600, -64.973449
24720, -64.973478
24840, -64.973507
24960, -64.973535
25080, -64.973561
25200, -64.973587
25320, -64.973612
25440, -64.973636
25560, -64.973659
25680, -64.973681
25800, -64.973702
25920, -64.973722
26040, -64.973741
26160, -64.973758
26280, -64.973775
26400, -64.973791
26520, -64.973806
26640, -64.973819
26760, -64.973832
26880, -64.973844
27000, -64.973854
27120, -64.973864
27240, -64.973873
27360, -64.973881
27480, -64.973888
27600, -64.973894
27720, -64.973899
27840, -64.973904
27960, -64.973907
28080, -64.973910
28200, -64.973912
28320, -64.973913
28440, -64.973914
28560, -64.973914
28680, -64.973913
28800, -64.973912
28920, -64.973910
29040, -64.973908
29160, -64.973905
29280, -64.973902
29400, -64.973898
29520, -64.973894
29640, -64.973889
29760, -64.973884
29880, -64.973879
30000, -64.973873
30120, -64.973867
30240, -64.973861
30360, -64.973855
30480, -64.973849
30600, -64.973842
30720, -64.973835
30840, -64.973828
30960, -64.973821
31080, -64.973814
31200, -64.973807
31320, -64.973800
31440, -64.973792
31560, -64.973785
31680, -64.973778
31800, -64.973771
31920, -64.973764
32040, -64.973757
32160, -64.973750
32280, -64.973743
32400, -64.973737
32520, -64.973730
32640, -64.973724
32760, -64.973718
32880, -64.973712
33000, -64.973706
33120, -64.973700
33240, -64.973695
33360, -64.973689
33480, -64.973684
33600, -64.973679
33720, -64.973675
33840, -64.973670
33960, -64.973666
34080, -64.973662
34200, -64.973658
34320, -64.973654
34440, -64.973651
34560, -64.973648
34680, -64.973645
34800, -64.973642
34920, -64.973639
35040, -64.973637
35160, -64.973635
35280, -64.973633
35400, -64.973631
35520, -64.973629
35640, -64.973628
35760, -64.973627
35880, -64.973626
36000, -64.973625
36120, -64.973624
36240, -64.973624
36360, -64.973623
36480, -64.973623
36600, -64.973623
36720, -64.973623
36840, -64.973624
36960, -64.973624
37080, -64.973624
37200, -64.973625
37320, -64.973626
37440, -64.973626
37560, -64.973627
37680, -64.973628
37800, -64.973629
37920, -64.973630
38040, -64.973631
38160, -64.973633
38280, -64.973634
38400, -64.973635
38520, -64.973637
38640, -64.973638
38760, -64.973640
38880, -64.973641
39000, -64.973643
39120, -64.973644
39240, -64.973646
39360, -64.973647
39480, -64.973649
39600, -64.973650
39720, -64.973652
39840, -64.973654
39960, -64.973655
40080, -64.973657
40200, -64.973658
40320, -64.973660
40440, -64.973661
40560, -64.973663
40680, -64.973664
40800, -64.973665
40920, -64.973667
41040, -64.973668
41160, -64.973669
41280, -64.973671
41400, -64.973672
41520, -64.973673
41640, -64.973674
41760, -64.973675
41880, -64.973676
42000, -64.973677
42120, -64.973678
42240, -64.973679
42360, -64.973680
42480, -64.973681
42600, -64.973681
42720, -64.973682
42840, -64.973683
42960, -64.973683
43080, -64.973684
43200, -64.973684
43320, -64.973685
43440, -64.973685
43560, -64.973686
43680, -64.973686
43800, -64.973686
43920, -64.973687
44040, -64.973687
44160, -64.973687
44280, -64.973687
44400, -64.973688
44520, -64.973688
44640, -64.973688
44760, -64.973688
44880, -64.973688
45000, -64.973688
45120, -64.973688
45240, -64.973688
45360, -64.973688
45480, -64.973687
45600, -64.973687
45720, -64.973687
45840, -64.973687
45960, -64.973687
46080, -64.973687
46200, -64.973686
46320, -64.973686
46440, -64.973686
46560, -64.973686
46680, -64.973685
46800, -64.973685
46920, -64.973685
47040, -64.973685
47160, -64.973684
47280, -64.973684
47400, -64.973684
47520, -64.973683
47640, -64.973683
47760, -64.973683
47880, -64.973682
48000, -64.973682
48120, -64.973682
48240, -64.973682
48360, -64.973681
48480, -64.973681
48600, -64.973681
48720, -64.973680
48840, -64.973680
48960, -64.973680
49080, -64.973680
49200, -64.973679
49320, -64.973679
49440, -64.973679
49560, -64.973679
49680, -64.973678
49800, -64.973678
49920, -64.973678
50040, -64.973678
50160, -59.467453
50280, -54.271533
50400, -49.090246
50520, -43.192337
50640, -34.722199
50760, -19.019718
50880, 12.618094
51000, 45.361046
51120, 41.873847
51240, 39.240928
51360, 34.479267
51480, 29.275515
51600, 23.405314
51720, 17.337963
51840, 11.197438
51960, 5.139633
52080, -0.759592
52200, -6.461592
52320, -11.950779
52440, -17.237800
52560, -22.346053
52680, -27.327984
52800, -32.265907
52920, -37.304219
53040, -42.641289
53160, -48.511051
53280, -55.004188
53400, -61.664899
53520, -67.107490
53640, -70.124887
53760, -71.181144
53880, -71.344734
54000, -71.190237
54120, -70.929350
54240, -70.623914
54360, -70.298658
54480, -69.956521
54600, -69.604051
54720, -69.238404
54840, -68.864258
54960, -68.478184
55080, -68.084666
55200, -67.680289
55320, -67.269573
55440, -66.849160
55560, -66.423674
55680, -65.989783
55800, -65.552211
55920, -65.107601
56040, -64.660696
56160, -64.208158
56280, -63.754667
56400, -63.296863
56520, -62.839284
56640, -62.378514
56760, -61.918856
56880, -61.456806
57000, -60.996329
57120, -60.533815
57240, -60.072768
57360, -59.609272
57480, -59.146516
57600, -58.680115
57720, -58.212882
57840, -57.739783
57960, -57.263128
58080, -56.776997
58200, -56.282922
58320, -55.773741
58440, -55.249611
58560, -54.701564
58680, -54.127114
58800, -53.514500
58920, -52.855966
59040, -52.133568
59160, -51.330784
59280, -50.414105
59400, -49.345426
59520, -48.057763
59640, -46.457958
59760, -44.382042
59880, -41.570291
60000, -37.568803
60120, -31.627750
60240, -22.653312
60360, -9.943537
60480, 4.050850
60600, 12.404761
60720, 12.600053
60840, 8.669213
60960, 3.307717
61080, -2.532192
61200, -8.413938
61320, -14.143544
61440, -19.640235
61560, -24.902118
61680, -29.969415
61800, -34.944636
61920, -39.975813
62040, -45.252948
62160, -50.917584
62280, -56.883328
62400, -62.518443
62520, -66.753512
62640, -69.060052
62760, -69.941617
62880, -70.101187
63000, -69.956944
63120, -69.684384
63240, -69.357757
63360, -69.000445
63480, -68.627377
63600, -68.239370
63720, -67.842706
63840, -67.434834
63960, -67.020653
64080, -66.597102
64200, -66.168835
64320, -65.732722
64440, -65.293422
64560, -64.847775
64680, -64.400468
64800, -63.948270
64920, -63.495880
65040, -63.039925
65160, -62.585059
65280, -62.127744
65400, -61.672469
65520, -61.215563
65640, -60.761247
65760, -60.305693
65880, -59.852750
66000, -59.398425
66120, -58.946073
66240, -58.491548
66360, -58.037550
66480, -57.579640
66600, -57.119873
66720, -56.653145
66840, -56.180973
66960, -55.697264
67080, -55.202609
67200, -54.689481
67320, -54.156731
67440, -53.594686
67560, -52.998763
67680, -52.355858
67800, -51.654493
67920, -50.871899
68040, -49.985973
68160, -48.954794
68280, -47.724984
68400, -46.204815
68520, -44.261987
68640, -41.670839
68760, -38.069490
68880, -32.861408
69000, -25.202534
69120, -14.416099
69240, -1.773662
69360, 7.709940
69480, 10.023310
69600, 7.210051
69720, 2.294923
69840, -3.351609
69960, -9.155821
70080, -14.849954
70200, -20.330574
70320, -25.573840
70440, -30.624567
70560, -35.576974
70680, -40.586058
70800, -45.826334
70920, -51.425204
71040, -57.248764
71160, -62.659264
71280, -66.659305
71400, -68.835859
71520, -69.675982
71640, -69.832669
71760, -69.687057
71880, -69.415094
72000, -69.082908
72120, -68.722565
72240, -68.341909
72360, -67.950060
72480, -67.545780
72600, -67.134460
72720, -66.713341
72840, -66.287178
72960, -65.852932
73080, -65.415281
73200, -64.971102
73320, -64.525095
73440, -64.074052
73560, -63.622649
73680, -63.167614
73800, -62.713516
73920, -62.257010
74040, -61.802472
74160, -61.346453
74280, -60.893045
74400, -60.438685
74520, -59.987072
74640, -59.534538
74760, -59.084263
74880, -58.632253
75000, -58.181387
75120, -57.727142
75240, -57.272106
75360, -56.811018
75480, -56.346073
75600, -55.870996
75720, -55.387321
75840, -54.887356
75960, -54.371348
76080, -53.829559
76200, -53.259601
76320, -52.648599
76440, -51.988731
76560, -51.261779
76680, -50.448877
76800, -49.515772
76920, -48.422574
77040, -47.099996
77160, -45.452030
77280, -43.313545
77400, -40.428423
77520, -36.366173
77640, -30.463334
77760, -21.875180
77880, -10.363447
78000, 1.604031
78120, 8.641344
78240, 8.846556
78360, 5.134733
78480, -0.087229
78600, -5.806122
78720, -11.569020
78840, -17.178582
78960, -22.556934
79080, -27.711859
79200, -32.701922
79320, -37.651269
79440, -42.722295
79560, -48.087695
79680, -53.793570
79800, -59.530029
79920, -64.448373
80040, -67.684923
80160, -69.233518
80280, -69.738195
80400, -69.743757
80520, -69.536846
80640, -69.234500
80760, -68.889530
80880, -68.518144
81000, -68.132743
81120, -67.733526
81240, -67.326435
81360, -66.908996
81480, -66.486061
81600, -66.054655
81720, -65.619457
81840, -65.177388
81960, -64.733082
82080, -64.283462
82200, -63.833088
82320, -63.378875
82440, -62.925249
82560, -62.469094
82680, -62.014621
82800, -61.558645
82920, -61.105094
83040, -60.650567
83160, -60.198813
83280, -59.746098
83400, -59.295979
83520, -58.844264
83640, -58.394331
83760, -57.941380
83880, -57.488608
84000, -57.030414
84120, -56.569620
84240, -56.099770
84360, -55.622812
84480, -55.131425
84600, -54.626224
84720, -54.098249
84840, -53.546093
84960, -52.957576
85080, -52.327703
85200, -51.638367
85320, -50.875514
85440, -50.011102
85560, -49.013622
85680, -47.826614
85800, -46.373699
85920, -44.526994
86040, -42.091937
86160, -38.740798
86280, -33.950944
86400, -26.947668
86520, -17.001674
86640, -4.789053
86760, 5.540454
86880, 9.308660
87000, 7.343314
87120, 2.771319
87240, -2.749041
87360, -8.518071
87480, -14.223443
87600, -19.726785
87720, -24.997132
87840, -30.060917
87960, -35.013106
88080, -39.993387
88200, -45.181923
88320, -50.709749
88440, -56.496356
88560, -61.973924
88680, -66.176302
88800, -68.566853
88920, -69.546583
89040, -69.768558
89160, -69.654323
89280, -69.393021
89400, -69.068132
89520, -68.708195
89640, -68.330430
89760, -67.937052
89880, -67.534793
90000, -67.121550
90120, -66.702279
90240, -66.274128
90360, -65.841720
90480, -65.402101
90600, -64.959799
90720, -64.511874
90840, -64.062764
90960, -63.609514
91080, -63.156482
91200, -62.700612
91320, -62.246181
91440, -61.789949
91560, -61.336084
91680, -60.881065
91800, -60.428941
91920, -59.975807
92040, -59.525601
92160, -59.073906
92280, -58.624358
92400, -58.172203
92520, -57.720560
92640, -57.264390
92760, -56.806080
92880, -56.340209
93000, -55.868157
93120, -55.383861
93240, -54.887294
93360, -54.371140
93480, -53.833349
93600, -53.264032
93720, -52.658040
93840, -52.000184
93960, -51.280170
94080, -50.471877
94200, -49.549394
94320, -48.466346
94440, -47.162764
94560, -45.537755
94680, -43.439291
94800, -40.612387
94920, -36.649480
95040, -30.900871
95160, -22.538506
95280, -11.240482
95400, 0.778823
95520, 8.243376
95640, 8.841949
95760, 5.312874
95880, 0.157931
96000, -5.537012
96120, -11.301277
96240, -16.917182
96360, -22.308149
96480, -27.470631
96600, -32.467578
96720, -37.412077
96840, -42.472028
96960, -47.813989
97080, -53.501741
97200, -59.242748
97320, -64.222634
97440, -67.548766
97560, -69.171524
97680, -69.713238
97800, -69.738246
97920, -69.536998
98040, -69.239857
98160, -68.894554
98280, -68.525859
98400, -68.139042
98520, -67.742026
98640, -67.333283
98760, -66.917918
98880, -66.493258
99000, -66.063873
99120, -65.626908
99240, -65.186827
99360, -64.740726
99480, -64.293066
99600, -63.840874
99720, -63.388601
99840, -62.933140
99960, -62.478910
100080, -62.022592
100200, -61.568526
100320, -61.113128
100440, -60.660515
100560, -60.206929
100680, -59.756150
100800, -59.304233
100920, -58.854496
101040, -58.402822
101160, -57.951917
101280, -57.497492
101400, -57.041447
101520, -56.579082
101640, -56.111508
101760, -55.633145
101880, -55.144248
102000, -54.637904
102120, -54.112751
102240, -53.559864
102360, -52.974702
102480, -52.344918
102600, -51.659924
102720, -50.898465
102840, -50.040374
102960, -49.046843
103080, -47.869720
103200, -46.426836
103320, -44.599591
103440, -42.189756
103560, -38.882835
103680, -34.158850
103800, -27.259609
103920, -17.434912
104040, -5.274183
104160, 5.223105
104280, 9.259575
104400, 7.454950
104520, 2.943019
104640, -2.553921
104760, -8.321603
104880, -14.029718
105000, -19.542237
105120, -24.819011
105240, -29.891202
105360, -34.843218
105480, -39.821426
105600, -44.997573
105720, -50.514373
105840, -56.294645
105960, -61.798964
106080, -66.056440
106200, -68.509243
106320, -69.524692
106440, -69.766408
106560, -69.658029
106680, -69.401945
106800, -69.076764
106920, -68.719525
107040, -68.340417
107160, -67.949273
107280, -67.545449
107400, -67.134318
107520, -66.713403
107640, -66.287305
107760, -65.853203
107880, -65.415589
108000, -64.971549
108120, -64.525587
108240, -64.074699
108360, -63.623364
108480, -63.168515
108600, -62.714523
108720, -62.258248
108840, -61.803869
108960, -61.348142
109080, -60.894964
109200, -60.440978
109320, -59.989688
109440, -59.537636
109560, -59.087811
109680, -58.636420
109800, -58.186169
109920, -57.732737
110040, -57.278547
110160, -56.818545
110280, -56.354776
110400, -55.881179
110520, -55.399169
110640, -54.901277
110760, -54.387686
110880, -53.848906
111000, -53.282584
111120, -52.676141
111240, -52.021986
111360, -51.302421
111480, -50.499041
111600, -49.578919
111720, -48.503609
111840, -47.206531
111960, -45.595380
112080, -43.513337
112200, -40.716620
112320, -36.796793
112440, -31.119719
112560, -22.851243
112680, -11.635600
112800, 0.433746
112920, 8.110100
113040, 8.899716
113160, 5.452456
113280, 0.329721
113400, -5.358884
113520, -11.123051
113640, -16.746688
113760, -22.143725
113880, -27.314006
114000, -32.312687
114120, -37.258147
114240, -42.309790
114360, -47.642674
114480, -53.319035
114600, -59.069861
114720, -64.088064
114840, -67.474058
114960, -69.139737
115080, -69.706920
115200, -69.740566
115320, -69.545642
115440, -69.248683
115560, -68.906239
115680, -68.536311
115800, -68.151751
115920, -67.753224
116040, -67.346594
116160, -66.929632
116280, -66.507021
116400, -66.075987
116520, -65.641017
116640, -65.199239
116760, -64.755086
116880, -64.305686
117000, -63.855397
117120, -63.401343
117240, -62.947747
117360, -62.491705
117480, -62.037221
117600, -61.581302
117720, -61.127713
117840, -60.673233
117960, -60.221453
118080, -59.768812
118200, -59.318718
118320, -58.867149
118440, -58.417341
118560, -57.964658
118680, -57.512171
118800, -57.054437
118920, -56.594060
119040, -56.124898
119160, -55.648658
119280, -55.158356
119400, -54.654357
119520, -54.128086
119640, -53.577888
119760, -52.992055
119880, -52.365680
120000, -51.680853
120120, -50.923884
120240, -50.067628
120360, -49.080685
120480, -47.908273
120600, -46.476959
120720, -44.662235
120840, -42.276227
120960, -39.001630
121080, -34.333588
121200, -27.513229
121320, -17.785582
121440, -5.655470
121560, 4.978725
121680, 9.239108
121800, 7.562545
121920, 3.102468
122040, -2.379494
122160, -8.143177
122280, -13.857405
122400, -19.375530
122520, -24.661116
122640, -29.737159
122760, -34.693139
122880, -39.666409
123000, -44.835629
123120, -50.339057
123240, -56.118029
123360, -61.643272
123480, -65.953315
123600, -68.457881
123720, -69.508717
123840, -69.764572
123960, -69.664877
124080, -69.409967
124200, -69.088016
124320, -68.729732
124440, -68.352934
124560, -67.960343
124680, -67.558632
124800, -67.145945
124920, -66.727068
125040, -66.299356
125160, -65.867239
125280, -65.427966
125400, -64.985863
125520, -64.538196
125640, -64.089201
125760, -63.636111
125880, -63.183111
126000, -62.727328
126120, -62.272868
126240, -61.816669
126360, -61.362737
126480, -60.907725
126600, -60.455526
126720, -60.002404
126840, -59.552146
126960, -59.100507
127080, -58.650913
127200, -58.198880
127320, -57.747296
127440, -57.291400
127560, -56.833336
127680, -56.367980
127800, -55.896460
127920, -55.413038
128040, -54.917431
128160, -54.402695
128280, -53.866519
128400, -53.299463
128520, -52.696131
128640, -52.041908
128760, -51.326301
128880, -50.523996
129000, -49.609636
129120, -48.538067
129240, -47.250648
129360, -45.648987
129480, -43.585905
129600, -40.813980
129720, -36.938048
129840, -31.324356
129960, -23.147900
130080, -12.008357
130200, 0.104134
130320, 7.985186
130440, 8.954737
130560, 5.590097
130680, 0.494825
130800, -5.184098
130920, -10.951726
131040, -16.579483
131160, -21.985822
131280, -27.160133
131400, -32.164074
131520, -37.107017
131640, -42.154469
131760, -47.475391
131880, -53.144683
132000, -58.901518
132120, -63.958706
132240, -67.398843
132360, -69.110320
132480, -69.699103
132600, -69.744926
132720, -69.552654
132840, -69.259486
132960, -68.916264
133080, -68.548727
133200, -68.162796
133320, -67.766388
133440, -67.358247
133560, -66.943316
133680, -66.519131
133800, -66.090074
133920, -65.653478
134040, -65.213628
134160, -64.767802
134280, -64.320284
134400, -63.868279
134520, -63.416065
134640, -62.960715
134760, -62.506477
134880, -62.050209
135000, -61.596053
135120, -61.140654
135240, -60.687921
135360, -60.234328
135480, -59.783438
135600, -59.331550
135720, -58.881757
135840, -58.430197
135960, -57.979344
136080, -57.525179
136200, -57.069361
136320, -56.607354
136440, -56.140205
136560, -55.662470
136680, -55.174363
136800, -54.669089
136920, -54.145292
137040, -53.594162
137160, -53.011243
137280, -52.384545
137400, -51.703391
137520, -50.947216
137640, -50.096291
137760, -49.112201
137880, -47.947924
138000, -46.524317
138120, -44.725326
138240, -42.358945
138360, -39.119341
138480, -34.501532
138600, -27.760795
138720, -18.123385
138840, -6.029546
138960, 4.738842
139080, 9.213526
139200, 7.668565
139320, 3.256971
139440, -2.206361
139560, -7.969333
139680, -13.685955
139800, -19.213167
139920, -24.503671
140040, -29.586987
140160, -34.543323
140280, -39.515403
140400, -44.674442
140520, -50.168480
140640, -55.942706
140760, -61.490915
140880, -65.848803
141000, -68.407975
141120, -69.490713
141240, -69.764427
141360, -69.669902
141480, -69.419774
141600, -69.097479
141720, -68.741737
141840, -68.363668
141960, -67.973211
142080, -67.570035
142200, -67.159371
142320, -66.738954
142440, -66.313207
142560, -65.879500
142680, -65.442143
142800, -64.998404
142920, -64.552608
143040, -64.101932
143160, -63.650662
143280, -63.195939
143400, -62.741935
143520, -62.285720
143640, -61.831273
143760, -61.375565
143880, -60.922287
144000, -60.468308
144120, -60.016922
144240, -59.564864
144360, -59.114967
144480, -58.663599
144600, -58.213351
144720, -57.760048
144840, -57.306012
144960, -56.846323
145080, -56.382943
145200, -55.909937
145320, -55.428665
145440, -54.931781
145560, -54.419456
145680, -53.882320
145800, -53.318082
145920, -52.714294
146040, -52.063552
146160, -51.348330
146280, -50.550637
146400, -49.638455
146520, -48.574139
146640, -47.292766
146760, -45.704062
146880, -43.656252
147000, -40.912463
147120, -37.076556
147240, -31.529208
147360, -23.440579
147480, -12.383422
147600, -0.233313
147720, 7.847441
147840, 9.006908
147960, 5.726064
148080, 0.663789
148200, -5.008144
148320, -10.775343
148440, -16.411346
148560, -21.823121
148680, -27.006201
148800, -32.011446
148920, -36.955155
149040, -41.994960
149160, -47.307359
149280, -52.965911
149400, -58.731640
149520, -63.823319
149640, -67.321537
149760, -69.077027
149880, -69.692157
150000, -69.747203
150120, -69.561368
150240, -69.268561
150360, -68.928141
150480, -68.559486
150600, -68.175729
150720, -67.777914
150840, -67.371799
150960, -66.955372
151080, -66.533148
151200, -66.102541
151320, -65.667851
151440, -65.226403
151560, -64.782434
151680, -64.333273
151800, -63.883080
151920, -63.429182
152040, -62.975603
152160, -62.519647
152280, -62.065119
152400, -61.609202
152520, -61.155517
152640, -60.701008
152760, -60.249124
152880, -59.796463
153000, -59.346301
153120, -58.894766
153240, -58.444973
153360, -57.992432
153480, -57.540106
153600, -57.082688
153720, -56.622568
153840, -56.153920
153960, -55.678207
154080, -55.188782
154200, -54.685752
154320, -54.160922
154440, -53.612379
154560, -53.028871
154680, -52.405309
154800, -51.724289
154920, -50.972405
155040, -50.123294
155160, -49.145563
155280, -47.985911
155400, -46.573513
155520, -44.786743
155640, -42.443485
155760, -39.235365
155880, -34.671344
156000, -28.006928
156120, -18.464055
156240, -6.409095
156360, 4.483061
156480, 9.181150
156600, 7.770848
156720, 3.414215
156840, -2.032756
156960, -7.791001
157080, -13.513981
157200, -19.046387
157320, -24.345121
157440, -29.432152
157560, -34.392332
157680, -39.359726
157800, -44.512058
157920, -49.993144
158040, -55.765976
158160, -61.331752
158280, -65.741660
158400, -68.353651
158520, -69.473253
158640, -69.762128
158760, -69.676610
158880, -69.427922
159000, -69.108836
159120, -68.752176
159240, -68.376341
159360, -67.984540
159480, -67.583392
159600, -67.171273
159720, -66.752805
159840, -66.325544
159960, -65.893734
160080, -65.454814
160200, -65.012923
160320, -64.565513
160440, -64.116638
160560, -63.663709
160680, -63.210746
160800, -62.755045
160920, -62.300557
161040, -61.844384
161160, -61.390380
161280, -60.935362
161400, -60.483079
161520, -60.029953
161640, -59.579573
161760, -59.127944
161880, -58.678277
162000, -58.226341
162120, -57.774795
162240, -57.319150
162360, -56.861310
162480, -56.396441
162600, -55.925425
162720, -55.442843
162840, -54.948160
162960, -54.434792
163080, -53.900180
163200, -53.335315
163320, -52.734565
163440, -52.083872
163560, -51.372543
163680, -50.576054
163800, -49.669589
163920, -48.609171
164040, -47.337453
164160, -45.758458
164280, -43.729704
164400, -41.011092
164520, -37.219375
164640, -31.736038
164760, -23.740464
164880, -12.764595
165000, -0.582362
165120, 7.702415
165240, 9.054494
165360, 5.864650
165480, 0.833483
165600, -4.827401
165720, -10.598034
165840, -16.238424
165960, -21.658921
166080, -26.847288
166200, -31.858810
166320, -36.800903
166440, -41.836823
166560, -47.136793
166680, -52.787776
166800, -58.556340
166920, -63.685604
167040, -67.239274
167160, -69.043577
167280, -69.682558
167400, -69.750734
167520, -69.568090
167640, -69.279168
167760, -68.938142
167880, -68.571822
168000, -68.186803
168120, -67.791023
168240, -67.383494
168360, -66.969010
168480, -66.545307
168600, -66.116587
168720, -65.680365
168840, -65.240754
168960, -64.795207
169080, -64.347837
169200, -63.896022
169320, -63.443873
169440, -62.988632
169560, -62.534390
169680, -62.078170
169800, -61.623926
169920, -61.168523
170040, -60.715669
170160, -60.262064
170280, -59.811062
170400, -59.359196
170520, -58.909345
170640, -58.457891
170760, -58.007085
170880, -57.553143
171000, -57.097533
171120, -56.635864
171240, -56.169132
171360, -55.692010
171480, -55.204682
171600, -54.700463
171720, -54.178008
171840, -53.628613
171960, -53.047913
172080, -52.424037
172200, -51.746533
172320, -50.995466
172440, -50.151511
172560, -49.176621
172680, -48.024872
172800, -46.619727
172920, -44.848010
173040, -42.523665
173160, -39.349259
173280, -34.833807
173400, -28.246507
173520, -18.795093
173640, -6.783304
173760, 4.230719
173880, 9.144295
174000, 7.871284
174120, 3.566083
174240, -1.861106
174360, -7.618289
174480, -13.343719
174600, -18.884358
174720, -24.188601
174840, -29.282288
174960, -34.242691
175080, -39.208855
175200, -44.351376
175320, -49.823321
175440, -55.589266
175560, -61.175135
175680, -65.632695
175800, -68.300551
175920, -69.453737
176040, -69.761307
176160, -69.681461
176280, -69.437633
176400, -69.118364
176520, -68.764184
176640, -68.387184
176760, -67.997435
176880, -67.594918
177000, -67.184735
177120, -66.764822
177240, -66.339438
177360, -65.906131
177480, -65.469039
177600, -65.025605
177720, -64.579971
177840, -64.129506
177960, -63.678308
178080, -63.223715
178200, -62.769707
178320, -62.313557
178440, -61.859047
178560, -61.403360
178680, -60.949987
178800, -60.496016
178920, -60.044536
179040, -59.592448
179160, -59.142472
179280, -58.691121
179400, -58.240879
179520, -57.787707
179640, -57.333830
179760, -56.874457
179880, -56.411474
180000, -55.939064
180120, -55.458542
180240, -54.962673
180360, -54.451628
180480, -53.916148
180600, -53.354014
180720, -52.752901
180840, -52.105601
180960, -51.394752
181080, -50.602790
181200, -49.698597
181320, -48.645349
181440, -47.379770
181560, -45.813645
181680, -43.800254
181800, -41.109693
181920, -37.357267
182040, -31.939411
182160, -24.031128
182280, -13.138865
182400, -0.926635
182520, 7.553135
182640, 9.099858
182760, 5.997985
182880, 1.001457
183000, -4.651577
183120, -10.422114
183240, -16.070033
183360, -21.495700
183480, -26.692581
183600, -31.707043
183720, -36.651085
183840, -41.680021
183960, -46.971336
184080, -52.611524
184200, -58.386025
184320, -63.548304
184440, -67.159438
184560, -69.008611
184680, -69.674644
184800, -69.752550
184920, -69.576427
185040, -69.288023
185160, -68.949733
185280, -68.582391
185400, -68.199458
185520, -67.802359
185640, -67.396765
185760, -66.980872
185880, -66.559038
186000, -66.128855
186120, -65.694449
186240, -65.253327
186360, -64.809548
186480, -64.360623
186600, -63.910531
186720, -63.456787
186840, -63.003229
186960, -62.547355
187080, -62.092785
187200, -61.636871
187320, -61.183094
187440, -60.728555
187560, -60.276571
187680, -59.823889
187800, -59.373660
187920, -58.922155
188040, -58.472377
188160, -58.019970
188280, -57.567722
188400, -57.110571
188520, -56.650682
188640, -56.182525
188760, -55.707326
188880, -55.218757
189000, -54.716678
189120, -54.193258
189240, -53.646336
189360, -53.065102
189480, -52.444228
189600, -51.766888
189720, -51.019939
189840, -50.177544
189960, -49.208606
190080, -48.061206
190200, -46.666185
190320, -44.905644
190440, -42.602747
190560, -39.457536
190680, -34.992148
190800, -28.475972
190920, -19.116381
191040, -7.146691
191160, 3.977126
191280, 9.104259
191400, 7.964690
191520, 3.714363
191640, -1.696197
191760, -7.448841
191880, -13.179688
192000, -18.724929
192120, -24.038117
192240, -29.134868
192360, -34.098731
192480, -39.060512
192600, -44.196944
192720, -49.656942
192840, -55.419469
192960, -61.021192
193080, -65.527775
193200, -68.246641
193320, -69.436040
193440, -69.758736
193560, -69.687766
193680, -69.445438
193800, -69.129268
193920, -68.774243
194040, -68.399375
194160, -68.008360
194280, -67.607772
194400, -67.196213
194520, -66.778155
194640, -66.351339
194760, -65.919836
194880, -65.481266
195000, -65.039590
195120, -64.592427
195240, -64.143674
195360, -63.690905
195480, -63.237983
195600, -62.782368
195720, -62.327856
195840, -61.871711
195960, -61.417641
196080, -60.962618
196200, -60.510256
196320, -60.057126
196440, -59.606630
196560, -59.155011
196680, -58.705273
196800, -58.253430
196920, -57.801926
197040, -57.346524
197160, -56.888907
197280, -56.424514
197400, -55.953995
197520, -55.472235
197640, -54.978459
197760, -54.466433
197880, -53.933357
198000, -53.370640
198120, -52.772423
198240, -52.125189
198360, -51.418057
198480, -50.627269
198600, -49.728540
198720, -48.679044
198840, -47.422700
198960, -45.865890
199080, -43.870730
199200, -41.204297
199320, -37.493484
199440, -32.136417
199560, -24.317990
199680, -13.510004
199800, -1.278568
199920, 7.395195
200040, 9.138437
200160, 6.131770
200280, 1.168051
200400, -4.473229
200520, -10.246151
200640, -15.897941
200760, -21.332588
200880, -26.534362
201000, -31.554854
201120, -36.497486
201240, -41.522673
201360, -46.802036
201480, -52.433314
201600, -58.210163
201720, -63.408824
201840, -67.075059
201960, -68.973721
202080, -69.664444
202200, -69.755808
202320, -69.583139
202440, -69.298603
202560, -68.959822
202680, -68.594741
202800, -68.210640
202920, -67.815494
203040, -67.408576
203160, -66.994542
203280, -66.571318
203400, -66.142939
203520, -65.707090
203640, -65.267721
203760, -64.822452
203880, -64.375234
204000, -63.923609
204120, -63.471529
204240, -63.016398
204360, -62.562140
204480, -62.105961
204600, -61.651633
204720, -61.196227
204840, -60.743260
204960, -60.289644
205080, -59.838537
205200, -59.386694
205320, -58.936788
205440, -58.485438
205560, -58.034682
205680, -57.580882
205800, -57.125440
205920, -56.664085
206040, -56.197757
206160, -55.721237
206280, -55.234682
206400, -54.731503
206520, -54.210375
206640, -53.662692
206760, -53.084184
206880, -52.463088
207000, -51.789182
207120, -51.043142
207240, -50.205551
207360, -49.239354
207480, -48.099599
207600, -46.711544
207720, -44.965543
207840, -42.681050
207960, -39.568585
208080, -35.150554
208200, -28.709933
208320, -19.440305
208440, -7.521539
208560, 3.711636
208680, 9.054250
208800, 8.059583
208920, 3.864564
209040, -1.524526
209160, -7.275275
209280, -13.008170
209400, -18.561308
209520, -23.880389
209640, -28.984728
209760, -33.948844
209880, -38.909726
210000, -44.036915
210120, -49.487990
210240, -55.243665
210360, -60.864497
210480, -65.416112
210600, -68.191092
210720, -69.415264
210840, -69.757288
210960, -69.692405
211080, -69.454984
211200, -69.138771
211320, -68.786161
211440, -68.410223
211560, -68.021178
211680, -67.619307
211800, -67.209601
211920, -66.790184
212040, -66.365162
212160, -65.932249
212280, -65.495424
212400, -65.052291
212520, -64.606820
212640, -64.156565
212760, -63.705443
212880, -63.250978
213000, -62.796971
213120, -62.340885
213240, -61.886318
213360, -61.430652
213480, -60.977190
213600, -60.523226
213720, -60.071656
213840, -59.619540
213960, -59.169488
214080, -58.718153
214200, -58.267919
214320, -57.814873
214440, -57.361155
214560, -56.902089
214680, -56.439496
214800, -55.967666
214920, -55.487879
215040, -54.993000
215160, -54.483208
215280, -53.949345
215400, -53.389267
215520, -52.790766
215640, -52.146830
215760, -51.440251
215880, -50.653885
216000, -49.757488
216120, -48.715036
216240, -47.464857
216360, -45.920747
216480, -43.940897
216600, -41.302217
216720, -37.630512
216840, -32.338573
216960, -24.609114
217080, -13.891308
217200, -1.639730
217320, 7.225824
217440, 9.175254
217560, 6.264895
217680, 1.338831
217800, -4.293248
217920, -10.065159
218040, -15.723998
218160, -21.165032
218280, -26.374790
218400, -31.398116
218520, -36.342551
218640, -41.360833
218760, -46.631445
218880, -52.250582
219000, -58.032886
219120, -63.264774
219240, -66.989940
219360, -68.935988
219480, -69.655384
219600, -69.757428
219720, -69.591569
219840, -69.307793
219960, -68.971735
220080, -68.605752
220200, -68.223674
220320, -67.827309
220440, -67.422253
220560, -67.006906
220680, -66.585475
220800, -66.155726
220920, -65.721616
221040, -65.280829
221160, -64.837249
221280, -64.388567
221400, -63.938584
221520, -63.484999
221640, -63.031470
221760, -62.575656
221880, -62.121041
222000, -61.665128
222120, -61.211265
222240, -60.756699
222360, -60.304622
222480, -59.851921
222600, -59.401633
222720, -58.950160
222840, -58.500405
222960, -58.048136
223080, -57.595951
223200, -57.139057
223320, -56.679405
223440, -56.211748
223560, -55.737079
223680, -55.249384
223800, -54.748282
223920, -54.226302
224040, -53.681041
224160, -53.102127
224280, -52.484003
224400, -51.810416
224520, -51.068505
224640, -50.232638
224760, -49.272443
224880, -48.137319
225000, -46.759590
225120, -45.025281
225240, -42.762479
225360, -39.680036
225480, -35.313316
225600, -28.946489
225720, -19.772043
225840, -7.903563
225960, 3.434677
226080, 8.999738
226200, 8.151877
226320, 4.017573
226440, -1.352287
226560, -7.097614
226680, -12.835595
226800, -18.394485
226920, -23.722216
227040, -28.831168
227160, -33.799861
227280, -38.757214
227400, -43.878249
227520, -49.316519
227640, -55.068153
227760, -60.704513
227880, -65.303730
228000, -68.132179
228120, -69.395038
228240, -69.753734
228360, -69.698302
228480, -69.462742
228600, -69.149659
228720, -68.796340
228840, -68.422475
228960, -68.032261
229080, -67.632244
229200, -67.221252
229320, -66.803612
229440, -66.377245
229560, -65.946057
229680, -65.507840
229800, -65.066384
229920, -64.619472
230040, -64.170846
230160, -63.718239
230280, -63.265364
230400, -62.809834
230520, -62.355304
230640, -61.899186
230760, -61.445054
230880, -60.990025
231000, -60.537587
231120, -60.084452
231240, -59.633842
231360, -59.182230
231480, -58.732424
231600, -58.280673
231720, -57.829210
231840, -57.374050
231960, -56.916655
232080, -56.452735
232200, -55.982713
232320, -55.501770
232440, -55.008902
232560, -54.498150
232680, -53.966572
232800, -53.405971
232920, -52.810265
233040, -52.166461
233160, -51.463498
233280, -50.678366
233400, -49.787319
233520, -48.748656
233640, -47.507560
233760, -45.972747
233880, -44.010885
234000, -41.396028
234120, -37.765385
234240, -32.533734
234360, -24.894119
234480, -14.261919
234600, -2.001218
234720, 7.053099
234840, 9.204737
234960, 6.394768
235080, 1.503748
235200, -4.115685
235320, -9.889404
235440, -15.552479
235560, -21.002470
235680, -26.216764
235800, -31.245854
235920, -36.189007
236040, -41.203720
236160, -46.462889
236280, -52.073345
236400, -57.857790
236520, -63.122752
236640, -66.902674
236760, -68.898902
236880, -69.644181
237000, -69.760223
237120, -69.598174
237240, -69.318295
237360, -68.981876
237480, -68.618092
237600, -68.234939
237720, -67.840450
237840, -67.434158
237960, -67.020590
238080, -66.597853
238200, -66.169826
238320, -65.734359
238440, -65.295246
238560, -64.850262
238680, -64.403207
238800, -63.951776
238920, -63.499774
239040, -63.044757
239160, -62.590478
239280, -62.134339
239400, -61.679931
239520, -61.224523
239640, -60.771448
239760, -60.317823
239880, -59.866616
240000, -59.414797
240120, -58.964843
240240, -58.513598
240360, -58.062899
240480, -57.609244
240600, -57.153980
240720, -56.692945
240840, -56.227037
240960, -55.751133
241080, -55.265372
241200, -54.763256
241320, -54.243491
241440, -53.697556
241560, -53.121292
241680, -52.503036
241800, -51.832811
241920, -51.091903
242040, -50.260774
242160, -49.303421
242280, -48.175883
242400, -46.805236
242520, -45.085431
242640, -42.840420
242760, -39.790059
242880, -35.470123
243000, -29.178106
243120, -20.095698
243240, -8.282968
243360, 3.154747
243480, 8.937922
243600, 8.242145
243720, 4.167052
243840, -1.180063
243960, -6.922400
244080, -12.662361
244200, -18.229706
244320, -23.562743
244440, -28.679226
244560, -33.649391
244680, -38.606339
244800, -43.718309
244920, -49.146834
245040, -54.891411
245160, -60.544359
245280, -65.187750
245400, -68.073256
245520, -69.372506
245640, -69.751406
245760, -69.702581
245880, -69.472026
246000, -69.159053
246120, -68.808096
246240, -68.433256
246360, -68.044935
246480, -67.643718
246600, -67.234498
246720, -66.815582
246840, -66.390927
246960, -65.958411
247080, -65.521858
247200, -65.079028
247320, -64.633727
247440, -64.183681
247560, -63.732640
247680, -63.278306
247800, -62.824304
247920, -62.368281
248040, -61.913661
248160, -61.458016
248280, -61.004468
248400, -60.550501
248520, -60.098842
248640, -59.646693
248760, -59.196567
248880, -58.745246
249000, -58.295022
249120, -57.842100
249240, -57.388541
249360, -56.929778
249480, -56.467574
249600, -55.996319
249720, -55.517263
249840, -55.023367
249960, -54.514655
250080, -58.897888
250200, -62.243780
250320, -64.940221
250440, -67.093518
250560, -68.757490
250680, -70.003342
250800, -70.917021
250920, -71.576106
251040, -72.045582
251160, -72.373141
251280, -72.595842
251400, -72.739037
251520, -72.823082
251640, -72.861113
251760, -72.864650
251880, -72.840451
252000, -72.795418
252120, -72.732947
252240, -72.657480
252360, -72.570598
252480, -72.475393
252600, -72.372438
252720, -72.264066
252840, -72.150272
252960, -72.032946
253080, -71.911746
253200, -71.788283
253320, -71.661997
253440, -71.534347
253560, -71.404652
253680, -71.274273
253800, -71.142448
253920, -71.010467
254040, -70.877515
254160, -70.744804
254280, -70.611463
254400, -70.478695
254520, -70.345614
254640, -70.213403
254760, -70.081158
254880, -69.950044
255000, -69.819122
255120, -69.689503
255240, -69.560231
255360, -69.432436
255480, -69.305167
255600, -69.179547
255720, -69.054620
255840, -68.931501
255960, -68.809190
256080, -68.688744
256200, -68.569167
256320, -68.451546
256440, -68.334896
256560, -68.220309
256680, -68.106798
256800, -67.995451
256920, -67.885273
257040, -67.777263
257160, -67.670382
257280, -67.565686
257400, -67.462164
257520, -67.360884
257640, -67.260843
257760, -67.163110
257880, -67.066679
258000, -66.972617
258120, -66.879888
258240, -66.789467
258360, -66.700299
258480, -66.613419
258600, -66.527806
258720, -66.444510
258840, -66.362520
258960, -66.282890
259080, -66.204607
259200, -66.128725
259320, -66.054231
259440, -65.982174
259560, -65.911514
259680, -65.843204
259800, -65.776178
259920, -65.711455
260040, -65.648006
260160, -65.586869
260280, -65.527025
260400, -65.469517
260520, -65.413325
260640, -65.359493
260760, -65.307000
260880, -65.256885
261000, -65.208127
261120, -65.161759
261240, -65.116758
261360, -65.074153
261480, -65.032915
261600, -64.994072
261720, -64.956579
261840, -64.921388
261960, -64.887427
262080, -64.855699
262200, -64.825158
262320, -64.796821
262440, -64.769648
262560, -64.744656
262680, -64.720806
262800, -64.699111
262920, -64.678529
263040, -64.660069
263160, -64.642685
263280, -64.627381
263400, -64.613108
263520, -64.600864
263640, -64.589595
263760, -64.580297
263880, -64.571910
264000, -64.565426
264120, -64.559781
264240, -64.555963
264360, -64.552905
264480, -64.551590
264600, -64.550950
264720, -64.551962
264840, -64.553556
264960, -64.556709
265080, -64.560346
265200, -64.565442
265320, -64.570922
265440, -64.577759
265560, -64.584876
265680, -64.593244
265800, -64.601789
265920, -64.611481
266040, -64.621245
266160, -64.632051
266280, -64.642825
266400, -64.654540
266520, -64.666123
266640, -64.678546
266760, -64.690740
266880, -64.703679
267000, -64.716296
267120, -64.729568
267240, -64.742431
267360, -64.755865
267480, -64.768808
267600, -64.782243
267720, -64.795114
267840, -64.808406
267960, -64.821066
268080, -64.834083
268200, -64.846408
268320, -64.859034
268440, -64.870916
268560, -64.883049
268680, -64.894394
268800, -64.905949
268920, -64.916678
269040, -64.927582
269160, -64.937631
269280, -64.947828
269400, -64.957146
269520, -64.966592
269640, -64.975142
269760, -64.983806
269880, -64.991563
270000, -64.999426
270120, -65.006376
270240, -65.013417
270360, -65.019524
270480, -65.025712
270600, -65.030967
270720, -65.036311
270840, -65.040734
270960, -65.045259
271080, -65.048880
271200, -65.052621
271320, -65.055478
271440, -65.058477
271560, -65.060614
271680, -65.062914
271800, -65.064377
271920, -65.066028
272040, -65.066866
272160, -65.067918
272280, -65.068182
272400, -65.068686
272520, -65.068428
272640, -65.068435
272760, -65.067707
272880, -65.067270
273000, -65.066124
273120, -65.065293
273240, -65.063779
273360, -65.062605
273480, -65.060773
273600, -65.059304
273720, -65.057201
273840, -65.055484
273960, -65.053156
274080, -65.051236
274200, -65.048725
274320, -65.046644
274440, -65.043992
274560, -65.041789
274680, -65.039035
274800, -65.036747
274920, -65.033925
275040, -65.031586
275160, -65.028730
275280, -65.026372
275400, -65.023511
275520, -65.021162
275640, -65.018323
275760, -65.016008
275880, -65.013215
276000, -65.010957
276120, -65.008232
276240, -65.006051
276360, -65.003412
276480, -65.001325
276600, -64.998788
276720, -64.996808
276840, -64.994378
276960, -64.992505
277080, -64.990185
277200, -64.988426
277320, -64.986224
277440, -64.984586
277560, -64.982510
277680, -64.981002
277800, -64.979058
277920, -64.977685
278040, -64.975878
278160, -64.974644
278280, -64.972978
278400, -64.971885
278520, -64.970361
278640, -64.969410
278760, -64.968028
278880, -64.967219
279000, -64.965977
279120, -64.965307
279240, -64.964204
279360, -64.963670
279480, -64.962702
279600, -64.962299
279720, -64.961460
279840, -64.961185
279960, -64.960469
280080, -64.960314
280200, -64.959717
280320, -64.959676
280440, -64.959188
280560, -64.959254
280680, -64.958869
280800, -64.959034
280920, -64.958744
281040, -64.959000
281160, -64.958797
281280, -64.959135
281400, -64.959011
281520, -64.959423
281640, -64.959370
281760, -64.959848
281880, -64.959856
282000, -64.960391
282120, -64.960453
282240, -64.961038
282360, -64.961145
282480, -64.961772
282600, -64.961917
282720, -64.962577
282840, -64.962752
282960, -64.963438
283080, -64.963637
283200, -64.964343
283320, -64.964557
283440, -64.965276
283560, -64.965501
283680, -64.966227
283800, -64.966455
283920, -64.967182
284040, -64.967410
284160, -64.968133
284280, -64.968354
284400, -64.969068
284520, -64.969279
284640, -64.969981
284760, -64.970177
284880, -64.970862
285000, -64.971041
285120, -64.971706
285240, -64.971864
285360, -64.972507
285480, -64.972642
285600, -64.973261
285720, -64.973370
285840, -64.973963
285960, -64.974045
286080, -64.974610
286200, -64.974665
286320, -64.975202
286440, -64.975228
286560, -64.975735
286680, -64.975733
286800, -64.976211
286920, -64.976179
287040, -64.976628
287160, -64.976567
287280, -64.976988
287400, -64.976899
287520, -64.977291
287640, -64.977175
287760, -64.977540
287880, -64.977397
288000, -64.977736
288120, -64.977568
288240, -64.977882
288360, -64.977689
288480, -64.977980
288600, -64.977765
288720, -64.978034
288840, -64.977798
288960, -64.978047
289080, -64.977791
289200, -64.978021
289320, -64.977748
289440, -64.977961
289560, -64.977673
289680, -64.977870
289800, -64.977567
289920, -64.977752
290040, -64.977436
290160, -64.977609
290280, -64.977283
290400, -64.977446
290520, -64.977111
290640, -64.977265
290760, -64.976922
290880, -64.977070
291000, -64.976721
291120, -64.976864
291240, -64.976511
291360, -64.976649
291480, -64.976294
291600, -64.976430
291720, -64.976072
291840, -64.976207
291960, -64.975849
292080, -64.975984
292200, -64.975627
292320, -64.975763
292440, -64.975407
292560, -64.975545
292680, -64.975192
292800, -64.975333
292920, -64.974984
293040, -64.975128
293160, -64.974783
293280, -64.974931
293400, -64.974590
293520, -64.974744
293640, -64.974408
293760, -64.974567
293880, -64.974237
294000, -64.974401
294120, -64.974077
294240, -64.974247
294360, -64.973930
294480, -64.974106
294600, -64.973795
294720, -64.973977
294840, -64.973672
294960, -64.973861
295080, -64.973562
295200, -64.973757
295320, -64.973465
295440, -64.973666
295560, -64.973380
295680, -64.973587
295800, -64.973307
295920, -64.973519
296040, -64.973246
296160, -64.973464
296280, -64.973196
296400, -64.973419
296520, -64.973156
296640, -64.973384
296760, -64.973127
296880, -64.973360
297000, -64.973107
297120, -64.973344
297240, -64.973095
297360, -64.973337
297480, -64.973092
297600, -64.973337
297720, -64.973096
297840, -64.973344
297960, -64.973106
298080, -64.973357
298200, -64.973122
298320, -64.973376
298440, -64.973143
298560, -64.973399
298680, -64.973169
298800, -64.973427
298920, -64.973198
299040, -64.973457
299160, -64.973230
299280, -64.973491
299400, -64.973265
299520, -64.973526
299640, -64.973301
299760, -64.973562
299880, -64.973338
300000, -64.973600
