# ./result/hh_runge_0680.txt
# dt = 680 [usec]
# t [usec], V [mV]
0, -65.000000
680, -64.985882
1360, -64.977316
2040, -64.973185
2720, -64.972375
3400, -64.973890
4080, -64.976897
4760, -64.980751
5440, -64.984985
6120, -64.989289
6800, -64.993483
7480, -64.997488
8160, -65.001297
8840, -65.004958
9520, -65.008556
10200, -65.012186
10880, -65.015949
11560, -65.019941
12240, -65.024253
12920, -65.028973
13600, -65.034184
14280, -65.039968
14960, -65.046408
15640, -65.053593
16320, -65.061619
17000, -65.070595
17680, -65.080646
18360, -65.091918
19040, -65.104584
19720, -65.118849
20400, -65.134956
21080, -65.153201
21760, -65.173938
22440, -65.197598
23120, -65.224705
23800, -65.255902
24480, -65.291973
25160, -65.333881
25840, -65.382788
26520, -65.440079
27200, -65.507316
27880, -65.586071
28560, -65.677420
29240, -65.780687
29920, -65.890663
30600, -65.992841
31280, -66.061829
31960, -66.098798
32640, -66.350750
33320, -68.722808
34000, -383.987002
34680, 50.000000
35360, 50.000000
36040, 50.000000
36720, 50.000000
37400, 50.000000
38080, 50.000000
38760, 50.000000
39440, 50.000000
40120, 50.000000
40800, 50.000000
41480, 50.000000
42160, 50.000000
42840, 50.000000
43520, 50.000000
44200, 50.000000
44880, 50.000000
45560, 50.000000
46240, 50.000000
46920, 50.000000
47600, 50.000000
48280, 50.000000
48960, 50.000000
49640, 50.000000
50320, 50.000000
51000, 50.000000
51680, 50.000000
52360, 50.000000
53040, 50.000000
53720, 50.000000
54400, 50.000000
55080, 50.000000
55760, 50.000000
56440, 50.000000
57120, 50.000000
57800, 50.000000
58480, 50.000000
59160, 50.000000
59840, 50.000000
60520, 50.000000
61200, 50.000000
61880, 50.000000
62560, 50.000000
63240, 50.000000
63920, 50.000000
64600, 50.000000
65280, 50.000000
65960, 50.000000
66640, 50.000000
67320, 50.000000
68000, 50.000000
68680, 50.000000
69360, 50.000000
70040, 50.000000
70720, 50.000000
71400, 50.000000
72080, 50.000000
72760, 50.000000
73440, 50.000000
74120, 50.000000
74800, 50.000000
75480, 50.000000
76160, 50.000000
76840, 50.000000
77520, 50.000000
78200, 50.000000
78880, 50.000000
79560, nan
80240, nan
80920, nan
81600, nan
82280, nan
82960, nan
83640, nan
84320, nan
85000, nan
85680, nan
86360, nan
87040, nan
87720, nan
88400, nan
89080, nan
89760, nan
90440, nan
91120, nan
91800, nan
92480, nan
93160, nan
93840, nan
94520, nan
95200, nan
95880, nan
96560, nan
97240, nan
97920, nan
98600, nan
99280, nan
99960, nan
100640, nan
101320, nan
102000, nan
102680, nan
103360, nan
104040, nan
104720, nan
105400, nan
106080, nan
106760, nan
107440, nan
108120, nan
108800, nan
109480, nan
110160, nan
110840, nan
111520, nan
112200, nan
112880, nan
113560, nan
114240, nan
114920, nan
115600, nan
116280, nan
116960, nan
117640, nan
118320, nan
119000, nan
119680, nan
120360, nan
121040, nan
121720, nan
122400, nan
123080, nan
123760, nan
124440, nan
125120, nan
125800, nan
126480, nan
127160, nan
127840, nan
128520, nan
129200, nan
129880, nan
130560, nan
131240, nan
131920, nan
132600, nan
133280, nan
133960, nan
134640, nan
135320, nan
136000, nan
136680, nan
137360, nan
138040, nan
138720, nan
139400, nan
140080, nan
140760, nan
141440, nan
142120, nan
142800, nan
143480, nan
144160, nan
144840, nan
145520, nan
146200, nan
146880, nan
147560, nan
148240, nan
148920, nan
149600, nan
150280, nan
150960, nan
151640, nan
152320, nan
153000, nan
153680, nan
154360, nan
155040, nan
155720, nan
156400, nan
157080, nan
157760, nan
158440, nan
159120, nan
159800, nan
160480, nan
161160, nan
161840, nan
162520, nan
163200, nan
163880, nan
164560, nan
165240, nan
165920, nan
166600, nan
167280, nan
167960, nan
168640, nan
169320, nan
170000, nan
170680, nan
171360, nan
172040, nan
172720, nan
173400, nan
174080, nan
174760, nan
175440, nan
176120, nan
176800, nan
177480, nan
178160, nan
178840, nan
179520, nan
180200, nan
180880, nan
181560, nan
182240, nan
182920, nan
183600, nan
184280, nan
184960, nan
185640, nan
186320, nan
187000, nan
187680, nan
188360, nan
189040, nan
189720, nan
190400, nan
191080, nan
191760, nan
192440, nan
193120, nan
193800, nan
194480, nan
195160, nan
195840, nan
196520, nan
197200, nan
197880, nan
198560, nan
199240, nan
199920, nan
200600, nan
201280, nan
201960, nan
202640, nan
203320, nan
204000, nan
204680, nan
205360, nan
206040, nan
206720, nan
207400, nan
208080, nan
208760, nan
209440, nan
210120, nan
210800, nan
211480, nan
212160, nan
212840, nan
213520, nan
214200, nan
214880, nan
215560, nan
216240, nan
216920, nan
217600, nan
218280, nan
218960, nan
219640, nan
220320, nan
221000, nan
221680, nan
222360, nan
223040, nan
223720, nan
224400, nan
225080, nan
225760, nan
226440, nan
227120, nan
227800, nan
228480, nan
229160, nan
229840, nan
230520, nan
231200, nan
231880, nan
232560, nan
233240, nan
233920, nan
234600, nan
235280, nan
235960, nan
236640, nan
237320, nan
238000, nan
238680, nan
239360, nan
240040, nan
240720, nan
241400, nan
242080, nan
242760, nan
243440, nan
244120, nan
244800, nan
245480, nan
246160, nan
246840, nan
247520, nan
248200, nan
248880, nan
249560, nan
250240, nan
250920, nan
251600, nan
252280, nan
252960, nan
253640, nan
254320, nan
255000, nan
255680, nan
256360, nan
257040, nan
257720, nan
258400, nan
259080, nan
259760, nan
260440, nan
261120, nan
261800, nan
262480, nan
263160, nan
263840, nan
264520, nan
265200, nan
265880, nan
266560, nan
267240, nan
267920, nan
268600, nan
269280, nan
269960, nan
270640, nan
271320, nan
272000, nan
272680, nan
273360, nan
274040, nan
274720, nan
275400, nan
276080, nan
276760, nan
277440, nan
278120, nan
278800, nan
279480, nan
280160, nan
280840, nan
281520, nan
282200, nan
282880, nan
283560, nan
284240, nan
284920, nan
285600, nan
286280, nan
286960, nan
287640, nan
288320, nan
289000, nan
289680, nan
290360, nan
291040, nan
291720, nan
292400, nan
293080, nan
293760, nan
294440, nan
295120, nan
295800, nan
296480, nan
297160, nan
297840, nan
298520, nan
299200, nan
299880, nan
300560, nan
