# hh_runge_0130.txt
# dt = 130 [usec]
# t [usec], V [mV]
0, -65.000000
130, -64.996224
260, -64.992686
390, -64.989329
520, -64.986123
650, -64.983054
780, -64.980114
910, -64.977303
1040, -64.974619
1170, -64.972063
1300, -64.969635
1430, -64.967337
1560, -64.965168
1690, -64.963130
1820, -64.961221
1950, -64.959441
2080, -64.957789
2210, -64.956265
2340, -64.954866
2470, -64.953591
2600, -64.952438
2730, -64.951405
2860, -64.950488
2990, -64.949685
3120, -64.948993
3250, -64.948409
3380, -64.947930
3510, -64.947551
3640, -64.947269
3770, -64.947081
3900, -64.946982
4030, -64.946969
4160, -64.947037
4290, -64.947182
4420, -64.947401
4550, -64.947688
4680, -64.948041
4810, -64.948454
4940, -64.948923
5070, -64.949445
5200, -64.950015
5330, -64.950629
5460, -64.951283
5590, -64.951973
5720, -64.952696
5850, -64.953448
5980, -64.954224
6110, -64.955022
6240, -64.955838
6370, -64.956668
6500, -64.957510
6630, -64.958359
6760, -64.959214
6890, -64.960072
7020, -64.960929
7150, -64.961783
7280, -64.962632
7410, -64.963472
7540, -64.964303
7670, -64.965122
7800, -64.965927
7930, -64.966717
8060, -64.967489
8190, -64.968242
8320, -64.968975
8450, -64.969686
8580, -64.970375
8710, -64.971040
8840, -64.971680
8970, -64.972296
9100, -64.972885
9230, -64.973448
9360, -64.973984
9490, -64.974493
9620, -64.974975
9750, -64.975429
9880, -64.975855
10010, -64.976254
10140, -64.976625
10270, -64.976969
10400, -64.977286
10530, -64.977577
10660, -64.977841
10790, -64.978080
10920, -64.978293
11050, -64.978482
11180, -64.978647
11310, -64.978788
11440, -64.978907
11570, -64.979004
11700, -64.979080
11830, -64.979135
11960, -64.979171
12090, -64.979189
12220, -64.979189
12350, -64.979171
12480, -64.979138
12610, -64.979089
12740, -64.979027
12870, -64.978951
13000, -64.978862
13130, -64.978762
13260, -64.978651
13390, -64.978530
13520, -64.978400
13650, -64.978262
13780, -64.978116
13910, -64.977964
14040, -64.977806
14170, -64.977643
14300, -64.977476
14430, -64.977305
14560, -64.977132
14690, -64.976956
14820, -64.976778
14950, -64.976600
15080, -64.976421
15210, -64.976243
15340, -64.976065
15470, -64.975888
15600, -64.975714
15730, -64.975541
15860, -64.975371
15990, -64.975204
16120, -64.975040
16250, -64.974880
16380, -64.974724
16510, -64.974572
16640, -64.974425
16770, -64.974283
16900, -64.974145
17030, -64.974013
17160, -64.973886
17290, -64.973765
17420, -64.973649
17550, -64.973538
17680, -64.973433
17810, -64.973334
17940, -64.973241
18070, -64.973154
18200, -64.973072
18330, -64.972996
18460, -64.972926
18590, -64.972861
18720, -64.972802
18850, -64.972748
18980, -64.972700
19110, -64.972657
19240, -64.972619
19370, -64.972586
19500, -64.972558
19630, -64.972534
19760, -64.972515
19890, -64.972501
20020, -64.972491
20150, -64.972484
20280, -64.972482
20410, -64.972483
20540, -64.972488
20670, -64.972496
20800, -64.972508
20930, -64.972522
21060, -64.972539
21190, -64.972558
21320, -64.972580
21450, -64.972605
21580, -64.972631
21710, -64.972659
21840, -64.972689
21970, -64.972720
22100, -64.972753
22230, -64.972786
22360, -64.972821
22490, -64.972857
22620, -64.972893
22750, -64.972930
22880, -64.972968
23010, -64.973006
23140, -64.973043
23270, -64.973081
23400, -64.973119
23530, -64.973157
23660, -64.973194
23790, -64.973231
23920, -64.973268
24050, -64.973304
24180, -64.973339
24310, -64.973374
24440, -64.973408
24570, -64.973441
24700, -64.973473
24830, -64.973504
24960, -64.973534
25090, -64.973563
25220, -64.973591
25350, -64.973617
25480, -64.973643
25610, -64.973668
25740, -64.973691
25870, -64.973713
26000, -64.973734
26130, -64.973753
26260, -64.973772
26390, -64.973789
26520, -64.973805
26650, -64.973820
26780, -64.973834
26910, -64.973846
27040, -64.973857
27170, -64.973868
27300, -64.973877
27430, -64.973885
27560, -64.973892
27690, -64.973898
27820, -64.973903
27950, -64.973907
28080, -64.973910
28210, -64.973912
28340, -64.973914
28470, -64.973914
28600, -64.973914
28730, -64.973913
28860, -64.973911
28990, -64.973909
29120, -64.973906
29250, -64.973903
29380, -64.973899
29510, -64.973894
29640, -64.973889
29770, -64.973884
29900, -64.973878
30030, -64.973872
30160, -64.973866
30290, -64.973859
30420, -64.973852
30550, -64.973845
30680, -64.973838
30810, -64.973830
30940, -64.973823
31070, -64.973815
31200, -64.973807
31330, -64.973799
31460, -64.973792
31590, -64.973784
31720, -64.973776
31850, -64.973768
31980, -64.973761
32110, -64.973753
32240, -64.973746
32370, -64.973739
32500, -64.973732
32630, -64.973725
32760, -64.973718
32890, -64.973711
33020, -64.973705
33150, -64.973699
33280, -64.973693
33410, -64.973687
33540, -64.973682
33670, -64.973677
33800, -64.973672
33930, -64.973667
34060, -64.973663
34190, -64.973658
34320, -64.973654
34450, -64.973651
34580, -64.973647
34710, -64.973644
34840, -64.973641
34970, -64.973638
35100, -64.973636
35230, -64.973634
35360, -64.973632
35490, -64.973630
35620, -64.973628
35750, -64.973627
35880, -64.973626
36010, -64.973625
36140, -64.973624
36270, -64.973624
36400, -64.973623
36530, -64.973623
36660, -64.973623
36790, -64.973623
36920, -64.973624
37050, -64.973624
37180, -64.973625
37310, -64.973625
37440, -64.973626
37570, -64.973627
37700, -64.973628
37830, -64.973629
37960, -64.973631
38090, -64.973632
38220, -64.973633
38350, -64.973635
38480, -64.973636
38610, -64.973638
38740, -64.973639
38870, -64.973641
39000, -64.973643
39130, -64.973644
39260, -64.973646
39390, -64.973648
39520, -64.973649
39650, -64.973651
39780, -64.973653
39910, -64.973654
40040, -64.973656
40170, -64.973658
40300, -64.973659
40430, -64.973661
40560, -64.973662
40690, -64.973664
40820, -64.973665
40950, -64.973667
41080, -64.973668
41210, -64.973670
41340, -64.973671
41470, -64.973672
41600, -64.973674
41730, -64.973675
41860, -64.973676
41990, -64.973677
42120, -64.973678
42250, -64.973679
42380, -64.973680
42510, -64.973681
42640, -64.973682
42770, -64.973682
42900, -64.973683
43030, -64.973684
43160, -64.973684
43290, -64.973685
43420, -64.973685
43550, -64.973686
43680, -64.973686
43810, -64.973686
43940, -64.973687
44070, -64.973687
44200, -64.973687
44330, -64.973687
44460, -64.973688
44590, -64.973688
44720, -64.973688
44850, -64.973688
44980, -64.973688
45110, -64.973688
45240, -64.973688
45370, -64.973688
45500, -64.973687
45630, -64.973687
45760, -64.973687
45890, -64.973687
46020, -64.973687
46150, -64.973687
46280, -64.973686
46410, -64.973686
46540, -64.973686
46670, -64.973685
46800, -64.973685
46930, -64.973685
47060, -64.973685
47190, -64.973684
47320, -64.973684
47450, -64.973684
47580, -64.973683
47710, -64.973683
47840, -64.973683
47970, -64.973682
48100, -64.973682
48230, -64.973682
48360, -64.973681
48490, -64.973681
48620, -64.973681
48750, -64.973680
48880, -64.973680
49010, -64.973680
49140, -64.973679
49270, -64.973679
49400, -64.973679
49530, -64.973679
49660, -64.973678
49790, -64.973678
49920, -64.973678
50050, -64.973678
50180, -59.028083
50310, -53.428795
50440, -47.755309
50570, -40.879496
50700, -29.744710
50830, -6.488055
50960, 34.579715
51090, 46.048587
51220, 38.819966
51350, 35.997839
51480, 29.563835
51610, 23.599183
51740, 16.877276
51870, 10.278856
52000, 3.729152
52130, -2.600524
52260, -8.693099
52390, -14.538926
52520, -20.155981
52650, -25.593398
52780, -30.937362
52910, -36.343430
53040, -42.047822
53170, -48.342864
53300, -55.365322
53430, -62.526792
53560, -68.031687
53690, -70.640679
53820, -71.327329
53950, -71.301206
54080, -71.054338
54210, -70.737994
54340, -70.389162
54470, -70.023735
54600, -69.641601
54730, -69.248272
54860, -68.840648
54990, -68.423392
55120, -67.993172
55250, -67.554687
55380, -67.104645
55510, -66.647855
55640, -66.181130
55770, -65.709347
55900, -65.229391
56030, -64.746152
56160, -64.256529
56290, -63.765353
56420, -63.269456
56550, -62.773531
56680, -62.274252
56810, -61.776082
56940, -61.275439
57070, -60.776458
57200, -60.275199
57330, -59.775363
57460, -59.272540
57590, -58.769874
57720, -58.262332
57850, -57.752340
57980, -57.233987
58110, -56.708744
58240, -56.169323
58370, -55.615851
58500, -55.038645
58630, -54.435794
58760, -53.793120
58890, -53.103174
59020, -52.345865
59150, -51.501024
59280, -50.531244
59410, -49.390649
59540, -47.998130
59670, -46.235349
59800, -43.888434
59930, -40.600466
60060, -35.724617
60190, -28.178783
60320, -16.595215
60450, -1.417739
60580, 10.782659
60710, 13.187126
60840, 9.386887
60970, 3.658955
61100, -2.665455
61230, -9.033571
61360, -15.202495
61490, -21.095953
61620, -26.716222
61750, -32.146204
61880, -37.531541
62010, -43.094694
62140, -49.055615
62270, -55.452109
62400, -61.711123
62530, -66.540530
62660, -69.108005
62790, -69.998504
62920, -70.099457
63050, -69.897274
63180, -69.576132
63310, -69.206784
63440, -68.809216
63570, -68.396460
63700, -67.968473
63830, -67.531230
63960, -67.082083
64090, -66.626072
64220, -66.160213
64350, -65.689436
64480, -65.210742
64610, -64.729045
64740, -64.241341
64870, -63.752490
65000, -63.259429
65130, -62.766893
65260, -62.271678
65390, -61.778311
65520, -61.283364
65650, -60.791061
65780, -60.297675
65910, -59.807028
66040, -59.315021
66170, -58.824962
66300, -58.332303
66430, -57.839696
66560, -57.342025
66690, -56.841091
66820, -56.330959
66950, -55.812285
67080, -55.277765
67210, -54.726426
67340, -54.148431
67470, -53.540318
67600, -52.887265
67730, -52.180432
67860, -51.396553
67990, -50.512314
68120, -49.485151
68250, -48.260912
68380, -46.745834
68510, -44.798462
68640, -42.172780
68770, -38.458599
68900, -32.951795
69030, -24.615648
69160, -12.660911
69290, 0.876333
69420, 9.299462
69550, 9.376255
69680, 4.990873
69810, -0.876841
69940, -7.148407
70070, -13.373014
70200, -19.362965
70330, -25.075576
70460, -30.548224
70590, -35.907027
70720, -41.338124
70850, -47.070430
70980, -53.219028
71110, -59.478450
71240, -64.808988
71370, -68.116745
71500, -69.508205
71630, -69.844648
71760, -69.733865
71890, -69.450037
72020, -69.091467
72150, -68.699741
72280, -68.285375
72410, -67.858293
72540, -67.417515
72670, -66.968632
72800, -66.509045
72930, -66.043680
73060, -65.569721
73190, -65.091988
73320, -64.607637
73450, -64.121446
73580, -63.630524
73710, -63.139554
73840, -62.645538
73970, -62.152982
74100, -61.658701
74230, -61.166938
74360, -60.674239
74490, -60.184503
74620, -59.693912
74750, -59.205953
74880, -58.716340
75010, -58.228069
75140, -57.736256
75270, -57.243289
75400, -56.743502
75530, -56.238432
75660, -55.721349
75790, -55.192412
75920, -54.643363
76050, -54.071863
76180, -53.467305
76310, -52.822504
76440, -52.121001
76570, -51.348506
76700, -50.474537
76830, -49.465713
76960, -48.262604
77090, -46.783546
77220, -44.887327
77350, -42.350759
77480, -38.783054
77610, -33.539360
77740, -25.641189
77870, -14.267156
78000, -0.962069
78130, 8.141139
78260, 9.052467
78390, 5.029919
78520, -0.704968
78650, -6.935164
78780, -13.151561
78910, -19.151007
79040, -24.871450
79170, -30.352049
79300, -35.704828
79430, -41.120593
79560, -46.817672
79690, -52.926246
79820, -59.163903
79950, -64.540461
80080, -67.939951
80210, -69.410960
80340, -69.785662
80470, -69.693877
80600, -69.414740
80730, -69.060436
80860, -68.667360
80990, -68.254804
81120, -67.825382
81250, -67.386034
81380, -66.934703
81510, -66.476563
81640, -66.008830
81770, -65.536442
81900, -65.056479
82030, -64.573845
82160, -64.085576
82290, -63.596528
82420, -63.103634
82550, -62.611645
82680, -62.117309
82810, -61.625194
82940, -61.131778
83070, -60.641362
83200, -60.150072
83330, -59.661854
83460, -59.172407
83590, -58.685223
83720, -58.195497
83850, -57.706136
83980, -57.211714
84110, -56.714370
84240, -56.207817
84370, -55.693144
84500, -55.162673
84630, -54.615986
84760, -54.042894
84890, -53.440654
85020, -52.794222
85150, -52.094745
85280, -51.320484
85410, -50.448519
85540, -49.437716
85670, -48.236368
85800, -46.755243
85930, -44.860731
86060, -42.322372
86190, -38.758410
86320, -33.519231
86450, -25.641554
86580, -14.308784
86710, -1.070475
86840, 8.002200
86970, 8.930239
87100, 4.927871
87230, -0.799710
87360, -7.021825
87490, -13.235358
87620, -19.228952
87750, -24.947735
87880, -30.422949
88010, -35.776050
88140, -41.189828
88270, -46.890061
88400, -52.996291
88530, -59.226926
88660, -64.578036
88790, -67.952939
88920, -69.406134
89050, -69.776281
89180, -69.680227
89310, -69.402028
89440, -69.045253
89570, -68.653665
89700, -68.238818
89830, -67.810962
89960, -67.369378
90090, -66.919666
90220, -66.459347
90350, -65.993294
90480, -65.518796
90610, -65.040581
90740, -64.555912
90870, -64.069460
91000, -63.578447
91130, -63.087436
91260, -62.593547
91390, -62.101151
91520, -61.607190
91650, -61.115757
91780, -60.623533
91910, -60.134249
92040, -59.644239
92170, -59.156799
92300, -58.667814
92430, -58.180066
92560, -57.688866
92690, -57.196360
92820, -56.697102
92950, -56.192360
93080, -55.675650
93210, -55.146830
93340, -54.597918
93470, -54.026231
93600, -53.421474
93730, -52.776065
93860, -52.073393
93990, -51.299400
94120, -50.423272
94250, -49.411166
94380, -48.203317
94510, -46.717443
94640, -44.810719
94770, -42.257974
94900, -38.666372
95030, -33.387798
95160, -25.447931
95290, -14.058389
95420, -0.841243
95550, 8.070854
95680, 8.859660
95810, 4.801699
95940, -0.940447
96070, -7.166396
96200, -13.374409
96330, -19.363729
96460, -25.074466
96590, -30.546965
96720, -35.896908
96850, -41.315758
96980, -47.021974
97110, -53.137568
97240, -59.357900
97370, -64.674838
97500, -67.999288
97630, -69.421305
97760, -69.774387
97890, -69.674209
98020, -69.391693
98150, -69.035703
98280, -68.641607
98410, -68.228231
98540, -67.798153
98670, -67.358179
98800, -66.906329
98930, -66.447683
99060, -65.979551
99190, -65.506779
99320, -65.026539
99450, -64.543655
99580, -64.055233
99710, -63.566057
99840, -63.073124
99970, -62.581116
100100, -62.086838
100230, -61.594793
100360, -61.101504
100490, -60.611217
100620, -60.120087
100750, -59.632014
100880, -59.142716
101010, -58.655646
101140, -58.166001
101270, -57.676663
101400, -57.182188
101530, -56.684704
101660, -56.177877
101790, -55.662801
101920, -55.131717
102050, -54.584223
102180, -54.009996
102310, -53.406318
102440, -52.757926
102570, -52.055585
102700, -51.277741
102830, -50.400804
102960, -49.383031
103090, -48.171647
103220, -46.676044
103350, -44.759027
103480, -42.185082
103610, -38.564523
103740, -33.233944
103870, -25.221128
104000, -13.752487
104130, -0.558622
104260, 8.173545
104390, 8.795135
104520, 4.674840
104650, -1.089448
104780, -7.316881
104910, -13.523000
105040, -19.503834
105170, -25.209867
105300, -30.676256
105430, -36.026822
105560, -41.447717
105690, -47.164869
105820, -53.286233
105950, -59.500214
106080, -64.777371
106210, -68.052199
106340, -69.437081
106470, -69.775891
106600, -69.667419
106730, -69.384190
106860, -69.025165
106990, -68.632310
107120, -68.216647
107250, -67.788120
107380, -67.346009
107510, -66.895798
107640, -66.435078
107770, -65.968639
107900, -65.493845
108030, -65.015347
108160, -64.530497
108290, -64.043866
108420, -63.552772
108550, -63.061672
108680, -62.567788
108810, -62.075378
108940, -61.581488
109070, -61.090089
109200, -60.597974
109330, -60.108740
109460, -59.618839
109590, -59.131420
109720, -58.642498
109850, -58.154691
109980, -57.663448
110110, -57.170737
110240, -56.671259
110370, -56.166079
110500, -55.648870
110630, -55.119252
110760, -54.569410
110890, -53.996368
111020, -53.389969
111150, -52.742293
111280, -52.036503
111410, -51.258507
111540, -50.376967
111670, -49.357199
111800, -48.138448
111930, -46.636716
112060, -44.705449
112190, -42.113681
112320, -38.459816
112450, -33.079900
112580, -24.988683
112710, -13.442895
112840, -0.270229
112970, 8.275344
113100, 8.732713
113230, 4.546357
113360, -1.236397
113490, -7.469204
113620, -13.669513
113750, -19.645489
113880, -25.343034
114010, -30.807054
114140, -36.154606
114270, -41.582174
114400, -47.306775
114530, -53.437910
114660, -59.641765
114790, -64.882301
114920, -68.103393
115050, -69.454873
115180, -69.775736
115310, -69.662710
115440, -69.375049
115570, -69.016713
115700, -68.621381
115830, -68.207156
115960, -67.776465
116090, -67.335940
116220, -66.883654
116350, -66.424583
116480, -65.956123
116610, -65.483028
116740, -65.002558
116870, -64.519460
117000, -64.030907
117130, -63.541610
117260, -63.048631
117390, -62.556583
117520, -62.062329
117650, -61.570305
117780, -61.077084
117910, -60.586850
118040, -60.095799
118170, -59.607777
118300, -59.118527
118430, -58.631457
118560, -58.141779
118690, -57.652336
118820, -57.157680
118950, -56.659913
119080, -56.152672
119210, -55.637034
119340, -55.105177
119470, -54.556691
119600, -53.981134
119730, -53.375618
119860, -52.724902
119990, -52.019327
120120, -51.237449
120250, -50.354973
120380, -49.329473
120510, -48.106999
120640, -46.595364
120770, -44.653424
120900, -42.039943
121030, -38.356164
121160, -32.922749
121290, -24.756732
121420, -13.134173
121550, 0.011868
121680, 8.375216
121810, 8.668075
121940, 4.421136
122070, -1.383197
122200, -7.617484
122330, -13.815639
122460, -19.783106
122590, -25.475920
122720, -30.933968
122850, -36.282296
122980, -41.712968
123110, -47.448812
123240, -53.586157
123370, -59.783608
123500, -64.983915
123630, -68.155497
123760, -69.470558
123890, -69.777512
124020, -69.656391
124150, -69.368033
124280, -69.006728
124410, -68.612612
124540, -68.196156
124670, -67.766989
124800, -67.324381
124930, -66.873703
125060, -66.412611
125190, -65.945812
125320, -65.470745
125450, -64.991984
125580, -64.506962
125710, -64.020162
125840, -63.528992
125970, -63.037809
126100, -62.543928
126230, -62.051500
126360, -61.557672
126490, -61.066298
126620, -60.574276
126750, -60.085076
126880, -59.595264
127010, -59.107849
127140, -58.618965
127270, -58.131081
127400, -57.639773
127530, -57.146839
127660, -56.647121
127790, -56.141488
127920, -55.623764
128050, -55.093340
128180, -54.542560
128310, -53.968165
128440, -53.359896
128570, -52.709829
128700, -52.000851
128830, -51.218800
128960, -50.331800
129090, -49.304323
129220, -48.074606
129350, -46.556923
129480, -44.600961
129610, -41.969907
129740, -38.252998
129870, -32.770698
130000, -24.528304
130130, -12.834661
130260, 0.284465
130390, 8.463992
130520, 8.605024
130650, 4.298045
130780, -1.522777
130910, -7.761739
131040, -13.954083
131170, -19.916863
131300, -25.601518
131430, -31.057409
131560, -36.403571
131690, -41.840860
131820, -47.584062
131950, -53.731062
132080, -59.918582
132210, -65.083230
132340, -68.202923
132470, -69.486942
132600, -69.777250
132730, -69.652045
132860, -69.359497
132990, -68.998926
133120, -68.602420
133250, -68.187389
133380, -67.756122
133510, -67.315079
133640, -66.862383
133770, -66.402915
133900, -65.934149
134030, -65.460751
134160, -64.980070
134290, -64.496761
134420, -64.008085
134550, -63.518676
134680, -63.025659
134810, -62.533576
134940, -62.039346
135070, -61.547343
135200, -61.054188
135330, -60.564004
135460, -60.073027
135590, -59.585050
135720, -59.095843
135850, -58.608771
135980, -58.119057
136110, -57.629509
136240, -57.134677
136370, -56.636635
136500, -56.128995
136630, -55.612817
136760, -55.080220
136890, -54.530784
137020, -53.953956
137150, -53.346589
137280, -52.693596
137410, -51.984893
137540, -51.198947
137670, -50.311022
137800, -49.277987
137930, -48.044727
138060, -46.517514
138190, -44.551359
138320, -41.899462
138450, -38.153120
138580, -32.618779
138710, -24.304441
138840, -12.537250
138970, 0.547682
139100, 8.549393
139230, 8.539786
139360, 4.178620
139490, -1.661565
139620, -7.901365
139750, -14.091497
139880, -20.046708
140010, -25.727034
140140, -31.176914
140270, -36.525058
140400, -41.965188
140530, -47.719200
140660, -53.872138
140790, -60.053204
140920, -65.177997
141050, -68.250293
141180, -69.500721
141310, -69.778538
141440, -69.645876
141570, -69.352825
141700, -68.989425
141830, -68.594140
141960, -68.176949
142090, -67.747184
142220, -67.304114
142350, -66.853000
142480, -66.391564
142610, -65.924428
142740, -65.449109
142870, -64.970102
143000, -64.484915
143130, -63.997956
143260, -63.506717
143390, -63.015457
143520, -62.521583
143650, -62.029141
143780, -61.535375
143910, -61.044026
144040, -60.552093
144170, -60.062926
144300, -59.573197
144430, -59.085785
144560, -58.596938
144690, -58.108979
144820, -57.617609
144950, -57.124462
145080, -56.624515
145210, -56.118453
145340, -55.600241
145470, -55.069055
145600, -54.517388
145730, -53.941713
145860, -53.331677
145990, -52.679349
146120, -51.967358
146250, -51.181095
146380, -50.288681
146510, -49.253689
146640, -48.013347
146770, -46.480235
146900, -44.500398
147030, -41.831368
147160, -38.052250
147290, -32.469866
147420, -24.080774
147550, -12.244898
147680, 0.807735
147810, 8.628548
147940, 8.474802
148070, 4.057395
148200, -1.798077
148330, -8.042084
148460, -14.226575
148590, -20.177942
148720, -25.850942
148850, -31.298002
148980, -36.644390
149110, -42.090861
149240, -47.851932
149370, -54.014243
149500, -60.184786
149630, -65.272051
149760, -68.294147
149890, -69.515444
150020, -69.777694
150150, -69.641331
150280, -69.344294
150410, -68.981652
150540, -68.584045
150670, -68.168252
150800, -67.736436
150930, -67.294896
151060, -66.841810
151190, -66.381959
151320, -65.912901
151450, -65.439213
151580, -64.958329
151710, -64.474816
151840, -63.986023
151970, -63.496498
152100, -63.003443
152230, -62.511328
152360, -62.017127
152490, -61.525147
152620, -61.032059
152750, -60.541925
152880, -60.051023
153010, -59.563090
153140, -59.073927
153270, -58.586852
153400, -58.097103
153530, -57.607453
153660, -57.112449
153790, -56.614139
153920, -56.106110
154050, -55.589406
154180, -55.056088
154310, -54.505726
154440, -53.927661
154570, -53.318491
154700, -52.663283
154830, -51.951532
154960, -51.161402
155090, -50.268018
155220, -49.227511
155350, -47.983588
155480, -46.440743
155610, -44.450472
155740, -41.760402
155870, -37.951458
156000, -32.316403
156130, -23.854624
156260, -11.948294
156390, 1.065480
156520, 8.706485
156650, 8.406399
156780, 3.937179
156910, -1.936909
157040, -8.181282
157170, -14.363959
157300, -20.307546
157430, -25.976538
157560, -31.417157
157690, -36.765313
157820, -42.214675
157950, -47.986416
158080, -54.154625
158210, -60.315832
158340, -65.362080
158470, -68.338328
158600, -69.527793
158730, -69.778414
158860, -69.635003
158990, -69.337563
159120, -68.972187
159250, -68.575785
159380, -68.157881
159510, -67.727534
159640, -67.284012
159770, -66.832470
159900, -66.370694
160030, -65.903228
160160, -65.427661
160290, -64.948413
160420, -64.463064
160550, -63.975950
160680, -63.484628
160810, -62.993289
160940, -62.499417
161070, -62.006963
161200, -61.513262
161330, -61.021941
161460, -60.530102
161590, -60.040971
161720, -59.551329
161850, -59.063920
161980, -58.575111
162110, -58.087077
162240, -57.595644
162370, -57.102286
162500, -56.602109
162630, -56.095617
162760, -55.576917
162890, -55.044968
163020, -54.492413
163150, -53.915458
163280, -53.303657
163410, -52.649068
163540, -51.934063
163670, -51.143566
163800, -50.245721
163930, -49.203198
164060, -47.952207
164190, -46.402915
164320, -44.398550
164450, -41.690733
164580, -37.848176
164710, -32.163254
164840, -23.624435
164970, -11.652273
165100, 1.319805
165230, 8.776451
165360, 8.338268
165490, 3.816076
165620, -2.072390
165750, -8.320374
165880, -14.497393
166010, -20.436571
166140, -26.098048
166270, -31.536840
166400, -36.883066
166530, -42.338668
166660, -48.117534
166790, -54.293576
166920, -60.441833
167050, -65.451035
167180, -68.379093
167310, -69.541186
167440, -69.777190
167570, -69.630404
167700, -69.329159
167830, -68.964557
167960, -68.565898
168090, -68.149369
168220, -67.717019
168350, -67.274994
168480, -66.821525
168610, -66.361301
168740, -65.891957
168870, -65.417985
169000, -64.936904
169130, -64.453192
169260, -63.964285
169390, -63.474640
169520, -62.981547
169650, -62.489383
169780, -61.995206
169910, -61.503245
170040, -61.010224
170170, -60.520146
170300, -60.029321
170430, -59.541436
170560, -59.052319
170690, -58.565242
170820, -58.075459
170950, -57.585709
171080, -57.090533
171210, -56.591955
171340, -56.083539
171470, -55.566309
171600, -55.032271
171730, -54.480987
171860, -53.901688
171990, -53.290722
172120, -52.633305
172250, -51.918518
172380, -51.124216
172510, -50.225390
172640, -49.177428
172770, -47.922869
172900, -46.363743
173030, -44.348840
173160, -41.619984
173290, -37.747539
173420, -32.009771
173550, -23.398230
173680, -11.358158
173810, 1.567219
173940, 8.843890
174070, 8.267152
174200, 3.696865
174330, -2.208942
174460, -8.457096
174590, -14.631682
174720, -20.562927
174850, -26.220313
174980, -31.654111
175110, -37.001848
175240, -42.460287
175370, -48.249795
175500, -54.430111
175630, -60.568700
175760, -65.537253
175890, -68.420843
176020, -69.552535
176150, -69.777587
176280, -69.624080
176410, -69.322501
176540, -68.955249
176670, -68.557776
176800, -68.139186
176930, -67.708273
177060, -67.264311
177190, -66.812352
177320, -66.350246
177450, -65.882460
177580, -65.406650
177710, -64.927169
177840, -64.441663
177970, -63.954399
178100, -63.462998
178230, -62.971584
178360, -62.477698
178490, -61.985228
178620, -61.491569
178750, -61.000273
178880, -60.508527
179010, -60.019437
179140, -59.529885
179270, -59.042487
179400, -58.553719
179530, -58.065616
179660, -57.574125
179790, -57.080560
179920, -56.580159
180050, -56.073245
180180, -55.554066
180310, -55.021366
180440, -54.467936
180570, -53.889722
180700, -53.276179
180830, -52.619362
180960, -51.901387
181090, -51.106715
181220, -50.203513
181350, -49.153559
181480, -47.892058
181610, -46.326575
181740, -44.297811
181870, -41.551482
182000, -37.645991
182130, -31.859256
182260, -23.173612
182390, -11.070675
182520, 1.810584
182650, 8.906073
182780, 8.197795
182910, 3.577569
183040, -2.341664
183170, -8.593248
183300, -14.762000
183430, -20.688788
183560, -26.338763
183690, -31.771058
183820, -37.116985
183950, -42.582393
184080, -48.379135
184210, -54.567131
184340, -60.692576
184470, -65.623909
184600, -68.460100
184730, -69.565303
184860, -69.776264
184990, -69.619539
185120, -69.314266
185250, -68.947779
185380, -68.548102
185510, -68.130856
185640, -67.697986
185770, -67.255489
185900, -66.801647
186030, -66.341058
186160, -65.871436
186290, -65.397188
186420, -64.915915
186550, -64.432010
186680, -63.942995
186810, -63.453234
186940, -62.960106
187070, -62.467891
187200, -61.973737
187330, -61.481771
187460, -60.988808
187590, -60.498764
187720, -60.008011
187850, -59.520178
187980, -59.031112
188110, -58.544042
188240, -58.054235
188370, -57.564392
188500, -57.069054
188630, -56.570220
188760, -56.061427
188890, -55.543687
189020, -55.008947
189150, -54.456761
189280, -53.876255
189410, -53.263528
189540, -52.603945
189670, -51.886178
189800, -51.087780
189930, -50.183611
190060, -49.128327
190190, -47.863319
190320, -46.288187
190450, -44.249068
190580, -41.482094
190710, -37.547274
190840, -31.708786
190970, -22.953483
191100, -10.786696
191230, 2.041997
191360, 8.963366
191490, 8.126172
191620, 3.461971
191750, -2.473134
191880, -8.724466
192010, -14.890722
192140, -20.809763
192270, -26.455806
192400, -31.883319
192530, -37.230860
192660, -42.699863
192790, -48.507124
192920, -54.699366
193050, -60.815100
193180, -65.706406
193310, -68.499666
193440, -69.575912
193570, -69.776577
193700, -69.613442
193830, -69.307903
193960, -68.938850
194090, -68.540344
194220, -68.121091
194350, -67.689633
194480, -67.245247
194610, -66.792886
194740, -66.330462
194870, -65.862366
195000, -65.386325
195130, -64.906620
195260, -64.420964
195390, -63.933556
195520, -63.442082
195650, -62.950596
195780, -62.456699
195910, -61.964215
196040, -61.470589
196170, -60.979312
196300, -60.487617
196430, -59.998552
196560, -59.509083
196690, -59.021698
196820, -58.532978
196950, -58.044815
197080, -57.553275
197210, -57.059517
197340, -56.558907
197470, -56.051589
197600, -55.531950
197730, -54.998527
197860, -54.444243
197990, -53.864803
198120, -53.249572
198250, -52.590594
198380, -51.869736
198510, -51.071010
198640, -50.162606
198770, -49.105435
198900, -47.833723
199030, -46.252499
199160, -44.200017
199290, -41.416261
199420, -37.449646
199550, -31.564198
199680, -22.738141
199810, -10.516823
199940, 2.261182
200070, 9.011056
200200, 8.057004
200330, 3.349123
200460, -2.597251
200590, -8.851302
200720, -15.011771
200850, -20.926696
200980, -26.565653
201110, -31.991835
201240, -37.337687
201370, -42.813453
201500, -48.627588
201630, -54.827167
201760, -60.930174
201890, -65.786219
202020, -68.535331
202150, -69.587436
202280, -69.775169
202410, -69.609222
202540, -69.300204
202670, -68.931955
202800, -68.531323
202930, -68.113403
203060, -67.680046
203190, -67.237103
203320, -66.782912
203450, -66.321981
203580, -65.852099
203710, -65.377592
203840, -64.896141
203970, -64.412056
204100, -63.922941
204230, -63.433073
204360, -62.939914
204490, -62.447653
204620, -61.953523
204750, -61.461553
204880, -60.968648
205010, -60.478615
205140, -59.987924
205270, -59.500110
205400, -59.011084
205530, -58.524022
205660, -58.034196
205790, -57.544274
205920, -57.048793
206050, -56.549725
206180, -56.040587
206310, -55.522373
206440, -54.986979
206570, -54.433855
206700, -53.852166
206830, -53.237751
206960, -52.576108
207090, -51.855514
207220, -51.053231
207350, -50.143993
207480, -49.081764
207610, -47.806840
207740, -46.216512
207870, -44.154404
208000, -41.351255
208130, -37.357286
208260, -31.423470
208390, -22.532805
208520, -10.256577
208650, 2.467727
208780, 9.055498
208910, 7.987123
209040, 3.241264
209170, -2.718846
209300, -8.972115
209430, -15.130159
209560, -21.038615
209690, -26.673961
209820, -32.095294
209950, -37.443553
210080, -42.922473
210210, -48.746432
210340, -54.949788
210470, -61.043352
210600, -65.860996
210730, -68.570692
210860, -69.596508
210990, -69.775146
211120, -69.603320
211250, -69.294193
211380, -68.923499
211510, -68.524043
211640, -68.104179
211770, -67.672213
211900, -67.227435
212030, -66.774700
212160, -66.311982
212290, -65.843599
212420, -65.367345
212550, -64.887432
212680, -64.401639
212810, -63.914098
212940, -63.422557
213070, -62.931006
213200, -62.437102
213330, -61.944605
213460, -61.451013
213590, -60.959757
213720, -60.468111
213850, -59.979071
213980, -59.489635
214110, -59.002243
214240, -58.513565
214370, -58.025351
214500, -57.533775
214630, -57.039845
214760, -56.539050
214890, -56.031366
215020, -55.511309
215150, -54.977221
215280, -54.421994
215410, -53.841333
215540, -53.224480
215670, -52.563454
215800, -51.839877
215930, -51.037331
216060, -50.124029
216190, -49.060058
216320, -47.778727
216450, -46.182665
216580, -44.107827
216710, -41.288805
216840, -37.264651
216970, -31.286473
217100, -22.329150
217230, -10.002821
217360, 2.670222
217490, 9.094799
217620, 7.918441
217750, 3.132503
217880, -2.837529
218010, -9.093088
218140, -15.245891
218270, -21.150843
218400, -26.779920
218530, -32.199372
218660, -37.546703
218790, -43.031916
218920, -48.862208
219050, -55.072434
219180, -61.151931
219310, -65.934049
219440, -68.602438
219570, -69.606335
219700, -69.773164
219830, -69.598926
219960, -69.286527
220090, -68.916670
220220, -68.515157
220350, -68.096605
220480, -67.662787
220610, -67.219421
220740, -66.764898
220870, -66.303640
221000, -65.833511
221130, -65.358756
221260, -64.877137
221390, -64.392881
221520, -63.903672
221650, -63.413702
221780, -62.920516
221910, -62.428212
222040, -61.934108
222170, -61.442134
222300, -60.949287
222430, -60.459267
222560, -59.968638
222690, -59.480820
222820, -58.991824
222950, -58.504743
223080, -58.014892
223210, -57.524894
223340, -57.029279
223470, -56.529993
223600, -56.020529
223730, -55.501867
223860, -54.965852
223990, -54.411758
224120, -53.828895
224250, -53.212836
224380, -52.549197
224510, -51.825869
224640, -51.019829
224770, -50.105691
224900, -49.036747
225030, -47.752234
225160, -46.147202
225290, -44.062851
225420, -41.224715
225550, -37.173590
225680, -31.147849
225810, -22.127276
225940, -9.748308
226070, 2.864305
226200, 9.130880
226330, 7.846882
226460, 3.025621
226590, -2.956972
226720, -9.211369
226850, -15.362206
226980, -21.260337
227110, -26.886340
227240, -32.300707
227370, -37.650353
227500, -43.138663
227630, -48.978236
227760, -55.191984
227890, -61.259733
228020, -66.003463
228150, -68.634593
228280, -69.614053
228410, -69.772625
228540, -69.592897
228670, -69.280491
228800, -68.908280
228930, -68.507931
229060, -68.087484
229190, -67.655028
229320, -67.209867
229450, -66.756767
229580, -66.293762
229710, -65.825098
229840, -65.348636
229970, -64.868519
230100, -64.382593
230230, -63.894924
230360, -63.403319
230490, -62.911705
230620, -62.417795
230750, -61.925289
230880, -61.431730
231010, -60.940496
231140, -60.448899
231270, -59.959884
231400, -59.470481
231530, -58.983083
231660, -58.494390
231790, -58.006099
231920, -57.514478
232050, -57.020378
232180, -56.519403
232310, -56.011361
232440, -55.490896
232570, -54.956156
232700, -54.400001
232830, -53.818136
232960, -53.199681
233090, -52.536631
233220, -51.810366
233350, -51.004038
233480, -50.085886
233610, -49.015182
233740, -47.724323
233870, -46.113554
234000, -44.016561
234130, -41.162607
234260, -37.081502
234390, -31.011733
234520, -21.925360
234650, -9.499528
234780, 3.054783
234910, 9.161718
235040, 7.776382
235170, 2.917894
235300, -3.073787
235430, -9.330101
235560, -15.475466
235690, -21.369842
235820, -26.989547
235950, -32.402017
236080, -37.750796
236210, -43.245362
236340, -49.091009
236470, -55.310129
236600, -61.362937
236730, -66.072109
236860, -68.663564
236990, -69.622693
237120, -69.770295
237250, -69.588443
237380, -69.272927
237510, -68.901570
237640, -68.499224
237770, -68.080065
237900, -67.645802
238030, -67.202025
238160, -66.747178
238290, -66.285601
238420, -65.815232
238550, -65.340236
238680, -64.858453
238810, -64.374030
238940, -63.884730
239070, -63.394661
239200, -62.901451
239330, -62.409105
239460, -61.915028
239590, -61.423053
239720, -60.930263
239850, -60.440257
239980, -59.949689
240110, -59.461867
240240, -58.972902
240370, -58.485762
240500, -57.995867
240630, -57.505773
240760, -57.010018
240890, -56.510516
241020, -56.000734
241150, -55.481633
241280, -54.945010
241410, -54.389961
241540, -53.805942
241670, -53.188261
241800, -52.522653
241930, -51.796625
242060, -50.986873
242190, -50.067733
242320, -48.992037
242450, -47.697828
242580, -46.078028
242710, -43.971382
242840, -41.097807
242970, -36.989110
243100, -30.871015
243230, -21.721766
243360, -9.247942
243490, 3.243756
243620, 9.192729
243750, 7.704415
243880, 2.812501
244010, -3.191237
244140, -9.446312
244270, -15.589190
244400, -21.476605
244530, -27.093149
244660, -32.501641
244790, -37.852538
244920, -43.350157
245050, -49.205060
245180, -55.426155
245310, -61.467063
245440, -66.138510
245570, -68.693711
245700, -69.629646
245830, -69.769556
245960, -69.582491
246090, -69.267027
246220, -68.893392
246350, -68.492195
246480, -68.071188
246610, -67.638260
246740, -67.192730
246870, -66.739276
247000, -66.275993
247130, -65.807057
247260, -65.330393
247390, -64.850081
247520, -64.364026
247650, -63.876232
247780, -63.384566
247910, -62.892893
248040, -62.398979
248170, -61.906463
248300, -61.412939
248430, -60.921725
248560, -60.430177
248690, -59.941186
248820, -59.451815
248950, -58.964411
249080, -58.475694
249210, -57.987323
249340, -57.495601
249470, -57.001306
249600, -56.500143
249730, -55.991746
249860, -55.470828
249990, -54.935420
250120, -59.641776
250250, -63.149988
250380, -65.893761
250510, -67.998967
250640, -69.556748
250770, -70.675408
250900, -71.463746
251030, -72.009623
251160, -72.380684
251290, -72.624149
251420, -72.775252
251550, -72.857484
251680, -72.889197
251810, -72.882033
251940, -72.846030
252070, -72.786979
252200, -72.710770
252330, -72.620230
252460, -72.519113
252590, -72.408693
252720, -72.291589
252850, -72.168235
252980, -72.040619
253110, -71.908705
253240, -71.774107
253370, -71.636501
253500, -71.497302
253630, -71.356031
253760, -71.213977
253890, -71.070561
254020, -70.926988
254150, -70.782591
254280, -70.638490
254410, -70.493979
254540, -70.350164
254670, -70.206314
254800, -70.063511
254930, -69.921000
255060, -69.779807
255190, -69.639116
255320, -69.499947
255450, -69.361501
255580, -69.224798
255710, -69.089034
255840, -68.955218
255970, -68.822506
256100, -68.691829
256230, -68.562326
256360, -68.434972
256490, -68.308923
256620, -68.185155
256750, -68.062826
256880, -67.942904
257010, -67.824490
257140, -67.708467
257270, -67.593940
257400, -67.481845
257530, -67.371314
257660, -67.263296
257790, -67.156924
257920, -67.053145
258050, -66.951091
258180, -66.851643
258310, -66.753836
258440, -66.658558
258570, -66.564913
258700, -66.473825
258830, -66.384414
258960, -66.297613
259090, -66.212542
259220, -66.130133
259350, -66.049505
259480, -65.971587
259610, -65.895447
259740, -65.821900
259870, -65.750008
260000, -65.680667
260130, -65.612977
260260, -65.547855
260390, -65.484412
260520, -65.423569
260650, -65.364435
260780, -65.307929
260910, -65.253157
261040, -65.201034
261170, -65.150663
261300, -65.102951
261430, -65.056998
261560, -65.013704
261690, -64.972164
261820, -64.933210
261950, -64.895868
262080, -64.861004
262210, -64.827689
262340, -64.796811
262470, -64.767452
262600, -64.740500
262730, -64.715039
262860, -64.691952
262990, -64.670318
263120, -64.651015
263250, -64.633115
263380, -64.617490
263510, -64.603207
263640, -64.591131
263770, -64.580323
263900, -64.571642
264030, -64.564144
264160, -64.558681
264290, -64.554305
264420, -64.551862
264550, -64.550398
264680, -64.550757
264810, -64.551980
264940, -64.554906
265070, -64.558574
265200, -64.563820
265330, -64.569680
265460, -64.576987
265590, -64.584777
265720, -64.593883
265850, -64.603338
265980, -64.613975
266110, -64.624828
266240, -64.636731
266370, -64.648720
266500, -64.661629
266630, -64.674496
266760, -64.688159
266890, -64.701659
267020, -64.715835
267150, -64.729733
267280, -64.744195
267410, -64.758273
267540, -64.772813
267670, -64.786870
267800, -64.801295
267930, -64.815148
268060, -64.829286
268190, -64.842774
268320, -64.856472
268450, -64.869454
268580, -64.882582
268710, -64.894936
268840, -64.907384
268970, -64.919010
269100, -64.930687
269230, -64.941505
269360, -64.952341
269490, -64.962289
269620, -64.972233
269750, -64.981268
269880, -64.990283
270010, -64.998380
270140, -65.006448
270270, -65.013579
270400, -65.020657
270530, -65.026787
270660, -65.032866
270790, -65.038007
270920, -65.043112
271050, -65.047300
271180, -65.051474
271310, -65.054755
271440, -65.058047
271570, -65.060475
271700, -65.062944
271830, -65.064578
271960, -65.066284
272090, -65.067187
272220, -65.068193
272350, -65.068430
272480, -65.068803
272610, -65.068439
272740, -65.068245
272870, -65.067347
273000, -65.066651
273130, -65.065284
273260, -65.064151
273390, -65.062379
273520, -65.060872
273650, -65.058756
273780, -65.056936
273910, -65.054536
274040, -65.052460
274170, -65.049832
274300, -65.047554
274430, -65.044750
274560, -65.042322
274690, -65.039393
274820, -65.036862
274950, -65.033852
275080, -65.031262
275210, -65.028213
275340, -65.025603
275470, -65.022553
275600, -65.019959
275730, -65.016941
275860, -65.014394
275990, -65.011438
276120, -65.008967
276250, -65.006099
276380, -65.003727
276510, -65.000970
276640, -64.998717
276770, -64.996085
276900, -64.993958
277030, -64.991453
277160, -64.989457
277290, -64.987088
277420, -64.985233
277550, -64.983010
277680, -64.981305
277810, -64.979237
277940, -64.977690
278070, -64.975783
278200, -64.974400
278330, -64.972658
278460, -64.971441
278590, -64.969866
278720, -64.968816
278850, -64.967407
278980, -64.966523
279110, -64.965279
279240, -64.964558
279370, -64.963475
279500, -64.962911
279630, -64.961983
279760, -64.961572
279890, -64.960793
280020, -64.960526
280150, -64.959888
280280, -64.959758
280410, -64.959252
280540, -64.959250
280670, -64.958866
280800, -64.958982
280930, -64.958711
281060, -64.958934
281190, -64.958766
281320, -64.959086
281450, -64.959010
281580, -64.959416
281710, -64.959421
281840, -64.959903
281970, -64.959979
282100, -64.960526
282230, -64.960662
282360, -64.961264
282490, -64.961450
282620, -64.962097
282750, -64.962323
282880, -64.963005
283010, -64.963262
283140, -64.963971
283270, -64.964250
283400, -64.964976
283530, -64.965269
283660, -64.966005
283790, -64.966304
283920, -64.967042
284050, -64.967341
284180, -64.968075
284310, -64.968366
284440, -64.969090
284570, -64.969369
284700, -64.970078
284830, -64.970338
284960, -64.971027
285090, -64.971267
285220, -64.971932
285350, -64.972145
285480, -64.972784
285610, -64.972969
285740, -64.973578
285870, -64.973733
286000, -64.974309
286130, -64.974432
286260, -64.974976
286390, -64.975065
286520, -64.975575
286650, -64.975630
286780, -64.976106
286910, -64.976127
287040, -64.976568
287170, -64.976555
287300, -64.976963
287430, -64.976917
287560, -64.977291
287690, -64.977213
287820, -64.977555
287950, -64.977446
288080, -64.977758
288210, -64.977619
288340, -64.977902
288470, -64.977735
288600, -64.977992
288730, -64.977799
288860, -64.978031
288990, -64.977814
289120, -64.978023
289250, -64.977785
289380, -64.977972
289510, -64.977715
289640, -64.977884
289770, -64.977609
289900, -64.977762
290030, -64.977472
290160, -64.977611
290290, -64.977308
290420, -64.977435
290550, -64.977122
290680, -64.977239
290810, -64.976917
290940, -64.977026
291070, -64.976697
291200, -64.976801
291330, -64.976467
291460, -64.976567
291590, -64.976230
291720, -64.976327
291850, -64.975989
291980, -64.976085
292110, -64.975747
292240, -64.975844
292370, -64.975507
292500, -64.975606
292630, -64.975272
292760, -64.975374
292890, -64.975043
293020, -64.975149
293150, -64.974824
293280, -64.974934
293410, -64.974614
293540, -64.974731
293670, -64.974416
293800, -64.974539
293930, -64.974231
294060, -64.974361
294190, -64.974060
294320, -64.974196
294450, -64.973903
294580, -64.974047
294710, -64.973761
294840, -64.973911
294970, -64.973633
295100, -64.973791
295230, -64.973520
295360, -64.973686
295490, -64.973422
295620, -64.973595
295750, -64.973339
295880, -64.973518
296010, -64.973269
296140, -64.973455
296270, -64.973212
296400, -64.973405
296530, -64.973168
296660, -64.973367
296790, -64.973136
296920, -64.973340
297050, -64.973115
297180, -64.973324
297310, -64.973104
297440, -64.973318
297570, -64.973102
297700, -64.973320
297830, -64.973109
297960, -64.973331
298090, -64.973123
298220, -64.973348
298350, -64.973143
298480, -64.973371
298610, -64.973169
298740, -64.973399
298870, -64.973199
299000, -64.973431
299130, -64.973233
299260, -64.973467
299390, -64.973270
299520, -64.973505
299650, -64.973309
299780, -64.973545
299910, -64.973350
300040, -64.973585
